SN    USVID    CurTime    simTime    CurX    CurY    CurVel      CurYaw   
0  192  2025-06-10 20-57-46  0  16040  -14512  192  2672
1  192  2025-06-10 20-57-46  1.6  16048  -14511.9  192.086  2656
2  192  2025-06-10 20-57-46  3.2  16056  -14511.6  192.173  2640
3  192  2025-06-10 20-57-46  4.8  16064  -14511.2  192.259  2624
4  192  2025-06-10 20-57-46  6.4  16072  -14510.6  192.345  2608
5  192  2025-06-10 20-57-46  8  16080.1  -14509.9  192.432  2592
6  192  2025-06-10 20-57-46  9.6  16088.1  -14509.1  192.518  2576
7  192  2025-06-10 20-57-46  11.2  16096.1  -14508.1  192.604  2560
8  192  2025-06-10 20-57-46  12.8  16104.1  -14507  192.691  2544
9  192  2025-06-10 20-57-46  14.4  16112  -14505.7  192.777  2528
10  192  2025-06-10 20-57-46  128  16120  -14504.3  192.863  2512
11  192  2025-06-10 20-57-46  129.6  16127.9  -14502.7  192.95  2496
12  192  2025-06-10 20-57-46  131.2  16135.9  -14501.1  193.036  2480
13  192  2025-06-10 20-57-46  132.8  16143.8  -14499.2  193.122  2464
14  192  2025-06-10 20-57-46  134.4  16151.7  -14497.3  193.209  2448
15  192  2025-06-10 20-57-46  136  16159.5  -14495.2  193.295  2432.01
16  192  2025-06-10 20-57-46  137.6  16167.3  -14493  193.381  2420.1
17  192  2025-06-10 20-57-46  139.2  16175.2  -14490.7  193.468  2411.23
18  192  2025-06-10 20-57-46  140.8  16183  -14488.3  193.554  2404.66
19  192  2025-06-10 20-57-46  142.4  16190.8  -14485.9  193.64  2399.81
20  192  2025-06-10 20-57-46  144  16198.6  -14483.5  193.727  2396.25
21  192  2025-06-10 20-57-46  145.6  16206.4  -14481.1  193.813  2393.66
22  192  2025-06-10 20-57-46  147.2  16214.2  -14478.6  193.899  2391.82
23  192  2025-06-10 20-57-46  148.8  16222  -14476.1  193.986  2390.53
24  192  2025-06-10 20-57-46  150.4  16229.8  -14473.6  194.072  2389.66
25  192  2025-06-10 20-57-46  152  16237.7  -14471.1  194.158  2389.12
26  192  2025-06-10 20-57-46  153.6  16245.5  -14468.6  194.245  2388.82
27  192  2025-06-10 20-57-46  155.2  16253.3  -14466.1  194.331  2388.7
28  192  2025-06-10 20-57-46  156.8  16261.2  -14463.6  194.417  2388.73
29  192  2025-06-10 20-57-46  158.4  16269.1  -14461.1  194.504  2388.85
30  192  2025-06-10 20-57-46  160  16276.9  -14458.6  194.59  2389.06
31  192  2025-06-10 20-57-46  161.6  16284.8  -14456.1  194.676  2389.33
32  192  2025-06-10 20-57-46  163.2  16292.7  -14453.6  194.763  2389.64
33  192  2025-06-10 20-57-46  164.8  16300.6  -14451.1  194.849  2389.98
34  192  2025-06-10 20-57-46  166.4  16308.5  -14448.6  194.935  2390.35
35  192  2025-06-10 20-57-46  168  16316.4  -14446.1  195.022  2390.74
36  192  2025-06-10 20-57-46  169.6  16324.3  -14443.6  195.108  2391.14
37  192  2025-06-10 20-57-46  171.2  16332.3  -14441.1  195.194  2391.55
38  192  2025-06-10 20-57-46  172.8  16340.2  -14438.6  195.281  2391.96
39  192  2025-06-10 20-57-46  174.4  16348.2  -14436.1  195.367  2392.39
40  192  2025-06-10 20-57-46  176  16356.1  -14433.5  195.453  2392.81
41  192  2025-06-10 20-57-46  177.6  16364.1  -14431  195.54  2393.24
42  192  2025-06-10 20-57-46  179.2  16372.1  -14428.5  195.626  2393.67
43  192  2025-06-10 20-57-46  180.8  16380.1  -14426  195.712  2394.1
44  192  2025-06-10 20-57-46  182.4  16388.1  -14423.5  195.799  2394.52
45  192  2025-06-10 20-57-46  184  16396.1  -14421.1  195.885  2394.95
46  192  2025-06-10 20-57-46  185.6  16404.1  -14418.6  195.971  2395.38
47  192  2025-06-10 20-57-46  187.2  16412.1  -14416.1  196.058  2395.81
48  192  2025-06-10 20-57-46  188.8  16420.1  -14413.6  196.144  2396.23
49  192  2025-06-10 20-57-46  190.4  16428.2  -14411.1  196.23  2396.65
50  192  2025-06-10 20-57-46  192  16436.3  -14408.6  196.317  2397.08
51  192  2025-06-10 20-57-46  193.6  16444.3  -14406.1  196.403  2397.5
52  192  2025-06-10 20-57-46  195.2  16452.4  -14403.6  196.489  2397.92
53  192  2025-06-10 20-57-46  196.8  16460.5  -14401.1  196.576  2398.33
54  192  2025-06-10 20-57-46  198.4  16468.6  -14398.6  196.662  2398.75
55  192  2025-06-10 20-57-46  200  16476.7  -14396.1  196.748  2399.16
56  192  2025-06-10 20-57-46  201.6  16484.8  -14393.7  196.835  2399.58
57  192  2025-06-10 20-57-46  203.2  16492.9  -14391.2  196.921  2399.99
58  192  2025-06-10 20-57-46  204.8  16501  -14388.7  197.007  2400.4
59  192  2025-06-10 20-57-46  206.4  16509.2  -14386.2  197.094  2400.8
60  192  2025-06-10 20-57-46  208  16517.3  -14383.7  197.18  2401.21
61  192  2025-06-10 20-57-46  209.6  16525.5  -14381.3  197.266  2401.62
62  192  2025-06-10 20-57-46  211.2  16533.6  -14378.8  197.353  2402.02
63  192  2025-06-10 20-57-46  212.8  16541.8  -14376.3  197.439  2402.42
64  192  2025-06-10 20-57-46  214.4  16550  -14373.8  197.525  2402.82
65  192  2025-06-10 20-57-46  216  16558.2  -14371.4  197.612  2403.22
66  192  2025-06-10 20-57-46  217.6  16566.4  -14368.9  197.698  2403.62
67  192  2025-06-10 20-57-46  219.2  16574.6  -14366.4  197.784  2404.01
68  192  2025-06-10 20-57-46  220.8  16582.8  -14363.9  197.871  2404.41
69  192  2025-06-10 20-57-46  222.4  16591.1  -14361.5  197.957  2404.8
70  192  2025-06-10 20-57-46  224  16599.3  -14359  198.043  2405.19
71  192  2025-06-10 20-57-46  225.6  16607.6  -14356.5  198.13  2405.58
72  192  2025-06-10 20-57-46  227.2  16615.8  -14354.1  198.216  2405.97
73  192  2025-06-10 20-57-46  228.8  16624.1  -14351.6  198.302  2406.35
74  192  2025-06-10 20-57-46  230.4  16632.4  -14349.1  198.389  2406.74
75  192  2025-06-10 20-57-46  232  16640.7  -14346.7  198.475  2407.12
76  192  2025-06-10 20-57-46  233.6  16649  -14344.2  198.561  2407.51
77  192  2025-06-10 20-57-46  235.2  16657.3  -14341.7  198.648  2407.89
78  192  2025-06-10 20-57-46  236.8  16665.6  -14339.3  198.734  2408.27
79  192  2025-06-10 20-57-46  238.4  16673.9  -14336.8  198.82  2408.64
80  192  2025-06-10 20-57-46  240  16682.3  -14334.4  198.907  2409.02
81  192  2025-06-10 20-57-46  241.6  16690.6  -14331.9  198.993  2409.4
82  192  2025-06-10 20-57-46  243.2  16699  -14329.5  199.079  2409.77
83  192  2025-06-10 20-57-46  244.8  16707.3  -14327  199.166  2410.14
84  192  2025-06-10 20-57-46  246.4  16715.7  -14324.5  199.252  2410.51
85  192  2025-06-10 20-57-46  248  16724.1  -14322.1  199.338  2410.88
86  192  2025-06-10 20-57-46  249.6  16732.5  -14319.6  199.425  2411.25
87  192  2025-06-10 20-57-46  251.2  16740.9  -14317.2  199.511  2411.62
88  192  2025-06-10 20-57-46  252.8  16749.3  -14314.7  199.597  2411.99
89  192  2025-06-10 20-57-46  254.4  16757.7  -14312.3  199.684  2412.35
90  192  2025-06-10 20-57-46  256  16766.1  -14309.8  199.77  2412.72
91  192  2025-06-10 20-57-46  257.6  16774.6  -14307.4  199.856  2413.08
92  192  2025-06-10 20-57-46  259.2  16783  -14304.9  199.943  2413.44
93  192  2025-06-10 20-57-46  260.8  16791.5  -14302.5  200.029  2413.8
94  192  2025-06-10 20-57-46  262.4  16799.9  -14300  200.115  2414.16
95  192  2025-06-10 20-57-46  264  16808.4  -14297.6  200.202  2414.52
96  192  2025-06-10 20-57-46  265.6  16816.9  -14295.2  200.288  2414.87
97  192  2025-06-10 20-57-46  267.2  16825.4  -14292.7  200.374  2415.23
98  192  2025-06-10 20-57-46  268.8  16833.9  -14290.3  200.461  2415.58
99  192  2025-06-10 20-57-46  270.4  16842.4  -14287.8  200.547  2415.93
100  192  2025-06-10 20-57-46  1392  16850.9  -14285.4  200.633  2416.29
101  192  2025-06-10 20-57-46  1393.6  16859.4  -14282.9  200.72  2416.64
102  192  2025-06-10 20-57-46  1395.2  16868  -14280.5  200.806  2416.99
103  192  2025-06-10 20-57-46  1396.8  16876.5  -14278.1  200.892  2417.33
104  192  2025-06-10 20-57-46  1398.4  16885.1  -14275.6  200.979  2417.68
105  192  2025-06-10 20-57-46  1400  16893.7  -14273.2  201.065  2418.03
106  192  2025-06-10 20-57-46  1401.6  16902.2  -14270.8  201.151  2418.37
107  192  2025-06-10 20-57-46  1403.2  16910.8  -14268.3  201.238  2418.71
108  192  2025-06-10 20-57-46  1404.8  16919.4  -14265.9  201.324  2419.06
109  192  2025-06-10 20-57-46  1406.4  16928  -14263.5  201.41  2419.4
110  192  2025-06-10 20-57-46  1408  16936.6  -14261  201.497  2419.74
111  192  2025-06-10 20-57-46  1409.6  16945.3  -14258.6  201.583  2420.08
112  192  2025-06-10 20-57-46  1411.2  16953.9  -14256.2  201.669  2420.42
113  192  2025-06-10 20-57-46  1412.8  16962.5  -14253.7  201.756  2420.75
114  192  2025-06-10 20-57-46  1414.4  16971.2  -14251.3  201.842  2421.09
115  192  2025-06-10 20-57-46  1416  16979.8  -14248.9  201.928  2421.43
116  192  2025-06-10 20-57-46  1417.6  16988.5  -14246.5  202.015  2421.76
117  192  2025-06-10 20-57-46  1419.2  16997.2  -14244  202.101  2422.09
118  192  2025-06-10 20-57-46  1420.8  17005.9  -14241.6  202.187  2422.42
119  192  2025-06-10 20-57-46  1422.4  17014.6  -14239.2  202.274  2422.76
120  192  2025-06-10 20-57-46  1424  17023.3  -14236.8  202.36  2423.09
121  192  2025-06-10 20-57-46  1425.6  17032  -14234.3  202.446  2423.41
122  192  2025-06-10 20-57-46  1427.2  17040.7  -14231.9  202.533  2423.74
123  192  2025-06-10 20-57-46  1428.8  17049.4  -14229.5  202.619  2424.07
124  192  2025-06-10 20-57-46  1430.4  17058.2  -14227.1  202.705  2424.4
125  192  2025-06-10 20-57-46  1432  17066.9  -14224.7  202.792  2424.72
126  192  2025-06-10 20-57-46  1433.6  17075.7  -14222.2  202.878  2425.04
127  192  2025-06-10 20-57-46  1435.2  17084.5  -14219.8  202.964  2425.37
128  192  2025-06-10 20-57-46  1436.8  17093.2  -14217.4  203.051  2425.69
129  192  2025-06-10 20-57-46  1438.4  17102  -14215  203.137  2426.01
130  192  2025-06-10 20-57-46  1440  17110.8  -14212.6  203.223  2426.33
131  192  2025-06-10 20-57-46  1441.6  17119.6  -14210.2  203.31  2426.65
132  192  2025-06-10 20-57-46  1443.2  17128.4  -14207.7  203.396  2426.97
133  192  2025-06-10 20-57-46  1444.8  17137.3  -14205.3  203.482  2427.29
134  192  2025-06-10 20-57-46  1446.4  17146.1  -14202.9  203.569  2427.6
135  192  2025-06-10 20-57-46  1448  17154.9  -14200.5  203.655  2427.92
136  192  2025-06-10 20-57-46  1449.6  17163.8  -14198.1  203.741  2428.23
137  192  2025-06-10 20-57-46  1451.2  17172.7  -14195.7  203.828  2428.55
138  192  2025-06-10 20-57-46  1452.8  17181.5  -14193.3  203.914  2428.86
139  192  2025-06-10 20-57-46  1454.4  17190.4  -14190.9  204  2429.17
140  192  2025-06-10 20-57-46  1456  17199.3  -14188.5  204.087  2429.48
141  192  2025-06-10 20-57-46  1457.6  17208.2  -14186  204.173  2429.79
142  192  2025-06-10 20-57-46  1459.2  17217.1  -14183.6  204.259  2430.1
143  192  2025-06-10 20-57-46  1460.8  17226  -14181.2  204.346  2430.41
144  192  2025-06-10 20-57-46  1462.4  17234.9  -14178.8  204.432  2430.72
145  192  2025-06-10 20-57-46  1464  17243.9  -14176.4  204.518  2431.03
146  192  2025-06-10 20-57-46  1465.6  17252.8  -14174  204.605  2431.33
147  192  2025-06-10 20-57-46  1467.2  17261.8  -14171.6  204.691  2431.64
148  192  2025-06-10 20-57-46  1468.8  17270.7  -14169.2  204.777  2431.94
149  192  2025-06-10 20-57-46  1470.4  17279.7  -14166.8  204.864  2432.25
150  192  2025-06-10 20-57-46  1472  17288.7  -14164.4  204.95  2432.55
151  192  2025-06-10 20-57-46  1473.6  17297.7  -14162  205.036  2432.85
152  192  2025-06-10 20-57-46  1475.2  17306.7  -14159.6  205.123  2433.15
153  192  2025-06-10 20-57-46  1476.8  17315.7  -14157.2  205.209  2433.45
154  192  2025-06-10 20-57-46  1478.4  17324.7  -14154.8  205.295  2433.75
155  192  2025-06-10 20-57-46  1480  17333.7  -14152.4  205.382  2434.05
156  192  2025-06-10 20-57-46  1481.6  17342.8  -14150  205.468  2434.35
157  192  2025-06-10 20-57-46  1483.2  17351.8  -14147.6  205.554  2434.65
158  192  2025-06-10 20-57-46  1484.8  17360.8  -14145.2  205.641  2434.94
159  192  2025-06-10 20-57-46  1486.4  17369.9  -14142.8  205.727  2435.24
160  192  2025-06-10 20-57-46  1488  17379  -14140.5  205.813  2435.53
161  192  2025-06-10 20-57-46  1489.6  17388.1  -14138.1  205.9  2435.83
162  192  2025-06-10 20-57-46  1491.2  17397.2  -14135.7  205.986  2436.12
163  192  2025-06-10 20-57-46  1492.8  17406.2  -14133.3  206.072  2436.41
164  192  2025-06-10 20-57-46  1494.4  17415.4  -14130.9  206.159  2436.71
165  192  2025-06-10 20-57-46  1496  17424.5  -14128.5  206.245  2437
166  192  2025-06-10 20-57-46  1497.6  17433.6  -14126.1  206.331  2437.29
167  192  2025-06-10 20-57-46  1499.2  17442.7  -14123.7  206.418  2437.58
168  192  2025-06-10 20-57-46  1500.8  17451.9  -14121.3  206.504  2437.87
169  192  2025-06-10 20-57-46  1502.4  17461  -14118.9  206.59  2438.16
170  192  2025-06-10 20-57-46  1504  17470.2  -14116.6  206.677  2438.44
171  192  2025-06-10 20-57-46  1505.6  17479.4  -14114.2  206.763  2438.73
172  192  2025-06-10 20-57-46  1507.2  17488.5  -14111.8  206.849  2439.02
173  192  2025-06-10 20-57-46  1508.8  17497.7  -14109.4  206.936  2439.3
174  192  2025-06-10 20-57-46  1510.4  17506.9  -14107  207.022  2439.59
175  192  2025-06-10 20-57-46  1512  17516.1  -14104.6  207.108  2439.87
176  192  2025-06-10 20-57-46  1513.6  17525.4  -14102.3  207.195  2440.15
177  192  2025-06-10 20-57-46  1515.2  17534.6  -14099.9  207.281  2440.44
178  192  2025-06-10 20-57-46  1516.8  17543.8  -14097.5  207.367  2440.72
179  192  2025-06-10 20-57-46  1518.4  17553.1  -14095.1  207.454  2441
180  192  2025-06-10 20-57-46  1520  17562.3  -14092.7  207.54  2441.28
181  192  2025-06-10 20-57-46  1521.6  17571.6  -14090.4  207.626  2441.56
182  192  2025-06-10 20-57-46  1523.2  17580.8  -14088  207.713  2441.84
183  192  2025-06-10 20-57-46  1524.8  17590.1  -14085.6  207.799  2442.12
184  192  2025-06-10 20-57-46  1526.4  17599.4  -14083.2  207.885  2442.4
185  192  2025-06-10 20-57-46  1528  17608.7  -14080.9  207.972  2442.68
186  192  2025-06-10 20-57-46  1529.6  17618  -14078.5  208.058  2442.95
187  192  2025-06-10 20-57-46  1531.2  17627.3  -14076.1  208.145  2443.23
188  192  2025-06-10 20-57-46  1532.8  17636.7  -14073.7  208.231  2443.5
189  192  2025-06-10 20-57-46  1534.4  17646  -14071.4  208.317  2443.78
190  192  2025-06-10 20-57-46  1536  17655.3  -14069  208.404  2444.05
191  192  2025-06-10 20-57-46  1537.6  17664.7  -14066.6  208.49  2444.33
192  192  2025-06-10 20-57-46  1539.2  17674.1  -14064.2  208.576  2444.6
193  192  2025-06-10 20-57-46  1540.8  17683.4  -14061.9  208.663  2444.87
194  192  2025-06-10 20-57-46  1542.4  17692.8  -14059.5  208.749  2445.15
195  192  2025-06-10 20-57-46  1544  17702.2  -14057.1  208.835  2445.42
196  192  2025-06-10 20-57-46  1545.6  17711.6  -14054.8  208.922  2445.69
197  192  2025-06-10 20-57-46  1547.2  17721  -14052.4  209.008  2445.96
198  192  2025-06-10 20-57-46  1548.8  17730.4  -14050  209.094  2446.23
199  192  2025-06-10 20-57-46  1550.4  17739.8  -14047.7  209.181  2446.5
200  192  2025-06-10 20-57-46  1552  17749.3  -14045.3  209.267  2446.76
201  192  2025-06-10 20-57-46  1553.6  17758.7  -14042.9  209.353  2447.03
202  192  2025-06-10 20-57-46  1555.2  17768.2  -14040.6  209.44  2447.3
203  192  2025-06-10 20-57-46  1556.8  17777.6  -14038.2  209.526  2447.56
204  192  2025-06-10 20-57-46  1558.4  17787.1  -14035.8  209.612  2447.83
205  192  2025-06-10 20-57-46  1560  17796.6  -14033.5  209.699  2448.1
206  192  2025-06-10 20-57-46  1561.6  17806.1  -2831.12  209.785  2448.36
207  192  2025-06-10 20-57-46  1563.2  17815.6  -2828.76  209.871  2448.62
208  192  2025-06-10 20-57-46  1564.8  17825.1  -2826.39  209.958  2448.89
209  192  2025-06-10 20-57-46  1566.4  17834.6  -2824.03  210.044  2449.15
210  192  2025-06-10 20-57-46  1568  17844.1  -2821.68  210.13  2449.41
211  192  2025-06-10 20-57-46  1569.6  17853.7  -2819.32  210.217  2449.68
212  192  2025-06-10 20-57-46  1571.2  17863.2  -2816.96  210.303  2449.94
213  192  2025-06-10 20-57-46  1572.8  17872.8  -2814.6  210.389  2450.2
214  192  2025-06-10 20-57-46  1574.4  17882.3  -2812.24  210.476  2450.46
215  192  2025-06-10 20-57-46  1576  17891.9  -2809.89  210.562  2450.72
216  192  2025-06-10 20-57-46  1577.6  17901.5  -2807.53  210.648  2450.98
217  192  2025-06-10 20-57-46  1579.2  17911.1  -2805.18  210.735  2451.24
218  192  2025-06-10 20-57-46  1580.8  17920.7  -2802.82  210.821  2451.49
219  192  2025-06-10 20-57-46  1582.4  17930.3  -2800.47  210.907  2451.75
220  192  2025-06-10 20-57-46  1584  17939.9  -2798.12  210.994  2452.01
221  192  2025-06-10 20-57-46  1585.6  17949.5  -2795.77  211.08  2452.27
222  192  2025-06-10 20-57-46  1587.2  17959.1  -2793.41  211.166  2452.52
223  192  2025-06-10 20-57-46  1588.8  17968.8  -2791.06  211.253  2452.78
224  192  2025-06-10 20-57-46  1590.4  17978.4  -2788.71  211.339  2453.03
225  192  2025-06-10 20-57-46  1592  17988.1  -2786.36  211.425  2453.29
226  192  2025-06-10 20-57-46  1593.6  17997.8  -2784.01  211.512  2453.54
227  192  2025-06-10 20-57-46  1595.2  18007.4  -2781.67  211.598  2453.79
228  192  2025-06-10 20-57-46  1596.8  18017.1  -2779.32  211.684  2454.05
229  192  2025-06-10 20-57-46  1598.4  18026.8  -2776.97  211.771  2454.3
230  192  2025-06-10 20-57-46  1600  18036.5  -2774.62  211.857  2454.55
231  192  2025-06-10 20-57-46  1601.6  18046.2  -2772.28  211.943  2454.8
232  192  2025-06-10 20-57-46  1603.2  18056  -2769.93  212.03  2455.05
233  192  2025-06-10 20-57-46  1604.8  18065.7  -2767.59  212.116  2455.3
234  192  2025-06-10 20-57-46  1606.4  18075.4  -2765.25  212.202  2455.55
235  192  2025-06-10 20-57-46  1608  18085.2  -2762.9  212.289  2455.8
236  192  2025-06-10 20-57-46  1609.6  18095  -2760.56  212.375  2456.05
237  192  2025-06-10 20-57-46  1611.2  18104.7  -2758.22  212.461  2456.3
238  192  2025-06-10 20-57-46  1612.8  18114.5  -2755.88  212.548  2456.55
239  192  2025-06-10 20-57-46  1614.4  18124.3  -2753.54  212.634  2456.8
240  192  2025-06-10 20-57-46  1616  18134.1  -2751.2  212.72  2457.05
241  192  2025-06-10 20-57-46  1617.6  18143.9  -2748.86  212.807  2457.29
242  192  2025-06-10 20-57-46  1619.2  18153.7  -2746.52  212.893  2457.54
243  192  2025-06-10 20-57-46  1620.8  18163.5  -2744.18  212.979  2457.78
244  192  2025-06-10 20-57-46  1622.4  18173.4  -2741.84  213.066  2458.03
245  192  2025-06-10 20-57-46  1624  18183.2  -2739.5  213.152  2458.27
246  192  2025-06-10 20-57-46  1625.6  18193.1  -2737.17  213.238  2458.52
247  192  2025-06-10 20-57-46  1627.2  18202.9  -2734.83  213.325  2458.76
248  192  2025-06-10 20-57-46  1628.8  18212.8  -2732.5  213.411  2459.01
249  192  2025-06-10 20-57-46  1630.4  18222.7  -2730.16  213.497  2459.25
250  192  2025-06-10 20-57-46  1632  18232.5  -2727.83  213.584  2459.49
251  192  2025-06-10 20-57-46  1633.6  18242.4  -2725.5  213.67  2459.73
252  192  2025-06-10 20-57-46  1635.2  18252.3  -2723.16  213.756  2459.97
253  192  2025-06-10 20-57-46  1636.8  18262.3  -2720.83  213.843  2460.22
254  192  2025-06-10 20-57-46  1638.4  18272.2  -2718.5  213.929  2460.46
255  192  2025-06-10 20-57-46  1640  18282.1  -2716.17  214.015  2460.7
256  192  2025-06-10 20-57-46  1641.6  18292.1  -2713.84  214.102  2460.94
257  192  2025-06-10 20-57-46  1643.2  18302  -2711.51  214.188  2461.18
258  192  2025-06-10 20-57-46  1644.8  18312  -2709.18  214.274  2461.42
259  192  2025-06-10 20-57-46  1646.4  18321.9  -2706.85  214.361  2461.65
260  192  2025-06-10 20-57-46  1648  18331.9  -2704.53  214.447  2461.89
261  192  2025-06-10 20-57-46  1649.6  18341.9  -2702.2  214.533  2462.13
262  192  2025-06-10 20-57-46  1651.2  18351.9  -2699.87  214.62  2462.37
263  192  2025-06-10 20-57-46  1652.8  18361.9  -2697.55  214.706  2462.6
264  192  2025-06-10 20-57-46  1654.4  18371.9  -2695.22  214.792  2462.84
265  192  2025-06-10 20-57-46  1656  18381.9  -2692.9  214.879  2463.08
266  192  2025-06-10 20-57-46  1657.6  18392  -2690.57  214.965  2463.31
267  192  2025-06-10 20-57-46  1659.2  18402  -2688.25  215.051  2463.55
268  192  2025-06-10 20-57-46  1660.8  18412  -2685.93  215.138  2463.78
269  192  2025-06-10 20-57-46  1662.4  18422.1  -2683.61  215.224  2464.02
270  192  2025-06-10 20-57-46  1664  18432.2  -2681.29  215.31  2464.25
271  192  2025-06-10 20-57-46  1665.6  18442.2  -2678.96  215.397  2464.48
272  192  2025-06-10 20-57-46  1667.2  18452.3  -2676.64  215.483  2464.72
273  192  2025-06-10 20-57-46  1668.8  18462.4  -2674.33  215.569  2464.95
274  192  2025-06-10 20-57-46  1670.4  18472.5  -2672.01  215.656  2465.18
275  192  2025-06-10 20-57-46  1672  18482.6  -2669.69  215.742  2465.41
276  192  2025-06-10 20-57-46  1673.6  18492.8  -2667.37  215.828  2465.65
277  192  2025-06-10 20-57-46  1675.2  18502.9  -2665.05  215.915  2465.88
278  192  2025-06-10 20-57-46  1676.8  18513  -2662.74  216.001  2466.11
279  192  2025-06-10 20-57-46  1678.4  18523.2  -2660.42  216.087  2466.34
280  192  2025-06-10 20-57-46  1680  18533.3  -2658.11  216.174  2466.57
281  192  2025-06-10 20-57-46  1681.6  18543.5  -2655.79  216.26  2466.8
282  192  2025-06-10 20-57-46  1683.2  18553.7  -2653.48  216.346  2467.03
283  192  2025-06-10 20-57-46  1684.8  18563.9  -2651.17  216.433  2467.26
284  192  2025-06-10 20-57-46  1686.4  18574.1  -2648.85  216.519  2467.48
285  192  2025-06-10 20-57-46  1688  18584.3  -2646.54  216.605  2467.71
286  192  2025-06-10 20-57-46  1689.6  18594.5  -2644.23  216.692  2467.94
287  192  2025-06-10 20-57-46  1691.2  18604.7  -2641.92  216.778  2468.17
288  192  2025-06-10 20-57-46  1692.8  18614.9  -2639.61  216.864  2468.4
289  192  2025-06-10 20-57-46  1694.4  18625.2  -2637.3  216.951  2468.62
290  192  2025-06-10 20-57-46  1696  18635.4  -2634.99  217.037  2468.85
291  192  2025-06-10 20-57-46  1697.6  18645.7  -2632.68  217.123  2469.07
292  192  2025-06-10 20-57-46  1699.2  18655.9  -2630.38  217.21  2469.3
293  192  2025-06-10 20-57-46  1700.8  18666.2  -2628.07  217.296  2469.52
294  192  2025-06-10 20-57-46  1702.4  18676.5  -2625.76  217.382  2469.75
295  192  2025-06-10 20-57-46  1704  18686.8  -2623.46  217.469  2469.97
296  192  2025-06-10 20-57-46  1705.6  18697.1  -2621.15  217.555  2470.2
297  192  2025-06-10 20-57-46  1707.2  18707.4  -2618.85  217.641  2470.42
298  192  2025-06-10 20-57-46  1708.8  18717.7  -2616.55  217.728  2470.64
299  192  2025-06-10 20-57-46  1710.4  18728  -2614.24  217.814  2470.87
300  192  2025-06-10 20-57-46  1712  18738.4  -2611.94  217.9  2471.09
301  192  2025-06-10 20-57-46  1713.6  18748.7  -2609.64  217.987  2471.31
302  192  2025-06-10 20-57-46  1715.2  18759.1  -2607.34  218.073  2471.53
303  192  2025-06-10 20-57-46  1716.8  18769.4  -2605.04  218.159  2471.76
304  192  2025-06-10 20-57-46  1718.4  18779.8  -2602.74  218.246  2471.98
305  192  2025-06-10 20-57-46  1720  18790.2  -2600.44  218.332  2472.2
306  192  2025-06-10 20-57-46  1721.6  18800.6  -2598.14  218.418  2472.42
307  192  2025-06-10 20-57-46  1723.2  18811  -2595.84  218.505  2472.64
308  192  2025-06-10 20-57-46  1724.8  18821.4  -2593.54  218.591  2472.86
309  192  2025-06-10 20-57-46  1726.4  18831.8  -2591.25  218.677  2473.08
310  192  2025-06-10 20-57-46  1728  18842.2  -2588.95  218.764  2473.3
311  192  2025-06-10 20-57-46  1729.6  18852.7  -2586.66  218.85  2473.52
312  192  2025-06-10 20-57-46  1731.2  18863.1  -2584.36  218.936  2473.73
313  192  2025-06-10 20-57-46  1732.8  18873.6  -2582.07  219.023  2473.95
314  192  2025-06-10 20-57-46  1734.4  18884  -2579.77  219.109  2474.17
315  192  2025-06-10 20-57-46  1736  18894.5  -2577.48  219.195  2474.39
316  192  2025-06-10 20-57-46  1737.6  18905  -2575.19  219.282  2474.6
317  192  2025-06-10 20-57-46  1739.2  18915.5  -2572.9  219.368  2474.82
318  192  2025-06-10 20-57-46  1740.8  18926  -2570.61  219.454  2475.04
319  192  2025-06-10 20-57-46  1742.4  18936.5  -2568.32  219.541  2475.25
320  192  2025-06-10 20-57-46  1744  18947  -2566.03  219.627  2475.47
321  192  2025-06-10 20-57-46  1745.6  18957.5  -2563.74  219.713  2475.69
322  192  2025-06-10 20-57-46  1747.2  18968  -2561.45  219.8  2475.9
323  192  2025-06-10 20-57-46  1748.8  18978.6  -2559.16  219.886  2476.12
324  192  2025-06-10 20-57-46  1750.4  18989.1  -2556.87  219.972  2476.33
325  192  2025-06-10 20-57-46  1752  18999.7  -2554.59  220.059  2476.54
326  192  2025-06-10 20-57-46  1753.6  19010.3  -2552.3  220.145  2476.76
327  192  2025-06-10 20-57-46  1755.2  19020.8  -2550.02  220.231  2476.97
328  192  2025-06-10 20-57-46  1756.8  19031.4  -2547.73  220.318  2477.18
329  192  2025-06-10 20-57-46  1758.4  19042  -2545.45  220.404  2477.4
330  192  2025-06-10 20-57-46  1760  19052.6  -2543.16  220.49  2477.61
331  192  2025-06-10 20-57-46  1761.6  19063.3  -2540.88  220.577  2477.82
332  192  2025-06-10 20-57-46  1763.2  19073.9  -2538.6  220.663  2478.03
333  192  2025-06-10 20-57-46  1764.8  19084.5  -2536.32  220.749  2478.25
334  192  2025-06-10 20-57-46  1766.4  19095.2  -2534.04  220.836  2478.46
335  192  2025-06-10 20-57-46  1768  19105.8  -2531.76  220.922  2478.67
336  192  2025-06-10 20-57-46  1769.6  19116.5  -2529.48  221.008  2478.88
337  192  2025-06-10 20-57-46  1771.2  19127.1  -2527.2  221.095  2479.09
338  192  2025-06-10 20-57-46  1772.8  19137.8  -2524.92  221.181  2479.3
339  192  2025-06-10 20-57-46  1774.4  19148.5  -2522.64  221.267  2479.51
340  192  2025-06-10 20-57-46  1776  19159.2  -2520.37  221.354  2479.72
341  192  2025-06-10 20-57-46  1777.6  19169.9  -2518.09  221.44  2479.93
342  192  2025-06-10 20-57-46  1779.2  19180.6  -2515.81  221.526  2480.14
343  192  2025-06-10 20-57-46  1780.8  19191.3  -2513.54  221.613  2480.34
344  192  2025-06-10 20-57-46  1782.4  19202.1  -2511.27  221.699  2480.55
345  192  2025-06-10 20-57-46  1784  19212.8  -2508.99  221.785  2480.76
346  192  2025-06-10 20-57-46  1785.6  19223.6  -2506.72  221.872  2480.97
347  192  2025-06-10 20-57-46  1787.2  19234.3  -2504.45  221.958  2481.18
348  192  2025-06-10 20-57-46  1788.8  19245.1  -2502.18  222.044  2481.38
349  192  2025-06-10 20-57-46  1790.4  19255.9  -2499.9  222.131  2481.59
350  192  2025-06-10 20-57-46  1792  19266.6  -2497.63  222.217  2481.8
351  192  2025-06-10 20-57-46  1793.6  19277.4  -2495.36  222.303  2482
352  192  2025-06-10 20-57-46  1795.2  19288.2  -2493.09  222.39  2482.21
353  192  2025-06-10 20-57-46  1796.8  19299.1  -2490.83  222.476  2482.41
354  192  2025-06-10 20-57-46  1798.4  19309.9  -2488.56  222.562  2482.62
355  192  2025-06-10 20-57-46  1800  19320.7  -2486.29  222.649  2482.82
356  192  2025-06-10 20-57-46  1801.6  19331.5  -2484.02  222.735  2483.03
357  192  2025-06-10 20-57-46  1803.2  19342.4  -2481.76  222.821  2483.23
358  192  2025-06-10 20-57-46  1804.8  19353.2  -2479.49  222.908  2483.44
359  192  2025-06-10 20-57-46  1806.4  19364.1  -2477.23  222.994  2483.64
360  192  2025-06-10 20-57-46  1808  19375  -2474.97  223.08  2483.85
361  192  2025-06-10 20-57-46  1809.6  19385.9  -2472.7  223.167  2484.05
362  192  2025-06-10 20-57-46  1811.2  19396.8  -2470.44  223.253  2484.25
363  192  2025-06-10 20-57-46  1812.8  19407.7  -2468.18  223.339  2484.45
364  192  2025-06-10 20-57-46  1814.4  19418.6  -2465.92  223.426  2484.66
365  192  2025-06-10 20-57-46  1816  19429.5  -2463.66  223.512  2484.86
366  192  2025-06-10 20-57-46  1817.6  19440.4  -2461.4  223.598  2485.06
367  192  2025-06-10 20-57-46  1819.2  19451.4  -2459.14  223.685  2485.26
368  192  2025-06-10 20-57-46  1820.8  19462.3  -2456.88  223.771  2485.46
369  192  2025-06-10 20-57-46  1822.4  19473.3  -2454.62  223.857  2485.67
370  192  2025-06-10 20-57-46  1824  19484.2  -2452.36  223.944  2485.87
371  192  2025-06-10 20-57-46  1825.6  19495.2  -2450.11  224.03  2486.07
372  192  2025-06-10 20-57-46  1827.2  19506.2  -2447.85  224.116  2486.27
373  192  2025-06-10 20-57-46  1828.8  19517.2  -2445.59  224.203  2486.47
374  192  2025-06-10 20-57-46  1830.4  19528.2  -2443.34  224.289  2486.67
375  192  2025-06-10 20-57-46  1832  19539.2  -2441.09  224.375  2486.87
376  192  2025-06-10 20-57-46  1833.6  19550.2  -2438.83  224.462  2487.07
377  192  2025-06-10 20-57-46  1835.2  19561.2  -2436.58  224.548  2487.26
378  192  2025-06-10 20-57-46  1836.8  19572.3  -2434.33  224.634  2487.46
379  192  2025-06-10 20-57-46  1838.4  19583.3  -2432.08  224.721  2487.66
380  192  2025-06-10 20-57-46  1840  19594.4  -2429.83  224.807  2487.86
381  192  2025-06-10 20-57-46  1841.6  19605.4  -2427.58  224.893  2488.06
382  192  2025-06-10 20-57-46  1843.2  19616.5  -2425.33  224.98  2488.25
383  192  2025-06-10 20-57-46  1844.8  19627.6  -2423.08  225.066  2488.45
384  192  2025-06-10 20-57-46  1846.4  19638.7  -2420.83  225.152  2488.65
385  192  2025-06-10 20-57-46  1848  19649.8  -2418.58  225.239  2488.85
386  192  2025-06-10 20-57-46  1849.6  19660.9  -2416.34  225.325  2489.04
387  192  2025-06-10 20-57-46  1851.2  19672  -2414.09  225.411  2489.24
388  192  2025-06-10 20-57-46  1852.8  19683.1  -2411.84  225.498  2489.43
389  192  2025-06-10 20-57-46  1854.4  19694.3  -2409.6  225.584  2489.63
390  192  2025-06-10 20-57-46  1856  19705.4  -2407.36  225.67  2489.83
391  192  2025-06-10 20-57-46  1857.6  19716.6  -2405.11  225.757  2490.02
392  192  2025-06-10 20-57-46  1859.2  19727.7  -2402.87  225.843  2490.22
393  192  2025-06-10 20-57-46  1860.8  19738.9  -2400.63  225.929  2490.41
394  192  2025-06-10 20-57-46  1862.4  19750.1  -2398.39  226.016  2490.61
395  192  2025-06-10 20-57-46  1864  19761.2  -2396.14  226.102  2490.8
396  192  2025-06-10 20-57-46  1865.6  19772.4  -2393.9  226.188  2490.99
397  192  2025-06-10 20-57-46  1867.2  19783.7  -2391.67  226.275  2491.19
398  192  2025-06-10 20-57-46  1868.8  19794.9  -2389.43  226.361  2491.38
399  192  2025-06-10 20-57-46  1870.4  19806.1  -2387.19  226.447  2491.57
400  192  2025-06-10 20-57-46  1872  19817.3  -2384.95  226.534  2491.77
401  192  2025-06-10 20-57-46  1873.6  19828.6  -2382.72  226.62  2491.96
402  192  2025-06-10 20-57-46  1875.2  19839.8  -2380.48  226.706  2492.15
403  192  2025-06-10 20-57-46  1876.8  19851.1  -2378.24  226.793  2492.34
404  192  2025-06-10 20-57-46  1878.4  19862.3  -2376.01  226.879  2492.54
405  192  2025-06-10 20-57-46  1880  19873.6  -2373.78  226.965  2492.73
406  192  2025-06-10 20-57-46  1881.6  19884.9  -2371.54  227.052  2492.92
407  192  2025-06-10 20-57-46  1883.2  19896.2  -2369.31  227.138  2493.11
408  192  2025-06-10 20-57-46  1884.8  19907.5  -2367.08  227.224  2493.3
409  192  2025-06-10 20-57-46  1886.4  19918.8  -2364.85  227.311  2493.49
410  192  2025-06-10 20-57-46  1888  19930.1  -2362.62  227.397  2493.68
411  192  2025-06-10 20-57-46  1889.6  19941.5  -2360.39  227.483  2493.87
412  192  2025-06-10 20-57-46  1891.2  19952.8  -2358.16  227.57  2494.06
413  192  2025-06-10 20-57-46  1892.8  19964.2  -2355.93  227.656  2494.25
414  192  2025-06-10 20-57-46  1894.4  19975.5  -2353.7  227.742  2494.44
415  192  2025-06-10 20-57-46  1896  19986.9  -2351.47  227.829  2494.63
416  192  2025-06-10 20-57-46  1897.6  19998.3  -2349.25  227.915  2494.82
417  192  2025-06-10 20-57-46  1899.2  20009.6  -2347.02  228.001  2495.01
418  192  2025-06-10 20-57-46  1900.8  20021  -2344.8  228.088  2495.2
419  192  2025-06-10 20-57-46  1902.4  20032.4  -2342.57  228.174  2495.39
420  192  2025-06-10 20-57-46  1904  20043.9  -2340.35  228.26  2495.58
421  192  2025-06-10 20-57-46  1905.6  20055.3  -2338.13  228.347  2495.76
422  192  2025-06-10 20-57-46  1907.2  20066.7  -2335.9  228.433  2495.95
423  192  2025-06-10 20-57-46  1908.8  20078.1  -2333.68  228.519  2496.14
424  192  2025-06-10 20-57-46  1910.4  20089.6  -2331.46  228.606  2496.33
425  192  2025-06-10 20-57-46  1912  20101  -2329.24  228.692  2496.51
426  192  2025-06-10 20-57-46  1913.6  20112.5  -2327.02  228.778  2496.7
427  192  2025-06-10 20-57-46  1915.2  20124  -2324.8  228.865  2496.89
428  192  2025-06-10 20-57-46  1916.8  20135.5  -2322.58  228.951  2497.07
429  192  2025-06-10 20-57-46  1918.4  20147  -2320.37  229.037  2497.26
430  192  2025-06-10 20-57-46  1920  20158.5  -2318.15  229.124  2497.44
431  192  2025-06-10 20-57-46  1921.6  20170  -2315.93  229.21  2497.63
432  192  2025-06-10 20-57-46  1923.2  20181.5  -2313.72  229.296  2497.81
433  192  2025-06-10 20-57-46  1924.8  20193  -2311.5  229.383  2498
434  192  2025-06-10 20-57-46  1926.4  20204.6  -2309.29  229.469  2498.18
435  192  2025-06-10 20-57-46  1928  20216.1  -2307.08  229.555  2498.37
436  192  2025-06-10 20-57-46  1929.6  20227.7  -2304.86  229.642  2498.55
437  192  2025-06-10 20-57-46  1931.2  20239.2  -2302.65  229.728  2498.74
438  192  2025-06-10 20-57-46  1932.8  20250.8  -2300.44  229.814  2498.92
439  192  2025-06-10 20-57-46  1934.4  20262.4  -2298.23  229.901  2499.11
440  192  2025-06-10 20-57-46  1936  20274  -2296.02  229.987  2499.29
441  192  2025-06-10 20-57-46  1937.6  20285.6  -2293.81  230.073  2499.47
442  192  2025-06-10 20-57-46  1939.2  20297.2  -2291.6  230.16  2499.66
443  192  2025-06-10 20-57-46  1940.8  20308.8  -2289.4  230.246  2499.84
444  192  2025-06-10 20-57-46  1942.4  20320.4  -2287.19  230.332  2500.02
445  192  2025-06-10 20-57-46  1944  20332  -2284.98  230.419  2500.2
446  192  2025-06-10 20-57-46  1945.6  20343.7  -2282.78  230.505  2500.39
447  192  2025-06-10 20-57-46  1947.2  20355.3  -2280.57  230.591  2500.57
448  192  2025-06-10 20-57-46  1948.8  20367  -2278.37  230.678  2500.75
449  192  2025-06-10 20-57-46  1950.4  20378.7  -2276.17  230.764  2500.93
450  192  2025-06-10 20-57-46  1952  20390.3  -2273.96  230.85  2501.11
451  192  2025-06-10 20-57-46  1953.6  20402  -2271.76  230.937  2501.29
452  192  2025-06-10 20-57-46  1955.2  20413.7  -2269.56  231.023  2501.47
453  192  2025-06-10 20-57-46  1956.8  20425.4  -2267.36  231.109  2501.66
454  192  2025-06-10 20-57-46  1958.4  20437.2  -2265.16  231.196  2501.84
455  192  2025-06-10 20-57-46  1960  20448.9  -2262.96  231.282  2502.02
456  192  2025-06-10 20-57-46  1961.6  20460.6  -2260.76  231.368  2502.2
457  192  2025-06-10 20-57-46  1963.2  20472.4  -2258.56  231.455  2502.38
458  192  2025-06-10 20-57-46  1964.8  20484.1  -2256.37  231.541  2502.56
459  192  2025-06-10 20-57-46  1966.4  20495.9  -2254.17  231.627  2502.74
460  192  2025-06-10 20-57-46  1968  20507.6  -2251.98  231.714  2502.91
461  192  2025-06-10 20-57-46  1969.6  20519.4  -2249.78  231.8  2503.09
462  192  2025-06-10 20-57-46  1971.2  20531.2  -2247.59  231.886  2503.27
463  192  2025-06-10 20-57-46  1972.8  20543  -2245.39  231.973  2503.45
464  192  2025-06-10 20-57-46  1974.4  20554.8  -2243.2  232.059  2503.63
465  192  2025-06-10 20-57-46  1976  20566.6  -2241.01  232.145  2503.81
466  192  2025-06-10 20-57-46  1977.6  20578.4  -2238.82  232.232  2503.99
467  192  2025-06-10 20-57-46  1979.2  20590.3  -2236.63  232.318  2504.16
468  192  2025-06-10 20-57-46  1980.8  20602.1  -2234.44  232.404  2504.34
469  192  2025-06-10 20-57-46  1982.4  20613.9  -2232.25  232.491  2504.52
470  192  2025-06-10 20-57-46  1984  20625.8  -2230.06  232.577  2504.69
471  192  2025-06-10 20-57-46  1985.6  20637.7  -2227.87  232.663  2504.87
472  192  2025-06-10 20-57-46  1987.2  20649.5  -2225.68  232.75  2505.05
473  192  2025-06-10 20-57-46  1988.8  20661.4  -2223.5  232.836  2505.22
474  192  2025-06-10 20-57-46  1990.4  20673.3  -2221.31  232.922  2505.4
475  192  2025-06-10 20-57-46  1992  20685.2  -2219.13  233.009  2505.58
476  192  2025-06-10 20-57-46  1993.6  20697.1  -2216.94  233.095  2505.75
477  192  2025-06-10 20-57-46  1995.2  20709.1  -2214.76  233.181  2505.93
478  192  2025-06-10 20-57-46  1996.8  20721  -2212.58  233.268  2506.1
479  192  2025-06-10 20-57-46  1998.4  20732.9  -2210.4  233.354  2506.28
480  192  2025-06-10 20-57-46  2000  20744.9  -2208.22  233.44  2506.45
481  192  2025-06-10 20-57-46  2001.6  20756.8  -2206.04  233.527  2506.63
482  192  2025-06-10 20-57-46  2003.2  20768.8  -2203.86  233.613  2506.8
483  192  2025-06-10 20-57-46  2004.8  20780.8  -2201.68  233.699  2506.98
484  192  2025-06-10 20-57-46  2006.4  20792.7  -2199.5  233.786  2507.15
485  192  2025-06-10 20-57-46  2008  20804.7  -2197.32  233.872  2507.33
486  192  2025-06-10 20-57-46  2009.6  20816.7  -2195.14  233.958  2507.5
487  192  2025-06-10 20-57-46  2011.2  20828.7  -2192.97  234.045  2507.67
488  192  2025-06-10 20-57-46  2012.8  20840.8  -2190.79  234.131  2507.85
489  192  2025-06-10 20-57-46  2014.4  20852.8  -2188.62  234.217  2508.02
490  192  2025-06-10 20-57-46  2016  20864.8  -2186.45  234.304  2508.19
491  192  2025-06-10 20-57-46  2017.6  20876.9  -2184.27  234.39  2508.37
492  192  2025-06-10 20-57-46  2019.2  20888.9  -2182.1  234.476  2508.54
493  192  2025-06-10 20-57-46  2020.8  20901  -2179.93  234.563  2508.71
494  192  2025-06-10 20-57-46  2022.4  20913.1  -2177.76  234.649  2508.88
495  192  2025-06-10 20-57-46  2024  20925.1  -2175.59  234.735  2509.06
496  192  2025-06-10 20-57-46  2025.6  20937.2  -2173.42  234.822  2509.23
497  192  2025-06-10 20-57-46  2027.2  20949.3  -2171.25  234.908  2509.4
498  192  2025-06-10 20-57-46  2028.8  20961.4  -2169.08  234.994  2509.57
499  192  2025-06-10 20-57-46  2030.4  20973.5  -2166.91  235.081  2509.74
500  192  2025-06-10 20-57-46  2032  20985.7  -2164.75  235.167  2509.91
501  192  2025-06-10 20-57-46  2033.6  20997.8  -2162.58  235.253  2510.09
502  192  2025-06-10 20-57-46  2035.2  21009.9  -2160.42  235.34  2510.26
503  192  2025-06-10 20-57-46  2036.8  21022.1  -2158.25  235.426  2510.43
504  192  2025-06-10 20-57-46  2038.4  21034.3  -2156.09  235.512  2510.6
505  192  2025-06-10 20-57-46  2040  21046.4  -2153.93  235.599  2510.77
506  192  2025-06-10 20-57-46  2041.6  21058.6  -2151.77  235.685  2510.94
507  192  2025-06-10 20-57-46  2043.2  21070.8  -2149.6  235.771  2511.11
508  192  2025-06-10 20-57-46  2044.8  21083  -2147.44  235.858  2511.28
509  192  2025-06-10 20-57-46  2046.4  21095.2  -2145.28  235.944  2511.45
510  192  2025-06-10 20-57-46  2048  21107.4  -2143.13  236.03  2511.62
511  192  2025-06-10 20-57-46  2049.6  21119.6  -2140.97  236.117  2511.78
512  192  2025-06-10 20-57-46  2051.2  21131.9  -2138.81  236.203  2511.95
513  192  2025-06-10 20-57-46  2052.8  21144.1  -2136.65  236.289  2512.12
514  192  2025-06-10 20-57-46  2054.4  21156.3  -2134.5  236.376  2512.29
