SN    USVID    CurTime    simTime    CurX    CurY    CurVel      CurYaw   
0  128  2025-06-09 22-08-54  0  8  4.89843e-16  192  2672
1  128  2025-06-09 22-08-54  1.6  128.006  9.80038e-16  192.058  2672
2  128  2025-06-09 22-08-54  3.2  136.017  1.47058e-15  192.115  2672
3  128  2025-06-09 22-08-54  4.8  144.035  1.96148e-15  192.173  2672
4  128  2025-06-09 22-08-54  6.4  152.058  2.45274e-15  192.23  2672
5  128  2025-06-09 22-08-54  8  160.086  2.94434e-15  192.288  2672
6  128  2025-06-09 22-08-54  9.6  168.121  3.4363e-15  192.345  2672
7  128  2025-06-09 22-08-54  11.2  176.161  3.92861e-15  192.403  2672
8  128  2025-06-09 22-08-54  12.8  184.207  4.42127e-15  192.46  2672
9  128  2025-06-09 22-08-54  14.4  192.259  4.91428e-15  192.518  2672
10  128  2025-06-09 22-08-54  128  200.317  5.40765e-15  192.576  2672
11  128  2025-06-09 22-08-54  129.6  208.38  5.90137e-15  192.633  2672
12  128  2025-06-09 22-08-54  131.2  216.449  6.39544e-15  192.691  2672
13  128  2025-06-09 22-08-54  132.8  224.524  6.88987e-15  192.748  2672
14  128  2025-06-09 22-08-54  134.4  232.604  7.38464e-15  192.806  2672
15  128  2025-06-09 22-08-54  136  240.691  7.87977e-15  192.863  2672
16  128  2025-06-09 22-08-54  137.6  248.783  8.37525e-15  192.921  2672
17  128  2025-06-09 22-08-54  139.2  256.881  8.87109e-15  192.978  2672
18  128  2025-06-09 22-08-54  140.8  264.984  9.36727e-15  193.036  2672
19  128  2025-06-09 22-08-54  142.4  1393.09  9.86381e-15  193.094  2672
20  128  2025-06-09 22-08-54  144  1401.21  1.03607e-14  193.151  2672
21  128  2025-06-09 22-08-54  145.6  1409.33  1.08579e-14  193.209  2672
22  128  2025-06-09 22-08-54  147.2  1417.46  1.13555e-14  193.266  2672
23  128  2025-06-09 22-08-54  148.8  1425.59  1.18535e-14  193.324  2672
24  128  2025-06-09 22-08-54  150.4  1433.73  1.23518e-14  193.381  2672
25  128  2025-06-09 22-08-54  152  1441.87  1.28504e-14  193.439  2672
26  128  2025-06-09 22-08-54  153.6  1450.02  1.33494e-14  193.496  2672
27  128  2025-06-09 22-08-54  155.2  1458.18  1.38488e-14  193.554  2672
28  128  2025-06-09 22-08-54  156.8  1466.34  1.43485e-14  193.612  2672
29  128  2025-06-09 22-08-54  158.4  1474.5  1.48486e-14  193.669  2672
30  128  2025-06-09 22-08-54  160  1482.68  1.5349e-14  193.727  2672
31  128  2025-06-09 22-08-54  161.6  1490.85  1.58498e-14  193.784  2672
32  128  2025-06-09 22-08-54  163.2  1499.04  1.63509e-14  193.842  2672
33  128  2025-06-09 22-08-54  164.8  1507.23  1.68524e-14  193.899  2672
34  128  2025-06-09 22-08-54  166.4  1515.42  1.73542e-14  193.957  2672
35  128  2025-06-09 22-08-54  168  1523.63  1.78564e-14  194.014  2672
36  128  2025-06-09 22-08-54  169.6  1531.83  1.83589e-14  194.072  2672
37  128  2025-06-09 22-08-54  171.2  1540.05  1.88618e-14  194.13  2672
38  128  2025-06-09 22-08-54  172.8  1548.26  1.9365e-14  194.187  2672
39  128  2025-06-09 22-08-54  174.4  1556.47  1.98677e-14  194.101  2672
40  128  2025-06-09 22-08-54  176  1564.68  2.03699e-14  194.014  2672
41  128  2025-06-09 22-08-54  177.6  1572.88  -0.0723362  194.072  2680.08
42  128  2025-06-09 22-08-54  179.2  1581.09  -0.217822  194.13  2688.24
43  128  2025-06-09 22-08-54  180.8  1589.31  -0.437264  194.187  2696.48
44  128  2025-06-09 22-08-54  182.4  1597.53  -0.731466  194.245  2704.8
45  128  2025-06-09 22-08-54  184  1605.75  -1.10123  194.302  2713.2
46  128  2025-06-09 22-08-54  185.6  1613.98  -1.54734  194.36  2721.68
47  128  2025-06-09 22-08-54  187.2  1622.2  -2.07058  194.417  2730.24
48  128  2025-06-09 22-08-54  188.8  1630.43  -2.67174  194.475  2738.88
49  128  2025-06-09 22-08-54  190.4  1638.65  -3.35159  194.532  2747.6
50  128  2025-06-09 22-08-54  192  1646.88  -4.11089  194.59  2756.4
51  128  2025-06-09 22-08-54  193.6  1655.1  -4.9504  194.648  2765.28
52  128  2025-06-09 22-08-54  195.2  1663.32  -5.87087  194.705  2774.24
53  128  2025-06-09 22-08-54  196.8  1671.53  -6.87304  194.763  2783.28
54  128  2025-06-09 22-08-54  198.4  1679.74  -7.95765  194.82  2792.4
55  128  2025-06-09 22-08-54  200  1687.95  -9.12541  194.878  2801.6
56  128  2025-06-09 22-08-54  201.6  1696.15  -10.377  194.935  2810.88
57  128  2025-06-09 22-08-54  203.2  1704.34  -11.7132  194.993  2820.24
58  128  2025-06-09 22-08-54  204.8  1712.52  -13.1347  195.05  2829.68
59  128  2025-06-09 22-08-54  206.4  1720.69  -14.6421  195.108  14039.2
60  128  2025-06-09 22-08-54  208  1728.86  -128.236  195.166  14048.8
61  128  2025-06-09 22-08-54  209.6  1737.01  -129.917  195.223  14058.5
62  128  2025-06-09 22-08-54  211.2  1745.14  -131.686  195.281  14068.2
63  128  2025-06-09 22-08-54  212.8  1753.27  -133.544  195.338  14078.1
64  128  2025-06-09 22-08-54  214.4  1761.38  -135.416  195.252  14079.9
65  128  2025-06-09 22-08-54  216  1769.48  -137.303  195.166  14081.8
66  128  2025-06-09 22-08-54  217.6  1777.58  -139.207  195.223  14083.6
67  128  2025-06-09 22-08-54  219.2  1785.68  -141.128  195.281  14085.4
68  128  2025-06-09 22-08-54  220.8  1793.79  -143.067  195.338  14087.3
69  128  2025-06-09 22-08-54  222.4  1801.9  -145.024  195.396  14089.1
70  128  2025-06-09 22-08-54  224  1810.01  -146.998  195.453  14091
71  128  2025-06-09 22-08-54  225.6  1818.12  -148.99  195.511  14092.8
72  128  2025-06-09 22-08-54  227.2  1826.23  -151  195.568  14094.6
73  128  2025-06-09 22-08-54  228.8  1834.34  -153.027  195.626  14096.5
74  128  2025-06-09 22-08-54  230.4  1842.45  -155.072  195.684  14098.3
75  128  2025-06-09 22-08-54  232  1850.57  -157.135  195.741  14100.2
76  128  2025-06-09 22-08-54  233.6  1858.69  -159.216  195.799  14102
77  128  2025-06-09 22-08-54  235.2  1866.81  -161.314  195.856  14103.8
78  128  2025-06-09 22-08-54  236.8  1874.93  -163.43  195.914  14105.7
79  128  2025-06-09 22-08-54  238.4  1883.05  -165.563  195.971  14107.5
80  128  2025-06-09 22-08-54  240  1891.17  -167.715  196.029  14109.4
81  128  2025-06-09 22-08-54  241.6  1899.3  -169.884  196.086  14111.2
82  128  2025-06-09 22-08-54  243.2  1907.42  -172.071  196.144  14113
83  128  2025-06-09 22-08-54  244.8  1915.55  -174.276  196.202  14114.9
84  128  2025-06-09 22-08-54  246.4  1923.67  -176.498  196.259  14116.7
85  128  2025-06-09 22-08-54  248  1931.8  -178.739  196.317  14118.6
86  128  2025-06-09 22-08-54  249.6  1939.93  -180.997  196.374  14120.4
87  128  2025-06-09 22-08-54  251.2  1948.06  -183.274  196.432  14122.2
88  128  2025-06-09 22-08-54  252.8  1956.2  -185.568  196.489  14124.1
89  128  2025-06-09 22-08-54  254.4  1964.33  -187.88  196.547  14125.9
90  128  2025-06-09 22-08-54  256  1972.46  -190.209  196.604  14127.8
91  128  2025-06-09 22-08-54  257.6  1980.59  -192.557  196.662  14129.6
92  128  2025-06-09 22-08-54  259.2  1988.73  -194.923  196.72  14131.4
93  128  2025-06-09 22-08-54  260.8  1996.87  -197.307  196.777  14133.3
94  128  2025-06-09 22-08-54  262.4  2004.98  -199.794  196.835  14144.8
95  128  2025-06-09 22-08-54  264  2013.06  -202.386  196.892  14156.4
96  128  2025-06-09 22-08-54  265.6  2021.12  -205.083  196.95  14168.2
97  128  2025-06-09 22-08-54  267.2  2029.14  -207.886  197.007  14180
98  128  2025-06-09 22-08-54  268.8  2037.13  -210.794  197.065  14191.9
99  128  2025-06-09 22-08-54  270.4  2045.1  -213.81  197.122  14203.9
100  128  2025-06-09 22-08-54  1392  2053.02  -216.932  197.18  14216
101  128  2025-06-09 22-08-54  1393.6  2060.91  -220.162  197.238  14228.3
102  128  2025-06-09 22-08-54  1395.2  2068.76  -223.499  197.295  14240.6
103  128  2025-06-09 22-08-54  1396.8  2076.63  -226.793  197.353  14235.2
104  128  2025-06-09 22-08-54  1398.4  2084.5  -230.125  197.41  14239.4
105  128  2025-06-09 22-08-54  1400  2092.35  -233.496  197.468  14243.7
106  128  2025-06-09 22-08-54  1401.6  2100.19  -236.906  197.525  14248
107  128  2025-06-09 22-08-54  1403.2  2108.03  -240.355  197.583  14252.2
108  128  2025-06-09 22-08-54  1404.8  2115.85  -243.843  197.641  14256.5
109  128  2025-06-09 22-08-54  1406.4  2123.66  -247.37  197.698  14260.9
110  128  2025-06-09 22-08-54  1408  2131.49  -250.868  197.756  14257.1
111  128  2025-06-09 22-08-54  1409.6  2139.34  -254.335  197.813  14253.3
112  128  2025-06-09 22-08-54  1411.2  2147.21  -257.771  197.871  14249.4
113  128  2025-06-09 22-08-54  1412.8  2155.1  -261.176  197.928  14245.5
114  128  2025-06-09 22-08-54  1414.4  2163.01  -264.549  197.986  14241.5
115  128  2025-06-09 22-08-54  1416  2170.94  -267.889  198.043  14237.4
116  128  2025-06-09 22-08-54  1417.6  2178.89  -271.195  198.101  14233.3
117  128  2025-06-09 22-08-54  1419.2  2186.81  -1394.55  198.015  14238.8
118  128  2025-06-09 22-08-54  1420.8  2194.7  -1397.94  197.928  14244.4
119  128  2025-06-09 22-08-54  1422.4  2202.58  -1401.39  197.986  14249.9
120  128  2025-06-09 22-08-54  1424  2210.42  -1404.94  198.043  14262
121  128  2025-06-09 22-08-54  1425.6  2218.21  -1408.59  198.101  14274.1
122  128  2025-06-09 22-08-54  1427.2  2225.96  -1412.36  198.159  14286.4
123  128  2025-06-09 22-08-54  1428.8  2233.67  -1416.23  198.216  14298.8
124  128  2025-06-09 22-08-54  1430.4  2241.32  -1420.2  198.274  14311.2
125  128  2025-06-09 22-08-54  1432  2248.93  -1424.29  198.331  14323.7
126  128  2025-06-09 22-08-54  1433.6  2256.48  -1428.48  198.389  14336.4
127  128  2025-06-09 22-08-54  1435.2  2263.98  -1432.78  198.446  14349.1
128  128  2025-06-09 22-08-54  1436.8  2271.43  -1437.18  198.504  14361.9
129  128  2025-06-09 22-08-54  1438.4  2278.81  -1441.7  198.561  14374.7
130  128  2025-06-09 22-08-54  1440  2286.14  -1446.32  198.619  14387.5
131  128  2025-06-09 22-08-54  1441.6  2293.5  -1450.9  198.677  14382.6
132  128  2025-06-09 22-08-54  1443.2  2300.89  -1455.44  198.734  14377.7
133  128  2025-06-09 22-08-54  1444.8  2308.21  -1460.09  198.792  14390.4
134  128  2025-06-09 22-08-54  1446.4  2315.57  -1464.71  198.849  14385.5
135  128  2025-06-09 22-08-54  1448  2322.96  -1469.28  198.907  14380.4
136  128  2025-06-09 22-08-54  1449.6  2330.38  -1473.82  198.964  14375.3
137  128  2025-06-09 22-08-54  1451.2  2337.74  -1478.47  199.022  14387.9
138  128  2025-06-09 22-08-54  1452.8  2345.13  -1483.07  199.079  14382.8
139  128  2025-06-09 22-08-54  1454.4  2352.55  -1487.64  199.137  14377.7
140  128  2025-06-09 22-08-54  1456  2359.91  -1492.31  199.195  14390.2
141  128  2025-06-09 22-08-54  1457.6  2367.31  -1496.94  199.252  14385.1
142  128  2025-06-09 22-08-54  1459.2  2374.73  -1501.53  199.31  14379.8
143  128  2025-06-09 22-08-54  1460.8  2382.19  -1506.09  199.367  14374.5
144  128  2025-06-09 22-08-54  1462.4  2389.59  -1510.74  199.425  14386.9
145  128  2025-06-09 22-08-54  1464  2397.02  -1515.36  199.482  14381.6
146  128  2025-06-09 22-08-54  1465.6  2404.48  -1519.93  199.54  14376.2
147  128  2025-06-09 22-08-54  1467.2  2411.89  -1524.61  199.597  14388.5
148  128  2025-06-09 22-08-54  1468.8  2419.33  -1529.25  199.655  14383.2
149  128  2025-06-09 22-08-54  1470.4  2426.8  -1533.85  199.713  14377.7
150  128  2025-06-09 22-08-54  1472  2434.3  -1538.4  199.77  14372.2
151  128  2025-06-09 22-08-54  1473.6  2441.74  -1543.06  199.828  14384.4
152  128  2025-06-09 22-08-54  1475.2  2449.22  -1547.68  199.885  14378.9
153  128  2025-06-09 22-08-54  1476.8  2456.73  -1552.25  199.943  14373.3
154  128  2025-06-09 22-08-54  1478.4  2464.19  -1556.92  200  14385.4
155  128  2025-06-09 22-08-54  1480  2471.68  -1561.56  200.058  14379.9
156  128  2025-06-09 22-08-54  1481.6  2479.2  -1566.15  200.115  14374.2
157  128  2025-06-09 22-08-54  1483.2  2486.76  -1570.69  200.173  14368.5
158  128  2025-06-09 22-08-54  1484.8  2494.26  -1575.34  200.231  14380.4
159  128  2025-06-09 22-08-54  1486.4  2501.79  -1579.94  200.288  14374.7
160  128  2025-06-09 22-08-54  1488  2509.36  -1584.5  200.346  14368.9
161  128  2025-06-09 22-08-54  1489.6  2516.87  -1589.16  200.403  14380.8
162  128  2025-06-09 22-08-54  1491.2  2524.42  -1593.77  200.461  14375.1
163  128  2025-06-09 22-08-54  1492.8  2532  -1598.34  200.518  14369.2
164  128  2025-06-09 22-08-54  1494.4  2539.53  -1603.01  200.576  14381.1
165  128  2025-06-09 22-08-54  1496  2547.09  -1607.64  200.633  14375.2
166  128  2025-06-09 22-08-54  1497.6  2554.68  -1612.21  200.691  14369.3
167  128  2025-06-09 22-08-54  1499.2  2562.23  -1616.89  200.749  14381.1
168  128  2025-06-09 22-08-54  1500.8  2569.8  -1621.53  200.806  14375.2
169  128  2025-06-09 22-08-54  1502.4  2577.41  -1626.11  200.864  14369.2
170  128  2025-06-09 22-08-54  1504  2584.97  -1630.8  200.921  14380.9
171  128  2025-06-09 22-08-54  1505.6  2592.56  -1635.44  200.979  14374.9
172  128  2025-06-09 22-08-54  1507.2  2600.19  -1640.03  201.036  14368.9
173  128  2025-06-09 22-08-54  1508.8  2607.76  -1644.73  201.094  14380.5
174  128  2025-06-09 22-08-54  1510.4  2615.37  -1649.37  201.151  14374.5
175  128  2025-06-09 22-08-54  1512  2623.02  -1653.97  201.209  14368.4
176  128  2025-06-09 22-08-54  1513.6  2630.61  -1658.67  201.267  14380
177  128  2025-06-09 22-08-54  1515.2  2638.24  -1663.32  201.324  14373.9
178  128  2025-06-09 22-08-54  1516.8  2645.9  -1667.92  201.382  14367.7
179  128  2025-06-09 22-08-54  1518.4  2653.51  -1672.62  201.439  14379.2
180  128  2025-06-09 22-08-54  1520  2661.15  -1677.27  201.497  14373.1
181  128  2025-06-09 22-08-54  1521.6  2668.84  -1681.87  201.554  14366.8
182  128  2025-06-09 22-08-54  1523.2  2676.46  -1686.57  201.612  14378.3
183  128  2025-06-09 22-08-54  1524.8  2684.13  -1691.22  201.669  14372
184  128  2025-06-09 22-08-54  1526.4  2691.83  -1695.83  201.727  14365.7
185  128  2025-06-09 22-08-54  1528  2699.48  -1700.53  201.785  14377.1
186  128  2025-06-09 22-08-54  1529.6  2707.17  -1705.18  201.842  14370.8
187  128  2025-06-09 22-08-54  1531.2  2714.89  -1709.78  201.9  14364.5
188  128  2025-06-09 22-08-54  1532.8  2722.56  -1714.48  201.957  14375.8
189  128  2025-06-09 22-08-54  1534.4  2730.27  -1719.13  202.015  14369.5
190  128  2025-06-09 22-08-54  1536  2738.02  -1723.72  202.072  14363
191  128  2025-06-09 22-08-54  1537.6  2745.71  -1728.42  202.13  14374.3
192  128  2025-06-09 22-08-54  1539.2  2753.44  -1733.06  202.187  14367.9
193  128  2025-06-09 22-08-54  1540.8  2761.21  -1737.65  202.245  14361.4
194  128  2025-06-09 22-08-54  1542.4  2768.93  -1742.34  202.303  14372.6
195  128  2025-06-09 22-08-54  1544  2776.68  -1746.98  202.36  14366.1
196  128  2025-06-09 22-08-54  1545.6  2784.48  -1751.57  202.418  14359.5
197  128  2025-06-09 22-08-54  1547.2  2792.22  -1756.25  202.475  14370.7
198  128  2025-06-09 22-08-54  1548.8  2800  -1760.88  202.533  14364.1
199  128  2025-06-09 22-08-54  1550.4  2807.82  -1765.45  202.59  14357.5
200  128  2025-06-09 22-08-54  1552  2815.58  -1770.13  202.648  14368.6
201  128  2025-06-09 22-08-54  1553.6  2823.39  -1774.75  202.705  14362
202  128  2025-06-09 22-08-54  1555.2  2831.14  -1779.47  202.763  14373.1
203  128  2025-06-09 22-08-54  1556.8  14038.9  -1784.13  202.821  14366.5
204  128  2025-06-09 22-08-54  1558.4  14046.8  -1788.74  202.878  14359.8
205  128  2025-06-09 22-08-54  1560  14054.5  -1793.45  202.936  14370.8
206  128  2025-06-09 22-08-54  1561.6  14062.4  -1798.1  202.993  14364.2
207  128  2025-06-09 22-08-54  1563.2  14070.2  -1802.7  203.051  14357.4
208  128  2025-06-09 22-08-54  1564.8  14078  -1807.4  203.108  14368.4
209  128  2025-06-09 22-08-54  1566.4  14085.9  -1812.04  203.166  14361.7
210  128  2025-06-09 22-08-54  1568  14093.8  -1816.62  203.223  14354.9
211  128  2025-06-09 22-08-54  1569.6  14101.6  -1821.31  203.281  14365.8
212  128  2025-06-09 22-08-54  1571.2  14109.5  -1825.93  203.339  14359
213  128  2025-06-09 22-08-54  1572.8  14117.3  -1830.66  203.396  14369.9
214  128  2025-06-09 22-08-54  1574.4  14125.2  -1835.33  203.454  14363.1
215  128  2025-06-09 22-08-54  1576  14133.1  -1839.94  203.511  14356.3
216  128  2025-06-09 22-08-54  1577.6  14140.9  -1844.65  203.569  14367.1
217  128  2025-06-09 22-08-54  1579.2  14148.8  -1849.3  203.626  14360.3
218  128  2025-06-09 22-08-54  1580.8  14156.7  -1853.9  203.684  14353.4
219  128  2025-06-09 22-08-54  1582.4  14164.6  -1858.59  203.741  14364.2
220  128  2025-06-09 22-08-54  1584  14172.6  -1863.22  203.799  14357.3
221  128  2025-06-09 22-08-54  1585.6  14180.4  -1867.95  203.857  14368.1
222  128  2025-06-09 22-08-54  1587.2  14188.3  -1872.63  203.914  14361.2
223  128  2025-06-09 22-08-54  1588.8  14196.3  -1877.25  203.972  14354.2
224  128  2025-06-09 22-08-54  1590.4  14204.2  -1881.96  204.029  14365
225  128  2025-06-09 22-08-54  1592  14212.1  -1886.62  204.087  14358
226  128  2025-06-09 22-08-54  1593.6  14220.1  -1891.22  204.144  14351
227  128  2025-06-09 22-08-54  1595.2  14228.1  -1895.91  204.202  14361.7
228  128  2025-06-09 22-08-54  1596.8  14236  -1900.55  204.259  14354.7
229  128  2025-06-09 22-08-54  1598.4  14244  -1905.28  204.317  14365.3
230  128  2025-06-09 22-08-54  1600  14251.9  -1909.95  204.375  14358.4
231  128  2025-06-09 22-08-54  1601.6  14259.9  -1914.57  204.432  14351.3
232  128  2025-06-09 22-08-54  1603.2  14267.9  -1919.28  204.49  14361.9
233  128  2025-06-09 22-08-54  1604.8  14275.9  -1923.93  204.547  14354.8
234  128  2025-06-09 22-08-54  1606.4  14283.9  -1928.68  204.605  14365.5
235  128  2025-06-09 22-08-54  1608  14291.8  -1933.37  204.662  14358.4
236  128  2025-06-09 22-08-54  1609.6  14299.9  -1938  204.72  14351.3
237  128  2025-06-09 22-08-54  1611.2  14307.9  -1942.72  204.777  14361.9
238  128  2025-06-09 22-08-54  1612.8  14315.9  -1947.39  204.835  14354.8
239  128  2025-06-09 22-08-54  1614.4  14324  -1951.99  204.893  14347.6
240  128  2025-06-09 22-08-54  1616  14332  -1956.7  204.95  14358.1
241  128  2025-06-09 22-08-54  1617.6  14340  -1961.34  205.008  14351
242  128  2025-06-09 22-08-54  1619.2  14348  -1966.07  205.065  14361.5
243  128  2025-06-09 22-08-54  1620.8  14356.1  -1970.75  205.123  14354.3
244  128  2025-06-09 22-08-54  1622.4  14364.2  -1975.37  205.18  14347.1
245  128  2025-06-09 22-08-54  1624  14372.2  -1980.08  205.238  14357.6
246  128  2025-06-09 22-08-54  1625.6  14380.3  -1984.73  205.295  14350.4
247  128  2025-06-09 22-08-54  1627.2  14388.4  -1989.47  205.353  14360.8
248  128  2025-06-09 22-08-54  1628.8  14396.4  -1994.16  205.411  14353.6
249  128  2025-06-09 22-08-54  1630.4  14404.6  -1998.78  205.468  14346.4
250  128  2025-06-09 22-08-54  1632  14412.6  -2003.5  205.526  14356.8
251  128  2025-06-09 22-08-54  1633.6  14420.8  -2008.16  205.583  14349.5
252  128  2025-06-09 22-08-54  1635.2  14428.8  -2012.91  205.641  14359.9
253  128  2025-06-09 22-08-54  1636.8  14436.9  -2017.6  205.698  14352.7
254  128  2025-06-09 22-08-54  1638.4  14445.1  -2022.23  205.756  14345.4
255  128  2025-06-09 22-08-54  1640  14453.2  -2026.95  205.813  14355.7
256  128  2025-06-09 22-08-54  1641.6  14461.4  -2031.61  205.871  14348.4
257  128  2025-06-09 22-08-54  1643.2  14469.5  -2036.37  205.929  14358.8
258  128  2025-06-09 22-08-54  1644.8  14477.6  -2041.07  205.986  14351.5
259  128  2025-06-09 22-08-54  1646.4  14485.8  -2045.7  206.044  14344.1
260  128  2025-06-09 22-08-54  1648  14493.9  -2050.42  206.101  14354.4
261  128  2025-06-09 22-08-54  1649.6  14502.1  -2055.09  206.159  14347.1
262  128  2025-06-09 22-08-54  1651.2  14510.2  -2059.85  206.216  14357.4
263  128  2025-06-09 22-08-54  1652.8  14518.4  -2064.54  206.274  14350.1
264  128  2025-06-09 22-08-54  1654.4  14526.6  -2069.18  206.331  14342.7
265  128  2025-06-09 22-08-54  1656  14534.8  -2073.9  206.389  14352.9
266  128  2025-06-09 22-08-54  1657.6  14543  -2078.57  206.447  14345.5
267  128  2025-06-09 22-08-54  1659.2  14551.2  -2083.33  206.504  14355.8
268  128  2025-06-09 22-08-54  1660.8  14559.4  -2088.02  206.562  14348.4
269  128  2025-06-09 22-08-54  1662.4  14567.6  -2092.66  206.619  14340.9
270  128  2025-06-09 22-08-54  1664  14575.8  -2097.38  206.677  14351.2
271  128  2025-06-09 22-08-54  1665.6  14584.1  -2102.04  206.734  14343.7
272  128  2025-06-09 22-08-54  1667.2  14592.3  -2106.8  206.792  14354
273  128  2025-06-09 22-08-54  1668.8  14600.5  -2111.5  206.849  14346.5
274  128  2025-06-09 22-08-54  1670.4  14608.8  -2116.12  206.907  14339
275  128  2025-06-09 22-08-54  1672  14617  -2120.85  206.965  14349.2
276  128  2025-06-09 22-08-54  1673.6  14625.3  -2125.5  207.022  14341.7
277  128  2025-06-09 22-08-54  1675.2  14633.6  -2130.26  207.08  14351.9
278  128  2025-06-09 22-08-54  1676.8  14641.8  -2134.94  207.137  14344.4
279  128  2025-06-09 22-08-54  1678.4  14650.1  -2139.73  207.195  14354.6
280  128  2025-06-09 22-08-54  1680  14658.3  -2144.45  207.252  14347.1
281  128  2025-06-09 22-08-54  1681.6  14666.7  -2149.1  207.31  14339.6
282  128  2025-06-09 22-08-54  1683.2  14674.9  -2153.85  207.367  14349.7
283  128  2025-06-09 22-08-54  1684.8  14683.2  -2158.53  207.425  14342.2
284  128  2025-06-09 22-08-54  1686.4  14691.5  -2163.31  207.483  14352.3
285  128  2025-06-09 22-08-54  1688  14699.8  -2168.02  207.54  14344.8
286  128  2025-06-09 22-08-54  1689.6  14708.2  -2172.66  207.598  14337.2
287  128  2025-06-09 22-08-54  1691.2  14716.5  -2177.4  207.655  14347.3
288  128  2025-06-09 22-08-54  1692.8  14724.8  -2182.08  207.713  14339.7
289  128  2025-06-09 22-08-54  1694.4  14733.1  -2186.85  207.77  14349.8
290  128  2025-06-09 22-08-54  1696  14741.5  -2191.55  207.828  14342.3
291  128  2025-06-09 22-08-54  1697.6  14749.8  -2196.35  207.885  14352.4
292  128  2025-06-09 22-08-54  1699.2  14758.1  -2201.08  207.943  14344.8
293  128  2025-06-09 22-08-54  1700.8  14766.5  -2205.74  208.001  14337.2
294  128  2025-06-09 22-08-54  1702.4  14774.9  -2210.5  208.058  14347.3
295  128  2025-06-09 22-08-54  1704  14783.3  -2215.2  208.116  14339.6
296  128  2025-06-09 22-08-54  1705.6  14791.6  -2219.99  208.173  14349.7
297  128  2025-06-09 22-08-54  1707.2  14800  -2224.71  208.231  14342.1
298  128  2025-06-09 22-08-54  1708.8  14808.4  -2229.36  208.288  14334.4
299  128  2025-06-09 22-08-54  1710.4  14816.8  -2234.11  208.346  14344.5
300  128  2025-06-09 22-08-54  1712  14825.2  -2238.79  208.404  14336.8
301  128  2025-06-09 22-08-54  1713.6  14833.6  -2243.57  208.461  14346.8
302  128  2025-06-09 22-08-54  1715.2  14842  -2248.28  208.519  14339.2
303  128  2025-06-09 22-08-54  1716.8  14850.4  -2253.08  208.576  14349.2
304  128  2025-06-09 22-08-54  1718.4  14858.8  -2257.82  208.634  14341.6
305  128  2025-06-09 22-08-54  1720  14867.3  -2262.48  208.691  14333.9
306  128  2025-06-09 22-08-54  1721.6  14875.7  -2267.25  208.749  14343.9
307  128  2025-06-09 22-08-54  1723.2  14884.2  -2271.94  208.806  14336.2
308  128  2025-06-09 22-08-54  1724.8  14892.6  -2276.73  208.864  14346.2
309  128  2025-06-09 22-08-54  1726.4  14901.1  -2281.45  208.922  14338.5
310  128  2025-06-09 22-08-54  1728  14909.6  -2286.11  208.979  14330.7
311  128  2025-06-09 22-08-54  1729.6  14918  -2290.85  209.037  14340.7
312  128  2025-06-09 22-08-54  1731.2  14926.6  -2295.53  209.094  14332.9
313  128  2025-06-09 22-08-54  1732.8  14935  -2300.31  209.152  14342.9
314  128  2025-06-09 22-08-54  1734.4  14943.5  -2305.01  209.209  14335.2
315  128  2025-06-09 22-08-54  1736  14952  -2309.81  209.267  14345.1
316  128  2025-06-09 22-08-54  1737.6  14960.5  -2314.54  209.324  14337.4
317  128  2025-06-09 22-08-54  1739.2  14969  -2319.2  209.382  14329.6
318  128  2025-06-09 22-08-54  1740.8  14977.5  -2323.96  209.44  14339.5
319  128  2025-06-09 22-08-54  1742.4  14986.1  -2328.65  209.497  14331.7
320  128  2025-06-09 22-08-54  1744  14994.6  -2333.43  209.555  14341.7
321  128  2025-06-09 22-08-54  1745.6  15003.1  -2338.14  209.612  14333.9
322  128  2025-06-09 22-08-54  1747.2  15011.6  -2342.95  209.67  14343.8
323  128  2025-06-09 22-08-54  1748.8  15020.2  -2347.69  209.727  14336.1
324  128  2025-06-09 22-08-54  1750.4  15028.8  -2352.36  209.785  14328.3
325  128  2025-06-09 22-08-54  1752  15037.3  -2357.12  209.842  14338.1
326  128  2025-06-09 22-08-54  1753.6  15045.9  -2361.81  209.9  14330.3
327  128  2025-06-09 22-08-54  1755.2  15054.5  -2366.6  209.958  14340.2
328  128  2025-06-09 22-08-54  1756.8  15063.1  -2371.32  210.015  14332.4
329  128  2025-06-09 22-08-54  1758.4  15071.6  -2376.14  210.073  14342.3
330  128  2025-06-09 22-08-54  1760  15080.2  -2380.88  210.13  14334.6
331  128  2025-06-09 22-08-54  1761.6  15088.8  -2385.55  210.188  14326.7
332  128  2025-06-09 22-08-54  1763.2  15097.4  -2390.32  210.245  14336.5
333  128  2025-06-09 22-08-54  1764.8  15106  -2395.02  210.303  14328.7
334  128  2025-06-09 22-08-54  1766.4  15114.6  -2399.81  210.36  14338.6
335  128  2025-06-09 22-08-54  1768  15123.3  -2404.53  210.418  14330.7
336  128  2025-06-09 22-08-54  1769.6  15131.9  -2409.35  210.476  14340.6
337  128  2025-06-09 22-08-54  1771.2  15140.5  -2414.1  210.533  14332.8
338  128  2025-06-09 22-08-54  1772.8  15149.2  -2418.77  210.591  14324.9
339  128  2025-06-09 22-08-54  1774.4  15157.8  -2423.54  210.648  14334.7
340  128  2025-06-09 22-08-54  1776  15166.5  -2428.24  210.706  14326.8
341  128  2025-06-09 22-08-54  1777.6  15175.1  -2433.04  210.763  14336.7
342  128  2025-06-09 22-08-54  1779.2  15183.8  -2437.76  210.821  14328.8
343  128  2025-06-09 22-08-54  1780.8  15192.4  -2442.58  210.878  14338.7
344  128  2025-06-09 22-08-54  1782.4  15201.1  -2447.32  210.936  14330.8
345  128  2025-06-09 22-08-54  1784  15209.8  -2452  210.994  14322.9
346  128  2025-06-09 22-08-54  1785.6  15218.5  -2456.77  211.051  14332.7
347  128  2025-06-09 22-08-54  1787.2  15227.3  -2461.47  211.109  14324.8
348  128  2025-06-09 22-08-54  1788.8  15235.9  -2466.26  211.166  14334.6
349  128  2025-06-09 22-08-54  1790.4  15244.7  -2470.98  211.224  14326.7
350  128  2025-06-09 22-08-54  1792  15253.3  -2475.8  211.281  14336.5
351  128  2025-06-09 22-08-54  1793.6  15262.1  -2480.55  211.339  14328.6
352  128  2025-06-09 22-08-54  1795.2  15270.8  -2485.22  211.396  14320.7
353  128  2025-06-09 22-08-54  1796.8  15279.6  -2489.99  211.454  14330.4
354  128  2025-06-09 22-08-54  1798.4  15288.3  -2494.68  211.512  14322.5
355  128  2025-06-09 22-08-54  1800  15297.1  -2499.48  211.569  14332.2
356  128  2025-06-09 22-08-54  1801.6  15305.8  -2504.19  211.627  14324.3
357  128  2025-06-09 22-08-54  1803.2  15314.6  -2509.01  211.684  14334.1
358  128  2025-06-09 22-08-54  1804.8  15323.4  -2513.75  211.742  14326.2
359  128  2025-06-09 22-08-54  1806.4  15332.1  -2518.59  211.799  14336
360  128  2025-06-09 22-08-54  1808  15340.9  -2523.35  211.857  14328.1
361  128  2025-06-09 22-08-54  1809.6  15349.7  -2528.05  211.914  14320.1
362  128  2025-06-09 22-08-54  1811.2  15358.5  -2532.83  211.972  14329.8
363  128  2025-06-09 22-08-54  1812.8  15367.3  -2537.55  212.03  14321.9
364  128  2025-06-09 22-08-54  1814.4  15376.1  -2542.36  212.087  14331.6
365  128  2025-06-09 22-08-54  1816  15384.9  -2547.1  212.145  14323.7
366  128  2025-06-09 22-08-54  1817.6  15393.7  -2551.93  212.202  14333.5
367  128  2025-06-09 22-08-54  1819.2  15402.5  -2556.69  212.26  14325.5
368  128  2025-06-09 22-08-54  1820.8  15411.3  -2561.38  212.317  14317.5
369  128  2025-06-09 22-08-54  1822.4  15420.2  -2566.16  212.375  14327.2
370  128  2025-06-09 22-08-54  1824  15429  -2570.86  212.432  14319.2
371  128  2025-06-09 22-08-54  1825.6  15437.9  -2575.67  212.49  14329
372  128  2025-06-09 22-08-54  1827.2  15446.7  -2580.4  212.548  14321
373  128  2025-06-09 22-08-54  1828.8  15455.6  -2585.23  212.605  14330.7
374  128  2025-06-09 22-08-54  1830.4  15464.4  -2589.98  212.663  14322.8
375  128  2025-06-09 22-08-54  1832  15473.4  -2594.66  212.72  14314.7
376  128  2025-06-09 22-08-54  1833.6  15482.2  -2599.43  212.778  14324.4
377  128  2025-06-09 22-08-54  1835.2  15491.2  -2604.13  212.835  14316.4
378  128  2025-06-09 22-08-54  1836.8  15500  -2608.92  212.893  14326.1
379  128  2025-06-09 22-08-54  1838.4  15509  -2613.64  212.95  14318.1
380  128  2025-06-09 22-08-54  1840  15517.8  -2618.46  213.008  14327.8
381  128  2025-06-09 22-08-54  1841.6  15526.8  -2623.2  213.066  14319.8
382  128  2025-06-09 22-08-54  1843.2  15535.6  -2628.04  213.123  14329.5
383  128  2025-06-09 22-08-54  1844.8  15544.6  -2632.81  213.181  14321.5
384  128  2025-06-09 22-08-54  1846.4  15553.5  -2637.5  213.238  14313.5
385  128  2025-06-09 22-08-54  1848  15562.5  -2642.28  213.296  14323.1
386  128  2025-06-09 22-08-54  1849.6  15571.4  -2646.99  213.353  14315.1
387  128  2025-06-09 22-08-54  1851.2  15580.4  -2651.8  213.411  14324.8
388  128  2025-06-09 22-08-54  1852.8  15589.3  -2656.53  213.468  14316.7
389  128  2025-06-09 22-08-54  1854.4  15598.3  -2661.36  213.526  14326.4
390  128  2025-06-09 22-08-54  1856  15607.3  -2666.12  213.584  14318.4
391  128  2025-06-09 22-08-54  1857.6  15616.2  -2670.97  213.641  14328.1
392  128  2025-06-09 22-08-54  1859.2  15625.2  -2675.74  213.699  14320.1
393  128  2025-06-09 22-08-54  1860.8  15634.2  -2680.44  213.756  14312.1
394  128  2025-06-09 22-08-54  1862.4  15643.2  -2685.24  213.814  14321.7
395  128  2025-06-09 22-08-54  1864  15652.2  -2689.96  213.871  14313.6
396  128  2025-06-09 22-08-54  1865.6  15661.2  -2694.78  213.929  14323.3
397  128  2025-06-09 22-08-54  1867.2  15670.2  -2699.52  213.986  14315.3
398  128  2025-06-09 22-08-54  1868.8  15679.2  -2704.36  214.044  14324.9
399  128  2025-06-09 22-08-54  1870.4  15688.2  -2709.12  214.102  14316.9
400  128  2025-06-09 22-08-54  1872  15697.2  -2713.98  214.159  14326.6
401  128  2025-06-09 22-08-54  1873.6  15706.2  -2718.76  214.217  14318.6
402  128  2025-06-09 22-08-54  1875.2  15715.3  -2723.47  214.274  14310.5
403  128  2025-06-09 22-08-54  1876.8  15724.4  -2728.28  214.332  14320.1
404  128  2025-06-09 22-08-54  1878.4  15733.4  -2733.01  214.389  14312.1
405  128  2025-06-09 22-08-54  1880  15742.5  -2737.83  214.447  14321.7
406  128  2025-06-09 22-08-54  1881.6  15751.6  -2742.58  214.504  14313.6
407  128  2025-06-09 22-08-54  1883.2  15760.6  -2747.43  214.562  14323.3
408  128  2025-06-09 22-08-54  1884.8  15769.7  -2752.2  214.62  14315.3
409  128  2025-06-09 22-08-54  1886.4  15778.8  -2756.89  214.677  14307.2
410  128  2025-06-09 22-08-54  1888  15787.9  -2761.68  214.735  14316.7
411  128  2025-06-09 22-08-54  1889.6  15797  -2766.4  214.792  14308.6
412  128  2025-06-09 22-08-54  1891.2  15806.1  -2771.21  214.85  14318.2
413  128  2025-06-09 22-08-54  1892.8  15815.3  -2775.94  214.907  14310.2
414  128  2025-06-09 22-08-54  1894.4  15824.4  -2780.77  214.965  14319.8
415  128  2025-06-09 22-08-54  1896  15833.5  -2785.53  215.022  14311.7
416  128  2025-06-09 22-08-54  1897.6  15842.6  -2790.38  215.08  14321.3
417  128  2025-06-09 22-08-54  1899.2  15851.7  -2795.16  215.138  14313.3
418  128  2025-06-09 22-08-54  1900.8  15860.9  -2799.85  215.195  14305.2
419  128  2025-06-09 22-08-54  1902.4  15870.1  -2804.65  215.253  14314.7
420  128  2025-06-09 22-08-54  1904  15879.3  -2809.36  215.31  14306.6
421  128  2025-06-09 22-08-54  1905.6  15888.4  -2814.18  215.368  14316.2
422  128  2025-06-09 22-08-54  1907.2  15897.6  -2818.92  215.425  14308.1
423  128  2025-06-09 22-08-54  1908.8  15906.8  -2823.75  215.483  14317.7
424  128  2025-06-09 22-08-54  1910.4  15915.9  -2828.51  215.54  14309.6
425  128  2025-06-09 22-08-54  1912  15925.1  -14033.4  215.598  14319.2
426  128  2025-06-09 22-08-54  1913.6  15934.3  -14038.1  215.656  14311.2
427  128  2025-06-09 22-08-54  1915.2  15943.5  -14042.8  215.713  14303
428  128  2025-06-09 22-08-54  1916.8  15952.7  -14047.6  215.771  14312.6
429  128  2025-06-09 22-08-54  1918.4  15962  -14052.4  215.828  14304.5
430  128  2025-06-09 22-08-54  1920  15971.2  -14057.2  215.886  14314
431  128  2025-06-09 22-08-54  1921.6  15980.4  -14061.9  215.943  14305.9
432  128  2025-06-09 22-08-54  1923.2  15989.7  -14066.7  216.001  14315.5
433  128  2025-06-09 22-08-54  1924.8  15998.9  -14071.5  216.058  14307.4
434  128  2025-06-09 22-08-54  1926.4  16008.1  -14076.4  216.116  14317
435  128  2025-06-09 22-08-54  1928  16017.4  -14081.1  216.174  14308.9
436  128  2025-06-09 22-08-54  1929.6  16026.6  -14086  216.231  14318.5
437  128  2025-06-09 22-08-54  1931.2  16035.8  -14090.8  216.289  14310.5
438  128  2025-06-09 22-08-54  1932.8  16045.2  -14095.5  216.346  14302.3
439  128  2025-06-09 22-08-54  1934.4  16054.4  -14100.4  216.404  14311.9
440  128  2025-06-09 22-08-54  1936  16063.7  -14105.1  216.461  14303.8
441  128  2025-06-09 22-08-54  1937.6  16073  -14109.9  216.519  14313.3
442  128  2025-06-09 22-08-54  1939.2  16082.3  -14114.7  216.576  14305.2
443  128  2025-06-09 22-08-54  1940.8  16091.6  -14119.6  216.634  14314.8
444  128  2025-06-09 22-08-54  1942.4  16100.9  -14124.3  216.692  14306.7
445  128  2025-06-09 22-08-54  1944  16110.1  -14129.2  216.749  14316.3
446  128  2025-06-09 22-08-54  1945.6  16119.5  -14134  216.807  14308.2
447  128  2025-06-09 22-08-54  1947.2  16128.8  -14138.7  216.864  14300.1
448  128  2025-06-09 22-08-54  1948.8  16138.1  -14143.6  216.922  14309.6
449  128  2025-06-09 22-08-54  1950.4  16147.5  -14148.3  216.979  14301.5
450  128  2025-06-09 22-08-54  1952  16156.8  -14153.1  217.037  14311
451  128  2025-06-09 22-08-54  1953.6  16166.2  -14157.9  217.094  14302.9
452  128  2025-06-09 22-08-54  1955.2  16175.5  -14162.8  217.152  14312.4
453  128  2025-06-09 22-08-54  1956.8  16184.9  -14167.5  217.21  14304.3
454  128  2025-06-09 22-08-54  1958.4  16194.2  -14172.4  217.267  14313.9
455  128  2025-06-09 22-08-54  1960  16203.6  -14177.2  217.325  14305.8
456  128  2025-06-09 22-08-54  1961.6  16213  -14181.9  217.382  14297.6
457  128  2025-06-09 22-08-54  1963.2  16222.4  -14186.8  217.44  14307.2
458  128  2025-06-09 22-08-54  1964.8  16231.8  -14191.5  217.497  14299
459  128  2025-06-09 22-08-54  1966.4  16241.2  -14196.3  217.555  14308.5
460  128  2025-06-09 22-08-54  1968  16250.6  -14201.1  217.612  14300.4
461  128  2025-06-09 22-08-54  1969.6  16260  -14206  217.67  14310
462  128  2025-06-09 22-08-54  1971.2  16269.5  -14210.7  217.728  14301.8
463  128  2025-06-09 22-08-54  1972.8  16278.8  -14215.6  217.785  14311.4
464  128  2025-06-09 22-08-54  1974.4  16288.3  -14220.4  217.843  14303.3
465  128  2025-06-09 22-08-54  1976  16297.8  -14225.1  217.9  14295.1
466  128  2025-06-09 22-08-54  1977.6  16307.2  -14229.9  217.958  14304.6
467  128  2025-06-09 22-08-54  1979.2  16316.7  -14234.7  218.015  14296.4
468  128  2025-06-09 22-08-54  1980.8  16326.1  -14239.5  218.073  14305.9
469  128  2025-06-09 22-08-54  1982.4  16335.6  -14244.3  218.13  14297.8
470  128  2025-06-09 22-08-54  1984  16345.1  -14249.1  218.188  14307.3
471  128  2025-06-09 22-08-54  1985.6  16354.5  -14253.9  218.246  14299.2
472  128  2025-06-09 22-08-54  1987.2  16364  -14258.8  218.303  14308.7
473  128  2025-06-09 22-08-54  1988.8  16373.5  -14263.6  218.361  14300.6
474  128  2025-06-09 22-08-54  1990.4  16382.9  -14268.5  218.418  14310.2
475  128  2025-06-09 22-08-54  1992  16392.4  -14273.3  218.476  14302
476  128  2025-06-09 22-08-54  1993.6  16402  -14278  218.533  14293.9
477  128  2025-06-09 22-08-54  1995.2  16411.5  -14282.8  218.591  14303.4
478  128  2025-06-09 22-08-54  1996.8  16421  -14287.6  218.648  14295.2
479  128  2025-06-09 22-08-54  1998.4  16430.5  -14292.4  218.706  14304.7
480  128  2025-06-09 22-08-54  2000  16440.1  -14297.2  218.764  14296.5
481  128  2025-06-09 22-08-54  2001.6  16449.6  -14302.1  218.821  14306.1
482  128  2025-06-09 22-08-54  2003.2  16459.1  -14306.9  218.879  14297.9
483  128  2025-06-09 22-08-54  2004.8  16468.7  -14311.8  218.936  14307.5
484  128  2025-06-09 22-08-54  2006.4  16478.2  -14316.6  218.994  14299.4
485  128  2025-06-09 22-08-54  2008  16487.8  -14321.3  219.051  14291.2
486  128  2025-06-09 22-08-54  2009.6  16497.4  -14326.1  219.109  14300.6
487  128  2025-06-09 22-08-54  2011.2  16507  -14330.9  219.167  14292.4
488  128  2025-06-09 22-08-54  2012.8  16516.6  -14335.7  219.224  14302
489  128  2025-06-09 22-08-54  2014.4  16526.2  -14340.5  219.282  14293.8
490  128  2025-06-09 22-08-54  2016  16535.7  -14345.3  219.339  14303.3
491  128  2025-06-09 22-08-54  2017.6  16545.4  -14350.1  219.397  14295.1
492  128  2025-06-09 22-08-54  2019.2  16554.9  -14355  219.454  14304.7
493  128  2025-06-09 22-08-54  2020.8  16564.5  -14359.8  219.512  14296.5
494  128  2025-06-09 22-08-54  2022.4  16574.2  -14364.5  219.569  14288.3
495  128  2025-06-09 22-08-54  2024  16583.8  -14369.4  219.627  14297.8
496  128  2025-06-09 22-08-54  2025.6  16593.5  -14374.1  219.685  14289.6
497  128  2025-06-09 22-08-54  2027.2  16603.1  -14378.9  219.742  14299.1
498  128  2025-06-09 22-08-54  2028.8  16612.8  -14383.7  219.8  14290.9
499  128  2025-06-09 22-08-54  2030.4  16622.4  -14388.5  219.857  14300.4
500  128  2025-06-09 22-08-54  2032  16632.1  -14393.3  219.915  14292.2
501  128  2025-06-09 22-08-54  2033.6  16641.7  -14398.2  219.972  14301.7
502  128  2025-06-09 22-08-54  2035.2  16651.4  -14403  220.03  14293.6
503  128  2025-06-09 22-08-54  2036.8  16661.1  -14407.9  220.087  14303.1
504  128  2025-06-09 22-08-54  2038.4  16670.7  -14412.7  220.145  14294.9
505  128  2025-06-09 22-08-54  2040  16680.5  -14417.4  220.203  14286.7
506  128  2025-06-09 22-08-54  2041.6  16690.2  -14422.3  220.26  14296.2
507  128  2025-06-09 22-08-54  2043.2  16699.9  -14427  220.318  14288
508  128  2025-06-09 22-08-54  2044.8  16709.6  -14431.9  220.375  14297.5
509  128  2025-06-09 22-08-54  2046.4  16719.3  -14436.6  220.433  14289.3
510  128  2025-06-09 22-08-54  2048  16729  -14441.5  220.49  14298.8
511  128  2025-06-09 22-08-54  2049.6  16738.8  -14446.3  220.548  14290.6
512  128  2025-06-09 22-08-54  2051.2  16748.5  -14451.2  220.605  14300.1
513  128  2025-06-09 22-08-54  2052.8  16758.2  -14456  220.663  14292
514  128  2025-06-09 22-08-54  2054.4  16768  -14460.7  220.721  14283.7
515  128  2025-06-09 22-08-54  2056  16777.8  -14465.5  220.778  14293.2
516  128  2025-06-09 22-08-54  2057.6  16787.5  -14470.3  220.836  14285
517  128  2025-06-09 22-08-54  2059.2  16797.3  -14475.1  220.893  14294.4
518  128  2025-06-09 22-08-54  2060.8  16807.1  -14479.9  220.951  14286.2
519  128  2025-06-09 22-08-54  2062.4  16816.9  -14484.7  221.008  14295.7
520  128  2025-06-09 22-08-54  2064  16826.7  -14489.5  221.066  14287.5
521  128  2025-06-09 22-08-54  2065.6  16836.4  -14494.4  221.123  14297
522  128  2025-06-09 22-08-54  2067.2  16846.2  -14499.2  221.181  14288.8
523  128  2025-06-09 22-08-54  2068.8  16856  -14504.1  221.239  14298.4
524  128  2025-06-09 22-08-54  2070.4  16865.8  -14508.9  221.296  14290.2
525  128  2025-06-09 22-08-54  2072  16875.7  -14513.6  221.354  14282
526  128  2025-06-09 22-08-54  2073.6  16885.5  -14518.5  221.411  14291.4
527  128  2025-06-09 22-08-54  2075.2  16895.3  -14523.2  221.469  14283.2
528  128  2025-06-09 22-08-54  2076.8  16905.2  -14528.1  221.526  14292.7
529  128  2025-06-09 22-08-54  2078.4  16915  -14532.8  221.584  14284.5
530  128  2025-06-09 22-08-54  2080  16924.9  -14537.7  221.641  14294
531  128  2025-06-09 22-08-54  2081.6  16934.7  -14542.5  221.699  14285.8
532  128  2025-06-09 22-08-54  2083.2  16944.6  -14547.4  221.757  14295.3
533  128  2025-06-09 22-08-54  2084.8  16954.4  -14552.2  221.814  14287.1
534  128  2025-06-09 22-08-54  2086.4  16964.3  -14557.1  221.872  14296.6
535  128  2025-06-09 22-08-54  2088  16974.1  -14561.9  221.929  14288.4
536  128  2025-06-09 22-08-54  2089.6  16984.1  -14566.6  221.987  14280.2
537  128  2025-06-09 22-08-54  2091.2  16993.9  -14571.5  222.044  14289.7
538  128  2025-06-09 22-08-54  2092.8  17003.9  -14576.2  222.102  14281.4
539  128  2025-06-09 22-08-54  2094.4  17013.8  -14581.1  222.159  14290.9
540  128  2025-06-09 22-08-54  2096  17023.7  -14585.9  222.217  14282.7
541  128  2025-06-09 22-08-54  2097.6  17033.6  -14590.7  222.275  14292.2
542  128  2025-06-09 22-08-54  2099.2  17043.5  -14595.5  222.332  14284
543  128  2025-06-09 22-08-54  2100.8  17053.4  -14600.4  222.39  14293.5
544  128  2025-06-09 22-08-54  2102.4  17063.4  -14605.3  222.447  14285.3
545  128  2025-06-09 22-08-54  2104  17073.3  -14610  222.505  14277.1
546  128  2025-06-09 22-08-54  2105.6  17083.3  -14614.8  222.562  14286.5
547  128  2025-06-09 22-08-54  2107.2  17093.2  -14619.7  222.476  14296
548  128  2025-06-09 22-08-54  2108.8  17103.1  -14624.7  222.534  14296
549  128  2025-06-09 22-08-54  2110.4  17113  -14629.6  222.591  14295.9
550  128  2025-06-09 22-08-54  2112  17122.9  -14634.5  222.649  14295.9
551  128  2025-06-09 22-08-54  2113.6  17132.8  -14639.5  222.706  14295.8
552  128  2025-06-09 22-08-54  2115.2  17142.7  -14644.4  222.764  14295.7
553  128  2025-06-09 22-08-54  2116.8  17152.6  -14649.4  222.821  14295.7
554  128  2025-06-09 22-08-54  2118.4  17162.5  -14654.3  222.879  14295.6
555  128  2025-06-09 22-08-54  2120  17172.4  -14659.3  222.936  14303.6
556  128  2025-06-09 22-08-54  2121.6  17182.3  -14664.5  222.994  14311.7
557  128  2025-06-09 22-08-54  2123.2  17192.1  -14669.7  223.052  14319.9
558  128  2025-06-09 22-08-54  2124.8  17201.8  -14675  223.109  14328.1
559  128  2025-06-09 22-08-54  2126.4  17211.6  -14680.4  223.167  14336.5
560  128  2025-06-09 22-08-54  2128  17221.2  -14685.9  223.224  14344.9
561  128  2025-06-09 22-08-54  2129.6  17230.9  -14691.4  223.282  14353.4
562  128  2025-06-09 22-08-54  2131.2  17240.4  -14697.1  223.339  14362
563  128  2025-06-09 22-08-54  2132.8  17250  -14702.9  223.397  14370.6
564  128  2025-06-09 22-08-54  2134.4  17259.5  -14708.7  223.454  14379.4
565  128  2025-06-09 22-08-54  2136  17268.9  -14714.7  223.512  14388.2
566  128  2025-06-09 22-08-54  2137.6  17278.3  -14720.7  223.57  14397.1
567  128  2025-06-09 22-08-54  2139.2  17287.6  -14726.9  223.627  14406
568  128  2025-06-09 22-08-54  2140.8  17296.9  -14733.1  223.685  14415.1
569  128  2025-06-09 22-08-54  2142.4  17306.1  -14739.3  223.598  14414.5
570  128  2025-06-09 22-08-54  2144  17315.4  -14745.5  223.512  14414
571  128  2025-06-09 22-08-54  2145.6  17324.6  -14751.7  223.426  14413.4
572  128  2025-06-09 22-08-54  2147.2  17333.9  -14757.9  223.339  14412.8
573  128  2025-06-09 22-08-54  2148.8  17343.1  -14764.1  223.253  14412.1
574  128  2025-06-09 22-08-54  2150.4  17352.4  -14770.3  223.167  14411.5
575  128  2025-06-09 22-08-54  2152  17361.6  -14776.5  223.224  14410.8
576  128  2025-06-09 22-08-54  2153.6  17370.9  -14782.6  223.282  14410.2
577  128  2025-06-09 22-08-54  2155.2  17380.2  -14788.7  223.339  14403
578  128  2025-06-09 22-08-54  2156.8  17389.6  -14794.7  223.397  14395.8
579  128  2025-06-09 22-08-54  2158.4  17399  -14800.7  223.454  14388.5
580  128  2025-06-09 22-08-54  2160  17408.5  -14806.6  223.512  14381.1
581  128  2025-06-09 22-08-54  2161.6  17418  -14812.4  223.57  14373.6
582  128  2025-06-09 22-08-54  2163.2  17427.6  -14818.1  223.627  14366.1
583  128  2025-06-09 22-08-54  2164.8  17437.2  -14823.8  223.685  14358.4
584  128  2025-06-09 22-08-54  2166.4  17446.9  -14829.3  223.742  14350.7
585  128  2025-06-09 22-08-54  2168  17456.6  -14834.8  223.8  14342.9
586  128  2025-06-09 22-08-54  2169.6  17466.4  -14840.2  223.857  14335.1
587  128  2025-06-09 22-08-54  2171.2  17476.3  -14845.6  223.915  14327.1
588  128  2025-06-09 22-08-54  2172.8  17486.2  -14850.8  223.972  14319.1
589  128  2025-06-09 22-08-54  2174.4  17496.1  -14856  224.03  14311
590  128  2025-06-09 22-08-54  2176  17506.1  -14861.1  224.088  14302.8
591  128  2025-06-09 22-08-54  2177.6  17516.2  -14866  224.145  14294.5
592  128  2025-06-09 22-08-54  2179.2  17526.2  -14870.9  224.203  14286.1
593  128  2025-06-09 22-08-54  2180.8  17536.4  -14875.7  224.26  14277.7
594  128  2025-06-09 22-08-54  2182.4  17546.6  -14880.5  224.318  14269.2
595  128  2025-06-09 22-08-54  2184  17556.7  -14885.3  224.375  14278.4
596  128  2025-06-09 22-08-54  2185.6  17566.9  -14890  224.433  14269.9
597  128  2025-06-09 22-08-54  2187.2  17577.1  -14894.8  224.49  14279.1
598  128  2025-06-09 22-08-54  2188.8  17587.3  -14899.6  224.548  14270.6
599  128  2025-06-09 22-08-54  2190.4  17597.5  -14904.4  224.606  14279.8
600  128  2025-06-09 22-08-54  2192  17607.7  -14909.2  224.663  14271.4
601  128  2025-06-09 22-08-54  2193.6  17617.9  -14913.8  224.721  14262.8
602  128  2025-06-09 22-08-54  2195.2  17628.2  -14918.6  224.778  14272
603  128  2025-06-09 22-08-54  2196.8  17638.4  -14923.3  224.836  14263.4
604  128  2025-06-09 22-08-54  2198.4  17648.7  -14928.1  224.893  14272.6
605  128  2025-06-09 22-08-54  2200  17658.9  -14932.7  224.951  14264.1
606  128  2025-06-09 22-08-54  2201.6  17669.2  -14937.5  225.008  14273.3
607  128  2025-06-09 22-08-54  2203.2  17679.5  -14942.2  225.066  14264.8
608  128  2025-06-09 22-08-54  2204.8  17689.7  -14947  225.124  14274
609  128  2025-06-09 22-08-54  2206.4  17700  -14951.7  225.181  14265.5
610  128  2025-06-09 22-08-54  2208  17710.2  -14956.6  225.239  14274.7
611  128  2025-06-09 22-08-54  2209.6  17720.5  -14961.3  225.296  14266.3
612  128  2025-06-09 22-08-54  2211.2  17730.8  -14966.1  225.354  14275.5
613  128  2025-06-09 22-08-54  2212.8  17741.1  -14970.9  225.411  14267
614  128  2025-06-09 22-08-54  2214.4  17751.4  -14975.7  225.469  14276.3
615  128  2025-06-09 22-08-54  2216  17761.7  -14980.5  225.526  14267.9
616  128  2025-06-09 22-08-54  2217.6  17771.9  -14985.3  225.584  14277.1
617  128  2025-06-09 22-08-54  2219.2  17782.3  -14990.1  225.642  14268.7
618  128  2025-06-09 22-08-54  2220.8  17792.6  -14994.7  225.699  14260.2
619  128  2025-06-09 22-08-54  2222.4  17802.9  -14999.5  225.757  14269.4
620  128  2025-06-09 22-08-54  2224  17813.3  -15004.2  225.814  14260.9
621  128  2025-06-09 22-08-54  2225.6  17823.6  -15009  225.872  14270.1
622  128  2025-06-09 22-08-54  2227.2  17834  -15013.7  225.929  14261.7
623  128  2025-06-09 22-08-54  2228.8  17844.4  -15018.5  225.987  14270.9
624  128  2025-06-09 22-08-54  2230.4  17854.7  -15023.2  226.044  14262.5
625  128  2025-06-09 22-08-54  2232  17865.1  -15028  226.102  14271.7
626  128  2025-06-09 22-08-54  2233.6  17875.5  -15032.8  226.16  14263.3
627  128  2025-06-09 22-08-54  2235.2  17885.8  -15037.6  226.217  14272.5
628  128  2025-06-09 22-08-54  2236.8  17896.2  -15042.3  226.275  14264.1
629  128  2025-06-09 22-08-54  2238.4  17906.6  -15047.2  226.332  14273.4
630  128  2025-06-09 22-08-54  2240  17917  -15051.9  226.39  14265
631  128  2025-06-09 22-08-54  2241.6  17927.3  -15056.8  226.447  14274.3
632  128  2025-06-09 22-08-54  2243.2  17937.8  -15061.6  226.505  14265.9
633  128  2025-06-09 22-08-54  2244.8  17948.2  -15066.2  226.562  14257.5
634  128  2025-06-09 22-08-54  2246.4  17958.6  -15071  226.62  14266.7
635  128  2025-06-09 22-08-54  2248  17969.1  -15075.7  226.678  14258.2
636  128  2025-06-09 22-08-54  2249.6  17979.5  -15080.5  226.735  14267.5
637  128  2025-06-09 22-08-54  2251.2  17990  -15085.2  226.793  14259.1
638  128  2025-06-09 22-08-54  2252.8  18000.4  -15090  226.85  14268.3
639  128  2025-06-09 22-08-54  2254.4  18010.9  -15094.8  226.908  14259.9
640  128  2025-06-09 22-08-54  2256  18021.3  -15099.6  226.965  14269.2
641  128  2025-06-09 22-08-54  2257.6  18031.8  -15104.3  227.023  14260.8
642  128  2025-06-09 22-08-54  2259.2  18042.3  -15109.2  227.08  14270.1
643  128  2025-06-09 22-08-54  2260.8  18052.7  -15113.9  227.138  14261.7
644  128  2025-06-09 22-08-54  2262.4  18063.2  -15118.8  227.196  14271
645  128  2025-06-09 22-08-54  2264  18073.7  -15123.5  227.253  14262.6
646  128  2025-06-09 22-08-54  2265.6  18084.2  -15128.2  227.311  14254.2
647  128  2025-06-09 22-08-54  2267.2  18094.7  -15133  227.368  14263.4
648  128  2025-06-09 22-08-54  2268.8  18105.3  -15137.7  227.426  14255
649  128  2025-06-09 22-08-54  2270.4  18115.8  -15142.4  227.483  14264.3
650  128  2025-06-09 22-08-54  2272  18126.3  -15147.1  227.541  14255.9
651  128  2025-06-09 22-08-54  2273.6  18136.9  -15152  227.598  14265.1
652  128  2025-06-09 22-08-54  2275.2  18147.4  -15156.7  227.656  14256.7
653  128  2025-06-09 22-08-54  2276.8  18157.9  -15161.5  227.714  14266
654  128  2025-06-09 22-08-54  2278.4  18168.5  -15166.2  227.771  14257.6
655  128  2025-06-09 22-08-54  2280  18179  -15171.1  227.829  14267
656  128  2025-06-09 22-08-54  2281.6  18189.6  -15175.8  227.886  14258.6
657  128  2025-06-09 22-08-54  2283.2  18200.1  -15180.6  227.944  14267.9
658  128  2025-06-09 22-08-54  2284.8  18210.7  -15185.4  228.001  14259.6
659  128  2025-06-09 22-08-54  2286.4  18221.3  -15190.1  228.059  14251.1
660  128  2025-06-09 22-08-54  2288  18231.9  -15194.8  228.116  14260.4
661  128  2025-06-09 22-08-54  2289.6  18242.6  -15199.5  228.174  14252
662  128  2025-06-09 22-08-54  2291.2  18253.1  -15204.3  228.232  14261.3
663  128  2025-06-09 22-08-54  2292.8  18263.8  -15209  228.289  14252.9
664  128  2025-06-09 22-08-54  2294.4  18274.4  -15213.8  228.347  14262.2
665  128  2025-06-09 22-08-54  2296  18285  -15218.5  228.404  14253.8
666  128  2025-06-09 22-08-54  2297.6  18295.6  -15223.3  228.462  14263.1
667  128  2025-06-09 22-08-54  2299.2  18306.3  -15228.1  228.519  14254.7
668  128  2025-06-09 22-08-54  2300.8  18316.9  -15232.9  228.577  14264
669  128  2025-06-09 22-08-54  2302.4  18327.5  -15237.6  228.634  14255.7
670  128  2025-06-09 22-08-54  2304  18338.2  -15242.5  228.692  14265
671  128  2025-06-09 22-08-54  2305.6  18348.8  -15247.2  228.75  14256.7
672  128  2025-06-09 22-08-54  2307.2  18359.5  -15251.9  228.807  14248.3
673  128  2025-06-09 22-08-54  2308.8  18370.2  -15256.7  228.865  14257.6
674  128  2025-06-09 22-08-54  2310.4  18380.9  -15261.4  228.922  14249.2
675  128  2025-06-09 22-08-54  2312  18391.6  -15266.1  228.98  14258.5
676  128  2025-06-09 22-08-54  2313.6  18402.3  -15270.8  229.037  14250.1
677  128  2025-06-09 22-08-54  2315.2  18413  -15275.6  229.095  14259.4
678  128  2025-06-09 22-08-54  2316.8  18423.7  -15280.3  229.152  14251
679  128  2025-06-09 22-08-54  2318.4  18434.4  -15285.2  229.21  14260.4
680  128  2025-06-09 22-08-54  2320  18445.1  -15289.9  229.268  14252
681  128  2025-06-09 22-08-54  2321.6  18455.8  -15294.7  229.325  14261.3
682  128  2025-06-09 22-08-54  2323.2  18466.6  -15299.5  229.383  14253
683  128  2025-06-09 22-08-54  2324.8  18477.3  -15304.3  229.44  14262.4
684  128  2025-06-09 22-08-54  2326.4  18488  -15309.1  229.498  14254
685  128  2025-06-09 22-08-54  2328  18498.8  -15313.7  229.555  14245.6
686  128  2025-06-09 22-08-54  2329.6  18509.5  -15318.5  229.613  14254.9
687  128  2025-06-09 22-08-54  2331.2  18520.3  -15323.2  229.671  14246.6
688  128  2025-06-09 22-08-54  2332.8  18531.1  -15328  229.728  14255.9
689  128  2025-06-09 22-08-54  2334.4  18541.9  -15332.6  229.786  14247.5
690  128  2025-06-09 22-08-54  2336  18552.7  -15337.4  229.843  14256.8
691  128  2025-06-09 22-08-54  2337.6  18563.5  -15342.2  229.901  14248.5
692  128  2025-06-09 22-08-54  2339.2  18574.2  -15347  229.958  14257.8
693  128  2025-06-09 22-08-54  2340.8  18585.1  -15351.7  230.016  14249.5
694  128  2025-06-09 22-08-54  2342.4  18595.8  -15356.5  230.073  14258.8
695  128  2025-06-09 22-08-54  2344  18606.7  -15361.3  230.131  14250.5
696  128  2025-06-09 22-08-54  2345.6  18617.4  -15366.1  230.189  14259.9
697  128  2025-06-09 22-08-54  2347.2  18628.3  -15370.9  230.246  14251.6
698  128  2025-06-09 22-08-54  2348.8  18639.1  -15375.5  230.304  14243.2
699  128  2025-06-09 22-08-54  2350.4  18650  -15380.3  230.361  14252.5
700  128  2025-06-09 22-08-54  2352  18660.8  -15385  230.419  14244.2
701  128  2025-06-09 22-08-54  2353.6  18671.7  -15389.8  230.476  14253.5
702  128  2025-06-09 22-08-54  2355.2  18682.6  -15394.5  230.534  14245.1
703  128  2025-06-09 22-08-54  2356.8  18693.4  -15399.3  230.591  14254.5
704  128  2025-06-09 22-08-54  2358.4  18704.3  -15404  230.649  14246.1
705  128  2025-06-09 22-08-54  2360  18715.1  -15408.8  230.707  14255.5
706  128  2025-06-09 22-08-54  2361.6  18726  -15413.5  230.764  14247.2
707  128  2025-06-09 22-08-54  2363.2  18736.9  -15418.4  230.822  14256.6
708  128  2025-06-09 22-08-54  2364.8  18747.8  -15423.1  230.879  14248.3
709  128  2025-06-09 22-08-54  2366.4  18758.6  -15428  230.937  14257.6
710  128  2025-06-09 22-08-54  2368  18769.5  -15432.7  230.994  14249.4
711  128  2025-06-09 22-08-54  2369.6  18780.5  -15437.4  231.052  14241
712  128  2025-06-09 22-08-54  2371.2  18791.4  -15442.2  231.109  14250.3
713  128  2025-06-09 22-08-54  2372.8  18802.4  -15446.9  231.167  14242
714  128  2025-06-09 22-08-54  2374.4  18813.3  -15451.7  231.225  14251.3
715  128  2025-06-09 22-08-54  2376  18824.3  -15456.4  231.282  14243
716  128  2025-06-09 22-08-54  2377.6  18835.2  -15461.2  231.34  14252.3
717  128  2025-06-09 22-08-54  2379.2  18846.1  -15465.9  231.397  14244
718  128  2025-06-09 22-08-54  2380.8  18857.1  -15470.7  231.455  14253.4
719  128  2025-06-09 22-08-54  2382.4  18868  -15475.4  231.512  14245.1
720  128  2025-06-09 22-08-54  2384  18879  -15480.3  231.57  14254.5
721  128  2025-06-09 22-08-54  2385.6  18890  -15485  231.627  14246.2
722  128  2025-06-09 22-08-54  2387.2  18901  -15489.7  231.685  14237.8
723  128  2025-06-09 22-08-54  2388.8  18912  -15494.4  231.743  14247.2
724  128  2025-06-09 22-08-54  2390.4  18923  -15499.1  231.8  14238.8
725  128  2025-06-09 22-08-54  2392  18934  -15503.9  231.858  14248.1
726  128  2025-06-09 22-08-54  2393.6  18945  -15508.6  231.915  14239.8
727  128  2025-06-09 22-08-54  2395.2  18956  -15513.4  231.973  14249.2
728  128  2025-06-09 22-08-54  2396.8  18967.1  -15518.1  232.03  14240.8
729  128  2025-06-09 22-08-54  2398.4  18978.1  -15522.9  232.088  14250.2
730  128  2025-06-09 22-08-54  2400  18989.1  -15527.6  232.145  14241.9
731  128  2025-06-09 22-08-54  2401.6  19000.1  -15532.4  232.203  14251.3
732  128  2025-06-09 22-08-54  2403.2  19011.2  -15537.2  232.261  14243
733  128  2025-06-09 22-08-54  2404.8  19022.2  -15542  232.318  14252.4
734  128  2025-06-09 22-08-54  2406.4  19033.3  -15546.8  232.376  14244.2
735  128  2025-06-09 22-08-54  2408  19044.4  -15551.4  232.433  14235.8
736  128  2025-06-09 22-08-54  2409.6  19055.4  -15556.2  232.491  14245.2
737  128  2025-06-09 22-08-54  2411.2  19066.5  -15560.9  232.548  14236.8
738  128  2025-06-09 22-08-54  2412.8  19077.6  -15565.7  232.606  14246.2
739  128  2025-06-09 22-08-54  2414.4  19088.7  -15570.3  232.663  14237.9
740  128  2025-06-09 22-08-54  2416  19099.8  -15575.2  232.721  14247.2
741  128  2025-06-09 22-08-54  2417.6  19110.9  -15579.9  232.779  14238.9
742  128  2025-06-09 22-08-54  2419.2  19122  -15584.7  232.836  14248.3
743  128  2025-06-09 22-08-54  2420.8  19133.1  -15589.4  232.894  14240
744  128  2025-06-09 22-08-54  2422.4  19144.2  -15594.2  232.951  14249.4
745  128  2025-06-09 22-08-54  2424  19155.4  -15599  233.009  14241.2
746  128  2025-06-09 22-08-54  2425.6  19166.5  -15603.6  233.066  14232.8
747  128  2025-06-09 22-08-54  2427.2  19177.7  -15608.4  233.124  14242.2
748  128  2025-06-09 22-08-54  2428.8  19188.9  -15613  233.181  14233.8
749  128  2025-06-09 22-08-54  2430.4  19200  -15617.8  233.239  14243.2
750  128  2025-06-09 22-08-54  2432  19211.2  -15622.5  233.297  14234.9
751  128  2025-06-09 22-08-54  2433.6  19222.3  -15627.3  233.354  14244.2
752  128  2025-06-09 22-08-54  2435.2  19233.5  -15632  233.412  14235.9
753  128  2025-06-09 22-08-54  2436.8  19244.7  -15636.8  233.469  14245.3
754  128  2025-06-09 22-08-54  2438.4  19255.9  -15641.5  233.527  14237
755  128  2025-06-09 22-08-54  2440  19267.1  -15646.3  233.584  14246.4
756  128  2025-06-09 22-08-54  2441.6  19278.3  -15651.1  233.642  14238.2
757  128  2025-06-09 22-08-54  2443.2  19289.5  -15655.7  233.699  14229.8
758  128  2025-06-09 22-08-54  2444.8  19300.7  -15660.5  233.757  14239.2
759  128  2025-06-09 22-08-54  2446.4  19312  -15665.1  233.815  14230.8
760  128  2025-06-09 22-08-54  2448  19323.2  -15669.9  233.872  14240.2
761  128  2025-06-09 22-08-54  2449.6  19334.5  -15674.5  233.93  14231.9
762  128  2025-06-09 22-08-54  2451.2  19345.7  -15679.3  233.987  14241.2
763  128  2025-06-09 22-08-54  2452.8  19357  -15684  234.045  14232.9
764  128  2025-06-09 22-08-54  2454.4  19368.2  -15688.8  234.102  14242.3
765  128  2025-06-09 22-08-54  2456  19379.5  -15693.5  234.16  14234
766  128  2025-06-09 22-08-54  2457.6  19390.7  -15698.3  234.217  14243.5
767  128  2025-06-09 22-08-54  2459.2  19402  -15703  234.275  14235.2
768  128  2025-06-09 22-08-54  2460.8  19413.2  -15707.9  234.333  14244.6
769  128  2025-06-09 22-08-54  2462.4  19424.5  -15712.6  234.39  14236.4
770  128  2025-06-09 22-08-54  2464  19435.8  -15717.2  234.448  14228
771  128  2025-06-09 22-08-54  2465.6  19447.1  -15722  234.505  14237.4
772  128  2025-06-09 22-08-54  2467.2  19458.5  -15726.6  234.563  14229.1
773  128  2025-06-09 22-08-54  2468.8  19469.8  -15731.4  234.62  14238.4
774  128  2025-06-09 22-08-54  2470.4  19481.1  -15736.1  234.678  14230.1
775  128  2025-06-09 22-08-54  2472  19492.4  -15740.9  234.735  14239.5
776  128  2025-06-09 22-08-54  2473.6  19503.8  -15745.6  234.793  14231.2
777  128  2025-06-09 22-08-54  2475.2  19515.1  -15750.4  234.851  14240.6
778  128  2025-06-09 22-08-54  2476.8  19526.4  -15755.1  234.908  14232.4
779  128  2025-06-09 22-08-54  2478.4  19537.7  -15759.9  234.966  14241.8
780  128  2025-06-09 22-08-54  2480  19549.1  -15764.6  235.023  14233.5
781  128  2025-06-09 22-08-54  2481.6  19560.5  -15769.3  235.081  14225.2
782  128  2025-06-09 22-08-54  2483.2  19571.8  -15774  235.138  14234.6
783  128  2025-06-09 22-08-54  2484.8  19583.3  -15778.7  235.196  14226.2
784  128  2025-06-09 22-08-54  2486.4  19594.6  -15783.4  235.253  14235.6
785  128  2025-06-09 22-08-54  2488  19606  -15788.1  235.311  14227.3
786  128  2025-06-09 22-08-54  2489.6  19617.4  -15792.9  235.369  14236.7
787  128  2025-06-09 22-08-54  2491.2  19628.8  -15797.5  235.426  14228.4
788  128  2025-06-09 22-08-54  2492.8  19640.2  -15802.3  235.484  14237.8
789  128  2025-06-09 22-08-54  2494.4  19651.6  -15807  235.541  14229.6
790  128  2025-06-09 22-08-54  2496  19663  -15811.8  235.599  14239
791  128  2025-06-09 22-08-54  2497.6  19674.5  -15816.6  235.656  14230.7
792  128  2025-06-09 22-08-54  2499.2  19685.8  -15821.4  235.714  14240.2
793  128  2025-06-09 22-08-54  2500.8  19697.3  -15826.1  235.771  14231.9
794  128  2025-06-09 22-08-54  2502.4  19708.8  -15830.8  235.829  14223.6
795  128  2025-06-09 22-08-54  2504  19720.2  -15835.5  235.887  14233
796  128  2025-06-09 22-08-54  2505.6  19731.7  -15840.2  235.944  14224.7
797  128  2025-06-09 22-08-54  2507.2  19743.1  -15844.9  236.002  14234.1
798  128  2025-06-09 22-08-54  2508.8  19754.6  -15849.6  236.059  14225.8
799  128  2025-06-09 22-08-54  2510.4  19766.1  -15854.4  236.117  14235.2
800  128  2025-06-09 22-08-54  2512  19777.6  -15859.1  236.174  14226.9
801  128  2025-06-09 22-08-54  2513.6  19789  -15863.9  236.232  14236.3
802  128  2025-06-09 22-08-54  2515.2  19800.5  -15868.6  236.289  14228.1
803  128  2025-06-09 22-08-54  2516.8  19812  -15873.4  236.347  14237.5
804  128  2025-06-09 22-08-54  2518.4  19823.5  -15878.2  236.405  14229.3
805  128  2025-06-09 22-08-54  2520  19835.1  -15882.8  236.462  14221
806  128  2025-06-09 22-08-54  2521.6  19846.6  -15887.5  236.52  14230.3
807  128  2025-06-09 22-08-54  2523.2  19858.1  -15892.2  236.577  14222
808  128  2025-06-09 22-08-54  2524.8  19869.6  -15896.9  236.635  14231.4
809  128  2025-06-09 22-08-54  2526.4  19881.2  -15901.6  236.692  14223.1
810  128  2025-06-09 22-08-54  2528  19892.7  -15906.4  236.75  14232.5
811  128  2025-06-09 22-08-54  2529.6  19904.3  -15911  236.807  14224.3
812  128  2025-06-09 22-08-54  2531.2  19915.8  -15915.8  236.865  14233.7
813  128  2025-06-09 22-08-54  2532.8  19927.4  -15920.5  236.923  14225.4
814  128  2025-06-09 22-08-54  2534.4  19938.9  -15925.4  236.98  14234.9
815  128  2025-06-09 22-08-54  2536  19950.5  -15930.1  237.038  14226.6
816  128  2025-06-09 22-08-54  2537.6  19962.1  -15934.7  237.095  14218.3
817  128  2025-06-09 22-08-54  2539.2  19973.7  -15939.4  237.153  14227.7
818  128  2025-06-09 22-08-54  2540.8  19985.4  -15944.1  237.21  14219.4
819  128  2025-06-09 22-08-54  2542.4  19997  -15948.8  237.268  14228.8
820  128  2025-06-09 22-08-54  2544  20008.6  -15953.5  237.325  14220.5
821  128  2025-06-09 22-08-54  2545.6  20020.2  -15958.2  237.383  14229.9
822  128  2025-06-09 22-08-54  2547.2  20031.8  -15962.9  237.441  14221.6
823  128  2025-06-09 22-08-54  2548.8  20043.4  -15967.7  237.498  14231.1
824  128  2025-06-09 22-08-54  2550.4  20055.1  -15972.4  237.556  14222.8
825  128  2025-06-09 22-08-54  2552  20066.7  -15977.2  237.613  14232.2
826  128  2025-06-09 22-08-54  2553.6  20078.3  -15981.9  237.671  14224
827  128  2025-06-09 22-08-54  2555.2  20090  -15986.5  237.728  14215.7
828  128  2025-06-09 22-08-54  2556.8  20101.7  -15991.2  237.786  14225.1
829  128  2025-06-09 22-08-54  2558.4  20113.4  -15995.9  237.843  14216.8
830  128  2025-06-09 22-08-54  2560  20125.1  -16000.6  237.901  14226.1
831  128  2025-06-09 22-08-54  2561.6  20136.8  -16005.2  237.959  14217.9
832  128  2025-06-09 22-08-54  2563.2  20148.4  -16010  238.016  14227.3
833  128  2025-06-09 22-08-54  2564.8  20160.2  -16014.7  238.074  14219
834  128  2025-06-09 22-08-54  2566.4  20171.8  -16019.4  238.131  14228.4
835  128  2025-06-09 22-08-54  2568  20183.5  -16024.1  238.189  14220.2
836  128  2025-06-09 22-08-54  2569.6  20195.2  -16028.9  238.246  14229.6
837  128  2025-06-09 22-08-54  2571.2  20206.9  -16033.6  238.304  14221.4
838  128  2025-06-09 22-08-54  2572.8  20218.6  -16038.4  238.361  14230.8
839  128  2025-06-09 22-08-54  2574.4  20230.4  -16043.2  238.419  14222.6
840  128  2025-06-09 22-08-54  2576  20242.1  -16047.8  238.477  14214.3
841  128  2025-06-09 22-08-54  2577.6  20253.9  -16052.5  238.534  14223.7
842  128  2025-06-09 22-08-54  2579.2  20265.6  -16057.1  238.592  14215.4
843  128  2025-06-09 22-08-54  2580.8  20277.4  -16061.9  238.649  14224.8
844  128  2025-06-09 22-08-54  2582.4  20289.2  -16066.5  238.707  14216.5
845  128  2025-06-09 22-08-54  2584  20300.9  -16071.3  238.764  14226
846  128  2025-06-09 22-08-54  2585.6  20312.7  -16076  238.822  14217.7
847  128  2025-06-09 22-08-54  2587.2  20324.5  -16080.8  238.879  14227.1
848  128  2025-06-09 22-08-54  2588.8  20336.2  -16085.5  238.937  14218.9
849  128  2025-06-09 22-08-54  2590.4  20348  -16090.3  238.995  14228.4
850  128  2025-06-09 22-08-54  2592  20359.8  -16095  239.052  14220.1
851  128  2025-06-09 22-08-54  2593.6  20371.6  -16099.6  239.11  14211.8
852  128  2025-06-09 22-08-54  2595.2  20383.5  -16104.3  239.167  14221.2
853  128  2025-06-09 22-08-54  2596.8  20395.3  -16108.9  239.225  14212.9
854  128  2025-06-09 22-08-54  2598.4  20407.1  -16113.7  239.282  14222.3
855  128  2025-06-09 22-08-54  2600  20419  -16118.3  239.34  14214.1
856  128  2025-06-09 22-08-54  2601.6  20430.8  -16123.1  239.397  14223.5
857  128  2025-06-09 22-08-54  2603.2  20442.6  -16127.8  239.455  14215.2
858  128  2025-06-09 22-08-54  2604.8  20454.5  -16132.5  239.513  14224.7
859  128  2025-06-09 22-08-54  2606.4  20466.3  -16137.2  239.57  14216.4
860  128  2025-06-09 22-08-54  2608  20478.2  -16142  239.628  14225.9
861  128  2025-06-09 22-08-54  2609.6  20490  -16146.7  239.685  14217.7
862  128  2025-06-09 22-08-54  2611.2  20501.9  -16151.3  239.743  14209.4
863  128  2025-06-09 22-08-54  2612.8  20513.8  -16156.1  239.8  14218.8
864  128  2025-06-09 22-08-54  2614.4  20525.8  -16160.7  239.858  14210.5
865  128  2025-06-09 22-08-54  2616  20537.6  -16165.4  239.915  14219.9
866  128  2025-06-09 22-08-54  2617.6  20549.6  -16170  239.973  14211.6
867  128  2025-06-09 22-08-54  2619.2  20561.4  -16174.8  240.031  14221
868  128  2025-06-09 22-08-54  2620.8  20573.4  -16179.4  240.088  14212.8
869  128  2025-06-09 22-08-54  2622.4  20585.3  -16184.2  240.146  14222.2
870  128  2025-06-09 22-08-54  2624  20597.2  -16188.9  240.203  14214
871  128  2025-06-09 22-08-54  2625.6  20609.1  -16193.7  240.261  14223.4
872  128  2025-06-09 22-08-54  2627.2  20621  -16198.4  240.318  14215.2
873  128  2025-06-09 22-08-54  2628.8  20633  -16203  240.376  14206.9
874  128  2025-06-09 22-08-54  2630.4  20645  -16207.7  240.434  14216.3
875  128  2025-06-09 22-08-54  2632  20657  -16212.3  240.491  14208
876  128  2025-06-09 22-08-54  2633.6  20668.9  -16217  240.549  14217.4
877  128  2025-06-09 22-08-54  2635.2  20680.9  -16221.6  240.606  14209.1
878  128  2025-06-09 22-08-54  2636.8  20692.9  -16226.4  240.664  14218.6
879  128  2025-06-09 22-08-54  2638.4  20704.9  -16231  240.721  14210.3
880  128  2025-06-09 22-08-54  2640  20716.9  -16235.8  240.779  14219.7
881  128  2025-06-09 22-08-54  2641.6  20728.9  -16240.5  240.836  14211.5
882  128  2025-06-09 22-08-54  2643.2  20740.8  -16245.3  240.894  14221
883  128  2025-06-09 22-08-54  2644.8  20752.9  -16249.9  240.952  14212.7
884  128  2025-06-09 22-08-54  2646.4  20764.9  -16254.5  241.009  14204.4
885  128  2025-06-09 22-08-54  2648  20776.9  -16259.2  241.067  14213.8
886  128  2025-06-09 22-08-54  2649.6  20789  -16263.8  241.124  14205.5
887  128  2025-06-09 22-08-54  2651.2  20801  -16268.5  241.182  14214.9
888  128  2025-06-09 22-08-54  2652.8  20813.1  -16273.1  241.239  14206.7
889  128  2025-06-09 22-08-54  2654.4  20825.1  -16277.9  241.297  14216.1
890  128  2025-06-09 22-08-54  2656  20837.2  -16282.5  241.354  14207.8
891  128  2025-06-09 22-08-54  2657.6  20849.2  -16287.3  241.412  14217.3
892  128  2025-06-09 22-08-54  2659.2  20861.3  -16291.9  241.47  14209
893  128  2025-06-09 22-08-54  2660.8  20873.4  -16296.7  241.527  14218.5
894  128  2025-06-09 22-08-54  2662.4  20885.4  -16301.4  241.585  14210.3
895  128  2025-06-09 22-08-54  2664  20897.6  -16306  241.642  14202
896  128  2025-06-09 22-08-54  2665.6  20909.7  -16310.6  241.7  14211.4
897  128  2025-06-09 22-08-54  2667.2  20921.8  -16315.2  241.757  14203.1
898  128  2025-06-09 22-08-54  2668.8  20933.9  -16319.9  241.815  14212.5
899  128  2025-06-09 22-08-54  2670.4  20946.1  -16324.5  241.872  14204.2
900  128  2025-06-09 22-08-54  2672  20958.2  -16329.3  241.93  14213.6
901  128  2025-06-09 22-08-54  2673.6  20970.3  -16333.9  241.988  14205.4
902  128  2025-06-09 22-08-54  2675.2  20982.4  -16338.6  242.045  14214.8
903  128  2025-06-09 22-08-54  2676.8  20994.6  -16343.3  242.103  14206.6
904  128  2025-06-09 22-08-54  2678.4  21006.7  -16348.1  242.16  14216
905  128  2025-06-09 22-08-54  2680  21018.8  -16352.7  242.218  14207.8
906  128  2025-06-09 22-08-54  2681.6  21031  -16357.3  242.275  14199.5
907  128  2025-06-09 22-08-54  2683.2  21043.2  -16362  242.333  14208.9
908  128  2025-06-09 22-08-54  2684.8  21055.4  -16366.5  242.39  14200.6
909  128  2025-06-09 22-08-54  2686.4  21067.6  -16371.2  242.448  14210
910  128  2025-06-09 22-08-54  2688  21079.8  -16375.8  242.506  14201.7
911  128  2025-06-09 22-08-54  2689.6  21092  -16380.6  242.563  14211.2
912  128  2025-06-09 22-08-54  2691.2  21104.2  -16385.2  242.621  14202.9
913  128  2025-06-09 22-08-54  2692.8  21116.4  -16389.9  242.678  14212.4
914  128  2025-06-09 22-08-54  2694.4  21128.6  -16394.5  242.736  14204.1
915  128  2025-06-09 22-08-54  2696  21140.8  -16399.3  242.793  14213.6
916  128  2025-06-09 22-08-54  2697.6  21153  -16404  242.851  14205.3
917  128  2025-06-09 22-08-54  2699.2  21165.3  -16408.5  242.908  14197
918  128  2025-06-09 22-08-54  2700.8  21177.5  -16413.2  242.966  14206.4
919  128  2025-06-09 22-08-54  2702.4  21189.8  -16417.7  243.024  14198.1
920  128  2025-06-09 22-08-54  2704  21202  -16422.4  243.081  14207.6
921  128  2025-06-09 22-08-54  2705.6  21214.3  -16427  243.139  14199.3
922  128  2025-06-09 22-08-54  2707.2  21226.6  -16431.7  243.196  14208.7
923  128  2025-06-09 22-08-54  2708.8  21238.9  -16436.3  243.254  14200.4
924  128  2025-06-09 22-08-54  2710.4  21251.1  -16441.1  243.311  14209.9
925  128  2025-06-09 22-08-54  2712  21263.4  -16445.7  243.369  14201.6
926  128  2025-06-09 22-08-54  2713.6  21275.7  -16450.4  243.426  14211.1
927  128  2025-06-09 22-08-54  2715.2  21288  -16455.1  243.484  14202.9
928  128  2025-06-09 22-08-54  2716.8  21300.3  -16459.6  243.542  14194.6
929  128  2025-06-09 22-08-54  2718.4  21312.6  -16464.3  243.599  14204
930  128  2025-06-09 22-08-54  2720  21325  -16468.8  243.657  14195.7
931  128  2025-06-09 22-08-54  2721.6  21337.3  -16473.5  243.714  14205.1
932  128  2025-06-09 22-08-54  2723.2  21349.6  -16478.1  243.772  14196.8
933  128  2025-06-09 22-08-54  2724.8  21361.9  -16482.8  243.829  14206.2
934  128  2025-06-09 22-08-54  2726.4  21374.3  -16487.4  243.887  14198
935  128  2025-06-09 22-08-54  2728  21386.6  -16492.1  243.944  14207.4
936  128  2025-06-09 22-08-54  2729.6  21399  -16496.7  244.002  14199.2
937  128  2025-06-09 22-08-54  2731.2  21411.3  -16501.4  244.06  14208.6
938  128  2025-06-09 22-08-54  2732.8  21423.7  -16506.1  244.117  14200.4
939  128  2025-06-09 22-08-54  2734.4  21436  -16510.8  244.175  14209.9
940  128  2025-06-09 22-08-54  2736  21448.4  -16515.5  244.232  14201.7
941  128  2025-06-09 22-08-54  2737.6  21460.8  -16520  244.29  14193.4
942  128  2025-06-09 22-08-54  2739.2  21473.2  -16524.7  244.347  14202.8
943  128  2025-06-09 22-08-54  2740.8  21485.6  -16529.3  244.405  14194.5
944  128  2025-06-09 22-08-54  2742.4  21498  -16534  244.462  14204
945  128  2025-06-09 22-08-54  2744  21510.5  -16538.5  244.52  14195.7
946  128  2025-06-09 22-08-54  2745.6  21522.9  -16543.3  244.578  14205.1
947  128  2025-06-09 22-08-54  2747.2  21535.3  -16547.9  244.635  14196.9
948  128  2025-06-09 22-08-54  2748.8  21547.7  -16552.6  244.693  14206.4
949  128  2025-06-09 22-08-54  2750.4  21560.1  -16557.2  244.75  14198.1
950  128  2025-06-09 22-08-54  2752  21572.6  -16561.8  244.808  14194.7
951  128  2025-06-09 22-08-54  2753.6  21585.1  -16566.3  244.865  14191.2
952  128  2025-06-09 22-08-54  2755.2  21597.6  -16570.8  244.923  14187.7
953  128  2025-06-09 22-08-54  2756.8  21610.1  -16575.3  244.837  14184.1
954  128  2025-06-09 22-08-54  2758.4  21622.7  -16579.6  244.75  14180.5
955  128  2025-06-09 22-08-54  2760  21635.2  -16584  244.664  14176.9
956  128  2025-06-09 22-08-54  2761.6  21647.7  -16588.2  244.578  14173.3
957  128  2025-06-09 22-08-54  2763.2  21660.3  -16592.5  244.491  14169.6
958  128  2025-06-09 22-08-54  2764.8  21672.9  -16596.6  244.405  14165.9
959  128  2025-06-09 22-08-54  2766.4  21685.4  -16600.8  244.319  14162.1
960  128  2025-06-09 22-08-54  2768  21698  -16605  244.376  14168
961  128  2025-06-09 22-08-54  2769.6  21710.5  -16609.2  244.434  14174
962  128  2025-06-09 22-08-54  2771.2  21723  -16613.6  244.347  14180.1
963  128  2025-06-09 22-08-54  2772.8  21735.5  -16618.1  244.261  14186.2
964  128  2025-06-09 22-08-54  2774.4  21747.9  -16622.6  244.175  14192.4
965  128  2025-06-09 22-08-54  2776  21760.3  -16627.2  244.088  14198.6
966  128  2025-06-09 22-08-54  2777.6  21772.6  -16631.9  244.002  14204.9
967  128  2025-06-09 22-08-54  2779.2  21784.9  -16636.7  243.916  14211.3
968  128  2025-06-09 22-08-54  2780.8  21797.2  -16641.4  243.829  14206.4
969  128  2025-06-09 22-08-54  2782.4  21809.6  -16646  243.743  14201.5
970  128  2025-06-09 22-08-54  2784  21821.9  -16650.6  243.657  14196.5
971  128  2025-06-09 22-08-54  2785.6  21834.3  -16655  243.57  14191.5
972  128  2025-06-09 22-08-54  2787.2  21846.6  -16659.6  243.484  14197.7
973  128  2025-06-09 22-08-54  2788.8  21858.9  -16664.1  243.398  14192.7
974  128  2025-06-09 22-08-54  2790.4  21871.3  -16668.7  243.311  14199
975  128  2025-06-09 22-08-54  2792  21883.6  -16673.2  243.225  14194
976  128  2025-06-09 22-08-54  2793.6  21895.9  -16677.7  243.283  14192.2
977  128  2025-06-09 22-08-54  2795.2  21908.2  -16682.2  243.196  14190.3
978  128  2025-06-09 22-08-54  2796.8  21920.6  -16686.6  243.11  14188.5
979  128  2025-06-09 22-08-54  2798.4  21932.9  -16691  243.024  14186.6
980  128  2025-06-09 22-08-54  2800  21945.3  -16695.4  242.937  14184.8
981  128  2025-06-09 22-08-54  2801.6  21957.6  -16699.8  242.851  14182.9
982  128  2025-06-09 22-08-54  2803.2  21969.9  -16704.1  242.765  14181
983  128  2025-06-09 22-08-54  2804.8  21982.3  -16708.4  242.678  14179.1
984  128  2025-06-09 22-08-54  2806.4  21994.6  -16712.6  242.592  14177.1
985  128  2025-06-09 22-08-54  2808  22007  -16716.9  242.506  14175.2
986  128  2025-06-09 22-08-54  2809.6  22019.3  -16721.1  242.419  14173.2
987  128  2025-06-09 22-08-54  2811.2  22031.7  -16725.3  242.333  14171.2
988  128  2025-06-09 22-08-54  2812.8  22044  -16729.4  242.247  14169.2
989  128  2025-06-09 22-08-54  2814.4  22056.4  -16733.5  242.16  14167.2
990  128  2025-06-09 22-08-54  2816  22068.7  -16737.6  242.074  14165.2
991  128  2025-06-09 22-08-54  2817.6  22081  -16741.7  241.988  14163.1
992  128  2025-06-09 22-08-54  2819.2  22093.4  -16745.7  241.901  14161.1
993  128  2025-06-09 22-08-54  2820.8  22105.7  -16749.8  241.815  14168.7
994  128  2025-06-09 22-08-54  2822.4  22118  -16754.1  241.872  14176.4
995  128  2025-06-09 22-08-54  2824  22130.2  -16758.4  241.93  14184.1
996  128  2025-06-09 22-08-54  2825.6  22142.4  -16762.9  241.988  14192
997  128  2025-06-09 22-08-54  2827.2  22154.6  -16767.4  242.045  14199.9
998  128  2025-06-09 22-08-54  2828.8  22166.8  -16772.1  242.103  14208
999  128  2025-06-09 22-08-54  2830.4  22178.9  -16776.8  242.16  14216
1000  128  2025-06-09 22-08-54  14032  22191  -16781.7  242.218  14224.2
1001  128  2025-06-09 22-08-54  14033.6  22203.1  -16786.5  242.131  14217.9
1002  128  2025-06-09 22-08-54  14035.2  22215.2  -16791.2  242.189  14211.6
1003  128  2025-06-09 22-08-54  14036.8  22227.4  -16795.9  242.247  14205.2
1004  128  2025-06-09 22-08-54  14038.4  22239.6  -16800.4  242.304  14198.7
1005  128  2025-06-09 22-08-54  14040  22251.8  -16804.9  242.362  14192.1
1006  128  2025-06-09 22-08-54  14041.6  22264.1  -16809.3  242.275  14192
1007  128  2025-06-09 22-08-54  14043.2  22276.3  -16813.8  242.333  14191.9
1008  128  2025-06-09 22-08-54  14044.8  22288.6  -16818.2  242.39  14191.7
1009  128  2025-06-09 22-08-54  14046.4  22300.8  -16822.7  242.448  14191.6
1010  128  2025-06-09 22-08-54  14048  22313.1  -16827.2  242.506  14191.4
1011  128  2025-06-09 22-08-54  14049.6  22325.4  -16831.6  242.563  14191.3
1012  128  2025-06-09 22-08-54  14051.2  22337.6  -16836.2  242.477  14200.8
1013  128  2025-06-09 22-08-54  14052.8  22349.9  -16840.6  242.563  14184.8
1014  128  2025-06-09 22-08-54  14054.4  22362.3  -16844.7  242.649  14168.8
1015  128  2025-06-09 22-08-54  14056  22374.7  -16848.7  242.736  14152.8
1016  128  2025-06-09 22-08-54  14057.6  22387.3  -16852.4  242.822  14136.8
1017  128  2025-06-09 22-08-54  14059.2  22399.9  -16855.9  242.908  14120.8
1018  128  2025-06-09 22-08-54  14060.8  22412.6  -16859.2  242.995  14104.8
1019  128  2025-06-09 22-08-54  14062.4  22425.3  -16862.3  243.081  14088.8
1020  128  2025-06-09 22-08-54  14064  22438.1  -16865.3  243.167  14087.1
1021  128  2025-06-09 22-08-54  14065.6  22450.8  -16868.3  243.254  14085.3
1022  128  2025-06-09 22-08-54  14067.2  22463.6  -16871.3  243.34  14083.6
1023  128  2025-06-09 22-08-54  14068.8  22476.4  -16874.3  243.426  14081.8
1024  128  2025-06-09 22-08-54  14070.4  22489.2  -16877.3  243.513  14080.1
