SN    USVID    CurTime    simTime    CurX    CurY    CurVel      CurYaw   
0  192  2025-06-08 18-09-50  0  16040  -14512  192  2672
1  192  2025-06-08 18-09-50  1.6  16048  -14511.9  192.086  2656.56
2  192  2025-06-08 18-09-50  3.2  16056  -14511.6  192.173  2641.83
3  192  2025-06-08 18-09-50  4.8  16064  -14511.2  192.259  2627.78
4  192  2025-06-08 18-09-50  6.4  16072.1  -14510.7  192.345  2614.38
5  192  2025-06-08 18-09-50  8  16080.1  -14510.1  192.432  2601.61
6  192  2025-06-08 18-09-50  9.6  16088.1  -14509.4  192.518  2589.44
7  192  2025-06-08 18-09-50  11.2  16096.1  -14508.5  192.604  2577.84
8  192  2025-06-08 18-09-50  12.8  16104.1  -14507.6  192.691  2566.79
9  192  2025-06-08 18-09-50  14.4  16112.1  -14506.6  192.777  2556.26
10  192  2025-06-08 18-09-50  128  16120.2  -14505.5  192.863  2546.23
11  192  2025-06-08 18-09-50  129.6  16128.2  -14504.3  192.95  2536.68
12  192  2025-06-08 18-09-50  131.2  16136.2  -14503  193.036  2527.6
13  192  2025-06-08 18-09-50  132.8  16144.2  -14501.7  193.122  2518.95
14  192  2025-06-08 18-09-50  134.4  16152.2  -14500.3  193.209  2510.72
15  192  2025-06-08 18-09-50  136  16160.1  -14498.8  193.295  2502.89
16  192  2025-06-08 18-09-50  137.6  16168.1  -14497.2  193.381  2495.45
17  192  2025-06-08 18-09-50  139.2  16176.1  -14495.6  193.468  2488.38
18  192  2025-06-08 18-09-50  140.8  16184.1  -14493.9  193.554  2481.66
19  192  2025-06-08 18-09-50  142.4  16192.1  -14492.2  193.64  2475.28
20  192  2025-06-08 18-09-50  144  16200.1  -14490.4  193.727  2469.22
21  192  2025-06-08 18-09-50  145.6  16208  -14488.5  193.813  2463.47
22  192  2025-06-08 18-09-50  147.2  16216  -14486.6  193.899  2458.01
23  192  2025-06-08 18-09-50  148.8  16224  -14484.7  193.986  2452.84
24  192  2025-06-08 18-09-50  150.4  16231.9  -14482.7  194.072  2447.93
25  192  2025-06-08 18-09-50  152  16239.9  -14480.7  194.158  2443.29
26  192  2025-06-08 18-09-50  153.6  16247.8  -14478.6  194.245  2438.89
27  192  2025-06-08 18-09-50  155.2  16255.8  -14476.5  194.331  2434.73
28  192  2025-06-08 18-09-50  156.8  16263.8  -14474.4  194.417  2430.79
29  192  2025-06-08 18-09-50  158.4  16271.7  -14472.2  194.504  2427.06
30  192  2025-06-08 18-09-50  160  16279.7  -14470  194.59  2423.55
31  192  2025-06-08 18-09-50  161.6  16287.6  -14467.7  194.676  2420.23
32  192  2025-06-08 18-09-50  163.2  16295.6  -14465.5  194.763  2417.1
33  192  2025-06-08 18-09-50  164.8  16303.5  -14463.2  194.849  2414.15
34  192  2025-06-08 18-09-50  166.4  16311.5  -14460.8  194.935  2411.37
35  192  2025-06-08 18-09-50  168  16319.5  -14458.5  195.022  2408.75
36  192  2025-06-08 18-09-50  169.6  16327.4  -14456.1  195.108  2406.29
37  192  2025-06-08 18-09-50  171.2  16335.4  -14453.7  195.194  2403.98
38  192  2025-06-08 18-09-50  172.8  16343.4  -14451.3  195.281  2401.82
39  192  2025-06-08 18-09-50  174.4  16351.3  -14448.9  195.367  2399.79
40  192  2025-06-08 18-09-50  176  16359.3  -14446.4  195.453  2397.89
41  192  2025-06-08 18-09-50  177.6  16367.3  -14443.9  195.54  2396.12
42  192  2025-06-08 18-09-50  179.2  16375.3  -14441.4  195.626  2394.46
43  192  2025-06-08 18-09-50  180.8  16383.3  -14438.9  195.712  2392.92
44  192  2025-06-08 18-09-50  182.4  16391.3  -14436.4  195.799  2391.49
45  192  2025-06-08 18-09-50  184  16399.2  -14433.9  195.885  2390.16
46  192  2025-06-08 18-09-50  185.6  16407.2  -14431.3  195.971  2388.93
47  192  2025-06-08 18-09-50  187.2  16415.3  -14428.7  196.058  2387.79
48  192  2025-06-08 18-09-50  188.8  16423.3  -14426.2  196.144  2386.75
49  192  2025-06-08 18-09-50  190.4  16431.3  -14423.6  196.23  2385.79
50  192  2025-06-08 18-09-50  192  16439.3  -14421  196.317  2384.91
51  192  2025-06-08 18-09-50  193.6  16447.3  -14418.4  196.403  2384.11
52  192  2025-06-08 18-09-50  195.2  16455.4  -14415.8  196.489  2383.38
53  192  2025-06-08 18-09-50  196.8  16463.4  -14413.1  196.576  2382.72
54  192  2025-06-08 18-09-50  198.4  16471.4  -14410.5  196.662  2382.13
55  192  2025-06-08 18-09-50  200  16479.5  -14407.9  196.748  2381.61
56  192  2025-06-08 18-09-50  201.6  16487.6  -14405.2  196.835  2381.15
57  192  2025-06-08 18-09-50  203.2  16495.6  -14402.6  196.921  2380.74
58  192  2025-06-08 18-09-50  204.8  16503.7  -14399.9  197.007  2380.39
59  192  2025-06-08 18-09-50  206.4  16511.8  -14397.2  197.094  2380.09
60  192  2025-06-08 18-09-50  208  16519.9  -14394.6  197.18  2379.85
61  192  2025-06-08 18-09-50  209.6  16528  -14391.9  197.266  2379.65
62  192  2025-06-08 18-09-50  211.2  16536.1  -14389.2  197.353  2379.49
63  192  2025-06-08 18-09-50  212.8  16544.2  -14386.5  197.439  2379.38
64  192  2025-06-08 18-09-50  214.4  16552.3  -14383.8  197.525  2379.31
65  192  2025-06-08 18-09-50  216  16560.4  -14381.2  197.612  2379.28
66  192  2025-06-08 18-09-50  217.6  16568.6  -14378.5  197.698  2379.29
67  192  2025-06-08 18-09-50  219.2  16576.7  -14375.8  197.784  2379.33
68  192  2025-06-08 18-09-50  220.8  16584.9  -14373.1  197.871  2379.41
69  192  2025-06-08 18-09-50  222.4  16593  -14370.4  197.957  2379.51
70  192  2025-06-08 18-09-50  224  16601.2  -14367.7  198.043  2379.65
71  192  2025-06-08 18-09-50  225.6  16609.4  -14365  198.13  2379.81
72  192  2025-06-08 18-09-50  227.2  16617.6  -14362.3  198.216  2380.01
73  192  2025-06-08 18-09-50  228.8  16625.8  -14359.6  198.302  2380.22
74  192  2025-06-08 18-09-50  230.4  16634  -14356.9  198.389  2380.46
75  192  2025-06-08 18-09-50  232  16642.2  -14354.2  198.475  2380.73
76  192  2025-06-08 18-09-50  233.6  16650.4  -14351.5  198.561  2381.01
77  192  2025-06-08 18-09-50  235.2  16658.6  -14348.8  198.648  2381.32
78  192  2025-06-08 18-09-50  236.8  16666.9  -14346.1  198.734  2381.65
79  192  2025-06-08 18-09-50  238.4  16675.1  -14343.4  198.82  2381.99
80  192  2025-06-08 18-09-50  240  16683.4  -14340.7  198.907  2382.35
81  192  2025-06-08 18-09-50  241.6  16691.7  -14338  198.993  2382.73
82  192  2025-06-08 18-09-50  243.2  16699.9  -14335.3  199.079  2383.12
83  192  2025-06-08 18-09-50  244.8  16708.2  -14332.6  199.166  2383.52
84  192  2025-06-08 18-09-50  246.4  16716.5  -14329.9  199.252  2383.94
85  192  2025-06-08 18-09-50  248  16724.8  -14327.2  199.338  2384.38
86  192  2025-06-08 18-09-50  249.6  16733.2  -14324.5  199.425  2384.82
87  192  2025-06-08 18-09-50  251.2  16741.5  -14321.8  199.511  2385.27
88  192  2025-06-08 18-09-50  252.8  16749.8  -14319.1  199.597  2385.74
89  192  2025-06-08 18-09-50  254.4  16758.2  -14316.4  199.684  2386.22
90  192  2025-06-08 18-09-50  256  16766.5  -14313.7  199.77  2386.7
91  192  2025-06-08 18-09-50  257.6  16774.9  -14311.1  199.856  2387.19
92  192  2025-06-08 18-09-50  259.2  16783.3  -14308.4  199.943  2387.69
93  192  2025-06-08 18-09-50  260.8  16791.6  -14305.7  200.029  2388.2
94  192  2025-06-08 18-09-50  262.4  16800  -14303  200.115  2388.71
95  192  2025-06-08 18-09-50  264  16808.4  -14300.3  200.202  2389.23
96  192  2025-06-08 18-09-50  265.6  16816.9  -14297.7  200.288  2389.76
97  192  2025-06-08 18-09-50  267.2  16825.3  -14295  200.374  2390.29
98  192  2025-06-08 18-09-50  268.8  16833.7  -14292.3  200.461  2390.82
99  192  2025-06-08 18-09-50  270.4  16842.2  -14289.6  200.547  2391.36
100  192  2025-06-08 18-09-50  1392  16850.6  -14287  200.633  2391.91
101  192  2025-06-08 18-09-50  1393.6  16859.1  -14284.3  200.72  2392.46
102  192  2025-06-08 18-09-50  1395.2  16867.5  -14281.7  200.806  2393.01
103  192  2025-06-08 18-09-50  1396.8  16876  -14279  200.892  2393.56
104  192  2025-06-08 18-09-50  1398.4  16884.5  -14276.3  200.979  2394.12
105  192  2025-06-08 18-09-50  1400  16893  -14273.7  201.065  2394.67
106  192  2025-06-08 18-09-50  1401.6  16901.5  -14271  201.151  2395.24
107  192  2025-06-08 18-09-50  1403.2  16910.1  -14268.4  201.238  2395.8
108  192  2025-06-08 18-09-50  1404.8  16918.6  -14265.7  201.324  2396.36
109  192  2025-06-08 18-09-50  1406.4  16927.1  -14263.1  201.41  2396.92
110  192  2025-06-08 18-09-50  1408  16935.7  -14260.5  201.497  2397.49
111  192  2025-06-08 18-09-50  1409.6  16944.2  -14257.8  201.583  2398.06
112  192  2025-06-08 18-09-50  1411.2  16952.8  -14255.2  201.669  2398.62
113  192  2025-06-08 18-09-50  1412.8  16961.4  -14252.6  201.756  2399.19
114  192  2025-06-08 18-09-50  1414.4  16970  -14249.9  201.842  2399.75
115  192  2025-06-08 18-09-50  1416  16978.6  -14247.3  201.928  2400.32
116  192  2025-06-08 18-09-50  1417.6  16987.2  -14244.7  202.015  2400.89
117  192  2025-06-08 18-09-50  1419.2  16995.8  -14242.1  202.101  2401.45
118  192  2025-06-08 18-09-50  1420.8  17004.4  -14239.4  202.187  2402.02
119  192  2025-06-08 18-09-50  1422.4  17013.1  -14236.8  202.274  2402.58
120  192  2025-06-08 18-09-50  1424  17021.7  -14234.2  202.36  2403.14
121  192  2025-06-08 18-09-50  1425.6  17030.4  -14231.6  202.446  2403.71
122  192  2025-06-08 18-09-50  1427.2  17039.1  -14229  202.533  2404.27
123  192  2025-06-08 18-09-50  1428.8  17047.7  -14226.4  202.619  2404.83
124  192  2025-06-08 18-09-50  1430.4  17056.4  -14223.8  202.705  2405.38
125  192  2025-06-08 18-09-50  1432  17065.1  -14221.2  202.792  2405.94
126  192  2025-06-08 18-09-50  1433.6  17073.8  -14218.6  202.878  2406.49
127  192  2025-06-08 18-09-50  1435.2  17082.6  -14216  202.964  2407.05
128  192  2025-06-08 18-09-50  1436.8  17091.3  -14213.4  203.051  2407.6
129  192  2025-06-08 18-09-50  1438.4  17100  -14210.8  203.137  2408.15
130  192  2025-06-08 18-09-50  1440  17108.8  -14208.2  203.223  2408.7
131  192  2025-06-08 18-09-50  1441.6  17117.5  -14205.7  203.31  2409.24
132  192  2025-06-08 18-09-50  1443.2  17126.3  -14203.1  203.396  2409.78
133  192  2025-06-08 18-09-50  1444.8  17135.1  -14200.5  203.482  2410.33
134  192  2025-06-08 18-09-50  1446.4  17143.9  -14197.9  203.569  2410.86
135  192  2025-06-08 18-09-50  1448  17152.7  -14195.4  203.655  2411.4
136  192  2025-06-08 18-09-50  1449.6  17161.5  -14192.8  203.741  2411.94
137  192  2025-06-08 18-09-50  1451.2  17170.3  -14190.2  203.828  2412.47
138  192  2025-06-08 18-09-50  1452.8  17179.1  -14187.7  203.914  2413
139  192  2025-06-08 18-09-50  1454.4  17188  -14185.1  204  2413.52
140  192  2025-06-08 18-09-50  1456  17196.8  -14182.5  204.087  2414.05
141  192  2025-06-08 18-09-50  1457.6  17205.7  -14180  204.173  2414.57
142  192  2025-06-08 18-09-50  1459.2  17214.5  -14177.4  204.259  2415.09
143  192  2025-06-08 18-09-50  1460.8  17223.4  -14174.9  204.346  2415.61
144  192  2025-06-08 18-09-50  1462.4  17232.3  -14172.3  204.432  2416.12
145  192  2025-06-08 18-09-50  1464  17241.2  -14169.8  204.518  2416.63
146  192  2025-06-08 18-09-50  1465.6  17250.1  -14167.3  204.605  2417.14
147  192  2025-06-08 18-09-50  1467.2  17259  -14164.7  204.691  2417.65
148  192  2025-06-08 18-09-50  1468.8  17267.9  -14162.2  204.777  2418.16
149  192  2025-06-08 18-09-50  1470.4  17276.9  -14159.7  204.864  2418.66
150  192  2025-06-08 18-09-50  1472  17285.8  -14157.1  204.95  2419.16
151  192  2025-06-08 18-09-50  1473.6  17294.8  -14154.6  205.036  2419.65
152  192  2025-06-08 18-09-50  1475.2  17303.7  -14152.1  205.123  2420.15
153  192  2025-06-08 18-09-50  1476.8  17312.7  -14149.5  205.209  2420.64
154  192  2025-06-08 18-09-50  1478.4  17321.7  -14147  205.295  2421.12
155  192  2025-06-08 18-09-50  1480  17330.7  -14144.5  205.382  2421.61
156  192  2025-06-08 18-09-50  1481.6  17339.7  -14142  205.468  2422.09
157  192  2025-06-08 18-09-50  1483.2  17348.7  -14139.5  205.554  2422.57
158  192  2025-06-08 18-09-50  1484.8  17357.7  -14137  205.641  2423.05
159  192  2025-06-08 18-09-50  1486.4  17366.7  -14134.4  205.727  2423.52
160  192  2025-06-08 18-09-50  1488  17375.8  -14131.9  205.813  2424
161  192  2025-06-08 18-09-50  1489.6  17384.8  -14129.4  205.9  2424.47
162  192  2025-06-08 18-09-50  1491.2  17393.9  -14126.9  205.986  2424.93
163  192  2025-06-08 18-09-50  1492.8  17403  -14124.4  206.072  2425.4
164  192  2025-06-08 18-09-50  1494.4  17412  -14121.9  206.159  2425.86
165  192  2025-06-08 18-09-50  1496  17421.1  -14119.4  206.245  2426.32
166  192  2025-06-08 18-09-50  1497.6  17430.2  -14116.9  206.331  2426.77
167  192  2025-06-08 18-09-50  1499.2  17439.3  -14114.5  206.418  2427.23
168  192  2025-06-08 18-09-50  1500.8  17448.4  -14112  206.504  2427.68
169  192  2025-06-08 18-09-50  1502.4  17457.6  -14109.5  206.59  2428.13
170  192  2025-06-08 18-09-50  1504  17466.7  -14107  206.677  2428.57
171  192  2025-06-08 18-09-50  1505.6  17475.9  -14104.5  206.763  2429.02
172  192  2025-06-08 18-09-50  1507.2  17485  -14102  206.849  2429.46
173  192  2025-06-08 18-09-50  1508.8  17494.2  -14099.6  206.936  2429.89
174  192  2025-06-08 18-09-50  1510.4  17503.3  -14097.1  207.022  2430.33
175  192  2025-06-08 18-09-50  1512  17512.5  -14094.6  207.108  2430.76
176  192  2025-06-08 18-09-50  1513.6  17521.7  -14092.1  207.195  2431.19
177  192  2025-06-08 18-09-50  1515.2  17530.9  -14089.7  207.281  2431.62
178  192  2025-06-08 18-09-50  1516.8  17540.1  -14087.2  207.367  2432.05
179  192  2025-06-08 18-09-50  1518.4  17549.4  -14084.7  207.454  2432.47
180  192  2025-06-08 18-09-50  1520  17558.6  -14082.3  207.54  2432.89
181  192  2025-06-08 18-09-50  1521.6  17567.8  -14079.8  207.626  2433.31
182  192  2025-06-08 18-09-50  1523.2  17577.1  -14077.3  207.713  2433.73
183  192  2025-06-08 18-09-50  1524.8  17586.3  -14074.9  207.799  2434.14
184  192  2025-06-08 18-09-50  1526.4  17595.6  -14072.4  207.885  2434.55
185  192  2025-06-08 18-09-50  1528  17604.9  -14070  207.972  2434.96
186  192  2025-06-08 18-09-50  1529.6  17614.2  -14067.5  208.058  2435.37
187  192  2025-06-08 18-09-50  1531.2  17623.5  -14065.1  208.145  2435.77
188  192  2025-06-08 18-09-50  1532.8  17632.8  -14062.6  208.231  2436.18
189  192  2025-06-08 18-09-50  1534.4  17642.1  -14060.2  208.317  2436.58
190  192  2025-06-08 18-09-50  1536  17651.4  -14057.7  208.404  2436.97
191  192  2025-06-08 18-09-50  1537.6  17660.8  -14055.3  208.49  2437.37
192  192  2025-06-08 18-09-50  1539.2  17670.1  -14052.9  208.576  2437.76
193  192  2025-06-08 18-09-50  1540.8  17679.4  -14050.4  208.663  2438.15
194  192  2025-06-08 18-09-50  1542.4  17688.8  -14048  208.749  2438.54
195  192  2025-06-08 18-09-50  1544  17698.2  -14045.5  208.835  2438.93
196  192  2025-06-08 18-09-50  1545.6  17707.6  -14043.1  208.922  2439.32
197  192  2025-06-08 18-09-50  1547.2  17717  -14040.7  209.008  2439.7
198  192  2025-06-08 18-09-50  1548.8  17726.4  -14038.2  209.094  2440.08
199  192  2025-06-08 18-09-50  1550.4  17735.8  -14035.8  209.181  2440.46
200  192  2025-06-08 18-09-50  1552  17745.2  -14033.4  209.267  2440.83
201  192  2025-06-08 18-09-50  1553.6  17754.6  -2830.96  209.353  2441.21
202  192  2025-06-08 18-09-50  1555.2  17764.1  -2828.54  209.44  2441.58
203  192  2025-06-08 18-09-50  1556.8  17773.5  -2826.12  209.526  2441.95
204  192  2025-06-08 18-09-50  1558.4  17783  -2823.7  209.612  2442.32
205  192  2025-06-08 18-09-50  1560  17792.4  -2821.28  209.699  2442.69
206  192  2025-06-08 18-09-50  1561.6  17801.9  -2818.86  209.785  2443.05
207  192  2025-06-08 18-09-50  1563.2  17811.4  -2816.45  209.871  2443.41
208  192  2025-06-08 18-09-50  1564.8  17820.9  -2814.03  209.958  2443.77
209  192  2025-06-08 18-09-50  1566.4  17830.4  -2811.62  210.044  2444.13
210  192  2025-06-08 18-09-50  1568  17839.9  -2809.21  210.13  2444.49
211  192  2025-06-08 18-09-50  1569.6  17849.4  -2806.8  210.217  2444.85
212  192  2025-06-08 18-09-50  1571.2  17858.9  -2804.39  210.303  2445.2
213  192  2025-06-08 18-09-50  1572.8  17868.5  -2801.99  210.389  2445.55
214  192  2025-06-08 18-09-50  1574.4  17878  -2799.58  210.476  2445.9
215  192  2025-06-08 18-09-50  1576  17887.6  -2797.18  210.562  2446.25
216  192  2025-06-08 18-09-50  1577.6  17897.2  -2794.78  210.648  2446.6
217  192  2025-06-08 18-09-50  1579.2  17906.7  -2792.38  210.735  2446.94
218  192  2025-06-08 18-09-50  1580.8  17916.3  -2789.98  210.821  2447.28
219  192  2025-06-08 18-09-50  1582.4  17925.9  -2787.59  210.907  2447.62
220  192  2025-06-08 18-09-50  1584  17935.5  -2785.19  210.994  2447.96
221  192  2025-06-08 18-09-50  1585.6  17945.1  -2782.8  211.08  2448.3
222  192  2025-06-08 18-09-50  1587.2  17954.8  -2780.4  211.166  2448.64
223  192  2025-06-08 18-09-50  1588.8  17964.4  -2778.01  211.253  2448.97
224  192  2025-06-08 18-09-50  1590.4  17974  -2775.62  211.339  2449.31
225  192  2025-06-08 18-09-50  1592  17983.7  -2773.24  211.425  2449.64
226  192  2025-06-08 18-09-50  1593.6  17993.3  -2770.85  211.512  2449.97
227  192  2025-06-08 18-09-50  1595.2  18003  -2768.46  211.598  2450.3
228  192  2025-06-08 18-09-50  1596.8  18012.7  -2766.08  211.684  2450.62
229  192  2025-06-08 18-09-50  1598.4  18022.4  -2763.7  211.771  2450.95
230  192  2025-06-08 18-09-50  1600  18032.1  -2761.32  211.857  2451.27
231  192  2025-06-08 18-09-50  1601.6  18041.8  -2758.94  211.943  2451.59
232  192  2025-06-08 18-09-50  1603.2  18051.5  -2756.56  212.03  2451.91
233  192  2025-06-08 18-09-50  1604.8  18061.2  -2754.18  212.116  2452.23
234  192  2025-06-08 18-09-50  1606.4  18071  -2751.81  212.202  2452.55
235  192  2025-06-08 18-09-50  1608  18080.7  -2749.43  212.289  2452.87
236  192  2025-06-08 18-09-50  1609.6  18090.5  -2747.06  212.375  2453.18
237  192  2025-06-08 18-09-50  1611.2  18100.2  -2744.69  212.461  2453.49
238  192  2025-06-08 18-09-50  1612.8  18110  -2742.32  212.548  2453.81
239  192  2025-06-08 18-09-50  1614.4  18119.8  -2739.95  212.634  2454.12
240  192  2025-06-08 18-09-50  1616  18129.6  -2737.58  212.72  2454.43
241  192  2025-06-08 18-09-50  1617.6  18139.4  -2735.21  212.807  2454.73
242  192  2025-06-08 18-09-50  1619.2  18149.2  -2732.85  212.893  2455.04
243  192  2025-06-08 18-09-50  1620.8  18159  -2730.48  212.979  2455.35
244  192  2025-06-08 18-09-50  1622.4  18168.8  -2728.12  213.066  2455.65
245  192  2025-06-08 18-09-50  1624  18178.7  -2725.76  213.152  2455.95
246  192  2025-06-08 18-09-50  1625.6  18188.5  -2723.4  213.238  2456.25
247  192  2025-06-08 18-09-50  1627.2  18198.4  -2721.04  213.325  2456.55
248  192  2025-06-08 18-09-50  1628.8  18208.2  -2718.68  213.411  2456.85
249  192  2025-06-08 18-09-50  1630.4  18218.1  -2716.32  213.497  2457.15
250  192  2025-06-08 18-09-50  1632  18228  -2713.97  213.584  2457.45
251  192  2025-06-08 18-09-50  1633.6  18237.9  -2711.61  213.67  2457.74
252  192  2025-06-08 18-09-50  1635.2  18247.8  -2709.26  213.756  2458.03
253  192  2025-06-08 18-09-50  1636.8  18257.7  -2706.9  213.843  2458.33
254  192  2025-06-08 18-09-50  1638.4  18267.6  -2704.55  213.929  2458.62
255  192  2025-06-08 18-09-50  1640  18277.5  -2702.2  214.015  2458.91
256  192  2025-06-08 18-09-50  1641.6  18287.4  -2699.85  214.102  2459.2
257  192  2025-06-08 18-09-50  1643.2  18297.4  -2697.51  214.188  2459.49
258  192  2025-06-08 18-09-50  1644.8  18307.3  -2695.16  214.274  2459.77
259  192  2025-06-08 18-09-50  1646.4  18317.3  -2692.81  214.361  2460.06
260  192  2025-06-08 18-09-50  1648  18327.3  -2690.47  214.447  2460.34
261  192  2025-06-08 18-09-50  1649.6  18337.3  -2688.13  214.533  2460.63
262  192  2025-06-08 18-09-50  1651.2  18347.3  -2685.79  214.62  2460.91
263  192  2025-06-08 18-09-50  1652.8  18357.3  -2683.44  214.706  2461.19
264  192  2025-06-08 18-09-50  1654.4  18367.3  -2681.1  214.792  2461.47
265  192  2025-06-08 18-09-50  1656  18377.3  -2678.77  214.879  2461.75
266  192  2025-06-08 18-09-50  1657.6  18387.3  -2676.43  214.965  2462.03
267  192  2025-06-08 18-09-50  1659.2  18397.4  -2674.09  215.051  2462.31
268  192  2025-06-08 18-09-50  1660.8  18407.4  -2671.76  215.138  2462.58
269  192  2025-06-08 18-09-50  1662.4  18417.5  -2669.42  215.224  2462.86
270  192  2025-06-08 18-09-50  1664  18427.5  -2667.09  215.31  2463.13
271  192  2025-06-08 18-09-50  1665.6  18437.6  -2664.75  215.397  2463.4
272  192  2025-06-08 18-09-50  1667.2  18447.7  -2662.42  215.483  2463.68
273  192  2025-06-08 18-09-50  1668.8  18457.8  -2660.09  215.569  2463.95
274  192  2025-06-08 18-09-50  1670.4  18467.9  -2657.76  215.656  2464.22
275  192  2025-06-08 18-09-50  1672  18478  -2655.44  215.742  2464.49
276  192  2025-06-08 18-09-50  1673.6  18488.1  -2653.11  215.828  2464.75
277  192  2025-06-08 18-09-50  1675.2  18498.2  -2650.78  215.915  2465.02
278  192  2025-06-08 18-09-50  1676.8  18508.4  -2648.46  216.001  2465.29
279  192  2025-06-08 18-09-50  1678.4  18518.5  -2646.13  216.087  2465.55
280  192  2025-06-08 18-09-50  1680  18528.7  -2643.81  216.174  2465.82
281  192  2025-06-08 18-09-50  1681.6  18538.8  -2641.49  216.26  2466.08
282  192  2025-06-08 18-09-50  1683.2  18549  -2639.17  216.346  2466.34
283  192  2025-06-08 18-09-50  1684.8  18559.2  -2636.84  216.433  2466.6
284  192  2025-06-08 18-09-50  1686.4  18569.4  -2634.53  216.519  2466.87
285  192  2025-06-08 18-09-50  1688  18579.6  -2632.21  216.605  2467.13
286  192  2025-06-08 18-09-50  1689.6  18589.8  -2629.89  216.692  2467.38
287  192  2025-06-08 18-09-50  1691.2  18600  -2627.57  216.778  2467.64
288  192  2025-06-08 18-09-50  1692.8  18610.2  -2625.26  216.864  2467.9
289  192  2025-06-08 18-09-50  1694.4  18620.5  -2622.94  216.951  2468.16
290  192  2025-06-08 18-09-50  1696  18630.7  -2620.63  217.037  2468.41
291  192  2025-06-08 18-09-50  1697.6  18641  -2618.32  217.123  2468.67
292  192  2025-06-08 18-09-50  1699.2  18651.2  -2616.01  217.21  2468.92
293  192  2025-06-08 18-09-50  1700.8  18661.5  -2613.69  217.296  2469.18
294  192  2025-06-08 18-09-50  1702.4  18671.8  -2611.39  217.382  2469.43
295  192  2025-06-08 18-09-50  1704  18682.1  -2609.08  217.469  2469.68
296  192  2025-06-08 18-09-50  1705.6  18692.4  -2606.77  217.555  2469.93
297  192  2025-06-08 18-09-50  1707.2  18702.7  -2604.46  217.641  2470.18
298  192  2025-06-08 18-09-50  1708.8  18713  -2602.16  217.728  2470.43
299  192  2025-06-08 18-09-50  1710.4  18723.3  -2599.85  217.814  2470.68
300  192  2025-06-08 18-09-50  1712  18733.7  -2597.55  217.9  2470.93
301  192  2025-06-08 18-09-50  1713.6  18744  -2595.24  217.987  2471.17
302  192  2025-06-08 18-09-50  1715.2  18754.4  -2592.94  218.073  2471.42
303  192  2025-06-08 18-09-50  1716.8  18764.7  -2590.64  218.159  2471.67
304  192  2025-06-08 18-09-50  1718.4  18775.1  -2588.34  218.246  2471.91
305  192  2025-06-08 18-09-50  1720  18785.5  -2586.04  218.332  2472.16
306  192  2025-06-08 18-09-50  1721.6  18795.9  -2583.74  218.418  2472.4
307  192  2025-06-08 18-09-50  1723.2  18806.3  -2581.44  218.505  2472.64
308  192  2025-06-08 18-09-50  1724.8  18816.7  -2579.15  218.591  2472.88
309  192  2025-06-08 18-09-50  1726.4  18827.1  -2576.85  218.677  2473.13
310  192  2025-06-08 18-09-50  1728  18837.5  -2574.55  218.764  2473.37
311  192  2025-06-08 18-09-50  1729.6  18848  -2572.26  218.85  2473.61
312  192  2025-06-08 18-09-50  1731.2  18858.4  -2569.97  218.936  2473.85
313  192  2025-06-08 18-09-50  1732.8  18868.9  -2567.67  219.023  2474.08
314  192  2025-06-08 18-09-50  1734.4  18879.3  -2565.38  219.109  2474.32
315  192  2025-06-08 18-09-50  1736  18889.8  -2563.09  219.195  2474.56
316  192  2025-06-08 18-09-50  1737.6  18900.3  -2560.8  219.282  2474.8
317  192  2025-06-08 18-09-50  1739.2  18910.8  -2558.51  219.368  2475.03
318  192  2025-06-08 18-09-50  1740.8  18921.3  -2556.22  219.454  2475.27
319  192  2025-06-08 18-09-50  1742.4  18931.8  -2553.94  219.541  2475.5
320  192  2025-06-08 18-09-50  1744  18942.3  -2551.65  219.627  2475.74
321  192  2025-06-08 18-09-50  1745.6  18952.8  -2549.36  219.713  2475.97
322  192  2025-06-08 18-09-50  1747.2  18963.3  -2547.08  219.8  2476.2
323  192  2025-06-08 18-09-50  1748.8  18973.9  -2544.79  219.886  2476.44
324  192  2025-06-08 18-09-50  1750.4  18984.4  -2542.51  219.972  2476.67
325  192  2025-06-08 18-09-50  1752  18995  -2540.23  220.059  2476.9
326  192  2025-06-08 18-09-50  1753.6  19005.6  -2537.95  220.145  2477.13
327  192  2025-06-08 18-09-50  1755.2  19016.2  -2535.67  220.231  2477.36
328  192  2025-06-08 18-09-50  1756.8  19026.7  -2533.39  220.318  2477.59
329  192  2025-06-08 18-09-50  1758.4  19037.3  -2531.11  220.404  2477.82
330  192  2025-06-08 18-09-50  1760  19048  -2528.83  220.49  2478.05
331  192  2025-06-08 18-09-50  1761.6  19058.6  -2526.55  220.577  2478.27
332  192  2025-06-08 18-09-50  1763.2  19069.2  -2524.28  220.663  2478.5
333  192  2025-06-08 18-09-50  1764.8  19079.8  -2522  220.749  2478.73
334  192  2025-06-08 18-09-50  1766.4  19090.5  -2519.72  220.836  2478.95
335  192  2025-06-08 18-09-50  1768  19101.1  -2517.45  220.922  2479.18
336  192  2025-06-08 18-09-50  1769.6  19111.8  -2515.18  221.008  2479.4
337  192  2025-06-08 18-09-50  1771.2  19122.5  -2512.9  221.095  2479.63
338  192  2025-06-08 18-09-50  1772.8  19133.1  -2510.63  221.181  2479.85
339  192  2025-06-08 18-09-50  1774.4  19143.8  -2508.36  221.267  2480.08
340  192  2025-06-08 18-09-50  1776  19154.5  -2506.09  221.354  2480.3
341  192  2025-06-08 18-09-50  1777.6  19165.2  -2503.82  221.44  2480.52
342  192  2025-06-08 18-09-50  1779.2  19175.9  -2501.55  221.526  2480.74
343  192  2025-06-08 18-09-50  1780.8  19186.7  -2499.29  221.613  2480.96
344  192  2025-06-08 18-09-50  1782.4  19197.4  -2497.02  221.699  2481.18
345  192  2025-06-08 18-09-50  1784  19208.1  -2494.75  221.785  2481.4
346  192  2025-06-08 18-09-50  1785.6  19218.9  -2492.49  221.872  2481.62
347  192  2025-06-08 18-09-50  1787.2  19229.6  -2490.22  221.958  2481.84
348  192  2025-06-08 18-09-50  1788.8  19240.4  -2487.96  222.044  2482.06
349  192  2025-06-08 18-09-50  1790.4  19251.2  -2485.7  222.131  2482.28
350  192  2025-06-08 18-09-50  1792  19262  -2483.43  222.217  2482.5
351  192  2025-06-08 18-09-50  1793.6  19272.8  -2481.17  222.303  2482.71
352  192  2025-06-08 18-09-50  1795.2  19283.6  -2478.91  222.39  2482.93
353  192  2025-06-08 18-09-50  1796.8  19294.4  -2476.65  222.476  2483.15
354  192  2025-06-08 18-09-50  1798.4  19305.2  -2474.39  222.562  2483.36
355  192  2025-06-08 18-09-50  1800  19316.1  -2472.14  222.649  2483.58
356  192  2025-06-08 18-09-50  1801.6  19326.9  -2469.88  222.735  2483.79
357  192  2025-06-08 18-09-50  1803.2  19337.7  -2467.62  222.821  2484.01
358  192  2025-06-08 18-09-50  1804.8  19348.6  -2465.37  222.908  2484.22
359  192  2025-06-08 18-09-50  1806.4  19359.5  -2463.11  222.994  2484.43
360  192  2025-06-08 18-09-50  1808  19370.3  -2460.86  223.08  2484.65
361  192  2025-06-08 18-09-50  1809.6  19381.2  -2458.6  223.167  2484.86
362  192  2025-06-08 18-09-50  1811.2  19392.1  -2456.35  223.253  2485.07
363  192  2025-06-08 18-09-50  1812.8  19403  -2454.1  223.339  2485.28
364  192  2025-06-08 18-09-50  1814.4  19413.9  -2451.85  223.426  2485.5
365  192  2025-06-08 18-09-50  1816  19424.9  -2449.6  223.512  2485.71
366  192  2025-06-08 18-09-50  1817.6  19435.8  -2447.35  223.598  2485.92
367  192  2025-06-08 18-09-50  1819.2  19446.7  -2445.1  223.685  2486.13
368  192  2025-06-08 18-09-50  1820.8  19457.7  -2442.85  223.771  2486.34
369  192  2025-06-08 18-09-50  1822.4  19468.6  -2440.6  223.857  2486.54
370  192  2025-06-08 18-09-50  1824  19479.6  -2438.35  223.944  2486.75
371  192  2025-06-08 18-09-50  1825.6  19490.6  -2436.11  224.03  2486.96
372  192  2025-06-08 18-09-50  1827.2  19501.6  -2433.86  224.116  2487.17
373  192  2025-06-08 18-09-50  1828.8  19512.6  -2431.62  224.203  2487.38
374  192  2025-06-08 18-09-50  1830.4  19523.6  -2429.37  224.289  2487.58
375  192  2025-06-08 18-09-50  1832  19534.6  -2427.13  224.375  2487.79
376  192  2025-06-08 18-09-50  1833.6  19545.6  -2424.89  224.462  2488
377  192  2025-06-08 18-09-50  1835.2  19556.6  -2422.65  224.548  2488.2
378  192  2025-06-08 18-09-50  1836.8  19567.7  -2420.41  224.634  2488.41
379  192  2025-06-08 18-09-50  1838.4  19578.7  -2418.17  224.721  2488.61
380  192  2025-06-08 18-09-50  1840  19589.8  -2415.93  224.807  2488.82
381  192  2025-06-08 18-09-50  1841.6  19600.8  -2413.69  224.893  2489.02
382  192  2025-06-08 18-09-50  1843.2  19611.9  -2411.45  224.98  2489.23
383  192  2025-06-08 18-09-50  1844.8  19623  -2409.22  225.066  2489.43
384  192  2025-06-08 18-09-50  1846.4  19634.1  -2406.98  225.152  2489.63
385  192  2025-06-08 18-09-50  1848  19645.2  -2404.74  225.239  2489.83
386  192  2025-06-08 18-09-50  1849.6  19656.3  -2402.51  225.325  2490.04
387  192  2025-06-08 18-09-50  1851.2  19667.4  -2400.28  225.411  2490.24
388  192  2025-06-08 18-09-50  1852.8  19678.5  -2398.04  225.498  2490.44
389  192  2025-06-08 18-09-50  1854.4  19689.7  -2395.81  225.584  2490.64
390  192  2025-06-08 18-09-50  1856  19700.8  -2393.58  225.67  2490.84
391  192  2025-06-08 18-09-50  1857.6  19712  -2391.35  225.757  2491.04
392  192  2025-06-08 18-09-50  1859.2  19723.1  -2389.12  225.843  2491.24
393  192  2025-06-08 18-09-50  1860.8  19734.3  -2386.89  225.929  2491.44
394  192  2025-06-08 18-09-50  1862.4  19745.5  -2384.66  226.016  2491.64
395  192  2025-06-08 18-09-50  1864  19756.7  -2382.43  226.102  2491.84
396  192  2025-06-08 18-09-50  1865.6  19767.9  -2380.2  226.188  2492.04
397  192  2025-06-08 18-09-50  1867.2  19779.1  -2377.98  226.275  2492.24
398  192  2025-06-08 18-09-50  1868.8  19790.3  -2375.75  226.361  2492.44
399  192  2025-06-08 18-09-50  1870.4  19801.5  -2373.53  226.447  2492.63
400  192  2025-06-08 18-09-50  1872  19812.8  -2371.3  226.534  2492.83
401  192  2025-06-08 18-09-50  1873.6  19824  -2369.08  226.62  2493.03
402  192  2025-06-08 18-09-50  1875.2  19835.3  -2366.86  226.706  2493.22
403  192  2025-06-08 18-09-50  1876.8  19846.5  -2364.63  226.793  2493.42
404  192  2025-06-08 18-09-50  1878.4  19857.8  -2362.41  226.879  2493.62
405  192  2025-06-08 18-09-50  1880  19869.1  -2360.19  226.965  2493.81
406  192  2025-06-08 18-09-50  1881.6  19880.4  -2357.97  227.052  2494.01
407  192  2025-06-08 18-09-50  1883.2  19891.7  -2355.75  227.138  2494.2
408  192  2025-06-08 18-09-50  1884.8  19903  -2353.53  227.224  2494.4
409  192  2025-06-08 18-09-50  1886.4  19914.3  -2351.32  227.311  2494.59
410  192  2025-06-08 18-09-50  1888  19925.6  -2349.1  227.397  2494.78
411  192  2025-06-08 18-09-50  1889.6  19937  -2346.88  227.483  2494.98
412  192  2025-06-08 18-09-50  1891.2  19948.3  -2344.67  227.57  2495.17
413  192  2025-06-08 18-09-50  1892.8  19959.6  -2342.45  227.656  2495.36
414  192  2025-06-08 18-09-50  1894.4  19971  -2340.24  227.742  2495.56
415  192  2025-06-08 18-09-50  1896  19982.4  -2338.03  227.829  2495.75
416  192  2025-06-08 18-09-50  1897.6  19993.8  -2335.81  227.915  2495.94
417  192  2025-06-08 18-09-50  1899.2  20005.1  -2333.6  228.001  2496.13
418  192  2025-06-08 18-09-50  1900.8  20016.5  -2331.39  228.088  2496.32
419  192  2025-06-08 18-09-50  1902.4  20027.9  -2329.18  228.174  2496.52
420  192  2025-06-08 18-09-50  1904  20039.4  -2326.97  228.26  2496.71
421  192  2025-06-08 18-09-50  1905.6  20050.8  -2324.76  228.347  2496.9
422  192  2025-06-08 18-09-50  1907.2  20062.2  -2322.55  228.433  2497.09
423  192  2025-06-08 18-09-50  1908.8  20073.7  -2320.35  228.519  2497.28
424  192  2025-06-08 18-09-50  1910.4  20085.1  -2318.14  228.606  2497.47
425  192  2025-06-08 18-09-50  1912  20096.6  -2315.93  228.692  2497.66
426  192  2025-06-08 18-09-50  1913.6  20108  -2313.73  228.778  2497.85
427  192  2025-06-08 18-09-50  1915.2  20119.5  -2311.53  228.865  2498.03
428  192  2025-06-08 18-09-50  1916.8  20131  -2309.32  228.951  2498.22
429  192  2025-06-08 18-09-50  1918.4  20142.5  -2307.12  229.037  2498.41
430  192  2025-06-08 18-09-50  1920  20154  -2304.92  229.124  2498.6
431  192  2025-06-08 18-09-50  1921.6  20165.5  -2302.71  229.21  2498.79
432  192  2025-06-08 18-09-50  1923.2  20177  -2300.51  229.296  2498.97
433  192  2025-06-08 18-09-50  1924.8  20188.6  -2298.31  229.383  2499.16
434  192  2025-06-08 18-09-50  1926.4  20200.1  -2296.11  229.469  2499.35
435  192  2025-06-08 18-09-50  1928  20211.6  -2293.92  229.555  2499.53
436  192  2025-06-08 18-09-50  1929.6  20223.2  -2291.72  229.642  2499.72
437  192  2025-06-08 18-09-50  1931.2  20234.8  -2289.52  229.728  2499.91
438  192  2025-06-08 18-09-50  1932.8  20246.3  -2287.32  229.814  2500.09
439  192  2025-06-08 18-09-50  1934.4  20257.9  -2285.13  229.901  2500.28
440  192  2025-06-08 18-09-50  1936  20269.5  -2282.93  229.987  2500.46
441  192  2025-06-08 18-09-50  1937.6  20281.1  -2280.74  230.073  2500.65
442  192  2025-06-08 18-09-50  1939.2  20292.7  -2278.55  230.16  2500.83
443  192  2025-06-08 18-09-50  1940.8  20304.3  -2276.35  230.246  2501.01
444  192  2025-06-08 18-09-50  1942.4  20316  -2274.16  230.332  2501.2
445  192  2025-06-08 18-09-50  1944  20327.6  -2271.97  230.419  2501.38
446  192  2025-06-08 18-09-50  1945.6  20339.3  -2269.78  230.505  2501.57
447  192  2025-06-08 18-09-50  1947.2  20350.9  -2267.59  230.591  2501.75
448  192  2025-06-08 18-09-50  1948.8  20362.6  -2265.4  230.678  2501.93
449  192  2025-06-08 18-09-50  1950.4  20374.3  -2263.21  230.764  2502.11
450  192  2025-06-08 18-09-50  1952  20385.9  -2261.03  230.85  2502.3
451  192  2025-06-08 18-09-50  1953.6  20397.6  -2258.84  230.937  2502.48
452  192  2025-06-08 18-09-50  1955.2  20409.3  -2256.65  231.023  2502.66
453  192  2025-06-08 18-09-50  1956.8  20421  -2254.47  231.109  2502.84
454  192  2025-06-08 18-09-50  1958.4  20432.8  -2252.28  231.196  2503.02
455  192  2025-06-08 18-09-50  1960  20444.5  -2250.1  231.282  2503.2
456  192  2025-06-08 18-09-50  1961.6  20456.2  -2247.92  231.368  2503.39
457  192  2025-06-08 18-09-50  1963.2  20468  -2245.73  231.455  2503.57
458  192  2025-06-08 18-09-50  1964.8  20479.7  -2243.55  231.541  2503.75
459  192  2025-06-08 18-09-50  1966.4  20491.5  -2241.37  231.627  2503.93
460  192  2025-06-08 18-09-50  1968  20503.2  -2239.19  231.714  2504.11
461  192  2025-06-08 18-09-50  1969.6  20515  -2237.01  231.8  2504.29
462  192  2025-06-08 18-09-50  1971.2  20526.8  -2234.83  231.886  2504.47
463  192  2025-06-08 18-09-50  1972.8  20538.6  -2232.65  231.973  2504.64
464  192  2025-06-08 18-09-50  1974.4  20550.4  -2230.48  232.059  2504.82
465  192  2025-06-08 18-09-50  1976  20562.2  -2228.3  232.145  2505
466  192  2025-06-08 18-09-50  1977.6  20574.1  -2226.12  232.232  2505.18
467  192  2025-06-08 18-09-50  1979.2  20585.9  -2223.95  232.318  2505.36
468  192  2025-06-08 18-09-50  1980.8  20597.7  -2221.77  232.404  2505.54
469  192  2025-06-08 18-09-50  1982.4  20609.6  -2219.6  232.491  2505.71
470  192  2025-06-08 18-09-50  1984  20621.4  -2217.43  232.577  2505.89
471  192  2025-06-08 18-09-50  1985.6  20633.3  -2215.26  232.663  2506.07
472  192  2025-06-08 18-09-50  1987.2  20645.2  -2213.08  232.75  2506.24
473  192  2025-06-08 18-09-50  1988.8  20657.1  -2210.91  232.836  2506.42
474  192  2025-06-08 18-09-50  1990.4  20669  -2208.74  232.922  2506.6
475  192  2025-06-08 18-09-50  1992  20680.9  -2206.57  233.009  2506.77
476  192  2025-06-08 18-09-50  1993.6  20692.8  -2204.41  233.095  2506.95
477  192  2025-06-08 18-09-50  1995.2  20704.7  -2202.24  233.181  2507.13
478  192  2025-06-08 18-09-50  1996.8  20716.7  -2200.07  233.268  2507.3
479  192  2025-06-08 18-09-50  1998.4  20728.6  -2197.91  233.354  2507.48
480  192  2025-06-08 18-09-50  2000  20740.5  -2195.74  233.44  2507.65
481  192  2025-06-08 18-09-50  2001.6  20752.5  -2193.58  233.527  2507.83
482  192  2025-06-08 18-09-50  2003.2  20764.5  -2191.41  233.613  2508
483  192  2025-06-08 18-09-50  2004.8  20776.4  -2189.25  233.699  2508.18
484  192  2025-06-08 18-09-50  2006.4  20788.4  -2187.09  233.786  2508.35
485  192  2025-06-08 18-09-50  2008  20800.4  -2184.92  233.872  2508.52
486  192  2025-06-08 18-09-50  2009.6  20812.4  -2182.76  233.958  2508.7
487  192  2025-06-08 18-09-50  2011.2  20824.4  -2180.6  234.045  2508.87
488  192  2025-06-08 18-09-50  2012.8  20836.5  -2178.44  234.131  2509.04
489  192  2025-06-08 18-09-50  2014.4  20848.5  -2176.28  234.217  2509.22
490  192  2025-06-08 18-09-50  2016  20860.5  -2174.13  234.304  2509.39
491  192  2025-06-08 18-09-50  2017.6  20872.6  -2171.97  234.39  2509.56
492  192  2025-06-08 18-09-50  2019.2  20884.6  -2169.81  234.476  2509.74
493  192  2025-06-08 18-09-50  2020.8  20896.7  -2167.66  234.563  2509.91
494  192  2025-06-08 18-09-50  2022.4  20908.8  -2165.5  234.649  2510.08
495  192  2025-06-08 18-09-50  2024  20920.9  -2163.35  234.735  2510.25
496  192  2025-06-08 18-09-50  2025.6  20932.9  -2161.19  234.822  2510.42
497  192  2025-06-08 18-09-50  2027.2  20945  -2159.04  234.908  2510.59
498  192  2025-06-08 18-09-50  2028.8  20957.2  -2156.89  234.994  2510.76
499  192  2025-06-08 18-09-50  2030.4  20969.3  -2154.74  235.081  2510.94
500  192  2025-06-08 18-09-50  2032  20981.4  -2152.59  235.167  2511.11
501  192  2025-06-08 18-09-50  2033.6  20993.5  -2150.44  235.253  2511.28
502  192  2025-06-08 18-09-50  2035.2  21005.7  -2148.29  235.34  2511.45
503  192  2025-06-08 18-09-50  2036.8  21017.8  -2146.14  235.426  2511.62
504  192  2025-06-08 18-09-50  2038.4  21030  -2143.99  235.512  2511.79
505  192  2025-06-08 18-09-50  2040  21042.2  -2141.84  235.599  2511.96
