SN    USVID    CurTime    simTime    CurX    CurY    CurVel      CurYaw   
0  160  2025-06-09 22-10-54  0  2440  -14512  192  2672
1  160  2025-06-09 22-10-54  1.6  2448.01  -14512.1  192.058  2681.7
2  160  2025-06-09 22-10-54  3.2  2456.02  -14512.3  192.115  2691.49
3  160  2025-06-09 22-10-54  4.8  2464.03  -14512.5  192.173  2701.38
4  160  2025-06-09 22-10-54  6.4  2472.04  -14512.9  192.23  2711.36
5  160  2025-06-09 22-10-54  8  2480.06  -14513.3  192.288  2721.44
6  160  2025-06-09 22-10-54  9.6  2488.08  -14513.8  192.345  2731.62
7  160  2025-06-09 22-10-54  11.2  2496.1  -14514.4  192.403  2741.89
8  160  2025-06-09 22-10-54  12.8  2504.11  -14515.1  192.46  2752.26
9  160  2025-06-09 22-10-54  14.4  2512.12  -14515.9  192.518  2762.72
10  160  2025-06-09 22-10-54  128  2520.13  -14516.8  192.576  2773.28
11  160  2025-06-09 22-10-54  129.6  2528.13  -14517.8  192.633  2783.94
12  160  2025-06-09 22-10-54  131.2  2536.13  -14518.9  192.691  2794.69
13  160  2025-06-09 22-10-54  132.8  2544.12  -14520  192.748  2805.54
14  160  2025-06-09 22-10-54  134.4  2552.1  -14521.3  192.806  2816.48
15  160  2025-06-09 22-10-54  136  2560.1  -14522.5  192.863  2809.74
16  160  2025-06-09 22-10-54  137.6  2568.08  -14523.8  192.921  2820.7
17  160  2025-06-09 22-10-54  139.2  2576.08  -14525.1  192.978  2813.98
18  160  2025-06-09 22-10-54  140.8  2584.1  -14526.3  193.036  2807.18
19  160  2025-06-09 22-10-54  142.4  2592.11  -14527.6  193.094  2818.08
20  160  2025-06-09 22-10-54  144  2600.13  -14528.8  193.151  2811.3
21  160  2025-06-09 22-10-54  145.6  2608.14  -14530.1  193.209  2822.21
22  160  2025-06-09 22-10-54  147.2  2616.17  -14531.4  193.266  2815.44
23  160  2025-06-09 22-10-54  148.8  2624.21  -14532.6  193.324  2808.59
24  160  2025-06-09 22-10-54  150.4  2632.24  -14533.9  193.381  2819.44
25  160  2025-06-09 22-10-54  152  2640.29  -14535.1  193.439  2812.61
26  160  2025-06-09 22-10-54  153.6  2648.33  -14536.5  193.496  2823.47
27  160  2025-06-09 22-10-54  155.2  2656.38  -14537.7  193.554  2816.66
28  160  2025-06-09 22-10-54  156.8  2664.45  -14539  193.612  2809.76
29  160  2025-06-09 22-10-54  158.4  2672.51  -14540.3  193.669  2820.56
30  160  2025-06-09 22-10-54  160  2680.59  -14541.5  193.727  2813.68
31  160  2025-06-09 22-10-54  161.6  2688.68  -14542.7  193.784  2806.72
32  160  2025-06-09 22-10-54  163.2  2696.76  -14544  193.842  2817.46
33  160  2025-06-09 22-10-54  164.8  2704.86  -14545.3  193.899  2810.51
34  160  2025-06-09 22-10-54  166.4  2712.94  -14546.6  193.957  2821.26
35  160  2025-06-09 22-10-54  168  2721.05  -14547.9  194.014  2814.34
36  160  2025-06-09 22-10-54  169.6  2729.16  -14549.1  194.072  2807.33
37  160  2025-06-09 22-10-54  171.2  2737.27  -14550.4  194.13  2818.02
38  160  2025-06-09 22-10-54  172.8  2745.4  -14551.6  194.187  2811.02
39  160  2025-06-09 22-10-54  174.4  2753.51  -14553  194.245  2821.73
40  160  2025-06-09 22-10-54  176  2761.64  -14554.2  194.302  2814.75
41  160  2025-06-09 22-10-54  177.6  2769.79  -14555.4  194.36  2807.7
42  160  2025-06-09 22-10-54  179.2  2777.93  -14556.8  194.417  2818.34
43  160  2025-06-09 22-10-54  180.8  2786.08  -14558  194.475  2811.3
44  160  2025-06-09 22-10-54  182.4  2794.22  -14559.3  194.532  2821.95
45  160  2025-06-09 22-10-54  184  2802.38  -14560.6  194.59  2814.93
46  160  2025-06-09 22-10-54  185.6  2810.55  -14561.9  194.648  2807.82
47  160  2025-06-09 22-10-54  187.2  2818.72  -14563.2  194.705  2818.42
48  160  2025-06-09 22-10-54  188.8  2826.9  -14564.4  194.763  2811.33
49  160  2025-06-09 22-10-54  190.4  14035.1  -14565.8  194.82  2821.94
50  160  2025-06-09 22-10-54  192  14043.3  -14567.1  194.878  2814.86
51  160  2025-06-09 22-10-54  193.6  14051.5  -14568.3  194.935  2807.71
52  160  2025-06-09 22-10-54  195.2  14059.7  -14569.6  194.993  2818.26
53  160  2025-06-09 22-10-54  196.8  14067.9  -14570.9  195.05  2811.12
54  160  2025-06-09 22-10-54  198.4  14076.1  -14572.2  195.108  2821.68
55  160  2025-06-09 22-10-54  200  14084.3  -14573.5  195.166  2814.56
56  160  2025-06-09 22-10-54  201.6  14092.5  -14574.7  195.223  2807.36
57  160  2025-06-09 22-10-54  203.2  14100.7  -14576  195.281  2817.86
58  160  2025-06-09 22-10-54  204.8  14109  -14577.3  195.338  2810.67
59  160  2025-06-09 22-10-54  206.4  14117.2  -14578.6  195.396  2821.18
60  160  2025-06-09 22-10-54  208  14125.5  -14579.9  195.453  2814.02
61  160  2025-06-09 22-10-54  209.6  14133.7  -14581.3  195.511  2824.54
62  160  2025-06-09 22-10-54  211.2  14141.9  -14582.6  195.568  2817.39
63  160  2025-06-09 22-10-54  212.8  14150.2  -14583.9  195.626  2810.16
64  160  2025-06-09 22-10-54  214.4  14158.5  -14585.2  195.684  2820.62
65  160  2025-06-09 22-10-54  216  14166.7  -14586.5  195.741  2813.41
66  160  2025-06-09 22-10-54  217.6  14175  -14587.9  195.799  2823.89
67  160  2025-06-09 22-10-54  219.2  14183.3  -14589.2  195.856  2816.69
68  160  2025-06-09 22-10-54  220.8  14191.6  -14590.5  195.914  2809.41
69  160  2025-06-09 22-10-54  222.4  14199.9  -14591.8  195.971  2819.82
70  160  2025-06-09 22-10-54  224  14208.2  -14593.1  196.029  2812.56
71  160  2025-06-09 22-10-54  225.6  14216.5  -14594.5  196.086  2822.99
72  160  2025-06-09 22-10-54  227.2  14224.8  -14595.8  196.144  2815.74
73  160  2025-06-09 22-10-54  228.8  14233.1  -14597.1  196.202  2808.42
74  160  2025-06-09 22-10-54  230.4  14241.4  -14598.4  196.259  2818.78
75  160  2025-06-09 22-10-54  232  14249.8  -14599.7  196.317  2811.47
76  160  2025-06-09 22-10-54  233.6  14258.1  -14601  196.374  2821.86
77  160  2025-06-09 22-10-54  235.2  14266.4  -14602.4  196.432  2814.56
78  160  2025-06-09 22-10-54  236.8  14274.8  -14603.8  196.489  2824.96
79  160  2025-06-09 22-10-54  238.4  14283.1  -14605.1  196.547  2817.68
80  160  2025-06-09 22-10-54  240  14291.5  -14606.4  196.604  2810.32
81  160  2025-06-09 22-10-54  241.6  14299.8  -14607.7  196.662  2820.66
82  160  2025-06-09 22-10-54  243.2  14308.2  -14609  196.72  2813.31
83  160  2025-06-09 22-10-54  244.8  14316.6  -14610.4  196.777  2823.66
84  160  2025-06-09 22-10-54  246.4  14324.9  -14611.8  196.835  2816.34
85  160  2025-06-09 22-10-54  248  14333.3  -14613  196.892  2808.93
86  160  2025-06-09 22-10-54  249.6  14341.7  -14614.4  196.95  2819.22
87  160  2025-06-09 22-10-54  251.2  14350.1  -14615.7  197.007  2811.82
88  160  2025-06-09 22-10-54  252.8  14358.5  -14617.1  197.065  2822.13
89  160  2025-06-09 22-10-54  254.4  14366.9  -14618.4  197.122  2814.75
90  160  2025-06-09 22-10-54  256  14375.3  -14619.8  197.18  2825.07
91  160  2025-06-09 22-10-54  257.6  14383.7  -14621.1  197.238  2817.71
92  160  2025-06-09 22-10-54  259.2  14392.2  -14622.4  197.295  2810.27
93  160  2025-06-09 22-10-54  260.8  14400.6  -14623.8  197.353  2820.53
94  160  2025-06-09 22-10-54  262.4  14409  -14625.1  197.41  2813.1
95  160  2025-06-09 22-10-54  264  14417.5  -14626.5  197.468  2823.38
96  160  2025-06-09 22-10-54  265.6  14425.9  -14627.9  197.525  2815.97
97  160  2025-06-09 22-10-54  267.2  14434.3  -14629.3  197.583  2826.26
98  160  2025-06-09 22-10-54  268.8  14442.8  -14630.7  197.641  2818.86
99  160  2025-06-09 22-10-54  270.4  14451.3  -14632  197.698  2811.39
100  160  2025-06-09 22-10-54  1392  14459.7  -14633.3  197.756  2821.62
101  160  2025-06-09 22-10-54  1393.6  14468.2  -14634.7  197.813  2814.16
102  160  2025-06-09 22-10-54  1395.2  14476.7  -14636.1  197.871  2824.4
103  160  2025-06-09 22-10-54  1396.8  14485.2  -14637.4  197.928  2816.96
104  160  2025-06-09 22-10-54  1398.4  14493.7  -14638.7  197.986  2809.44
105  160  2025-06-09 22-10-54  1400  14502.2  -14640.1  198.043  2819.62
106  160  2025-06-09 22-10-54  1401.6  14510.7  -14641.4  198.101  2812.11
107  160  2025-06-09 22-10-54  1403.2  14519.2  -14642.8  198.159  2822.3
108  160  2025-06-09 22-10-54  1404.8  14527.7  -14644.2  198.216  2814.82
109  160  2025-06-09 22-10-54  1406.4  14536.2  -14645.6  198.274  2825.02
110  160  2025-06-09 22-10-54  1408  14544.7  -14647  198.331  2817.55
111  160  2025-06-09 22-10-54  1409.6  14553.3  -14648.3  198.389  2810
112  160  2025-06-09 22-10-54  1411.2  14561.8  -14649.7  198.446  2820.14
113  160  2025-06-09 22-10-54  1412.8  14570.3  -14651  198.504  2812.61
114  160  2025-06-09 22-10-54  1414.4  14578.9  -14652.4  198.561  2822.77
115  160  2025-06-09 22-10-54  1416  14587.4  -14653.7  198.619  2815.25
116  160  2025-06-09 22-10-54  1417.6  14596  -14655.2  198.677  2825.42
117  160  2025-06-09 22-10-54  1419.2  14604.6  -14656.6  198.734  2817.92
118  160  2025-06-09 22-10-54  1420.8  14613.1  -14657.9  198.792  2810.34
119  160  2025-06-09 22-10-54  1422.4  14621.7  -14659.3  198.849  2820.45
120  160  2025-06-09 22-10-54  1424  14630.3  -14660.6  198.907  2812.88
121  160  2025-06-09 22-10-54  1425.6  14638.9  -14662  198.964  2823.01
122  160  2025-06-09 22-10-54  1427.2  14647.5  -14663.4  199.022  2815.46
123  160  2025-06-09 22-10-54  1428.8  14656.1  -14664.8  199.079  2825.6
124  160  2025-06-09 22-10-54  1430.4  14664.7  -14666.2  199.137  2818.06
125  160  2025-06-09 22-10-54  1432  14673.3  -14667.5  199.195  2810.45
126  160  2025-06-09 22-10-54  1433.6  14681.9  -14668.9  199.252  2820.53
127  160  2025-06-09 22-10-54  1435.2  14690.5  -14670.3  199.31  2812.93
128  160  2025-06-09 22-10-54  1436.8  14699.1  -14671.7  199.367  2823.02
129  160  2025-06-09 22-10-54  1438.4  14707.8  -14673.1  199.425  2815.44
130  160  2025-06-09 22-10-54  1440  14716.4  -14674.5  199.482  2825.55
131  160  2025-06-09 22-10-54  1441.6  14725  -14675.9  199.54  2817.98
132  160  2025-06-09 22-10-54  1443.2  14733.7  -14677.2  199.597  2810.34
133  160  2025-06-09 22-10-54  1444.8  14742.3  -14678.6  199.655  2820.38
134  160  2025-06-09 22-10-54  1446.4  14751  -14680  199.713  2812.75
135  160  2025-06-09 22-10-54  1448  14759.7  -14681.4  199.77  2822.82
136  160  2025-06-09 22-10-54  1449.6  14768.4  -14682.8  199.828  2815.2
137  160  2025-06-09 22-10-54  1451.2  14777  -14684.2  199.885  2825.28
138  160  2025-06-09 22-10-54  1452.8  14785.7  -14685.6  199.943  2817.68
139  160  2025-06-09 22-10-54  1454.4  14794.4  -14687  200  2810
140  160  2025-06-09 22-10-54  1456  14803.1  -14688.4  200.058  2820.02
141  160  2025-06-09 22-10-54  1457.6  14811.8  -14689.7  200.115  2812.35
142  160  2025-06-09 22-10-54  1459.2  14820.5  -14691.2  200.173  2822.38
143  160  2025-06-09 22-10-54  1460.8  14829.2  -14692.5  200.231  2814.74
144  160  2025-06-09 22-10-54  1462.4  14837.9  -14694  200.288  2824.78
145  160  2025-06-09 22-10-54  1464  14846.6  -14695.4  200.346  2817.15
146  160  2025-06-09 22-10-54  1465.6  14855.4  -14696.9  200.403  2827.22
147  160  2025-06-09 22-10-54  1467.2  14864.1  -14698.3  200.461  2819.6
148  160  2025-06-09 22-10-54  1468.8  14872.8  -14699.6  200.518  2811.9
149  160  2025-06-09 22-10-54  1470.4  14881.6  -14701.1  200.576  2821.9
150  160  2025-06-09 22-10-54  1472  14890.3  -14702.4  200.633  2814.22
151  160  2025-06-09 22-10-54  1473.6  14899.1  -14703.9  200.691  2824.24
152  160  2025-06-09 22-10-54  1475.2  14907.8  -14705.3  200.749  2816.58
153  160  2025-06-09 22-10-54  1476.8  14916.6  -14706.8  200.806  2826.61
154  160  2025-06-09 22-10-54  1478.4  14925.4  -14708.2  200.864  2818.96
155  160  2025-06-09 22-10-54  1480  14934.2  -14709.6  200.921  2811.23
156  160  2025-06-09 22-10-54  1481.6  14942.9  -14711  200.979  2821.2
157  160  2025-06-09 22-10-54  1483.2  14951.7  -14712.4  201.036  2813.49
158  160  2025-06-09 22-10-54  1484.8  14960.5  -14713.8  201.094  2823.47
159  160  2025-06-09 22-10-54  1486.4  14969.3  -14715.2  201.151  2815.78
160  160  2025-06-09 22-10-54  1488  14978.1  -14716.7  201.209  2825.78
161  160  2025-06-09 22-10-54  1489.6  14986.9  -14718.1  201.267  2818.1
162  160  2025-06-09 22-10-54  1491.2  14995.8  -14719.5  201.324  2810.34
163  160  2025-06-09 22-10-54  1492.8  15004.6  -14720.9  201.382  2820.27
164  160  2025-06-09 22-10-54  1494.4  15013.4  -14722.3  201.439  2812.53
165  160  2025-06-09 22-10-54  1496  15022.3  -14723.7  201.497  2822.48
166  160  2025-06-09 22-10-54  1497.6  15031.1  -14725.1  201.554  2814.75
167  160  2025-06-09 22-10-54  1499.2  15040  -14726.6  201.612  2824.72
168  160  2025-06-09 22-10-54  1500.8  15048.8  -14728  201.669  2817.01
169  160  2025-06-09 22-10-54  1502.4  15057.7  -14729.5  201.727  2826.99
170  160  2025-06-09 22-10-54  1504  15066.5  -14731  201.785  2819.3
171  160  2025-06-09 22-10-54  1505.6  15075.4  -14732.3  201.842  2811.52
172  160  2025-06-09 22-10-54  1507.2  15084.3  -14733.8  201.9  2821.44
173  160  2025-06-09 22-10-54  1508.8  15093.2  -14735.2  201.957  2813.68
174  160  2025-06-09 22-10-54  1510.4  15102  -14736.7  202.015  2823.62
175  160  2025-06-09 22-10-54  1512  15110.9  -14738.1  202.072  2815.87
176  160  2025-06-09 22-10-54  1513.6  15119.8  -14739.6  202.13  2825.82
177  160  2025-06-09 22-10-54  1515.2  15128.7  -14741  202.187  2818.1
178  160  2025-06-09 22-10-54  1516.8  15137.6  -14742.4  202.245  2810.29
179  160  2025-06-09 22-10-54  1518.4  15146.6  -14743.8  202.303  2820.18
180  160  2025-06-09 22-10-54  1520  15155.5  -14745.2  202.36  2812.38
181  160  2025-06-09 22-10-54  1521.6  15164.4  -14746.7  202.418  2822.29
182  160  2025-06-09 22-10-54  1523.2  15173.3  -14748.1  202.475  2814.51
183  160  2025-06-09 22-10-54  1524.8  15182.3  -14749.6  202.533  2824.43
184  160  2025-06-09 22-10-54  1526.4  15191.2  -14751  202.59  2816.67
185  160  2025-06-09 22-10-54  1528  15200.2  -14752.5  202.648  2826.61
186  160  2025-06-09 22-10-54  1529.6  15209.1  -14754  202.705  2818.86
187  160  2025-06-09 22-10-54  1531.2  15218.1  -14755.3  202.763  2811.04
188  160  2025-06-09 22-10-54  1532.8  15227  -14756.8  202.821  2820.91
189  160  2025-06-09 22-10-54  1534.4  15236  -14758.2  202.878  2813.1
190  160  2025-06-09 22-10-54  1536  15245  -14759.7  202.936  2822.99
191  160  2025-06-09 22-10-54  1537.6  15254  -14761.1  202.993  2815.2
192  160  2025-06-09 22-10-54  1539.2  15263  -14762.6  203.051  2825.1
193  160  2025-06-09 22-10-54  1540.8  15272  -14764.1  203.108  2817.33
194  160  2025-06-09 22-10-54  1542.4  15280.9  -14765.6  203.166  2827.25
195  160  2025-06-09 22-10-54  1544  15289.9  -14767.1  203.223  2819.49
196  160  2025-06-09 22-10-54  1545.6  15299  -14768.4  203.281  2811.65
197  160  2025-06-09 22-10-54  1547.2  15308  -14769.9  203.339  2821.5
198  160  2025-06-09 22-10-54  1548.8  15317  -14771.3  203.396  2813.68
199  160  2025-06-09 22-10-54  1550.4  15326  -14772.8  203.454  2823.55
200  160  2025-06-09 22-10-54  1552  15335.1  -14774.3  203.511  2815.74
201  160  2025-06-09 22-10-54  1553.6  15344.1  -14775.8  203.569  2825.63
202  160  2025-06-09 22-10-54  1555.2  15353.2  -14777.2  203.626  2817.84
203  160  2025-06-09 22-10-54  1556.8  15362.2  -14778.8  203.684  2827.74
204  160  2025-06-09 22-10-54  1558.4  15371.2  -14780.3  203.741  2819.97
205  160  2025-06-09 22-10-54  1560  15380.3  -14781.7  203.799  2812.11
206  160  2025-06-09 22-10-54  1561.6  15389.4  -14783.2  203.857  2821.95
207  160  2025-06-09 22-10-54  1563.2  15398.5  -14784.6  203.914  2814.11
208  160  2025-06-09 22-10-54  1564.8  15407.5  -14786.1  203.972  2823.97
209  160  2025-06-09 22-10-54  1566.4  15416.6  -14787.5  204.029  2816.14
210  160  2025-06-09 22-10-54  1568  15425.7  -14789.1  204.087  2826.02
211  160  2025-06-09 22-10-54  1569.6  15434.8  -14790.5  204.144  2818.21
212  160  2025-06-09 22-10-54  1571.2  15443.9  -14792.1  204.202  2828.1
213  160  2025-06-09 22-10-54  1572.8  15453  -14793.6  204.259  2820.3
214  160  2025-06-09 22-10-54  1574.4  15462.1  -14795  204.317  2812.43
215  160  2025-06-09 22-10-54  1576  15471.2  -14796.5  204.375  2822.26
216  160  2025-06-09 22-10-54  1577.6  15480.4  -14797.9  204.432  2814.4
217  160  2025-06-09 22-10-54  1579.2  15489.5  -14799.5  204.49  2824.24
218  160  2025-06-09 22-10-54  1580.8  15498.6  -14800.9  204.547  2816.4
219  160  2025-06-09 22-10-54  1582.4  15507.7  -14802.5  204.605  2826.26
220  160  2025-06-09 22-10-54  1584  15516.9  -14803.9  204.662  2818.43
221  160  2025-06-09 22-10-54  1585.6  15526.1  -14805.3  204.72  2810.53
222  160  2025-06-09 22-10-54  1587.2  15535.2  -14806.8  204.777  2820.32
223  160  2025-06-09 22-10-54  1588.8  15544.4  -14808.2  204.835  2812.43
224  160  2025-06-09 22-10-54  1590.4  15553.6  -14809.8  204.893  2822.24
225  160  2025-06-09 22-10-54  1592  15562.7  -14811.2  204.95  2814.37
226  160  2025-06-09 22-10-54  1593.6  15571.9  -14812.7  205.008  2824.19
227  160  2025-06-09 22-10-54  1595.2  15581.1  -14814.2  205.065  2816.34
228  160  2025-06-09 22-10-54  1596.8  15590.3  -14815.8  205.123  2826.18
229  160  2025-06-09 22-10-54  1598.4  15599.5  -14817.2  205.18  2818.34
230  160  2025-06-09 22-10-54  1600  15608.7  -14818.6  205.238  2810.42
231  160  2025-06-09 22-10-54  1601.6  15617.9  -14820.1  205.295  2820.19
232  160  2025-06-09 22-10-54  1603.2  15627.1  -14821.6  205.353  2812.29
233  160  2025-06-09 22-10-54  1604.8  15636.4  -14823.1  205.411  2822.08
234  160  2025-06-09 22-10-54  1606.4  15645.6  -14824.5  205.468  2814.19
235  160  2025-06-09 22-10-54  1608  15654.8  -14826.1  205.526  2824
236  160  2025-06-09 22-10-54  1609.6  15664.1  -14827.5  205.583  2816.13
237  160  2025-06-09 22-10-54  1611.2  15673.3  -14829.1  205.641  2825.95
238  160  2025-06-09 22-10-54  1612.8  15682.5  -14830.6  205.698  2818.1
239  160  2025-06-09 22-10-54  1614.4  15691.8  -14832.2  205.756  2827.94
240  160  2025-06-09 22-10-54  1616  15701  -14833.7  205.813  2820.1
241  160  2025-06-09 22-10-54  1617.6  15710.3  -14835.1  205.871  2812.18
242  160  2025-06-09 22-10-54  1619.2  15719.6  -14836.6  205.929  2821.95
243  160  2025-06-09 22-10-54  1620.8  15728.9  -14838.1  205.986  2814.05
244  160  2025-06-09 22-10-54  1622.4  15738.1  -14839.6  206.044  2823.84
245  160  2025-06-09 22-10-54  1624  15747.4  -14841.1  206.101  2815.95
246  160  2025-06-09 22-10-54  1625.6  15756.7  -14842.7  206.159  2825.76
247  160  2025-06-09 22-10-54  1627.2  15766  -14844.2  206.216  2817.89
248  160  2025-06-09 22-10-54  1628.8  15775.3  -14845.8  206.274  2827.71
249  160  2025-06-09 22-10-54  1630.4  15784.6  -14847.3  206.331  2819.86
250  160  2025-06-09 22-10-54  1632  15794  -14848.7  206.389  2811.92
251  160  2025-06-09 22-10-54  1633.6  15803.3  -14850.3  206.447  2821.68
252  160  2025-06-09 22-10-54  1635.2  15812.6  -14851.7  206.504  2813.76
253  160  2025-06-09 22-10-54  1636.8  15821.9  -14853.3  206.562  2823.54
254  160  2025-06-09 22-10-54  1638.4  15831.3  -14854.8  206.619  2815.63
255  160  2025-06-09 22-10-54  1640  15840.6  -14856.3  206.677  2825.42
256  160  2025-06-09 22-10-54  1641.6  15850  -14857.8  206.734  2817.54
257  160  2025-06-09 22-10-54  1643.2  15859.3  -14859.4  206.792  2827.34
258  160  2025-06-09 22-10-54  1644.8  15868.7  -14860.9  206.849  2819.47
259  160  2025-06-09 22-10-54  1646.4  15878.1  -14862.4  206.907  2811.52
260  160  2025-06-09 22-10-54  1648  15887.4  -14863.9  206.965  2821.26
261  160  2025-06-09 22-10-54  1649.6  15896.8  -14865.4  207.022  2813.33
262  160  2025-06-09 22-10-54  1651.2  15906.2  -14866.9  207.08  2823.09
263  160  2025-06-09 22-10-54  1652.8  15915.6  -14868.4  207.137  2815.17
264  160  2025-06-09 22-10-54  1654.4  15925  -14870  207.195  2824.94
265  160  2025-06-09 22-10-54  1656  15934.4  -14871.5  207.252  2817.04
266  160  2025-06-09 22-10-54  1657.6  15943.8  -14873.1  207.31  2826.83
267  160  2025-06-09 22-10-54  1659.2  15953.2  -14874.6  207.367  2818.94
268  160  2025-06-09 22-10-54  1660.8  15962.6  -14876.1  207.425  2810.98
269  160  2025-06-09 22-10-54  1662.4  15972.1  -14877.6  207.483  2820.7
270  160  2025-06-09 22-10-54  1664  15981.5  -14879.1  207.54  2812.75
271  160  2025-06-09 22-10-54  1665.6  15990.9  -14880.6  207.598  2822.5
272  160  2025-06-09 22-10-54  1667.2  16000.4  -14882.1  207.655  2814.56
273  160  2025-06-09 22-10-54  1668.8  16009.8  -14883.7  207.713  2824.32
274  160  2025-06-09 22-10-54  1670.4  16019.3  -14885.2  207.77  2816.4
275  160  2025-06-09 22-10-54  1672  16028.7  -14886.8  207.828  2826.18
276  160  2025-06-09 22-10-54  1673.6  16038.2  -14888.3  207.885  2818.27
277  160  2025-06-09 22-10-54  1675.2  16047.7  -14889.8  207.943  2810.29
278  160  2025-06-09 22-10-54  1676.8  16057.2  -14891.3  208.001  2820
279  160  2025-06-09 22-10-54  1678.4  16066.7  -14892.8  208.058  2812.03
280  160  2025-06-09 22-10-54  1680  16076.1  -14894.3  208.116  2821.76
281  160  2025-06-09 22-10-54  1681.6  16085.6  -14895.8  208.173  2813.81
282  160  2025-06-09 22-10-54  1683.2  16095.1  -14897.4  208.231  2823.55
283  160  2025-06-09 22-10-54  1684.8  16104.6  -14898.9  208.288  2815.62
284  160  2025-06-09 22-10-54  1686.4  16114.1  -14900.5  208.346  2825.38
285  160  2025-06-09 22-10-54  1688  16123.7  -14902  208.404  2817.46
286  160  2025-06-09 22-10-54  1689.6  16133.2  -14903.7  208.461  2827.23
287  160  2025-06-09 22-10-54  1691.2  16142.7  -14905.2  208.519  2819.33
288  160  2025-06-09 22-10-54  1692.8  16152.2  -14906.7  208.576  2811.34
289  160  2025-06-09 22-10-54  1694.4  16161.8  -14908.2  208.634  2821.06
290  160  2025-06-09 22-10-54  1696  16171.3  -14909.7  208.691  2813.09
291  160  2025-06-09 22-10-54  1697.6  16180.9  -14911.3  208.749  2822.82
292  160  2025-06-09 22-10-54  1699.2  16190.4  -14912.8  208.806  2814.86
293  160  2025-06-09 22-10-54  1700.8  16200  -14914.4  208.864  2824.61
294  160  2025-06-09 22-10-54  1702.4  16209.6  -14915.9  208.922  2816.67
295  160  2025-06-09 22-10-54  1704  16219.1  -14917.6  208.979  2826.43
296  160  2025-06-09 22-10-54  1705.6  16228.7  -14919.1  209.037  2818.51
297  160  2025-06-09 22-10-54  1707.2  16238.3  -14920.6  209.094  2810.51
298  160  2025-06-09 22-10-54  1708.8  16247.9  -14922.1  209.152  2820.21
299  160  2025-06-09 22-10-54  1710.4  16257.5  -14923.6  209.209  2812.22
300  160  2025-06-09 22-10-54  1712  16267.1  -14925.2  209.267  2821.94
301  160  2025-06-09 22-10-54  1713.6  16276.7  -14926.7  209.324  2813.97
302  160  2025-06-09 22-10-54  1715.2  16286.3  -14928.3  209.382  2823.7
303  160  2025-06-09 22-10-54  1716.8  16295.9  -14929.8  209.44  2815.74
304  160  2025-06-09 22-10-54  1718.4  16305.6  -14931.4  209.497  2825.49
305  160  2025-06-09 22-10-54  1720  16315.2  -14933  209.555  2817.55
306  160  2025-06-09 22-10-54  1721.6  16324.8  -14934.6  209.612  2827.31
307  160  2025-06-09 22-10-54  1723.2  16334.5  -14936.2  209.67  2819.39
308  160  2025-06-09 22-10-54  1724.8  16344.1  -14937.7  209.727  2811.39
309  160  2025-06-09 22-10-54  1726.4  16353.8  -14939.3  209.785  2821.09
310  160  2025-06-09 22-10-54  1728  16363.4  -14940.8  209.842  2813.1
311  160  2025-06-09 22-10-54  1729.6  16373.1  -14942.4  209.9  2822.82
312  160  2025-06-09 22-10-54  1731.2  16382.8  -14943.9  209.958  2814.85
313  160  2025-06-09 22-10-54  1732.8  16392.4  -14945.5  210.015  2824.58
314  160  2025-06-09 22-10-54  1734.4  16402.1  -14947  210.073  2816.62
315  160  2025-06-09 22-10-54  1736  16411.8  -14948.7  210.13  2826.37
316  160  2025-06-09 22-10-54  1737.6  16421.5  -14950.2  210.188  2818.43
317  160  2025-06-09 22-10-54  1739.2  16431.2  -14951.7  210.245  2810.42
318  160  2025-06-09 22-10-54  1740.8  16440.9  -14953.3  210.303  2820.1
319  160  2025-06-09 22-10-54  1742.4  16450.6  -14954.8  210.36  2812.1
320  160  2025-06-09 22-10-54  1744  16460.3  -14956.4  210.418  2821.79
321  160  2025-06-09 22-10-54  1745.6  16470.1  -14957.9  210.476  2813.81
322  160  2025-06-09 22-10-54  1747.2  16479.8  -14959.5  210.533  2823.52
323  160  2025-06-09 22-10-54  1748.8  16489.5  -14961.1  210.591  2815.55
324  160  2025-06-09 22-10-54  1750.4  16499.2  -14962.7  210.648  2825.28
325  160  2025-06-09 22-10-54  1752  16509  -14964.3  210.706  2817.33
326  160  2025-06-09 22-10-54  1753.6  16518.7  -14965.9  210.763  2827.07
327  160  2025-06-09 22-10-54  1755.2  16528.5  -14967.5  210.821  2819.14
328  160  2025-06-09 22-10-54  1756.8  16538.3  -14969  210.878  2811.12
329  160  2025-06-09 22-10-54  1758.4  16548  -14970.6  210.936  2820.8
330  160  2025-06-09 22-10-54  1760  16557.8  -14972.1  210.994  2812.8
331  160  2025-06-09 22-10-54  1761.6  16567.6  -14973.8  211.051  2822.5
332  160  2025-06-09 22-10-54  1763.2  16577.4  -14975.3  211.109  2814.51
333  160  2025-06-09 22-10-54  1764.8  16587.1  -14976.9  211.166  2824.22
334  160  2025-06-09 22-10-54  1766.4  16596.9  -14978.5  211.224  2816.26
335  160  2025-06-09 22-10-54  1768  16606.7  -14980.1  211.281  2825.98
336  160  2025-06-09 22-10-54  1769.6  16616.5  -14981.7  211.339  2818.03
337  160  2025-06-09 22-10-54  1771.2  16626.4  -14983.2  211.396  2810
338  160  2025-06-09 22-10-54  1772.8  16636.2  -14984.8  211.454  2819.66
339  160  2025-06-09 22-10-54  1774.4  16646  -14986.3  211.512  2811.65
340  160  2025-06-09 22-10-54  1776  16655.8  -14987.9  211.569  2821.33
341  160  2025-06-09 22-10-54  1777.6  16665.7  -14989.5  211.627  2813.33
342  160  2025-06-09 22-10-54  1779.2  16675.5  -14991.1  211.684  2823.02
343  160  2025-06-09 22-10-54  1780.8  16685.4  -14992.6  211.742  2815.04
344  160  2025-06-09 22-10-54  1782.4  16695.2  -14994.3  211.799  2824.75
345  160  2025-06-09 22-10-54  1784  16705.1  -14995.9  211.857  2816.78
346  160  2025-06-09 22-10-54  1785.6  16714.9  -14997.5  211.914  2826.51
347  160  2025-06-09 22-10-54  1787.2  16724.8  -14999.1  211.972  2818.56
348  160  2025-06-09 22-10-54  1788.8  16734.7  -15000.6  212.03  2810.53
349  160  2025-06-09 22-10-54  1790.4  16744.6  -15002.2  212.087  2820.19
350  160  2025-06-09 22-10-54  1792  16754.5  -15003.8  212.145  2812.18
351  160  2025-06-09 22-10-54  1793.6  16764.4  -15005.4  212.202  2821.86
352  160  2025-06-09 22-10-54  1795.2  16774.3  -15007  212.26  2813.86
353  160  2025-06-09 22-10-54  1796.8  16784.2  -15008.6  212.317  2823.55
354  160  2025-06-09 22-10-54  1798.4  16794.1  -15010.2  212.375  2815.57
355  160  2025-06-09 22-10-54  1800  16804  -15011.8  212.432  2825.28
356  160  2025-06-09 22-10-54  1801.6  16813.9  -15013.4  212.49  2817.31
357  160  2025-06-09 22-10-54  1803.2  16823.8  -15015.1  212.548  2827.04
358  160  2025-06-09 22-10-54  1804.8  16833.7  -15016.7  212.605  2819.09
359  160  2025-06-09 22-10-54  1806.4  16843.7  -15018.2  212.663  2811.06
360  160  2025-06-09 22-10-54  1808  16853.6  -15019.9  212.72  2820.72
361  160  2025-06-09 22-10-54  1809.6  16863.6  -15021.4  212.778  2812.7
362  160  2025-06-09 22-10-54  1811.2  16873.5  -15023.1  212.835  2822.38
363  160  2025-06-09 22-10-54  1812.8  16883.5  -15024.6  212.893  2814.38
364  160  2025-06-09 22-10-54  1814.4  16893.5  -15026.3  212.95  2824.08
365  160  2025-06-09 22-10-54  1816  16903.4  -15027.9  213.008  2816.1
366  160  2025-06-09 22-10-54  1817.6  16913.4  -15029.6  213.066  2825.81
367  160  2025-06-09 22-10-54  1819.2  16923.4  -15031.2  213.123  2817.84
368  160  2025-06-09 22-10-54  1820.8  16933.4  -15032.7  213.181  2809.79
369  160  2025-06-09 22-10-54  1822.4  16943.4  -15034.3  213.238  2819.44
370  160  2025-06-09 22-10-54  1824  16953.4  -15035.8  213.296  2811.41
371  160  2025-06-09 22-10-54  1825.6  16963.4  -15037.5  213.353  2821.07
372  160  2025-06-09 22-10-54  1827.2  16973.4  -15039  213.411  2813.06
373  160  2025-06-09 22-10-54  1828.8  16983.4  -15040.7  213.468  2822.74
374  160  2025-06-09 22-10-54  1830.4  16993.5  -15042.3  213.526  2814.74
375  160  2025-06-09 22-10-54  1832  17003.5  -15043.9  213.584  2824.43
376  160  2025-06-09 22-10-54  1833.6  17013.5  -15045.5  213.641  2816.45
377  160  2025-06-09 22-10-54  1835.2  17023.5  -15047.2  213.699  2826.16
378  160  2025-06-09 22-10-54  1836.8  17033.6  -15048.9  213.756  2818.19
379  160  2025-06-09 22-10-54  1838.4  17043.7  -15050.4  213.814  2810.14
380  160  2025-06-09 22-10-54  1840  17053.7  -15052  213.871  2819.79
381  160  2025-06-09 22-10-54  1841.6  17063.8  -15053.6  213.929  2811.76
382  160  2025-06-09 22-10-54  1843.2  17073.8  -15055.2  213.986  2821.42
383  160  2025-06-09 22-10-54  1844.8  17083.9  -15056.8  214.044  2813.41
384  160  2025-06-09 22-10-54  1846.4  17094  -15058.5  214.102  2823.09
385  160  2025-06-09 22-10-54  1848  17104.1  -15060.1  214.159  2815.09
386  160  2025-06-09 22-10-54  1849.6  17114.2  -15061.7  214.217  2824.78
387  160  2025-06-09 22-10-54  1851.2  17124.3  -15063.4  214.274  2816.8
388  160  2025-06-09 22-10-54  1852.8  17134.4  -15064.9  214.332  2808.74
389  160  2025-06-09 22-10-54  1854.4  17144.5  -15066.5  214.389  2818.37
390  160  2025-06-09 22-10-54  1856  17154.6  -15068  214.447  2810.32
391  160  2025-06-09 22-10-54  1857.6  17164.7  -15069.7  214.504  2819.97
392  160  2025-06-09 22-10-54  1859.2  17174.9  -15071.3  214.562  2811.94
393  160  2025-06-09 22-10-54  1860.8  17185  -15072.9  214.62  2821.6
394  160  2025-06-09 22-10-54  1862.4  17195.2  -15074.5  214.677  2813.58
395  160  2025-06-09 22-10-54  1864  17205.3  -15076.2  214.735  2823.26
396  160  2025-06-09 22-10-54  1865.6  17215.4  -15077.8  214.792  2815.26
397  160  2025-06-09 22-10-54  1867.2  17225.6  -15079.5  214.85  2824.96
398  160  2025-06-09 22-10-54  1868.8  17235.7  -15081.1  214.907  2816.98
399  160  2025-06-09 22-10-54  1870.4  17245.9  -15082.6  214.965  2808.91
400  160  2025-06-09 22-10-54  1872  17256.1  -15084.3  215.022  2818.54
401  160  2025-06-09 22-10-54  1873.6  17266.3  -15085.8  215.08  2810.5
402  160  2025-06-09 22-10-54  1875.2  17276.5  -15087.5  215.138  2820.14
403  160  2025-06-09 22-10-54  1876.8  17286.7  -15089.1  215.195  2812.11
404  160  2025-06-09 22-10-54  1878.4  17296.9  -15090.7  215.253  2821.78
405  160  2025-06-09 22-10-54  1880  17307.1  -15092.3  215.31  2813.76
406  160  2025-06-09 22-10-54  1881.6  17317.3  -15094  215.368  2823.44
407  160  2025-06-09 22-10-54  1883.2  17327.5  -15095.6  215.425  2815.44
408  160  2025-06-09 22-10-54  1884.8  17337.7  -15097.4  215.483  2825.14
409  160  2025-06-09 22-10-54  1886.4  17347.9  -15099  215.54  2817.15
410  160  2025-06-09 22-10-54  1888  17358.2  -15100.5  215.598  2809.09
411  160  2025-06-09 22-10-54  1889.6  17368.4  -15102.2  215.656  2818.72
412  160  2025-06-09 22-10-54  1891.2  17378.6  -15103.8  215.713  2810.67
413  160  2025-06-09 22-10-54  1892.8  17388.9  -15105.4  215.771  2820.32
414  160  2025-06-09 22-10-54  1894.4  17399.1  -15107  215.828  2812.29
415  160  2025-06-09 22-10-54  1896  17409.4  -15108.7  215.886  2821.95
416  160  2025-06-09 22-10-54  1897.6  17419.7  -15110.3  215.943  2813.94
417  160  2025-06-09 22-10-54  1899.2  17429.9  -15112  216.001  2823.62
418  160  2025-06-09 22-10-54  1900.8  17440.2  -15113.6  216.058  2815.62
419  160  2025-06-09 22-10-54  1902.4  17450.5  -15115.2  216.116  2807.54
420  160  2025-06-09 22-10-54  1904  17460.8  -15116.8  216.174  2817.15
421  160  2025-06-09 22-10-54  1905.6  17471.1  -15118.4  216.231  2809.09
422  160  2025-06-09 22-10-54  1907.2  17481.4  -15120  216.289  2818.72
423  160  2025-06-09 22-10-54  1908.8  17491.7  -15121.6  216.346  2810.67
424  160  2025-06-09 22-10-54  1910.4  17502  -15123.3  216.404  2820.32
425  160  2025-06-09 22-10-54  1912  17512.3  -15124.9  216.461  2812.29
426  160  2025-06-09 22-10-54  1913.6  17522.6  -15126.6  216.519  2821.95
427  160  2025-06-09 22-10-54  1915.2  17533  -15128.2  216.576  2813.94
428  160  2025-06-09 22-10-54  1916.8  17543.3  -15129.9  216.634  2823.62
429  160  2025-06-09 22-10-54  1918.4  17553.6  -15131.6  216.692  2815.62
430  160  2025-06-09 22-10-54  1920  17564  -15133.1  216.749  2807.54
431  160  2025-06-09 22-10-54  1921.6  17574.3  -15134.7  216.807  2817.15
432  160  2025-06-09 22-10-54  1923.2  17584.7  -15136.3  216.864  2809.09
433  160  2025-06-09 22-10-54  1924.8  17595.1  -15138  216.922  2818.72
434  160  2025-06-09 22-10-54  1926.4  17605.4  -15139.6  216.979  2810.67
435  160  2025-06-09 22-10-54  1928  17615.8  -15141.3  217.037  2820.32
436  160  2025-06-09 22-10-54  1929.6  17626.2  -15142.9  217.094  2812.29
437  160  2025-06-09 22-10-54  1931.2  17636.6  -15144.6  217.152  2821.95
438  160  2025-06-09 22-10-54  1932.8  17647  -15146.2  217.21  2813.94
439  160  2025-06-09 22-10-54  1934.4  17657.4  -15147.9  217.267  2823.62
440  160  2025-06-09 22-10-54  1936  17667.8  -15149.6  217.325  2815.62
441  160  2025-06-09 22-10-54  1937.6  17678.2  -15151.1  217.382  2807.54
442  160  2025-06-09 22-10-54  1939.2  17688.6  -15152.8  217.44  2817.15
443  160  2025-06-09 22-10-54  1940.8  17699  -15154.4  217.497  2809.09
444  160  2025-06-09 22-10-54  1942.4  17709.4  -15156  217.555  2818.72
445  160  2025-06-09 22-10-54  1944  17719.9  -15157.6  217.612  2810.67
446  160  2025-06-09 22-10-54  1945.6  17730.3  -15159.3  217.67  2820.32
447  160  2025-06-09 22-10-54  1947.2  17740.8  -15160.9  217.728  2812.29
448  160  2025-06-09 22-10-54  1948.8  17751.2  -15162.7  217.785  2821.95
449  160  2025-06-09 22-10-54  1950.4  17761.7  -15164.3  217.843  2813.94
450  160  2025-06-09 22-10-54  1952  17772.1  -15166  217.9  2823.62
451  160  2025-06-09 22-10-54  1953.6  17782.6  -15167.7  217.958  2815.62
452  160  2025-06-09 22-10-54  1955.2  17793.1  -15169.3  218.015  2807.54
453  160  2025-06-09 22-10-54  1956.8  17803.5  -15170.9  218.073  2817.15
454  160  2025-06-09 22-10-54  1958.4  17814  -15172.5  218.13  2809.09
455  160  2025-06-09 22-10-54  1960  17824.5  -15174.2  218.188  2818.72
456  160  2025-06-09 22-10-54  1961.6  17835  -15175.8  218.246  2810.67
457  160  2025-06-09 22-10-54  1963.2  17845.5  -15177.5  218.303  2820.32
458  160  2025-06-09 22-10-54  1964.8  17856  -15179.1  218.361  2812.29
459  160  2025-06-09 22-10-54  1966.4  17866.5  -15180.9  218.418  2821.95
460  160  2025-06-09 22-10-54  1968  17877  -15182.5  218.476  2813.94
461  160  2025-06-09 22-10-54  1969.6  17887.5  -15184.3  218.533  2823.62
462  160  2025-06-09 22-10-54  1971.2  17898.1  -15185.9  218.591  2815.62
463  160  2025-06-09 22-10-54  1972.8  17908.6  -15187.5  218.648  2807.54
464  160  2025-06-09 22-10-54  1974.4  17919.2  -15189.2  218.706  2817.15
465  160  2025-06-09 22-10-54  1976  17929.7  -15190.8  218.764  2809.09
466  160  2025-06-09 22-10-54  1977.6  17940.3  -15192.5  218.821  2818.72
467  160  2025-06-09 22-10-54  1979.2  17950.8  -15194.1  218.879  2810.67
468  160  2025-06-09 22-10-54  1980.8  17961.4  -15195.8  218.936  2820.32
469  160  2025-06-09 22-10-54  1982.4  17972  -15197.4  218.994  2812.29
470  160  2025-06-09 22-10-54  1984  17982.5  -15199.2  219.051  2821.95
471  160  2025-06-09 22-10-54  1985.6  17993.1  -15200.8  219.109  2813.94
472  160  2025-06-09 22-10-54  1987.2  18003.7  -15202.6  219.167  2823.62
473  160  2025-06-09 22-10-54  1988.8  18014.3  -15204.3  219.224  2815.62
474  160  2025-06-09 22-10-54  1990.4  18024.9  -15205.9  219.282  2807.54
475  160  2025-06-09 22-10-54  1992  18035.5  -15207.5  219.339  2817.15
476  160  2025-06-09 22-10-54  1993.6  18046.1  -15209.1  219.397  2809.09
477  160  2025-06-09 22-10-54  1995.2  18056.7  -15210.9  219.454  2818.72
478  160  2025-06-09 22-10-54  1996.8  18067.3  -15212.5  219.512  2810.67
479  160  2025-06-09 22-10-54  1998.4  18077.9  -15214.2  219.569  2820.32
480  160  2025-06-09 22-10-54  2000  18088.6  -15215.9  219.627  2812.29
481  160  2025-06-09 22-10-54  2001.6  18099.2  -15217.6  219.685  2821.95
482  160  2025-06-09 22-10-54  2003.2  18109.9  -15219.3  219.742  2813.94
483  160  2025-06-09 22-10-54  2004.8  18120.5  -15220.8  219.8  2805.84
484  160  2025-06-09 22-10-54  2006.4  18131.2  -15222.5  219.857  2815.44
485  160  2025-06-09 22-10-54  2008  18141.8  -15224.1  219.915  2807.36
486  160  2025-06-09 22-10-54  2009.6  18152.5  -15225.8  219.972  2816.98
487  160  2025-06-09 22-10-54  2011.2  18163.2  -15227.4  220.03  2808.91
488  160  2025-06-09 22-10-54  2012.8  18173.9  -15229.1  220.087  2818.54
489  160  2025-06-09 22-10-54  2014.4  18184.6  -15230.8  220.145  2810.5
490  160  2025-06-09 22-10-54  2016  18195.2  -15232.5  220.203  2820.14
491  160  2025-06-09 22-10-54  2017.6  18205.9  -15234.1  220.26  2812.11
492  160  2025-06-09 22-10-54  2019.2  18216.6  -15235.9  220.318  2821.78
493  160  2025-06-09 22-10-54  2020.8  18227.3  -15237.6  220.375  2813.76
494  160  2025-06-09 22-10-54  2022.4  18238.1  -15239.2  220.433  2805.66
495  160  2025-06-09 22-10-54  2024  18248.8  -15240.8  220.49  2815.26
496  160  2025-06-09 22-10-54  2025.6  18259.5  -15242.4  220.548  2807.18
497  160  2025-06-09 22-10-54  2027.2  18270.2  -15244.1  220.605  2816.8
498  160  2025-06-09 22-10-54  2028.8  18281  -15245.8  220.663  2808.74
499  160  2025-06-09 22-10-54  2030.4  18291.7  -15247.5  220.721  2818.37
500  160  2025-06-09 22-10-54  2032  18302.5  -15249.1  220.778  2810.32
501  160  2025-06-09 22-10-54  2033.6  18313.2  -15250.9  220.836  2819.97
502  160  2025-06-09 22-10-54  2035.2  18324  -15252.5  220.893  2811.94
503  160  2025-06-09 22-10-54  2036.8  18334.7  -15254.3  220.951  2821.6
504  160  2025-06-09 22-10-54  2038.4  18345.5  -15256  221.008  2813.58
505  160  2025-06-09 22-10-54  2040  18356.3  -15257.6  221.066  2805.49
506  160  2025-06-09 22-10-54  2041.6  18367.1  -15259.3  221.123  2815.09
507  160  2025-06-09 22-10-54  2043.2  18377.9  -15260.9  221.181  2807.01
508  160  2025-06-09 22-10-54  2044.8  18388.7  -15262.6  221.239  2816.62
509  160  2025-06-09 22-10-54  2046.4  18399.5  -15264.2  221.296  2808.56
510  160  2025-06-09 22-10-54  2048  18410.3  -15265.9  221.354  2818.19
511  160  2025-06-09 22-10-54  2049.6  18421.1  -15267.6  221.411  2810.14
512  160  2025-06-09 22-10-54  2051.2  18431.9  -15269.3  221.469  2819.79
513  160  2025-06-09 22-10-54  2052.8  18442.7  -15271  221.526  2811.76
514  160  2025-06-09 22-10-54  2054.4  18453.5  -15272.8  221.584  2821.42
515  160  2025-06-09 22-10-54  2056  18464.4  -15274.5  221.641  2813.41
516  160  2025-06-09 22-10-54  2057.6  18475.2  -15276  221.699  2805.31
517  160  2025-06-09 22-10-54  2059.2  18486.1  -15277.8  221.757  2814.91
518  160  2025-06-09 22-10-54  2060.8  18496.9  -15279.4  221.814  2806.83
519  160  2025-06-09 22-10-54  2062.4  18507.8  -15281.1  221.872  2816.45
520  160  2025-06-09 22-10-54  2064  18518.6  -15282.7  221.929  2808.38
521  160  2025-06-09 22-10-54  2065.6  18529.5  -15284.5  221.987  2818.02
522  160  2025-06-09 22-10-54  2067.2  18540.4  -15286.1  222.044  2809.97
523  160  2025-06-09 22-10-54  2068.8  18551.2  -15287.9  222.102  2819.62
524  160  2025-06-09 22-10-54  2070.4  18562.1  -15289.5  222.159  2811.58
525  160  2025-06-09 22-10-54  2072  18573  -15291.3  222.217  2821.25
526  160  2025-06-09 22-10-54  2073.6  18583.9  -15293  222.275  2813.23
527  160  2025-06-09 22-10-54  2075.2  18594.8  -15294.6  222.332  2805.14
528  160  2025-06-09 22-10-54  2076.8  18605.7  -15296.3  222.39  2814.74
529  160  2025-06-09 22-10-54  2078.4  18616.7  -15297.9  222.447  2806.66
530  160  2025-06-09 22-10-54  2080  18627.6  -15299.7  222.505  2816.27
531  160  2025-06-09 22-10-54  2081.6  18638.5  -15301.3  222.562  2808.21
532  160  2025-06-09 22-10-54  2083.2  18649.4  -15303.1  222.62  2817.84
533  160  2025-06-09 22-10-54  2084.8  18660.4  -15304.7  222.677  2809.79
534  160  2025-06-09 22-10-54  2086.4  18671.3  -15306.5  222.735  2819.44
535  160  2025-06-09 22-10-54  2088  18682.2  -15308.2  222.793  2811.41
536  160  2025-06-09 22-10-54  2089.6  18693.2  -15309.8  222.85  2803.3
537  160  2025-06-09 22-10-54  2091.2  18704.2  -15311.5  222.908  2812.88
538  160  2025-06-09 22-10-54  2092.8  18715.2  -15313.1  222.965  2804.78
539  160  2025-06-09 22-10-54  2094.4  18726.1  -15314.8  223.023  2814.38
540  160  2025-06-09 22-10-54  2096  18737.1  -15316.4  223.08  2806.3
541  160  2025-06-09 22-10-54  2097.6  18748.1  -15318.1  223.138  2815.92
542  160  2025-06-09 22-10-54  2099.2  18759.1  -15319.8  223.195  2807.86
543  160  2025-06-09 22-10-54  2100.8  18770.1  -15321.5  223.253  2817.49
544  160  2025-06-09 22-10-54  2102.4  18781.1  -15323.2  223.311  2809.44
545  160  2025-06-09 22-10-54  2104  18792.1  -15325  223.368  2819.09
546  160  2025-06-09 22-10-54  2105.6  18803.1  -15326.7  223.426  2811.06
547  160  2025-06-09 22-10-54  2107.2  18814.1  -15328.3  223.483  2802.94
548  160  2025-06-09 22-10-54  2108.8  18825.2  -15330  223.541  2812.53
549  160  2025-06-09 22-10-54  2110.4  18836.2  -15331.6  223.598  2804.43
550  160  2025-06-09 22-10-54  2112  18847.2  -15333.3  223.656  2814.03
551  160  2025-06-09 22-10-54  2113.6  18858.3  -15334.9  223.713  2805.95
552  160  2025-06-09 22-10-54  2115.2  18869.3  -15336.7  223.771  2815.57
553  160  2025-06-09 22-10-54  2116.8  18880.4  -15338.3  223.829  2807.5
554  160  2025-06-09 22-10-54  2118.4  18891.4  -15340.1  223.886  2817.14
555  160  2025-06-09 22-10-54  2120  18902.5  -15341.7  223.944  2809.09
556  160  2025-06-09 22-10-54  2121.6  18913.6  -15343.5  224.001  2818.74
557  160  2025-06-09 22-10-54  2123.2  18924.6  -15345.2  224.059  2810.7
558  160  2025-06-09 22-10-54  2124.8  18935.7  -15346.8  224.116  2802.59
559  160  2025-06-09 22-10-54  2126.4  18946.8  -15348.5  224.174  2812.18
560  160  2025-06-09 22-10-54  2128  18957.9  -15350.1  224.231  2804.08
561  160  2025-06-09 22-10-54  2129.6  18969  -15351.8  224.289  2813.68
562  160  2025-06-09 22-10-54  2131.2  18980.1  -15353.5  224.347  2805.6
563  160  2025-06-09 22-10-54  2132.8  18991.2  -15355.2  224.404  2815.22
564  160  2025-06-09 22-10-54  2134.4  19002.4  -15356.9  224.462  2807.15
565  160  2025-06-09 22-10-54  2136  19013.5  -15358.6  224.519  2816.78
566  160  2025-06-09 22-10-54  2137.6  19024.6  -15360.3  224.577  2808.74
567  160  2025-06-09 22-10-54  2139.2  19035.7  -15362.1  224.634  2818.38
568  160  2025-06-09 22-10-54  2140.8  19046.9  -15363.8  224.692  2810.35
569  160  2025-06-09 22-10-54  2142.4  19058  -15365.4  224.749  2802.24
570  160  2025-06-09 22-10-54  2144  19069.2  -15367.1  224.807  2811.82
571  160  2025-06-09 22-10-54  2145.6  19080.4  -15368.7  224.865  2803.73
572  160  2025-06-09 22-10-54  2147.2  19091.5  -15370.5  224.922  2813.33
573  160  2025-06-09 22-10-54  2148.8  19102.7  -15372.1  224.98  2805.25
574  160  2025-06-09 22-10-54  2150.4  19113.9  -15373.9  225.037  2814.86
575  160  2025-06-09 22-10-54  2152  19125  -15375.5  225.095  2806.8
576  160  2025-06-09 22-10-54  2153.6  19136.2  -15377.3  225.152  2816.43
577  160  2025-06-09 22-10-54  2155.2  19147.4  -15379  225.21  2808.38
578  160  2025-06-09 22-10-54  2156.8  19158.6  -15380.8  225.267  2818.03
579  160  2025-06-09 22-10-54  2158.4  19169.8  -15382.5  225.325  2810
580  160  2025-06-09 22-10-54  2160  19181  -15384.1  225.383  2801.89
581  160  2025-06-09 22-10-54  2161.6  19192.2  -15385.8  225.44  2811.47
582  160  2025-06-09 22-10-54  2163.2  19203.5  -15387.4  225.498  2803.38
583  160  2025-06-09 22-10-54  2164.8  19214.7  -15389.1  225.555  2812.98
584  160  2025-06-09 22-10-54  2166.4  19225.9  -15390.8  225.613  2804.9
585  160  2025-06-09 22-10-54  2168  19237.2  -15392.5  225.67  2814.51
586  160  2025-06-09 22-10-54  2169.6  19248.4  -15394.2  225.728  2806.45
587  160  2025-06-09 22-10-54  2171.2  19259.7  -15396  225.785  2816.08
588  160  2025-06-09 22-10-54  2172.8  19270.9  -15397.7  225.843  2808.03
589  160  2025-06-09 22-10-54  2174.4  19282.2  -15399.3  225.901  2799.9
590  160  2025-06-09 22-10-54  2176  19293.5  -15401  225.958  2809.47
591  160  2025-06-09 22-10-54  2177.6  19304.7  -15402.6  226.016  2801.36
592  160  2025-06-09 22-10-54  2179.2  19316  -15404.3  226.073  2810.94
593  160  2025-06-09 22-10-54  2180.8  19327.3  -15405.9  226.131  2802.85
594  160  2025-06-09 22-10-54  2182.4  19338.6  -15407.7  226.188  2812.45
595  160  2025-06-09 22-10-54  2184  19349.9  -15409.3  226.246  2804.37
596  160  2025-06-09 22-10-54  2185.6  19361.2  -15411.1  226.303  2813.98
597  160  2025-06-09 22-10-54  2187.2  19372.5  -15412.7  226.361  2805.92
598  160  2025-06-09 22-10-54  2188.8  19383.8  -15414.5  226.419  2815.55
599  160  2025-06-09 22-10-54  2190.4  19395.1  -15416.2  226.476  2807.5
600  160  2025-06-09 22-10-54  2192  19406.5  -15417.8  226.534  2799.38
601  160  2025-06-09 22-10-54  2193.6  19417.8  -15419.5  226.591  2808.94
602  160  2025-06-09 22-10-54  2195.2  19429.2  -15421.1  226.649  2800.83
603  160  2025-06-09 22-10-54  2196.8  19440.5  -15422.8  226.706  2810.42
604  160  2025-06-09 22-10-54  2198.4  19451.9  -15424.4  226.764  2802.32
605  160  2025-06-09 22-10-54  2200  19463.2  -15426.2  226.821  2811.92
606  160  2025-06-09 22-10-54  2201.6  19474.6  -15427.8  226.879  2803.84
607  160  2025-06-09 22-10-54  2203.2  19485.9  -15429.6  226.937  2813.46
608  160  2025-06-09 22-10-54  2204.8  19497.3  -15431.3  226.994  2805.39
609  160  2025-06-09 22-10-54  2206.4  19508.7  -15433.1  227.052  2815.02
610  160  2025-06-09 22-10-54  2208  19520.1  -15434.7  227.109  2806.98
611  160  2025-06-09 22-10-54  2209.6  19531.5  -15436.6  227.167  2816.62
612  160  2025-06-09 22-10-54  2211.2  19542.8  -15438.3  227.224  2808.59
613  160  2025-06-09 22-10-54  2212.8  19554.3  -15439.9  227.282  2800.48
614  160  2025-06-09 22-10-54  2214.4  19565.7  -15441.6  227.339  2810.06
615  160  2025-06-09 22-10-54  2216  19577.1  -15443.2  227.397  2801.97
616  160  2025-06-09 22-10-54  2217.6  19588.5  -15445  227.455  2811.57
617  160  2025-06-09 22-10-54  2219.2  19599.9  -15446.6  227.512  2803.49
618  160  2025-06-09 22-10-54  2220.8  19611.4  -15448.4  227.57  2813.1
619  160  2025-06-09 22-10-54  2222.4  19622.8  -15450.1  227.627  2805.04
620  160  2025-06-09 22-10-54  2224  19634.2  -15451.9  227.685  2814.67
621  160  2025-06-09 22-10-54  2225.6  19645.7  -15453.6  227.742  2806.62
622  160  2025-06-09 22-10-54  2227.2  19657.1  -15455.4  227.8  2816.27
623  160  2025-06-09 22-10-54  2228.8  19668.6  -15457.1  227.857  2808.24
624  160  2025-06-09 22-10-54  2230.4  19680  -15458.7  227.915  2800.13
625  160  2025-06-09 22-10-54  2232  19691.5  -15460.4  227.973  2809.71
626  160  2025-06-09 22-10-54  2233.6  19703  -15462.1  228.03  2801.62
627  160  2025-06-09 22-10-54  2235.2  19714.5  -15463.8  228.088  2811.22
628  160  2025-06-09 22-10-54  2236.8  19726  -15465.5  228.145  2803.14
629  160  2025-06-09 22-10-54  2238.4  19737.5  -15467.3  228.203  2812.75
630  160  2025-06-09 22-10-54  2240  19749  -15468.9  228.26  2804.69
631  160  2025-06-09 22-10-54  2241.6  19760.5  -15470.7  228.318  2814.32
632  160  2025-06-09 22-10-54  2243.2  19772  -15472.4  228.375  2806.27
633  160  2025-06-09 22-10-54  2244.8  19783.5  -15474  228.433  2798.14
634  160  2025-06-09 22-10-54  2246.4  19795  -15475.8  228.491  2807.71
635  160  2025-06-09 22-10-54  2248  19806.6  -15477.4  228.548  2799.6
636  160  2025-06-09 22-10-54  2249.6  19818.1  -15479.1  228.606  2809.18
637  160  2025-06-09 22-10-54  2251.2  19829.6  -15480.8  228.663  2801.09
638  160  2025-06-09 22-10-54  2252.8  19841.2  -15482.5  228.721  2810.69
639  160  2025-06-09 22-10-54  2254.4  19852.7  -15484.2  228.778  2802.61
640  160  2025-06-09 22-10-54  2256  19864.3  -15486  228.836  2812.22
641  160  2025-06-09 22-10-54  2257.6  19875.9  -15487.6  228.893  2804.16
642  160  2025-06-09 22-10-54  2259.2  19887.4  -15489.4  228.951  2813.79
643  160  2025-06-09 22-10-54  2260.8  19899  -15491.1  229.009  2805.74
644  160  2025-06-09 22-10-54  2262.4  19910.6  -15492.7  229.066  2797.62
645  160  2025-06-09 22-10-54  2264  19922.2  -15494.5  229.124  2807.18
646  160  2025-06-09 22-10-54  2265.6  19933.8  -15496.1  229.181  2799.07
647  160  2025-06-09 22-10-54  2267.2  19945.4  -15497.8  229.239  2808.66
648  160  2025-06-09 22-10-54  2268.8  19957  -15499.5  229.296  2800.56
649  160  2025-06-09 22-10-54  2270.4  19968.6  -15501.2  229.354  2810.16
650  160  2025-06-09 22-10-54  2272  19980.2  -15502.9  229.411  2802.08
651  160  2025-06-09 22-10-54  2273.6  19991.8  -15504.7  229.469  2811.7
652  160  2025-06-09 22-10-54  2275.2  20003.5  -15506.3  229.527  2803.63
653  160  2025-06-09 22-10-54  2276.8  20015.1  -15508.1  229.584  2813.26
654  160  2025-06-09 22-10-54  2278.4  20026.7  -15509.8  229.642  2805.22
655  160  2025-06-09 22-10-54  2280  20038.4  -15511.5  229.699  2797.09
656  160  2025-06-09 22-10-54  2281.6  20050  -15513.2  229.757  2806.66
657  160  2025-06-09 22-10-54  2283.2  20061.7  -15514.8  229.814  2798.54
658  160  2025-06-09 22-10-54  2284.8  20073.3  -15516.5  229.872  2808.13
659  160  2025-06-09 22-10-54  2286.4  20085  -15518.2  229.93  2800.03
660  160  2025-06-09 22-10-54  2288  20096.7  -15519.9  229.987  2809.63
661  160  2025-06-09 22-10-54  2289.6  20108.4  -15521.6  230.045  2801.55
662  160  2025-06-09 22-10-54  2291.2  20120.1  -15523.4  230.102  2811.17
663  160  2025-06-09 22-10-54  2292.8  20131.7  -15525.1  230.16  2803.1
664  160  2025-06-09 22-10-54  2294.4  20143.4  -15526.9  230.217  2812.74
665  160  2025-06-09 22-10-54  2296  20155.1  -15528.6  230.275  2804.69
666  160  2025-06-09 22-10-54  2297.6  20166.9  -15530.2  230.332  2796.56
667  160  2025-06-09 22-10-54  2299.2  20178.6  -15531.9  230.39  2806.13
668  160  2025-06-09 22-10-54  2300.8  20190.3  -15533.5  230.448  2798.02
669  160  2025-06-09 22-10-54  2302.4  20202  -15535.3  230.505  2807.6
670  160  2025-06-09 22-10-54  2304  20213.8  -15536.9  230.563  2799.5
671  160  2025-06-09 22-10-54  2305.6  20225.5  -15538.7  230.62  2809.1
672  160  2025-06-09 22-10-54  2307.2  20237.2  -15540.4  230.678  2801.02
673  160  2025-06-09 22-10-54  2308.8  20249  -15542.2  230.735  2810.64
674  160  2025-06-09 22-10-54  2310.4  20260.7  -15543.8  230.793  2802.58
675  160  2025-06-09 22-10-54  2312  20272.5  -15545.7  230.85  2812.21
676  160  2025-06-09 22-10-54  2313.6  20284.3  -15547.4  230.908  2804.16
677  160  2025-06-09 22-10-54  2315.2  20296  -15549  230.966  2796.03
678  160  2025-06-09 22-10-54  2316.8  20307.8  -15550.7  231.023  2805.6
679  160  2025-06-09 22-10-54  2318.4  20319.6  -15552.3  231.081  2797.49
680  160  2025-06-09 22-10-54  2320  20331.4  -15554.1  231.138  2807.07
681  160  2025-06-09 22-10-54  2321.6  20343.2  -15555.7  231.196  2798.97
682  160  2025-06-09 22-10-54  2323.2  20355  -15557.5  231.253  2808.57
683  160  2025-06-09 22-10-54  2324.8  20366.8  -15559.1  231.311  2800.49
684  160  2025-06-09 22-10-54  2326.4  20378.6  -15560.9  231.368  2810.11
685  160  2025-06-09 22-10-54  2328  20390.4  -15562.6  231.426  2802.05
686  160  2025-06-09 22-10-54  2329.6  20402.3  -15564.4  231.484  2811.68
687  160  2025-06-09 22-10-54  2331.2  20414.1  -15566.2  231.541  2803.63
688  160  2025-06-09 22-10-54  2332.8  20425.9  -15567.8  231.599  2795.5
689  160  2025-06-09 22-10-54  2334.4  20437.8  -15569.5  231.656  2805.07
690  160  2025-06-09 22-10-54  2336  20449.6  -15571.1  231.714  2796.96
691  160  2025-06-09 22-10-54  2337.6  20461.5  -15572.9  231.771  2806.54
692  160  2025-06-09 22-10-54  2339.2  20473.4  -15574.5  231.829  2798.45
693  160  2025-06-09 22-10-54  2340.8  20485.2  -15576.3  231.886  2808.05
694  160  2025-06-09 22-10-54  2342.4  20497.1  -15578  231.944  2799.97
695  160  2025-06-09 22-10-54  2344  20509  -15579.8  232.002  2809.58
696  160  2025-06-09 22-10-54  2345.6  20520.8  -15581.4  232.059  2801.52
697  160  2025-06-09 22-10-54  2347.2  20532.7  -15583.3  232.117  2811.15
698  160  2025-06-09 22-10-54  2348.8  20544.6  -15585  232.174  2803.1
699  160  2025-06-09 22-10-54  2350.4  20556.5  -15586.6  232.232  2794.97
700  160  2025-06-09 22-10-54  2352  20568.4  -15588.3  232.289  2804.54
701  160  2025-06-09 22-10-54  2353.6  20580.3  -15589.9  232.347  2796.43
702  160  2025-06-09 22-10-54  2355.2  20592.3  -15591.7  232.404  2806.01
703  160  2025-06-09 22-10-54  2356.8  20604.2  -15593.3  232.462  2797.92
704  160  2025-06-09 22-10-54  2358.4  20616.1  -15595.1  232.52  2807.52
705  160  2025-06-09 22-10-54  2360  20628.1  -15596.8  232.577  2799.44
706  160  2025-06-09 22-10-54  2361.6  20640  -15598.6  232.635  2809.05
707  160  2025-06-09 22-10-54  2363.2  20651.9  -15600.3  232.692  2800.99
708  160  2025-06-09 22-10-54  2364.8  20663.9  -15602.1  232.75  2810.62
709  160  2025-06-09 22-10-54  2366.4  20675.8  -15603.8  232.807  2802.57
710  160  2025-06-09 22-10-54  2368  20687.8  -15605.4  232.865  2794.45
711  160  2025-06-09 22-10-54  2369.6  20699.8  -15607.2  232.922  2804.01
712  160  2025-06-09 22-10-54  2371.2  20711.8  -15608.8  232.98  2795.9
713  160  2025-06-09 22-10-54  2372.8  20723.7  -15610.5  233.038  2805.49
714  160  2025-06-09 22-10-54  2374.4  20735.7  -15612.2  233.095  2797.39
715  160  2025-06-09 22-10-54  2376  20747.7  -15614  233.153  2806.99
716  160  2025-06-09 22-10-54  2377.6  20759.7  -15615.6  233.21  2798.91
717  160  2025-06-09 22-10-54  2379.2  20771.7  -15617.4  233.268  2808.53
718  160  2025-06-09 22-10-54  2380.8  20783.7  -15619.1  233.325  2800.46
719  160  2025-06-09 22-10-54  2382.4  20795.7  -15621  233.383  2810.09
720  160  2025-06-09 22-10-54  2384  20807.8  -15622.7  233.44  2802.05
721  160  2025-06-09 22-10-54  2385.6  20819.8  -15624.3  233.498  2793.92
722  160  2025-06-09 22-10-54  2387.2  20831.8  -15626  233.556  2803.49
723  160  2025-06-09 22-10-54  2388.8  20843.9  -15627.7  233.613  2795.37
724  160  2025-06-09 22-10-54  2390.4  20855.9  -15629.4  233.671  2804.96
725  160  2025-06-09 22-10-54  2392  20868  -15631.1  233.728  2796.86
726  160  2025-06-09 22-10-54  2393.6  20880  -15632.9  233.786  2806.46
727  160  2025-06-09 22-10-54  2395.2  20892.1  -15634.5  233.843  2798.38
728  160  2025-06-09 22-10-54  2396.8  20904.1  -15636.3  233.901  2808
729  160  2025-06-09 22-10-54  2398.4  20916.2  -15638  233.958  2799.93
730  160  2025-06-09 22-10-54  2400  20928.3  -15639.8  234.016  2809.57
731  160  2025-06-09 22-10-54  2401.6  20940.4  -15641.6  234.074  2801.52
732  160  2025-06-09 22-10-54  2403.2  20952.5  -15643.2  234.131  2793.39
733  160  2025-06-09 22-10-54  2404.8  20964.6  -15644.9  234.189  2802.96
734  160  2025-06-09 22-10-54  2406.4  20976.7  -15646.6  234.246  2794.85
735  160  2025-06-09 22-10-54  2408  20988.8  -15648.3  234.304  2804.43
736  160  2025-06-09 22-10-54  2409.6  21000.9  -15650  234.361  2796.33
737  160  2025-06-09 22-10-54  2411.2  21013  -15651.7  234.419  2805.93
738  160  2025-06-09 22-10-54  2412.8  21025.2  -15653.4  234.476  2797.85
739  160  2025-06-09 22-10-54  2414.4  21037.3  -15655.2  234.534  2807.47
740  160  2025-06-09 22-10-54  2416  21049.4  -15656.9  234.592  2799.41
741  160  2025-06-09 22-10-54  2417.6  21061.6  -15658.5  234.649  2791.26
742  160  2025-06-09 22-10-54  2419.2  21073.7  -15660.2  234.707  2800.81
743  160  2025-06-09 22-10-54  2420.8  21085.9  -15661.8  234.764  2792.69
744  160  2025-06-09 22-10-54  2422.4  21098.1  -15663.6  234.822  2802.25
745  160  2025-06-09 22-10-54  2424  21110.2  -15665.2  234.879  2794.14
746  160  2025-06-09 22-10-54  2425.6  21122.4  -15667  234.937  2803.73
747  160  2025-06-09 22-10-54  2427.2  21134.6  -15668.6  234.994  2795.63
748  160  2025-06-09 22-10-54  2428.8  21146.8  -15670.4  235.052  2805.23
749  160  2025-06-09 22-10-54  2430.4  21159  -15672.1  235.11  2797.15
750  160  2025-06-09 22-10-54  2432  21171.2  -15673.9  235.167  2806.77
751  160  2025-06-09 22-10-54  2433.6  21183.4  -15675.6  235.225  2798.7
752  160  2025-06-09 22-10-54  2435.2  21195.6  -15677.2  235.282  2790.56
753  160  2025-06-09 22-10-54  2436.8  21207.8  -15678.9  235.34  2800.11
754  160  2025-06-09 22-10-54  2438.4  21220  -15680.5  235.397  2791.98
755  160  2025-06-09 22-10-54  2440  21232.3  -15682.3  235.455  2801.55
756  160  2025-06-09 22-10-54  2441.6  21244.5  -15683.9  235.512  2793.44
757  160  2025-06-09 22-10-54  2443.2  21256.7  -15685.6  235.57  2803.02
758  160  2025-06-09 22-10-54  2444.8  21269  -15687.3  235.628  2794.93
759  160  2025-06-09 22-10-54  2446.4  21281.2  -15689.1  235.685  2804.53
760  160  2025-06-09 22-10-54  2448  21293.5  -15690.8  235.743  2796.45
761  160  2025-06-09 22-10-54  2449.6  21305.7  -15692.6  235.8  2806.06
762  160  2025-06-09 22-10-54  2451.2  21318  -15694.3  235.858  2798
763  160  2025-06-09 22-10-54  2452.8  21330.3  -15695.8  235.915  2789.85
764  160  2025-06-09 22-10-54  2454.4  21342.6  -15697.6  235.973  2799.41
765  160  2025-06-09 22-10-54  2456  21354.9  -15699.2  236.03  2791.28
766  160  2025-06-09 22-10-54  2457.6  21367.1  -15700.9  236.088  2800.85
767  160  2025-06-09 22-10-54  2459.2  21379.5  -15702.5  236.146  2792.73
768  160  2025-06-09 22-10-54  2460.8  21391.8  -15704.3  236.203  2802.32
769  160  2025-06-09 22-10-54  2462.4  21404.1  -15705.9  236.261  2794.22
770  160  2025-06-09 22-10-54  2464  21416.4  -15707.7  236.318  2803.82
771  160  2025-06-09 22-10-54  2465.6  21428.7  -15709.4  236.376  2795.74
772  160  2025-06-09 22-10-54  2467.2  21441  -15711.2  236.433  2805.36
773  160  2025-06-09 22-10-54  2468.8  21453.3  -15712.9  236.491  2797.29
774  160  2025-06-09 22-10-54  2470.4  21465.7  -15714.5  236.548  2789.15
775  160  2025-06-09 22-10-54  2472  21478  -15716.2  236.606  2798.7
776  160  2025-06-09 22-10-54  2473.6  21490.4  -15717.8  236.664  2790.57
777  160  2025-06-09 22-10-54  2475.2  21502.7  -15719.6  236.721  2800.14
778  160  2025-06-09 22-10-54  2476.8  21515.1  -15721.2  236.779  2792.03
779  160  2025-06-09 22-10-54  2478.4  21527.5  -15722.9  236.836  2801.61
780  160  2025-06-09 22-10-54  2480  21539.9  -15724.6  236.894  2793.52
781  160  2025-06-09 22-10-54  2481.6  21552.2  -15726.4  236.951  2803.12
782  160  2025-06-09 22-10-54  2483.2  21564.6  -15728  237.009  2795.04
783  160  2025-06-09 22-10-54  2484.8  21577  -15729.8  237.066  2804.65
784  160  2025-06-09 22-10-54  2486.4  21589.4  -15731.5  237.124  2796.59
785  160  2025-06-09 22-10-54  2488  21601.8  -15733.1  237.182  2788.45
786  160  2025-06-09 22-10-54  2489.6  21614.2  -15734.8  237.239  2798
787  160  2025-06-09 22-10-54  2491.2  21626.6  -15736.5  237.297  2789.87
788  160  2025-06-09 22-10-54  2492.8  21639  -15738.2  237.354  2799.44
789  160  2025-06-09 22-10-54  2494.4  21651.5  -15739.8  237.412  2791.33
790  160  2025-06-09 22-10-54  2496  21663.9  -15741.6  237.469  2800.91
791  160  2025-06-09 22-10-54  2497.6  21676.4  -15743.2  237.527  2792.81
792  160  2025-06-09 22-10-54  2499.2  21688.8  -15745  237.584  2802.41
793  160  2025-06-09 22-10-54  2500.8  21701.2  -15746.7  237.642  2794.33
794  160  2025-06-09 22-10-54  2502.4  21713.7  -15748.5  237.7  2803.95
795  160  2025-06-09 22-10-54  2504  21726.1  -15750.2  237.757  2795.89
796  160  2025-06-09 22-10-54  2505.6  21738.6  -15751.8  237.815  2787.74
797  160  2025-06-09 22-10-54  2507.2  21751.1  -15753.5  237.872  2797.29
798  160  2025-06-09 22-10-54  2508.8  21763.6  -15755.1  237.93  2789.17
799  160  2025-06-09 22-10-54  2510.4  21776.1  -15756.8  237.987  2798.73
800  160  2025-06-09 22-10-54  2512  21788.6  -15758.4  238.045  2790.62
801  160  2025-06-09 22-10-54  2513.6  21801  -15760.2  238.102  2800.21
802  160  2025-06-09 22-10-54  2515.2  21813.6  -15761.8  238.16  2792.11
803  160  2025-06-09 22-10-54  2516.8  21826  -15763.6  238.218  2801.71
804  160  2025-06-09 22-10-54  2518.4  21838.6  -15765.3  238.275  2793.63
805  160  2025-06-09 22-10-54  2520  21851.1  -15767.1  238.333  2803.25
806  160  2025-06-09 22-10-54  2521.6  21863.6  -15768.8  238.39  2795.18
807  160  2025-06-09 22-10-54  2523.2  21876.1  -15770.4  238.448  2787.04
808  160  2025-06-09 22-10-54  2524.8  21888.7  -15772.1  238.505  2796.59
809  160  2025-06-09 22-10-54  2526.4  21901.2  -15773.7  238.563  2788.46
810  160  2025-06-09 22-10-54  2528  21913.8  -15775.4  238.62  2798.03
811  160  2025-06-09 22-10-54  2529.6  21926.3  -15777.1  238.678  2789.92
812  160  2025-06-09 22-10-54  2531.2  21938.9  -15778.8  238.736  2799.5
813  160  2025-06-09 22-10-54  2532.8  21951.5  -15780.5  238.793  2791.41
814  160  2025-06-09 22-10-54  2534.4  21964  -15782.2  238.851  2801.01
815  160  2025-06-09 22-10-54  2536  21976.6  -15783.9  238.908  2792.93
816  160  2025-06-09 22-10-54  2537.6  21989.2  -15785.7  238.966  2802.54
817  160  2025-06-09 22-10-54  2539.2  22001.8  -15787.4  239.023  2794.48
818  160  2025-06-09 22-10-54  2540.8  22014.4  -15789  239.081  2786.33
819  160  2025-06-09 22-10-54  2542.4  22027  -15790.7  239.138  2795.89
820  160  2025-06-09 22-10-54  2544  22039.6  -15792.3  239.196  2787.76
821  160  2025-06-09 22-10-54  2545.6  22052.2  -15794  239.254  2797.33
822  160  2025-06-09 22-10-54  2547.2  22064.8  -15795.7  239.311  2789.21
823  160  2025-06-09 22-10-54  2548.8  22077.4  -15797.4  239.369  2798.8
824  160  2025-06-09 22-10-54  2550.4  22090.1  -15799.1  239.426  2790.7
825  160  2025-06-09 22-10-54  2552  22102.7  -15800.8  239.484  2800.3
826  160  2025-06-09 22-10-54  2553.6  22115.3  -15802.5  239.541  2792.22
827  160  2025-06-09 22-10-54  2555.2  22128  -15804.3  239.599  2801.84
828  160  2025-06-09 22-10-54  2556.8  22140.6  -15806  239.656  2793.77
829  160  2025-06-09 22-10-54  2558.4  22153.3  -15807.6  239.714  2785.63
830  160  2025-06-09 22-10-54  2560  22166  -15809.3  239.772  2795.18
831  160  2025-06-09 22-10-54  2561.6  22178.6  -15810.9  239.829  2787.05
832  160  2025-06-09 22-10-54  2563.2  22191.3  -15812.6  239.887  2796.62
833  160  2025-06-09 22-10-54  2564.8  22204  -15814.2  239.944  2788.51
834  160  2025-06-09 22-10-54  2566.4  22216.7  -15816  240.002  2798.09
835  160  2025-06-09 22-10-54  2568  22229.4  -15817.6  240.059  2790
836  160  2025-06-09 22-10-54  2569.6  22242.1  -15819.4  240.117  2799.6
837  160  2025-06-09 22-10-54  2571.2  22254.8  -15821.1  240.174  2791.52
838  160  2025-06-09 22-10-54  2572.8  22267.5  -15822.9  240.232  2801.13
839  160  2025-06-09 22-10-54  2574.4  22280.2  -15824.6  240.29  2793.07
840  160  2025-06-09 22-10-54  2576  22292.9  -15826.1  240.347  2784.93
841  160  2025-06-09 22-10-54  2577.6  22305.6  -15827.9  240.405  2794.48
842  160  2025-06-09 22-10-54  2579.2  22318.4  -15829.5  240.462  2786.35
843  160  2025-06-09 22-10-54  2580.8  22331.1  -15831.2  240.52  2795.92
844  160  2025-06-09 22-10-54  2582.4  22343.9  -15832.8  240.577  2787.81
845  160  2025-06-09 22-10-54  2584  22356.6  -15834.6  240.635  2797.39
846  160  2025-06-09 22-10-54  2585.6  22369.4  -15836.2  240.693  2789.29
847  160  2025-06-09 22-10-54  2587.2  22382.1  -15838  240.75  2798.89
848  160  2025-06-09 22-10-54  2588.8  22394.9  -15839.6  240.808  2790.81
849  160  2025-06-09 22-10-54  2590.4  22407.7  -15841.4  240.865  2800.43
850  160  2025-06-09 22-10-54  2592  22420.5  -15843.1  240.923  2792.37
851  160  2025-06-09 22-10-54  2593.6  22433.3  -15844.7  240.98  2784.22
852  160  2025-06-09 22-10-54  2595.2  22446.1  -15846.4  241.038  2793.77
853  160  2025-06-09 22-10-54  2596.8  22458.9  -15848  241.095  2785.65
854  160  2025-06-09 22-10-54  2598.4  22471.7  -15849.7  241.153  2795.21
855  160  2025-06-09 22-10-54  2600  22484.5  -15851.4  241.211  2787.1
856  160  2025-06-09 22-10-54  2601.6  22497.3  -15853.1  241.268  2796.69
857  160  2025-06-09 22-10-54  2603.2  22510.1  -15854.8  241.326  2788.59
858  160  2025-06-09 22-10-54  2604.8  22522.9  -15856.5  241.383  2798.19
859  160  2025-06-09 22-10-54  2606.4  22535.8  -15858.2  241.441  2790.11
860  160  2025-06-09 22-10-54  2608  22548.6  -15859.7  241.498  2781.95
861  160  2025-06-09 22-10-54  2609.6  22561.5  -15861.4  241.556  2791.49
862  160  2025-06-09 22-10-54  2611.2  22574.3  -15863  241.613  2783.34
863  160  2025-06-09 22-10-54  2612.8  22587.2  -15864.7  241.671  2792.89
864  160  2025-06-09 22-10-54  2614.4  22600.1  -15866.3  241.729  2784.77
865  160  2025-06-09 22-10-54  2616  22612.9  -15868  241.786  2794.33
866  160  2025-06-09 22-10-54  2617.6  22625.8  -15869.6  241.844  2786.22
867  160  2025-06-09 22-10-54  2619.2  22638.7  -15871.4  241.901  2795.81
868  160  2025-06-09 22-10-54  2620.8  22651.6  -15873  241.959  2787.71
869  160  2025-06-09 22-10-54  2622.4  22664.5  -15874.8  242.016  2797.31
870  160  2025-06-09 22-10-54  2624  22677.4  -15876.5  242.074  2789.23
871  160  2025-06-09 22-10-54  2625.6  22690.3  -15878  242.131  2781.07
872  160  2025-06-09 22-10-54  2627.2  22703.2  -15879.7  242.189  2790.61
873  160  2025-06-09 22-10-54  2628.8  22716.1  -15881.2  242.247  2782.46
874  160  2025-06-09 22-10-54  2630.4  22729  -15882.9  242.304  2792.01
875  160  2025-06-09 22-10-54  2632  22742  -15884.5  242.362  2783.89
876  160  2025-06-09 22-10-54  2633.6  22754.9  -15886.3  242.419  2793.45
877  160  2025-06-09 22-10-54  2635.2  22767.9  -15887.9  242.477  2785.34
878  160  2025-06-09 22-10-54  2636.8  22780.8  -15889.6  242.534  2794.93
879  160  2025-06-09 22-10-54  2638.4  22793.7  -15891.2  242.592  2786.83
880  160  2025-06-09 22-10-54  2640  22806.7  -15893  242.649  2796.43
881  160  2025-06-09 22-10-54  2641.6  22819.7  -15894.7  242.707  2788.35
882  160  2025-06-09 22-10-54  2643.2  22832.6  -15896.2  242.765  2780.19
883  160  2025-06-09 22-10-54  2644.8  22845.6  -15897.9  242.822  2789.73
884  160  2025-06-09 22-10-54  2646.4  22858.6  -15899.4  242.88  2781.58
885  160  2025-06-09 22-10-54  2648  22871.6  -15901.1  242.937  2791.13
886  160  2025-06-09 22-10-54  2649.6  22884.6  -15902.7  242.995  2783.01
887  160  2025-06-09 22-10-54  2651.2  22897.6  -15904.4  243.052  2792.57
888  160  2025-06-09 22-10-54  2652.8  22910.6  -15906  243.11  2784.46
889  160  2025-06-09 22-10-54  2654.4  22923.6  -15907.8  243.167  2794.05
890  160  2025-06-09 22-10-54  2656  22936.6  -15909.4  243.225  2785.95
891  160  2025-06-09 22-10-54  2657.6  22949.6  -15911.2  243.283  2795.55
892  160  2025-06-09 22-10-54  2659.2  22962.7  -15912.8  243.34  2787.47
893  160  2025-06-09 22-10-54  2660.8  22975.7  -15914.4  243.398  2779.31
894  160  2025-06-09 22-10-54  2662.4  22988.8  -15916  243.455  2788.85
895  160  2025-06-09 22-10-54  2664  23001.8  -15917.6  243.513  2780.7
896  160  2025-06-09 22-10-54  2665.6  23014.9  -15919.3  243.57  2790.25
897  160  2025-06-09 22-10-54  2667.2  23027.9  -15920.9  243.628  2782.13
898  160  2025-06-09 22-10-54  2668.8  23041  -15922.6  243.685  2791.69
899  160  2025-06-09 22-10-54  2670.4  23054.1  -15924.2  243.743  2783.58
900  160  2025-06-09 22-10-54  2672  23067.1  -15925.9  243.801  2793.17
901  160  2025-06-09 22-10-54  2673.6  23080.2  -15927.5  243.858  2785.07
902  160  2025-06-09 22-10-54  2675.2  23093.3  -15929.3  243.916  2794.67
903  160  2025-06-09 22-10-54  2676.8  23106.4  -15930.9  243.973  2786.59
904  160  2025-06-09 22-10-54  2678.4  23119.5  -15932.5  244.031  2778.43
905  160  2025-06-09 22-10-54  2680  23132.6  -15934.1  244.088  2787.97
906  160  2025-06-09 22-10-54  2681.6  23145.7  -15935.7  244.146  2779.82
907  160  2025-06-09 22-10-54  2683.2  23158.8  -15937.4  244.203  2789.37
908  160  2025-06-09 22-10-54  2684.8  23172  -15938.9  244.261  2781.24
909  160  2025-06-09 22-10-54  2686.4  23185.1  -15940.6  244.319  2790.81
910  160  2025-06-09 22-10-54  2688  23198.2  -15942.2  244.376  2782.7
911  160  2025-06-09 22-10-54  2689.6  23211.4  -15944  244.434  2792.28
912  160  2025-06-09 22-10-54  2691.2  23224.5  -15945.6  244.491  2784.19
913  160  2025-06-09 22-10-54  2692.8  23237.6  -15947.3  244.549  2793.79
914  160  2025-06-09 22-10-54  2694.4  23250.8  -15949  244.606  2785.71
915  160  2025-06-09 22-10-54  2696  23264  -15950.5  244.664  2777.55
916  160  2025-06-09 22-10-54  2697.6  23277.1  -15952.2  244.721  2787.08
917  160  2025-06-09 22-10-54  2699.2  23290.3  -15953.7  244.779  2778.94
918  160  2025-06-09 22-10-54  2700.8  23303.5  -15955.4  244.837  2788.49
919  160  2025-06-09 22-10-54  2702.4  23316.7  -15957  244.894  2780.36
920  160  2025-06-09 22-10-54  2704  23329.9  -15958.7  244.952  2789.93
921  160  2025-06-09 22-10-54  2705.6  23343.1  -15960.3  245.009  2781.82
922  160  2025-06-09 22-10-54  2707.2  23356.3  -15962  245.067  2791.4
923  160  2025-06-09 22-10-54  2708.8  23369.5  -15963.6  245.124  2783.31
924  160  2025-06-09 22-10-54  2710.4  23382.7  -15965.4  245.182  2792.91
925  160  2025-06-09 22-10-54  2712  23395.9  -15967  245.239  2784.83
926  160  2025-06-09 22-10-54  2713.6  23409.2  -15968.5  245.297  2776.67
927  160  2025-06-09 22-10-54  2715.2  23422.4  -15970.2  245.355  2786.2
928  160  2025-06-09 22-10-54  2716.8  23435.7  -15971.7  245.412  2778.06
929  160  2025-06-09 22-10-54  2718.4  23448.9  -15973.4  245.47  2787.61
930  160  2025-06-09 22-10-54  2720  23462.2  -15974.9  245.527  2779.48
931  160  2025-06-09 22-10-54  2721.6  23475.4  -15976.7  245.585  2789.05
932  160  2025-06-09 22-10-54  2723.2  23488.7  -15978.2  245.642  2780.94
933  160  2025-06-09 22-10-54  2724.8  23501.9  -15980  245.7  2790.52
934  160  2025-06-09 22-10-54  2726.4  23515.2  -15981.6  245.757  2782.43
935  160  2025-06-09 22-10-54  2728  23528.5  -15983.3  245.815  2792.03
936  160  2025-06-09 22-10-54  2729.6  23541.8  -15984.9  245.873  2783.95
937  160  2025-06-09 22-10-54  2731.2  23555.1  -15986.5  245.93  2775.79
938  160  2025-06-09 22-10-54  2732.8  23568.4  -15988.1  245.988  2785.32
939  160  2025-06-09 22-10-54  2734.4  23581.7  -15989.6  246.045  2777.18
940  160  2025-06-09 22-10-54  2736  23595  -15991.3  246.103  2786.73
941  160  2025-06-09 22-10-54  2737.6  23608.3  -15992.9  246.16  2778.6
942  160  2025-06-09 22-10-54  2739.2  23621.6  -15994.6  246.218  2788.17
943  160  2025-06-09 22-10-54  2740.8  23635  -15996.1  246.275  2780.06
944  160  2025-06-09 22-10-54  2742.4  23648.3  -15997.9  246.333  2789.64
945  160  2025-06-09 22-10-54  2744  23661.6  -15999.5  246.391  2781.55
946  160  2025-06-09 22-10-54  2745.6  23675  -16001.2  246.448  2791.15
947  160  2025-06-09 22-10-54  2747.2  23688.3  -16002.8  246.506  2783.07
948  160  2025-06-09 22-10-54  2748.8  23701.7  -16004.3  246.563  2774.91
949  160  2025-06-09 22-10-54  2750.4  23715.1  -16006  246.621  2784.44
950  160  2025-06-09 22-10-54  2752  23728.4  -16007.5  246.678  2776.3
951  160  2025-06-09 22-10-54  2753.6  23741.8  -16009.2  246.736  2785.85
952  160  2025-06-09 22-10-54  2755.2  23755.2  -16010.7  246.793  2777.72
953  160  2025-06-09 22-10-54  2756.8  23768.6  -16012.4  246.851  2787.29
954  160  2025-06-09 22-10-54  2758.4  23782  -16014  246.909  2779.18
955  160  2025-06-09 22-10-54  2760  23795.4  -16015.7  246.966  2788.76
956  160  2025-06-09 22-10-54  2761.6  23808.8  -16017.3  247.024  2780.67
957  160  2025-06-09 22-10-54  2763.2  23822.2  -16019.1  247.081  2790.27
958  160  2025-06-09 22-10-54  2764.8  23835.6  -16020.7  247.139  2782.19
959  160  2025-06-09 22-10-54  2766.4  23849  -16022.2  247.196  2774.03
960  160  2025-06-09 22-10-54  2768  23862.4  -16023.8  247.254  2783.56
961  160  2025-06-09 22-10-54  2769.6  23875.9  -16025.3  247.311  2775.42
962  160  2025-06-09 22-10-54  2771.2  23889.3  -16027  247.369  2784.97
963  160  2025-06-09 22-10-54  2772.8  23902.8  -16028.6  247.427  2776.84
964  160  2025-06-09 22-10-54  2774.4  23916.2  -16030.2  247.484  2786.41
965  160  2025-06-09 22-10-54  2776  23929.7  -16031.8  247.542  2778.3
966  160  2025-06-09 22-10-54  2777.6  23943.1  -16033.5  247.599  2787.88
967  160  2025-06-09 22-10-54  2779.2  23956.6  -16035.1  247.657  2779.79
968  160  2025-06-09 22-10-54  2780.8  23970.1  -16036.8  247.714  2789.39
969  160  2025-06-09 22-10-54  2782.4  23983.5  -16038.5  247.772  2781.31
970  160  2025-06-09 22-10-54  2784  23997  -16040  247.829  2773.15
971  160  2025-06-09 22-10-54  2785.6  24010.5  -16041.6  247.887  2782.68
972  160  2025-06-09 22-10-54  2787.2  24024  -16043.1  247.945  2774.54
973  160  2025-06-09 22-10-54  2788.8  24037.5  -16044.8  248.002  2784.09
974  160  2025-06-09 22-10-54  2790.4  24051.1  -16046.3  248.06  2775.96
975  160  2025-06-09 22-10-54  2792  24064.6  -16048  248.117  2785.53
976  160  2025-06-09 22-10-54  2793.6  24078.1  -16049.5  248.175  2777.42
977  160  2025-06-09 22-10-54  2795.2  24091.6  -16051.3  248.232  2787
978  160  2025-06-09 22-10-54  2796.8  24105.2  -16052.8  248.29  2778.91
979  160  2025-06-09 22-10-54  2798.4  24118.7  -16054.6  248.347  2788.51
980  160  2025-06-09 22-10-54  2800  24132.2  -16056.2  248.405  2780.43
981  160  2025-06-09 22-10-54  2801.6  24145.8  -16057.7  248.463  2772.27
982  160  2025-06-09 22-10-54  2803.2  24159.3  -16059.3  248.52  2781.8
983  160  2025-06-09 22-10-54  2804.8  24172.9  -16060.8  248.578  2773.66
984  160  2025-06-09 22-10-54  2806.4  24186.5  -16062.5  248.635  2783.21
985  160  2025-06-09 22-10-54  2808  24200.1  -16064  248.693  2775.08
986  160  2025-06-09 22-10-54  2809.6  24213.6  -16065.7  248.75  2784.65
987  160  2025-06-09 22-10-54  2811.2  24227.2  -16067.2  248.808  2776.54
988  160  2025-06-09 22-10-54  2812.8  24240.8  -16068.9  248.865  2786.12
989  160  2025-06-09 22-10-54  2814.4  24254.4  -16070.5  248.923  2778.03
990  160  2025-06-09 22-10-54  2816  24268  -16072  248.981  2769.85
991  160  2025-06-09 22-10-54  2817.6  24281.6  -16073.6  249.038  2779.37
992  160  2025-06-09 22-10-54  2819.2  24295.3  -16075.1  249.096  2771.21
993  160  2025-06-09 22-10-54  2820.8  24308.9  -16076.7  249.153  2780.75
994  160  2025-06-09 22-10-54  2822.4  24322.5  -16078.2  249.211  2772.6
995  160  2025-06-09 22-10-54  2824  24336.2  -16079.8  249.268  2782.16
996  160  2025-06-09 22-10-54  2825.6  24349.8  -16081.3  249.326  2774.03
997  160  2025-06-09 22-10-54  2827.2  24363.4  -16083  249.383  2783.6
998  160  2025-06-09 22-10-54  2828.8  24377.1  -16084.6  249.441  2775.48
999  160  2025-06-09 22-10-54  2830.4  24390.7  -16086.3  249.499  2785.07
1000  160  2025-06-09 22-10-54  14032  24404.4  -16087.8  249.556  2776.97
1001  160  2025-06-09 22-10-54  14033.6  24418.1  -16089.5  249.614  2786.57
1002  160  2025-06-09 22-10-54  14035.2  24431.7  -16091.1  249.671  2778.49
1003  160  2025-06-09 22-10-54  14036.8  24445.4  -16092.6  249.729  2770.33
1004  160  2025-06-09 22-10-54  14038.4  24459.1  -16094.2  249.786  2779.87
1005  160  2025-06-09 22-10-54  14040  24472.8  -16095.7  249.844  2771.72
1006  160  2025-06-09 22-10-54  14041.6  24486.5  -16097.4  249.901  2781.28
1007  160  2025-06-09 22-10-54  14043.2  24500.2  -16098.9  249.959  2773.15
1008  160  2025-06-09 22-10-54  14044.8  24513.9  -16100.5  250.017  2782.72
1009  160  2025-06-09 22-10-54  14046.4  24527.6  -16102.1  250.074  2774.6
1010  160  2025-06-09 22-10-54  14048  24541.3  -16103.8  250.132  2784.19
1011  160  2025-06-09 22-10-54  14049.6  24555.1  -16105.3  250.189  2776.09
1012  160  2025-06-09 22-10-54  14051.2  24568.8  -16106.8  250.247  2767.92
1013  160  2025-06-09 22-10-54  14052.8  24582.6  -16108.4  250.304  2777.44
1014  160  2025-06-09 22-10-54  14054.4  24596.3  -16109.8  250.362  2769.28
1015  160  2025-06-09 22-10-54  14056  24610.1  -16111.4  250.419  2778.81
1016  160  2025-06-09 22-10-54  14057.6  24623.8  -16112.9  250.477  2770.67
1017  160  2025-06-09 22-10-54  14059.2  24637.6  -16114.6  250.535  2780.22
1018  160  2025-06-09 22-10-54  14060.8  24651.4  -16116.1  250.592  2772.09
1019  160  2025-06-09 22-10-54  14062.4  24665.1  -16117.7  250.65  2781.66
1020  160  2025-06-09 22-10-54  14064  24678.9  -16119.3  250.707  2773.55
1021  160  2025-06-09 22-10-54  14065.6  24692.7  -16120.9  250.765  2783.13
1022  160  2025-06-09 22-10-54  14067.2  24706.5  -16122.5  250.822  2775.04
