SN    USVID    CurTime    simTime    CurX    CurY    CurVel      CurYaw   
0  176  2025-06-14 19-53-29  0  16040  14512  192  2672
1  176  2025-06-14 19-53-29  1.6  16048.3  14511.9  194.878  2677.62
2  176  2025-06-14 19-53-29  3.2  16056.9  14511.8  197.704  2683.17
3  176  2025-06-14 19-53-29  4.8  16065.7  14511.7  200.479  2688.67
4  176  2025-06-14 19-53-29  6.4  16074.8  14511.5  203.204  2694.1
5  176  2025-06-14 19-53-29  8  16084.2  14511.2  205.881  2699.48
6  176  2025-06-14 19-53-29  9.6  16093.9  14510.8  208.509  2704.79
7  176  2025-06-14 19-53-29  11.2  16103.8  14510.4  211.09  2710.05
8  176  2025-06-14 19-53-29  12.8  16113.9  14509.9  213.624  2715.24
9  176  2025-06-14 19-53-29  14.4  16124.3  14509.4  216.113  2720.38
10  176  2025-06-14 19-53-29  128  16134.9  14508.8  218.557  2725.46
11  176  2025-06-14 19-53-29  129.6  16145.8  14508.1  220.957  2730.48
12  176  2025-06-14 19-53-29  131.2  16156.9  14507.3  223.314  2735.44
13  176  2025-06-14 19-53-29  132.8  16168.2  14506.5  225.629  2740.34
14  176  2025-06-14 19-53-29  134.4  16179.8  14505.5  227.902  2745.19
15  176  2025-06-14 19-53-29  136  16191.6  14504.5  230.134  2749.97
16  176  2025-06-14 19-53-29  137.6  16203.6  14503.5  232.326  2754.7
17  176  2025-06-14 19-53-29  139.2  16215.7  14502.3  234.478  2759.37
18  176  2025-06-14 19-53-29  140.8  16228.1  14501  236.592  2763.98
19  176  2025-06-14 19-53-29  142.4  16240.7  14499.7  238.668  2768.53
20  176  2025-06-14 19-53-29  144  16253.5  14498.3  240.706  2773.03
21  176  2025-06-14 19-53-29  145.6  16266.5  14496.8  242.708  2777.47
22  176  2025-06-14 19-53-29  147.2  16279.7  14495.2  244.674  2781.85
23  176  2025-06-14 19-53-29  148.8  16293  14493.5  246.604  2786.18
24  176  2025-06-14 19-53-29  150.4  16306.6  14491.8  248.5  2790.44
25  176  2025-06-14 19-53-29  152  16320.3  14489.9  250.361  2794.66
26  176  2025-06-14 19-53-29  153.6  16334.2  14488  252.189  2798.81
27  176  2025-06-14 19-53-29  155.2  16348.2  14486  253.984  2802.91
28  176  2025-06-14 19-53-29  156.8  16362.5  14483.9  255.747  2806.96
29  176  2025-06-14 19-53-29  158.4  16376.8  14481.7  257.479  2810.95
30  176  2025-06-14 19-53-29  160  16391.4  14479.4  259.179  2814.88
31  176  2025-06-14 19-53-29  161.6  16406.1  14477  260.848  2818.76
32  176  2025-06-14 19-53-29  163.2  16420.9  14474.6  262.488  2822.58
33  176  2025-06-14 19-53-29  164.8  16435.9  14472  264.098  2826.35
34  176  2025-06-14 19-53-29  166.4  16451  14469.4  265.679  2830.06
35  176  2025-06-14 19-53-29  168  16466.3  14466.6  267.231  14033.7
36  176  2025-06-14 19-53-29  169.6  16481.8  14463.8  268.756  14037.3
37  176  2025-06-14 19-53-29  171.2  16497.3  14460.9  270.253  14040.9
38  176  2025-06-14 19-53-29  172.8  16513  14457.9  271.724  14044.4
39  176  2025-06-14 19-53-29  174.4  16528.8  14454.9  1393.17  14047.8
40  176  2025-06-14 19-53-29  176  16544.8  14451.7  1394.59  14051.2
41  176  2025-06-14 19-53-29  177.6  16560.8  14448.5  1395.98  14054.6
42  176  2025-06-14 19-53-29  179.2  16577  14445.1  1397.35  14057.9
43  176  2025-06-14 19-53-29  180.8  16593.4  14441.7  1398.69  14061.1
44  176  2025-06-14 19-53-29  182.4  16609.8  14438.2  1400.01  14064.3
45  176  2025-06-14 19-53-29  184  16626.3  14434.7  1401.3  14067.4
46  176  2025-06-14 19-53-29  185.6  16643  14431  1402.57  14070.5
47  176  2025-06-14 19-53-29  187.2  16659.8  14427.2  1403.82  14073.5
48  176  2025-06-14 19-53-29  188.8  16676.6  14423.4  1405.05  14076.5
49  176  2025-06-14 19-53-29  190.4  16693.6  14419.5  1406.25  14079.4
50  176  2025-06-14 19-53-29  192  16710.7  14415.5  1407.43  14082.3
51  176  2025-06-14 19-53-29  193.6  16727.9  14411.4  1408.6  14085.1
52  176  2025-06-14 19-53-29  195.2  16745.2  14407.3  1409.74  14087.9
53  176  2025-06-14 19-53-29  196.8  16762.5  14403.1  1410.86  14090.6
54  176  2025-06-14 19-53-29  198.4  16780  14398.8  1411.96  14093.3
55  176  2025-06-14 19-53-29  200  16797.6  14394.4  1413.04  14096
56  176  2025-06-14 19-53-29  201.6  16815.2  14389.9  1414.1  14098.6
57  176  2025-06-14 19-53-29  203.2  16833  14385.4  1415.14  14101.1
58  176  2025-06-14 19-53-29  204.8  16850.8  14380.8  1416.16  14103.6
59  176  2025-06-14 19-53-29  206.4  16868.7  14376.1  1417.17  14106
60  176  2025-06-14 19-53-29  208  16886.7  14371.4  1418.15  14108.4
61  176  2025-06-14 19-53-29  209.6  16904.8  14366.6  1419.12  14110.8
62  176  2025-06-14 19-53-29  211.2  16923  14361.7  1420.07  14113.1
63  176  2025-06-14 19-53-29  212.8  16941.2  14356.7  1421  14115.3
64  176  2025-06-14 19-53-29  214.4  16959.5  14351.7  1421.92  14117.5
65  176  2025-06-14 19-53-29  216  16977.9  14346.6  1422.82  14119.7
66  176  2025-06-14 19-53-29  217.6  16996.4  14341.4  1423.71  14121.8
67  176  2025-06-14 19-53-29  219.2  17014.9  14336.2  1424.58  14123.9
68  176  2025-06-14 19-53-29  220.8  17033.5  14330.9  1425.43  14125.9
69  176  2025-06-14 19-53-29  222.4  17052.2  14325.6  1426.27  14127.9
70  176  2025-06-14 19-53-29  224  17070.9  14320.2  1427.09  14129.9
71  176  2025-06-14 19-53-29  225.6  17089.8  14314.7  1427.9  14131.8
72  176  2025-06-14 19-53-29  227.2  17108.6  14309.1  1428.69  14133.6
73  176  2025-06-14 19-53-29  228.8  17127.6  14303.5  1429.47  14135.4
74  176  2025-06-14 19-53-29  230.4  17146.6  14297.9  1430.23  14137.2
75  176  2025-06-14 19-53-29  232  17165.6  14292.2  1430.99  14139
76  176  2025-06-14 19-53-29  233.6  17184.7  14286.4  1431.72  14140.6
77  176  2025-06-14 19-53-29  235.2  17203.9  14280.6  1432.45  14142.3
78  176  2025-06-14 19-53-29  236.8  17223.2  14274.7  1433.16  14143.9
79  176  2025-06-14 19-53-29  238.4  17242.5  14268.8  1433.86  14145.5
80  176  2025-06-14 19-53-29  240  17261.8  14262.8  1434.54  14147
81  176  2025-06-14 19-53-29  241.6  17281.2  14256.7  1435.22  14148.5
82  176  2025-06-14 19-53-29  243.2  17300.7  14250.7  1435.88  14149.9
83  176  2025-06-14 19-53-29  244.8  17320.2  14244.5  1436.53  14151.4
84  176  2025-06-14 19-53-29  246.4  17339.7  14238.3  1437.17  14152.7
85  176  2025-06-14 19-53-29  248  17359.4  14232.1  1437.79  14154.1
86  176  2025-06-14 19-53-29  249.6  17379  14225.8  1438.41  14155.4
87  176  2025-06-14 19-53-29  251.2  17398.7  14219.5  1439.01  14156.6
88  176  2025-06-14 19-53-29  252.8  17418.5  14213.1  1439.61  14157.8
89  176  2025-06-14 19-53-29  254.4  17438.3  14206.7  1440.19  14159
90  176  2025-06-14 19-53-29  256  17458.1  14200.3  1440.76  14160.2
91  176  2025-06-14 19-53-29  257.6  17478  14193.8  1441.32  14161.3
92  176  2025-06-14 19-53-29  259.2  17498  14187.2  1441.87  14162.4
93  176  2025-06-14 19-53-29  260.8  17518  14180.7  1442.42  14163.4
94  176  2025-06-14 19-53-29  262.4  17538  14174  1442.95  14164.4
95  176  2025-06-14 19-53-29  264  17558.1  14167.4  1443.47  14165.4
96  176  2025-06-14 19-53-29  265.6  17578.2  14160.7  1443.98  14166.3
97  176  2025-06-14 19-53-29  267.2  17598.4  14154  1444.49  14167.2
98  176  2025-06-14 19-53-29  268.8  17618.5  14147.2  1444.98  14168.1
99  176  2025-06-14 19-53-29  270.4  17638.8  14140.4  1445.47  14168.9
100  176  2025-06-14 19-53-29  1392  17659.1  14133.6  1445.95  14169.7
101  176  2025-06-14 19-53-29  1393.6  17679.4  14126.7  1446.41  14170.5
102  176  2025-06-14 19-53-29  1395.2  17699.7  14119.8  1446.87  14171.2
103  176  2025-06-14 19-53-29  1396.8  17720.1  14112.9  1447.33  14171.9
104  176  2025-06-14 19-53-29  1398.4  17740.5  14106  1447.77  14172.6
105  176  2025-06-14 19-53-29  1400  17761  14099  1448.21  14173.3
106  176  2025-06-14 19-53-29  1401.6  17781.5  14092  1448.63  14173.9
107  176  2025-06-14 19-53-29  1403.2  17802  14085  1449.05  14174.5
108  176  2025-06-14 19-53-29  1404.8  17822.6  14077.9  1449.47  14175
109  176  2025-06-14 19-53-29  1406.4  17843.2  14070.8  1449.87  14175.6
110  176  2025-06-14 19-53-29  1408  17863.9  14063.7  1450.27  14176
111  176  2025-06-14 19-53-29  1409.6  17884.5  14056.6  1450.66  14176.5
112  176  2025-06-14 19-53-29  1411.2  17905.2  14049.4  1451.04  14177
113  176  2025-06-14 19-53-29  1412.8  17926  14042.3  1451.42  14177.4
114  176  2025-06-14 19-53-29  1414.4  17946.7  14035.1  1451.79  14177.8
115  176  2025-06-14 19-53-29  1416  17967.5  2827.84  1452.16  14178.1
116  176  2025-06-14 19-53-29  1417.6  17988.4  2820.6  1452.51  14178.4
117  176  2025-06-14 19-53-29  1419.2  18009.2  2813.35  1452.86  14178.7
118  176  2025-06-14 19-53-29  1420.8  18030.1  2806.08  1453.21  14179
119  176  2025-06-14 19-53-29  1422.4  18051  2798.79  1453.55  14179.3
120  176  2025-06-14 19-53-29  1424  18072  2791.49  1453.88  14179.5
121  176  2025-06-14 19-53-29  1425.6  18093  2784.17  1454.2  14179.7
122  176  2025-06-14 19-53-29  1427.2  18114  2776.84  1454.52  14179.9
123  176  2025-06-14 19-53-29  1428.8  18135  2769.49  1454.84  14180
124  176  2025-06-14 19-53-29  1430.4  18156.1  2762.13  1455.15  14180.1
125  176  2025-06-14 19-53-29  1432  18177.2  2754.76  1455.45  14180.3
126  176  2025-06-14 19-53-29  1433.6  18198.3  2747.37  1455.75  14180.3
127  176  2025-06-14 19-53-29  1435.2  18219.4  2739.98  1456.04  14180.4
128  176  2025-06-14 19-53-29  1436.8  18240.6  2732.57  1456.33  14180.4
129  176  2025-06-14 19-53-29  1438.4  18261.8  2725.16  1456.61  14180.4
130  176  2025-06-14 19-53-29  1440  18283.1  2717.73  1456.89  14180.4
131  176  2025-06-14 19-53-29  1441.6  18304.3  2710.3  1457.16  14180.4
132  176  2025-06-14 19-53-29  1443.2  18325.6  2702.86  1457.42  14180.3
133  176  2025-06-14 19-53-29  1444.8  18346.9  2695.41  1457.69  14180.3
134  176  2025-06-14 19-53-29  1446.4  18368.2  2688.01  1457.74  14178.3
135  176  2025-06-14 19-53-29  1448  18389.6  2680.65  1457.8  14176.3
136  176  2025-06-14 19-53-29  1449.6  18410.9  2673.34  1457.86  14174.2
137  176  2025-06-14 19-53-29  1451.2  18432.3  2666.08  1457.92  14172.2
138  176  2025-06-14 19-53-29  1452.8  18453.7  2658.86  1457.97  14170.1
139  176  2025-06-14 19-53-29  1454.4  18475.2  2651.69  1458.03  14167.9
140  176  2025-06-14 19-53-29  1456  18496.6  2644.57  1458.09  14165.7
141  176  2025-06-14 19-53-29  1457.6  18518.1  2637.5  1458.15  14163.5
142  176  2025-06-14 19-53-29  1459.2  18539.6  2630.48  1458.2  14161.3
143  176  2025-06-14 19-53-29  1460.8  18561.1  2623.51  1458.26  14159
144  176  2025-06-14 19-53-29  1462.4  18582.7  2616.59  1458.32  14156.7
145  176  2025-06-14 19-53-29  1464  18604.3  2609.72  1458.38  14154.4
146  176  2025-06-14 19-53-29  1465.6  18625.9  2602.91  1458.43  14152.1
147  176  2025-06-14 19-53-29  1467.2  18647.5  2596.16  1458.49  14149.7
148  176  2025-06-14 19-53-29  1468.8  18669.1  2589.46  1458.55  14147.2
149  176  2025-06-14 19-53-29  1470.4  18690.8  2582.82  1458.61  14144.8
150  176  2025-06-14 19-53-29  1472  18712.5  2576.23  1458.66  14142.3
151  176  2025-06-14 19-53-29  1473.6  18734.2  2569.7  1458.72  14139.8
152  176  2025-06-14 19-53-29  1475.2  18755.9  2563.23  1458.78  14137.2
153  176  2025-06-14 19-53-29  1476.8  18777.7  2556.82  1458.84  14134.6
154  176  2025-06-14 19-53-29  1478.4  18799.5  2550.47  1458.89  14132
155  176  2025-06-14 19-53-29  1480  18821.3  2544.18  1458.95  14129.4
156  176  2025-06-14 19-53-29  1481.6  18843.1  2537.96  1459.01  14126.7
157  176  2025-06-14 19-53-29  1483.2  18865  2531.8  1459.07  14124
158  176  2025-06-14 19-53-29  1484.8  18886.8  2525.7  1459.12  14121.2
159  176  2025-06-14 19-53-29  1486.4  18908.7  2519.66  1459.18  14118.4
160  176  2025-06-14 19-53-29  1488  18930.7  2513.69  1459.24  14115.6
161  176  2025-06-14 19-53-29  1489.6  18952.6  2507.79  1459.3  14112.8
162  176  2025-06-14 19-53-29  1491.2  18974.6  2501.96  1459.36  14109.9
163  176  2025-06-14 19-53-29  1492.8  18996.6  2496.19  1459.41  14107
164  176  2025-06-14 19-53-29  1494.4  19018.6  2490.5  1459.47  14104.1
165  176  2025-06-14 19-53-29  1496  19040.6  2484.87  1459.53  14101.1
166  176  2025-06-14 19-53-29  1497.6  19062.7  2479.31  1459.59  14098.1
167  176  2025-06-14 19-53-29  1499.2  19084.8  2473.83  1459.64  14095.1
168  176  2025-06-14 19-53-29  1500.8  19106.9  2468.42  1459.7  14092
169  176  2025-06-14 19-53-29  1502.4  19129.1  2463.08  1459.76  14088.9
170  176  2025-06-14 19-53-29  1504  19151.2  2457.81  1459.82  14085.8
171  176  2025-06-14 19-53-29  1505.6  19173.4  2452.62  1459.87  14082.6
172  176  2025-06-14 19-53-29  1507.2  19195.6  2447.51  1459.93  14079.4
173  176  2025-06-14 19-53-29  1508.8  19217.9  2442.47  1459.99  14076.2
174  176  2025-06-14 19-53-29  1510.4  19240.1  2437.52  1460.05  14072.9
175  176  2025-06-14 19-53-29  1512  19262.4  2432.64  1460.1  14069.6
176  176  2025-06-14 19-53-29  1513.6  19284.7  2427.84  1460.16  14066.3
177  176  2025-06-14 19-53-29  1515.2  19307  2423.12  1460.22  14063
178  176  2025-06-14 19-53-29  1516.8  19329.4  2418.48  1460.28  14059.6
179  176  2025-06-14 19-53-29  1518.4  19351.8  2413.92  1460.33  14056.2
180  176  2025-06-14 19-53-29  1520  19374.2  2409.45  1460.39  14052.7
181  176  2025-06-14 19-53-29  1521.6  19396.6  2405.06  1460.45  14049.2
182  176  2025-06-14 19-53-29  1523.2  19419  2400.75  1460.51  14045.7
183  176  2025-06-14 19-53-29  1524.8  19441.5  2396.54  1460.56  14042.2
184  176  2025-06-14 19-53-29  1526.4  19464  2392.4  1460.62  14038.6
185  176  2025-06-14 19-53-29  1528  19486.5  2388.36  1460.68  14035
186  176  2025-06-14 19-53-29  1529.6  19509  2384.4  1460.74  2831.34
187  176  2025-06-14 19-53-29  1531.2  19531.6  2380.54  1460.79  2827.67
188  176  2025-06-14 19-53-29  1532.8  19554.1  2376.76  1460.85  2823.96
189  176  2025-06-14 19-53-29  1534.4  19576.7  2373.08  1460.91  2820.22
190  176  2025-06-14 19-53-29  1536  19599.3  2369.48  1460.97  2816.45
191  176  2025-06-14 19-53-29  1537.6  19622  2365.98  1461.02  2812.65
192  176  2025-06-14 19-53-29  1539.2  19644.6  2362.58  1461.08  2808.82
193  176  2025-06-14 19-53-29  1540.8  19667.3  2359.27  1461.14  2804.95
194  176  2025-06-14 19-53-29  1542.4  19690  2356.05  1461.2  2801.06
195  176  2025-06-14 19-53-29  1544  19712.7  2352.93  1461.25  2797.13
196  176  2025-06-14 19-53-29  1545.6  19735.4  2349.91  1461.31  2793.16
197  176  2025-06-14 19-53-29  1547.2  19758.2  2346.98  1461.37  2789.17
198  176  2025-06-14 19-53-29  1548.8  19781  2344.16  1461.43  2785.14
199  176  2025-06-14 19-53-29  1550.4  19803.7  2341.44  1461.48  2781.09
200  176  2025-06-14 19-53-29  1552  19826.5  2338.81  1461.54  2777
201  176  2025-06-14 19-53-29  1553.6  19849.4  2336.29  1461.6  2772.88
202  176  2025-06-14 19-53-29  1555.2  19872.2  2333.87  1461.66  2768.72
203  176  2025-06-14 19-53-29  1556.8  19895.1  2331.56  1461.72  2764.54
204  176  2025-06-14 19-53-29  1558.4  19917.9  2329.35  1461.77  2760.32
205  176  2025-06-14 19-53-29  1560  19940.8  2327.09  1461.96  2762.04
206  176  2025-06-14 19-53-29  1561.6  19963.7  2324.94  1462.01  2757.82
207  176  2025-06-14 19-53-29  1563.2  19986.6  2322.75  1462.19  2759.59
208  176  2025-06-14 19-53-29  1564.8  20009.6  2320.66  1462.25  2755.36
209  176  2025-06-14 19-53-29  1566.4  20032.5  2318.67  1462.31  2751.1
210  176  2025-06-14 19-53-29  1568  20055.5  2316.64  1462.48  2752.97
211  176  2025-06-14 19-53-29  1569.6  20078.4  2314.71  1462.54  2748.71
212  176  2025-06-14 19-53-29  1571.2  20101.4  2312.73  1462.71  2750.63
213  176  2025-06-14 19-53-29  1572.8  20124.4  2310.86  1462.77  2746.36
214  176  2025-06-14 19-53-29  1574.4  20147.4  2308.94  1462.93  2748.33
215  176  2025-06-14 19-53-29  1576  20170.5  2307.13  1462.99  2744.06
216  176  2025-06-14 19-53-29  1577.6  20193.5  2305.26  1463.15  2746.07
217  176  2025-06-14 19-53-29  1579.2  20216.6  2303.51  1463.21  2741.8
218  176  2025-06-14 19-53-29  1580.8  20239.6  2301.69  1463.37  2743.86
219  176  2025-06-14 19-53-29  1582.4  20262.7  2299.99  1463.43  2739.59
220  176  2025-06-14 19-53-29  1584  20285.8  2298.23  1463.58  2741.7
221  176  2025-06-14 19-53-29  1585.6  20308.9  2296.58  1463.64  2737.43
222  176  2025-06-14 19-53-29  1587.2  20332  2294.87  1463.79  2739.58
223  176  2025-06-14 19-53-29  1588.8  20355.1  2293.27  1463.85  2735.31
224  176  2025-06-14 19-53-29  1590.4  20378.3  2291.61  1463.99  2737.51
225  176  2025-06-14 19-53-29  1592  20401.4  2290.07  1464.05  2733.24
226  176  2025-06-14 19-53-29  1593.6  20424.6  2288.46  1464.19  2735.49
227  176  2025-06-14 19-53-29  1595.2  20447.8  2286.96  1464.25  2731.22
228  176  2025-06-14 19-53-29  1596.8  20471  2285.4  1464.39  2733.51
229  176  2025-06-14 19-53-29  1598.4  20494.2  2283.95  1464.45  2729.24
230  176  2025-06-14 19-53-29  1600  20517.4  2282.44  1464.58  2731.58
231  176  2025-06-14 19-53-29  1601.6  20540.6  2281.04  1464.64  2727.31
232  176  2025-06-14 19-53-29  1603.2  20563.8  2279.57  1464.77  2729.69
233  176  2025-06-14 19-53-29  1604.8  20587.1  2278.22  1464.83  2725.43
234  176  2025-06-14 19-53-29  1606.4  20610.3  2276.8  1464.96  2727.86
235  176  2025-06-14 19-53-29  1608  20633.6  2275.49  1465.02  2723.6
236  176  2025-06-14 19-53-29  1609.6  20656.9  2274.11  1465.14  2726.07
237  176  2025-06-14 19-53-29  1611.2  20680.2  2272.85  1465.2  2721.81
238  176  2025-06-14 19-53-29  1612.8  20703.4  2271.52  1465.32  2724.32
239  176  2025-06-14 19-53-29  1614.4  20726.8  2270.29  1465.38  2720.07
240  176  2025-06-14 19-53-29  1616  20750.1  2269  1465.5  2722.63
241  176  2025-06-14 19-53-29  1617.6  20773.4  2267.82  1465.56  2718.38
242  176  2025-06-14 19-53-29  1619.2  20796.7  2266.58  1465.67  2720.98
243  176  2025-06-14 19-53-29  1620.8  20820.1  2265.43  1465.73  2716.73
244  176  2025-06-14 19-53-29  1622.4  20843.4  2264.23  1465.84  2719.38
245  176  2025-06-14 19-53-29  1624  20866.8  2263.13  1465.9  2715.14
246  176  2025-06-14 19-53-29  1625.6  20890.2  2261.96  1466.01  2717.83
247  176  2025-06-14 19-53-29  1627.2  20913.5  2260.9  1466.07  2713.59
248  176  2025-06-14 19-53-29  1628.8  20936.9  2259.76  1466.18  2716.32
249  176  2025-06-14 19-53-29  1630.4  20960.3  2258.74  1466.23  2712.09
250  176  2025-06-14 19-53-29  1632  20983.7  2257.65  1466.34  2714.86
251  176  2025-06-14 19-53-29  1633.6  21007.2  2256.66  1466.39  2710.63
252  176  2025-06-14 19-53-29  1635.2  21030.6  2255.6  1466.5  2713.45
253  176  2025-06-14 19-53-29  1636.8  21054  2254.65  1466.55  2709.23
254  176  2025-06-14 19-53-29  1638.4  21077.5  2253.62  1466.65  2712.08
255  176  2025-06-14 19-53-29  1640  21100.9  2252.7  1466.71  2707.87
256  176  2025-06-14 19-53-29  1641.6  21124.4  2251.71  1466.8  2710.77
257  176  2025-06-14 19-53-29  1643.2  21147.8  2250.82  1466.86  2706.56
258  176  2025-06-14 19-53-29  1644.8  21171.3  2249.86  1466.95  2709.5
259  176  2025-06-14 19-53-29  1646.4  21194.8  2248.93  1466.92  2708.53
260  176  2025-06-14 19-53-29  1648  21218.3  2247.92  1467.02  2711.47
261  176  2025-06-14 19-53-29  1649.6  21241.8  2247.01  1467.07  2707.31
262  176  2025-06-14 19-53-29  1651.2  21265.3  2246.03  1467.16  2710.29
263  176  2025-06-14 19-53-29  1652.8  21288.8  2245.15  1467.22  2706.14
264  176  2025-06-14 19-53-29  1654.4  21312.3  2244.2  1467.31  2709.16
265  176  2025-06-14 19-53-29  1656  21335.8  2243.35  1467.36  2705.01
266  176  2025-06-14 19-53-29  1657.6  21359.3  2242.43  1467.45  2708.07
267  176  2025-06-14 19-53-29  1659.2  21382.9  2241.61  1467.5  2703.93
268  176  2025-06-14 19-53-29  1660.8  21406.4  2240.71  1467.59  2707.03
269  176  2025-06-14 19-53-29  1662.4  21430  2239.91  1467.64  2702.89
270  176  2025-06-14 19-53-29  1664  21453.5  2239.04  1467.72  2706.03
271  176  2025-06-14 19-53-29  1665.6  21477.1  2238.27  1467.78  2701.9
272  176  2025-06-14 19-53-29  1667.2  21500.6  2237.42  1467.85  2705.07
273  176  2025-06-14 19-53-29  1668.8  21524.2  2236.67  1467.91  2700.96
274  176  2025-06-14 19-53-29  1670.4  21547.8  2235.95  1467.85  2700.04
275  176  2025-06-14 19-53-29  1672  21571.4  2235.15  1467.93  2703.27
276  176  2025-06-14 19-53-29  1673.6  21595  2234.45  1467.99  2699.16
277  176  2025-06-14 19-53-29  1675.2  21618.6  2233.66  1468.06  2702.42
278  176  2025-06-14 19-53-29  1676.8  21642.2  2232.99  1468.12  2698.33
279  176  2025-06-14 19-53-29  1678.4  21665.8  2232.22  1468.19  2701.62
280  176  2025-06-14 19-53-29  1680  21689.4  2231.56  1468.24  2697.54
281  176  2025-06-14 19-53-29  1681.6  21713  2230.82  1468.31  2700.87
282  176  2025-06-14 19-53-29  1683.2  21736.6  2230.18  1468.37  2696.79
283  176  2025-06-14 19-53-29  1684.8  21760.3  2229.65  1468.43  2692.68
284  176  2025-06-14 19-53-29  1686.4  21783.9  2229.03  1468.49  2696.1
285  176  2025-06-14 19-53-29  1688  21807.6  2228.51  1468.55  2692
286  176  2025-06-14 19-53-29  1689.6  21831.2  2227.91  1468.61  2695.46
287  176  2025-06-14 19-53-29  1691.2  21854.9  2227.41  1468.67  2691.37
288  176  2025-06-14 19-53-29  1692.8  21878.5  2226.82  1468.73  2694.86
289  176  2025-06-14 19-53-29  1694.4  21902.2  2226.33  1468.79  2690.78
290  176  2025-06-14 19-53-29  1696  21925.9  2225.75  1468.84  2694.3
291  176  2025-06-14 19-53-29  1697.6  21949.6  2225.28  1468.87  2690.24
292  176  2025-06-14 19-53-29  1699.2  21973.3  2224.72  1468.93  2693.79
293  176  2025-06-14 19-53-29  1700.8  21997  2224.26  1468.96  2689.74
294  176  2025-06-14 19-53-29  1702.4  22020.6  2223.71  1469.01  2693.32
295  176  2025-06-14 19-53-29  1704  22044.3  2223.26  1469.04  2689.28
296  176  2025-06-14 19-53-29  1705.6  22068  2222.72  1469.09  2692.89
297  176  2025-06-14 19-53-29  1707.2  22091.8  2222.29  1469.12  2688.87
298  176  2025-06-14 19-53-29  1708.8  22115.5  2221.76  1469.17  2692.51
299  176  2025-06-14 19-53-29  1710.4  22139.2  2221.33  1469.2  2688.5
300  176  2025-06-14 19-53-29  1712  22162.9  2220.81  1469.25  2692.17
301  176  2025-06-14 19-53-29  1713.6  22186.6  2220.39  1469.28  2688.17
302  176  2025-06-14 19-53-29  1715.2  22210.4  2219.87  1469.33  2691.87
303  176  2025-06-14 19-53-29  1716.8  22234.1  2219.46  1469.36  2687.88
304  176  2025-06-14 19-53-29  1718.4  22257.8  2218.96  1469.41  2691.62
305  176  2025-06-14 19-53-29  1720  22281.6  2218.55  1469.44  2687.64
306  176  2025-06-14 19-53-29  1721.6  22305.3  2218.05  1469.48  2691.4
307  176  2025-06-14 19-53-29  1723.2  22329.1  2217.65  1469.51  2687.43
308  176  2025-06-14 19-53-29  1724.8  22352.8  2217.15  1469.56  2691.22
309  176  2025-06-14 19-53-29  1726.4  22376.6  2216.75  1469.58  2687.27
310  176  2025-06-14 19-53-29  1728  22400.3  2216.26  1469.63  2691.09
311  176  2025-06-14 19-53-29  1729.6  22424.1  2215.87  1469.66  2687.15
312  176  2025-06-14 19-53-29  1731.2  22447.8  2215.37  1469.7  2690.99
313  176  2025-06-14 19-53-29  1732.8  22471.6  2214.98  1469.73  2687.07
314  176  2025-06-14 19-53-29  1734.4  22495.4  2214.7  1469.76  2683.11
315  176  2025-06-14 19-53-29  1736  22519.2  2214.31  1469.8  2687.03
316  176  2025-06-14 19-53-29  1737.6  22542.9  2214.02  1469.83  2683.09
317  176  2025-06-14 19-53-29  1739.2  22566.7  2213.63  1469.86  2687.04
318  176  2025-06-14 19-53-29  1740.8  22590.5  2213.34  1469.89  2683.11
319  176  2025-06-14 19-53-29  1742.4  22614.3  2212.95  1469.93  2687.08
320  176  2025-06-14 19-53-29  1744  22638.1  2212.66  1469.96  2683.17
321  176  2025-06-14 19-53-29  1745.6  22661.9  2212.26  1470  2687.17
322  176  2025-06-14 19-53-29  1747.2  22685.7  2211.97  1470.03  2683.27
323  176  2025-06-14 19-53-29  1748.8  22709.5  2211.57  1470.06  2687.29
324  176  2025-06-14 19-53-29  1750.4  22733.3  2211.28  1470.09  2683.41
325  176  2025-06-14 19-53-29  1752  22757.1  2210.88  1470.12  2687.46
326  176  2025-06-14 19-53-29  1753.6  22780.9  2210.58  1470.15  2683.59
327  176  2025-06-14 19-53-29  1755.2  22804.7  2210.17  1470.19  2687.65
328  176  2025-06-14 19-53-29  1756.8  22828.6  2209.86  1470.21  2683.8
329  176  2025-06-14 19-53-29  1758.4  22852.4  2209.66  1470.24  2679.91
330  176  2025-06-14 19-53-29  1760  22876.2  2209.34  1470.28  2684.06
331  176  2025-06-14 19-53-29  1761.6  22900  2209.13  1470.3  2680.19
332  176  2025-06-14 19-53-29  1763.2  22923.9  2208.81  1470.33  2684.35
333  176  2025-06-14 19-53-29  1764.8  22947.7  2208.59  1470.36  2680.5
334  176  2025-06-14 19-53-29  1766.4  22971.5  2208.26  1470.39  2684.69
335  176  2025-06-14 19-53-29  1768  22995.4  2208.03  1470.42  2680.85
336  176  2025-06-14 19-53-29  1769.6  23019.2  2207.69  1470.45  2685.06
337  176  2025-06-14 19-53-29  1771.2  23043.1  2207.45  1470.45  2681.23
338  176  2025-06-14 19-53-29  1772.8  23066.9  2207.1  1470.48  2685.47
339  176  2025-06-14 19-53-29  1774.4  23090.8  2206.85  1470.48  2681.66
340  176  2025-06-14 19-53-29  1776  23114.6  2206.7  1470.48  2677.82
341  176  2025-06-14 19-53-29  1777.6  23138.5  2206.43  1470.51  2682.12
342  176  2025-06-14 19-53-29  1779.2  23162.3  2206.27  1470.51  2678.3
343  176  2025-06-14 19-53-29  1780.8  23186.2  2205.99  1470.53  2682.62
344  176  2025-06-14 19-53-29  1782.4  23210  2205.81  1470.53  2678.82
345  176  2025-06-14 19-53-29  1784  23233.9  2205.52  1470.56  2683.16
346  176  2025-06-14 19-53-29  1785.6  23257.7  2205.33  1470.56  2679.37
347  176  2025-06-14 19-53-29  1787.2  23281.6  2205.03  1470.58  2683.73
348  176  2025-06-14 19-53-29  1788.8  23305.4  2204.82  1470.58  2679.96
349  176  2025-06-14 19-53-29  1790.4  23329.3  2204.5  1470.61  2684.34
350  176  2025-06-14 19-53-29  1792  23353.2  2204.28  1470.61  2680.58
351  176  2025-06-14 19-53-29  1793.6  23377  2204.15  1470.61  2676.8
352  176  2025-06-14 19-53-29  1795.2  23400.9  2203.91  1470.63  2681.24
353  176  2025-06-14 19-53-29  1796.8  23424.7  2203.77  1470.63  2677.48
354  176  2025-06-14 19-53-29  1798.4  23448.6  2203.51  1470.66  2681.94
355  176  2025-06-14 19-53-29  1800  23472.5  2203.35  1470.66  2678.19
356  176  2025-06-14 19-53-29  1801.6  23496.3  2203.07  1470.68  2682.67
357  176  2025-06-14 19-53-29  1803.2  23520.2  2202.89  1470.68  2678.94
358  176  2025-06-14 19-53-29  1804.8  23544.1  2202.59  1470.71  2683.43
359  176  2025-06-14 19-53-29  1806.4  23567.9  2202.39  1470.71  2679.72
360  176  2025-06-14 19-53-29  1808  23591.8  2202.29  1470.71  2675.97
361  176  2025-06-14 19-53-29  1809.6  23615.7  2202.06  1470.73  2680.53
362  176  2025-06-14 19-53-29  1811.2  23639.6  2201.94  1470.73  2676.81
363  176  2025-06-14 19-53-29  1812.8  23663.4  2201.69  1470.75  2681.38
364  176  2025-06-14 19-53-29  1814.4  23687.3  2201.55  1470.75  2677.67
365  176  2025-06-14 19-53-29  1816  23711.2  2201.28  1470.78  2682.27
366  176  2025-06-14 19-53-29  1817.6  23735.1  2201.11  1470.78  2678.58
367  176  2025-06-14 19-53-29  1819.2  23758.9  2201.03  1470.78  2674.85
368  176  2025-06-14 19-53-29  1820.8  23782.8  2200.84  1470.8  2679.51
369  176  2025-06-14 19-53-29  1822.4  23806.7  2200.74  1470.8  2675.81
370  176  2025-06-14 19-53-29  1824  23830.6  2200.52  1470.82  2680.48
371  176  2025-06-14 19-53-29  1825.6  23854.5  2200.39  1470.82  2676.79
372  176  2025-06-14 19-53-29  1827.2  23878.3  2200.15  1470.84  2681.48
373  176  2025-06-14 19-53-29  1828.8  23902.2  2200  1470.84  2677.81
374  176  2025-06-14 19-53-29  1830.4  23926.1  2199.94  1470.84  2674.11
375  176  2025-06-14 19-53-29  1832  23950  2199.76  1470.86  2678.86
376  176  2025-06-14 19-53-29  1833.6  23973.9  2199.68  1470.86  2675.18
377  176  2025-06-14 19-53-29  1835.2  23997.8  2199.47  1470.88  2679.95
378  176  2025-06-14 19-53-29  1836.8  24021.7  2199.36  1470.88  2676.29
379  176  2025-06-14 19-53-29  1838.4  24045.6  2199.12  1470.9  2681.06
380  176  2025-06-14 19-53-29  1840  24069.4  2198.98  1470.9  2677.42
381  176  2025-06-14 19-53-29  1841.6  24093.3  2198.94  1470.9  2673.75
382  176  2025-06-14 19-53-29  1843.2  24117.2  2198.76  1470.92  2678.58
383  176  2025-06-14 19-53-29  1844.8  24141.1  2198.69  1470.92  2674.94
384  176  2025-06-14 19-53-29  1846.4  24165  2198.49  1470.94  2679.78
385  176  2025-06-14 19-53-29  1848  24188.9  2198.38  1470.94  2676.15
386  176  2025-06-14 19-53-29  1849.6  24212.8  2198.14  1470.96  2681.01
387  176  2025-06-14 19-53-29  1851.2  24236.7  2198  1470.96  2677.4
388  176  2025-06-14 19-53-29  1852.8  24260.6  2197.96  1470.96  2673.76
389  176  2025-06-14 19-53-29  1854.4  24284.5  2197.78  1470.98  2678.67
390  176  2025-06-14 19-53-29  1856  24308.4  2197.7  1470.98  2675.05
391  176  2025-06-14 19-53-29  1857.6  24332.3  2197.49  1471  2679.98
392  176  2025-06-14 19-53-29  1859.2  24356.2  2197.38  1471  2676.38
393  176  2025-06-14 19-53-29  1860.8  24380.1  2197.36  1471  2672.75
394  176  2025-06-14 19-53-29  1862.4  24404  2197.21  1471.02  2677.73
395  176  2025-06-14 19-53-29  1864  24427.9  2197.16  1471.02  2674.12
396  176  2025-06-14 19-53-29  1865.6  24451.8  2196.97  1471.03  2679.11
397  176  2025-06-14 19-53-29  1867.2  24475.7  2196.88  1471.03  2675.52
398  176  2025-06-14 19-53-29  1868.8  24499.6  2196.88  1471.03  2671.9
399  176  2025-06-14 19-53-29  1870.4  24523.5  2196.75  1471.05  2676.95
400  176  2025-06-14 19-53-29  1872  24547.4  2196.72  1471.05  2673.36
401  176  2025-06-14 19-53-29  1873.6  24571.3  2196.55  1471.07  2678.41
402  176  2025-06-14 19-53-29  1875.2  24595.2  2196.48  1471.07  2674.84
403  176  2025-06-14 19-53-29  1876.8  24619.1  2196.27  1471.08  2679.9
404  176  2025-06-14 19-53-29  1878.4  24643  2196.16  1471.08  2676.35
405  176  2025-06-14 19-53-29  1880  24666.9  2196.14  1471.08  2672.76
406  176  2025-06-14 19-53-29  1881.6  24690.8  2195.98  1471.1  2677.88
407  176  2025-06-14 19-53-29  1883.2  24714.8  2195.92  1471.1  2674.32
408  176  2025-06-14 19-53-29  1884.8  24738.7  2195.73  1471.12  2679.45
409  176  2025-06-14 19-53-29  1886.4  24762.6  2195.63  1471.12  2675.91
410  176  2025-06-14 19-53-29  1888  24786.5  2195.62  1471.12  2672.34
411  176  2025-06-14 19-53-29  1889.6  24810.4  2195.47  1471.13  2677.52
412  176  2025-06-14 19-53-29  1891.2  24834.3  2195.42  1471.13  2673.97
413  176  2025-06-14 19-53-29  1892.8  24858.2  2195.24  1471.15  2679.16
414  176  2025-06-14 19-53-29  1894.4  24882.1  2195.14  1471.15  2675.63
415  176  2025-06-14 19-53-29  1896  24906.1  2195.14  1471.15  2672.07
416  176  2025-06-14 19-53-29  1897.6  24930  2195  1471.16  2677.31
417  176  2025-06-14 19-53-29  1899.2  24953.9  2194.95  1471.16  2673.78
418  176  2025-06-14 19-53-29  1900.8  24977.8  2194.77  1471.18  2679.03
419  176  2025-06-14 19-53-29  1902.4  25001.7  2194.68  1471.18  2675.52
420  176  2025-06-14 19-53-29  1904  25025.6  2194.68  1471.18  2671.97
421  176  2025-06-14 19-53-29  1905.6  25049.6  2194.54  1471.19  2677.27
422  176  2025-06-14 19-53-29  1907.2  25073.5  2194.5  1471.19  2673.75
423  176  2025-06-14 19-53-29  1908.8  25097.4  2194.54  1471.19  2670.2
424  176  2025-06-14 19-53-29  1910.4  25121.3  2194.45  1471.21  2675.55
425  176  2025-06-14 19-53-29  1912  25145.2  2194.45  1471.21  2672.03
426  176  2025-06-14 19-53-29  1913.6  25169.2  2194.31  1471.22  2677.38
427  176  2025-06-14 19-53-29  1915.2  25193.1  2194.26  1471.22  2673.88
428  176  2025-06-14 19-53-29  1916.8  25217  2194.3  1471.22  2670.35
429  176  2025-06-14 19-53-29  1918.4  25240.9  2194.21  1471.24  2675.76
430  176  2025-06-14 19-53-29  1920  25264.9  2194.2  1471.24  2672.25
431  176  2025-06-14 19-53-29  1921.6  25288.8  2194.05  1471.25  2677.66
432  176  2025-06-14 19-53-29  1923.2  25312.7  2193.99  1471.25  2674.17
433  176  2025-06-14 19-53-29  1924.8  25336.6  2194.03  1471.25  2670.66
434  176  2025-06-14 19-53-29  1926.4  25360.6  2193.92  1471.26  2676.12
435  176  2025-06-14 19-53-29  1928  25384.5  2193.91  1471.26  2672.63
436  176  2025-06-14 19-53-29  1929.6  25408.4  2193.75  1471.28  2678.1
437  176  2025-06-14 19-53-29  1931.2  25432.3  2193.68  1471.28  2674.63
438  176  2025-06-14 19-53-29  1932.8  25456.3  2193.7  1471.28  2671.13
439  176  2025-06-14 19-53-29  1934.4  25480.2  2193.58  1471.29  2676.65
440  176  2025-06-14 19-53-29  1936  25504.1  2193.55  1471.29  2673.18
441  176  2025-06-14 19-53-29  1937.6  25528.1  2193.61  1471.29  2669.67
442  176  2025-06-14 19-53-29  1939.2  25552  2193.52  1471.3  2675.24
443  176  2025-06-14 19-53-29  1940.8  25575.9  2193.53  1471.3  2671.76
444  176  2025-06-14 19-53-29  1942.4  25599.8  2193.39  1471.32  2677.33
445  176  2025-06-14 19-53-29  1944  25623.8  2193.34  1471.32  2673.88
446  176  2025-06-14 19-53-29  1945.6  25647.7  2193.38  1471.32  2670.39
447  176  2025-06-14 19-53-29  1947.2  25671.6  2193.28  1471.33  2676.01
448  176  2025-06-14 19-53-29  1948.8  25695.6  2193.27  1471.33  2672.55
449  176  2025-06-14 19-53-29  1950.4  25719.5  2193.1  1471.34  2678.17
450  176  2025-06-14 19-53-29  1952  25743.4  2193.03  1471.34  2674.74
451  176  2025-06-14 19-53-29  1953.6  25767.4  2193.05  1471.34  2671.27
452  176  2025-06-14 19-53-29  1955.2  25791.3  2192.92  1471.35  2676.94
453  176  2025-06-14 19-53-29  1956.8  25815.2  2192.88  1471.35  2673.5
454  176  2025-06-14 19-53-29  1958.4  25839.2  2192.93  1471.35  2670.03
455  176  2025-06-14 19-53-29  1960  25863.1  2192.84  1471.36  2675.75
456  176  2025-06-14 19-53-29  1961.6  25887.1  2192.83  1471.36  2672.31
457  176  2025-06-14 19-53-29  1963.2  25911  2192.67  1471.37  2678.02
458  176  2025-06-14 19-53-29  1964.8  25934.9  2192.6  1471.37  2674.61
459  176  2025-06-14 19-53-29  1966.4  25958.9  2192.63  1471.37  2671.16
460  176  2025-06-14 19-53-29  1968  25982.8  2192.5  1471.39  2676.92
461  176  2025-06-14 19-53-29  1969.6  26006.7  2192.46  1471.39  2673.5
462  176  2025-06-14 19-53-29  1971.2  26030.7  2192.51  1471.39  2670.05
463  176  2025-06-14 19-53-29  1972.8  26054.6  2192.41  1471.4  2675.86
464  176  2025-06-14 19-53-29  1974.4  26078.6  2192.4  1471.4  2672.43
465  176  2025-06-14 19-53-29  1976  26102.5  2192.48  1471.4  2668.98
466  176  2025-06-14 19-53-29  1977.6  26126.4  2192.4  1471.41  2674.83
467  176  2025-06-14 19-53-29  1979.2  26150.4  2192.42  1471.41  2671.41
468  176  2025-06-14 19-53-29  1980.8  26174.3  2192.28  1471.42  2677.26
469  176  2025-06-14 19-53-29  1982.4  26198.3  2192.23  1471.42  2673.86
470  176  2025-06-14 19-53-29  1984  26222.2  2192.27  1471.42  2670.43
471  176  2025-06-14 19-53-29  1985.6  26246.1  2192.16  1471.43  2676.33
472  176  2025-06-14 19-53-29  1987.2  26270.1  2192.13  1471.43  2672.93
473  176  2025-06-14 19-53-29  1988.8  26294  2192.2  1471.43  2669.49
474  176  2025-06-14 19-53-29  1990.4  26318  2192.11  1471.44  2675.44
475  176  2025-06-14 19-53-29  1992  26341.9  2192.11  1471.44  2672.04
476  176  2025-06-14 19-53-29  1993.6  26365.9  2191.95  1471.45  2677.98
477  176  2025-06-14 19-53-29  1995.2  26389.8  2191.88  1471.45  2674.6
478  176  2025-06-14 19-53-29  1996.8  26413.8  2191.91  1471.45  2671.19
479  176  2025-06-14 19-53-29  1998.4  26437.7  2191.77  1471.46  2677.18
480  176  2025-06-14 19-53-29  2000  26461.6  2191.72  1471.46  2673.8
481  176  2025-06-14 19-53-29  2001.6  26485.6  2191.77  1471.46  2670.39
482  176  2025-06-14 19-53-29  2003.2  26509.5  2191.65  1471.47  2676.42
483  176  2025-06-14 19-53-29  2004.8  26533.5  2191.62  1471.47  2673.04
484  176  2025-06-14 19-53-29  2006.4  26557.4  2191.68  1471.47  2669.63
485  176  2025-06-14 19-53-29  2008  26581.4  2191.59  1471.48  2675.71
486  176  2025-06-14 19-53-29  2009.6  26605.3  2191.58  1471.48  2672.32
487  176  2025-06-14 19-53-29  2011.2  26629.3  2191.66  1471.48  2668.91
488  176  2025-06-14 19-53-29  2012.8  26653.2  2191.58  1471.49  2675.03
489  176  2025-06-14 19-53-29  2014.4  26677.2  2191.59  1471.49  2671.64
490  176  2025-06-14 19-53-29  2016  26701.1  2191.44  1471.5  2677.76
491  176  2025-06-14 19-53-29  2017.6  26725.1  2191.38  1471.5  2674.41
492  176  2025-06-14 19-53-29  2019.2  26749  2191.4  1471.5  2671.02
493  176  2025-06-14 19-53-29  2020.8  26773  2191.27  1471.51  2677.18
494  176  2025-06-14 19-53-29  2022.4  26796.9  2191.22  1471.51  2673.83
495  176  2025-06-14 19-53-29  2024  26820.9  2191.26  1471.51  2670.44
496  176  2025-06-14 19-53-29  2025.6  26844.8  2191.14  1471.51  2676.64
497  176  2025-06-14 19-53-29  2027.2  26868.8  2191.11  1471.51  2673.29
498  176  2025-06-14 19-53-29  2028.8  26892.7  2191.16  1471.51  2669.9
499  176  2025-06-14 19-53-29  2030.4  26916.7  2191.05  1471.52  2676.14
500  176  2025-06-14 19-53-29  2032  26940.6  2191.03  1471.52  2672.79
501  176  2025-06-14 19-53-29  2033.6  26964.6  2191.1  1471.52  2669.4
502  176  2025-06-14 19-53-29  2035.2  26988.5  2191  1471.53  2675.69
503  176  2025-06-14 19-53-29  2036.8  27012.5  2190.99  1471.53  2672.33
504  176  2025-06-14 19-53-29  2038.4  27036.4  2191.07  1471.53  2668.94
505  176  2025-06-14 19-53-29  2040  27060.4  2190.99  1471.54  2675.27
506  176  2025-06-14 19-53-29  2041.6  27084.4  2190.99  1471.54  2671.92
507  176  2025-06-14 19-53-29  2043.2  27108.3  2191.08  1471.54  2668.53
508  176  2025-06-14 19-53-29  2044.8  27132.3  2191.01  1471.55  2674.9
509  176  2025-06-14 19-53-29  2046.4  27156.2  2191.02  1471.55  2671.55
510  176  2025-06-14 19-53-29  2048  27180.2  2191.12  1471.55  2668.16
511  176  2025-06-14 19-53-29  2049.6  27204.1  2191.05  1471.56  2674.58
512  176  2025-06-14 19-53-29  2051.2  27228.1  2191.07  1471.56  2671.22
513  176  2025-06-14 19-53-29  2052.8  27252  2190.92  1471.56  2677.63
514  176  2025-06-14 19-53-29  2054.4  27276  2190.86  1471.56  2674.31
515  176  2025-06-14 19-53-29  2056  27300  2190.89  1471.56  2670.96
516  176  2025-06-14 19-53-29  2057.6  27323.9  2190.75  1471.57  2677.41
517  176  2025-06-14 19-53-29  2059.2  27347.9  2190.69  1471.57  2674.09
518  176  2025-06-14 19-53-29  2060.8  27371.8  2190.73  1471.57  2670.74
519  176  2025-06-14 19-53-29  2062.4  27395.8  2190.59  1471.58  2677.23
520  176  2025-06-14 19-53-29  2064  27419.7  2190.54  1471.58  2673.91
521  176  2025-06-14 19-53-29  2065.6  27443.7  2190.58  1471.58  2670.56
522  176  2025-06-14 19-53-29  2067.2  27467.7  2190.45  1471.59  2677.1
523  176  2025-06-14 19-53-29  2068.8  27491.6  2190.4  1471.59  2673.78
524  176  2025-06-14 19-53-29  2070.4  27515.6  2190.44  1471.59  2670.43
525  176  2025-06-14 19-53-29  2072  27539.5  2190.31  1471.6  2677.01
526  176  2025-06-14 19-53-29  2073.6  27563.5  2190.26  1471.6  2673.69
527  176  2025-06-14 19-53-29  2075.2  27587.5  2190.31  1471.6  2670.35
528  176  2025-06-14 19-53-29  2076.8  27611.4  2190.18  1471.6  2676.96
529  176  2025-06-14 19-53-29  2078.4  27635.4  2190.14  1471.6  2673.65
530  176  2025-06-14 19-53-29  2080  27659.3  2190.18  1471.6  2670.31
531  176  2025-06-14 19-53-29  2081.6  27683.3  2190.05  1471.61  2676.96
532  176  2025-06-14 19-53-29  2083.2  27707.3  2190.01  1471.61  2673.65
533  176  2025-06-14 19-53-29  2084.8  27731.2  2190.05  1471.61  2670.31
534  176  2025-06-14 19-53-29  2086.4  27755.2  2189.92  1471.62  2677
535  176  2025-06-14 19-53-29  2088  27779.1  2189.88  1471.62  2673.7
536  176  2025-06-14 19-53-29  2089.6  27803.1  2189.92  1471.62  2670.37
537  176  2025-06-14 19-53-29  2091.2  27827.1  2189.78  1471.62  2677.1
538  176  2025-06-14 19-53-29  2092.8  27851  2189.74  1471.62  2673.8
539  176  2025-06-14 19-53-29  2094.4  27875  2189.78  1471.62  2670.47
540  176  2025-06-14 19-53-29  2096  27898.9  2189.64  1471.63  2677.24
541  176  2025-06-14 19-53-29  2097.6  27922.9  2189.59  1471.63  2673.94
542  176  2025-06-14 19-53-29  2099.2  27946.9  2189.63  1471.63  2670.61
543  176  2025-06-14 19-53-29  2100.8  27970.8  2189.75  1471.63  2667.25
544  176  2025-06-14 19-53-29  2102.4  27994.8  2189.7  1471.64  2674.11
545  176  2025-06-14 19-53-29  2104  28018.8  2189.73  1471.64  2670.79
546  176  2025-06-14 19-53-29  2105.6  28042.7  2189.85  1471.64  2667.44
547  176  2025-06-14 19-53-29  2107.2  28066.7  2189.79  1471.64  2674.33
548  176  2025-06-14 19-53-29  2108.8  28090.7  2189.81  1471.64  2671.02
549  176  2025-06-14 19-53-29  2110.4  28114.6  2189.92  1471.64  2667.67
550  176  2025-06-14 19-53-29  2112  28138.6  2189.86  1471.65  2674.61
551  176  2025-06-14 19-53-29  2113.6  28162.5  2189.87  1471.65  2671.3
552  176  2025-06-14 19-53-29  2115.2  28186.5  2189.98  1471.65  2667.96
553  176  2025-06-14 19-53-29  2116.8  28210.5  2189.9  1471.66  2674.94
554  176  2025-06-14 19-53-29  2118.4  28234.4  2189.91  1471.66  2671.63
555  176  2025-06-14 19-53-29  2120  28258.4  2190.01  1471.66  2668.3
556  176  2025-06-14 19-53-29  2121.6  28282.4  2189.92  1471.66  2675.32
557  176  2025-06-14 19-53-29  2123.2  28306.3  2189.92  1471.66  2672.02
558  176  2025-06-14 19-53-29  2124.8  28330.3  2190.01  1471.66  2668.69
559  176  2025-06-14 19-53-29  2126.4  28354.3  2189.91  1471.67  2675.75
560  176  2025-06-14 19-53-29  2128  28378.2  2189.9  1471.67  2672.46
561  176  2025-06-14 19-53-29  2129.6  28402.2  2189.97  1471.67  2669.14
562  176  2025-06-14 19-53-29  2131.2  28426.2  2189.86  1471.67  2676.23
563  176  2025-06-14 19-53-29  2132.8  140450  2189.84  1471.67  2672.95
564  176  2025-06-14 19-53-29  2134.4  140474  2189.9  1471.67  2669.64
565  176  2025-06-14 19-53-29  2136  140498  2189.77  1471.68  2676.77
566  176  2025-06-14 19-53-29  2137.6  140522  2189.74  1471.68  2673.5
567  176  2025-06-14 19-53-29  2139.2  140546  2189.78  1471.68  2670.19
568  176  2025-06-14 19-53-29  2140.8  140570  2189.64  1471.69  2677.36
569  176  2025-06-14 19-53-29  2142.4  140594  2189.59  1471.69  2674.1
570  176  2025-06-14 19-53-29  2144  140618  2189.62  1471.69  2670.8
571  176  2025-06-14 19-53-29  2145.6  140642  2189.74  1471.69  2667.47
572  176  2025-06-14 19-53-29  2147.2  140666  2189.67  1471.69  2674.73
573  176  2025-06-14 19-53-29  2148.8  140690  2189.68  1471.63  2671.44
574  176  2025-06-14 19-53-29  2150.4  140714  2189.78  1471.58  2668.12
575  176  2025-06-14 19-53-29  2152  140738  2189.69  1471.58  2675.41
576  176  2025-06-14 19-53-29  2153.6  140762  2189.77  1471.58  2668.9
577  176  2025-06-14 19-53-29  2155.2  140786  2189.66  1471.59  2676.22
578  176  2025-06-14 19-53-29  2156.8  140810  2189.72  1471.59  2669.72
579  176  2025-06-14 19-53-29  2158.4  140834  2189.59  1471.6  2677.06
580  176  2025-06-14 19-53-29  2160  140858  2189.63  1471.6  2670.57
581  176  2025-06-14 19-53-29  2161.6  140881  2189.84  1471.6  2664.01
582  176  2025-06-14 19-53-29  2163.2  140905  2189.85  1471.61  2671.46
583  176  2025-06-14 19-53-29  2164.8  140929  2190.04  1471.61  2664.91
584  176  2025-06-14 19-53-29  2166.4  140953  2190.03  1471.61  2672.38
585  176  2025-06-14 19-53-29  2168  140977  2190.19  1471.61  2665.85
586  176  2025-06-14 19-53-29  2169.6  141001  2190.15  1471.62  2673.34
587  176  2025-06-14 19-53-29  2171.2  141025  2190.29  1471.62  2666.82
588  176  2025-06-14 19-53-29  2172.8  141049  2190.23  1471.63  2674.33
589  176  2025-06-14 19-53-29  2174.4  141073  2190.34  1471.63  2667.82
590  176  2025-06-14 19-53-29  2176  141097  2190.25  1471.63  2675.36
591  176  2025-06-14 19-53-29  2177.6  141121  2190.33  1471.63  2668.86
592  176  2025-06-14 19-53-29  2179.2  141145  2190.21  1471.64  2676.41
593  176  2025-06-14 19-53-29  2180.8  141169  2190.27  1471.64  2669.93
594  176  2025-06-14 19-53-29  2182.4  141193  2190.13  1471.65  2677.5
595  176  2025-06-14 19-53-29  2184  141217  2190.15  1471.65  2671.03
596  176  2025-06-14 19-53-29  2185.6  141241  2190.35  1471.65  2664.49
597  176  2025-06-14 19-53-29  2187.2  141265  2190.34  1471.65  2672.17
598  176  2025-06-14 19-53-29  2188.8  141289  2190.51  1471.65  2665.65
599  176  2025-06-14 19-53-29  2190.4  141313  2190.47  1471.66  2673.35
600  176  2025-06-14 19-53-29  2192  141337  2190.61  1471.66  2666.84
601  176  2025-06-14 19-53-29  2193.6  141361  2190.54  1471.67  2674.56
602  176  2025-06-14 19-53-29  2195.2  141385  2190.64  1471.67  2668.06
603  176  2025-06-14 19-53-29  2196.8  141409  2190.55  1471.67  2675.8
604  176  2025-06-14 19-53-29  2198.4  141433  2190.62  1471.67  2669.32
605  176  2025-06-14 19-53-29  2200  141457  2190.48  1471.68  2677.08
606  176  2025-06-14 19-53-29  2201.6  141481  2190.52  1471.68  2670.61
607  176  2025-06-14 19-53-29  2203.2  141505  2190.35  1471.68  2678.4
608  176  2025-06-14 19-53-29  2204.8  141529  2190.35  1471.68  2671.94
609  176  2025-06-14 19-53-29  2206.4  141552  2190.52  1471.68  2665.42
610  176  2025-06-14 19-53-29  2208  141576  2190.49  1471.69  2673.3
611  176  2025-06-14 19-53-29  2209.6  141600  2190.63  1471.69  2666.8
612  176  2025-06-14 19-53-29  2211.2  141624  2190.56  1471.69  2674.71
613  176  2025-06-14 19-53-29  2212.8  141648  2190.66  1471.69  2668.21
614  176  2025-06-14 19-53-29  2214.4  141672  2190.55  1471.7  2676.14
615  176  2025-06-14 19-53-29  2216  141696  2190.61  1471.7  2669.67
616  176  2025-06-14 19-53-29  2217.6  141720  2190.46  1471.71  2677.61
617  176  2025-06-14 19-53-29  2219.2  141744  2190.48  1471.71  2671.15
618  176  2025-06-14 19-53-29  2220.8  141768  2190.68  1471.71  2664.63
619  176  2025-06-14 19-53-29  2222.4  141792  2190.66  1471.71  2672.68
620  176  2025-06-14 19-53-29  2224  141816  2190.81  1471.71  2666.17
621  176  2025-06-14 19-53-29  2225.6  141840  2190.75  1471.72  2674.24
622  176  2025-06-14 19-53-29  2227.2  141864  2190.86  1471.72  2667.75
623  176  2025-06-14 19-53-29  2228.8  141888  2190.76  1471.72  2675.84
624  176  2025-06-14 19-53-29  2230.4  141912  2190.83  1471.72  2669.37
625  176  2025-06-14 19-53-29  2232  141936  2190.69  1471.73  2677.48
626  176  2025-06-14 19-53-29  2233.6  141960  2190.71  1471.73  2671.02
627  176  2025-06-14 19-53-29  2235.2  141984  2190.91  1471.73  2664.5
628  176  2025-06-14 19-53-29  2236.8  142008  2190.89  1471.73  2672.71
629  176  2025-06-14 19-53-29  2238.4  142032  2190.66  1471.64  2680.76
630  176  2025-06-14 19-53-29  2240  142056  2190.22  1471.56  2688.88
631  176  2025-06-14 19-53-29  2241.6  142080  2189.57  1471.47  2697.08
632  176  2025-06-14 19-53-29  2243.2  142104  2188.7  1471.39  2705.36
633  176  2025-06-14 19-53-29  2244.8  142128  2187.61  1471.3  2713.73
634  176  2025-06-14 19-53-29  2246.4  142152  2186.3  1471.21  2722.17
635  176  2025-06-14 19-53-29  2248  142175  2184.77  1471.13  2730.69
636  176  2025-06-14 19-53-29  2249.6  142199  2183.01  1471.04  2739.29
637  176  2025-06-14 19-53-29  2251.2  142223  2181.04  1470.95  2747.98
638  176  2025-06-14 19-53-29  2252.8  142247  2178.83  1470.87  2756.74
639  176  2025-06-14 19-53-29  2254.4  142271  2176.4  1470.78  2765.58
640  176  2025-06-14 19-53-29  2256  142294  2173.74  1470.7  2774.5
641  176  2025-06-14 19-53-29  2257.6  142318  2170.84  1470.61  2783.51
642  176  2025-06-14 19-53-29  2259.2  142342  2168.13  1470.52  2776.43
643  176  2025-06-14 19-53-29  2260.8  142365  2165.6  1470.44  2769.27
644  176  2025-06-14 19-53-29  2262.4  142389  2163.27  1470.35  2762.03
645  176  2025-06-14 19-53-29  2264  142413  2161.12  1470.26  2754.72
646  176  2025-06-14 19-53-29  2265.6  142437  2159.16  1470.18  2747.32
647  176  2025-06-14 19-53-29  2267.2  142460  2157.4  1470.09  2739.84
648  176  2025-06-14 19-53-29  2268.8  142484  2155.84  1470  2732.29
649  176  2025-06-14 19-53-29  2270.4  142508  2154.47  1469.92  2724.65
650  176  2025-06-14 19-53-29  2272  142532  2153.31  1469.83  2716.93
651  176  2025-06-14 19-53-29  2273.6  142555  2152.35  1469.75  2709.13
652  176  2025-06-14 19-53-29  2275.2  142579  2151.59  1469.66  2701.26
653  176  2025-06-14 19-53-29  2276.8  142603  2151.04  1469.57  2693.3
654  176  2025-06-14 19-53-29  2278.4  142627  2150.69  1469.49  2685.26
655  176  2025-06-14 19-53-29  2280  142650  2150.56  1469.4  2677.14
656  176  2025-06-14 19-53-29  2281.6  142674  2150.64  1469.31  2668.95
657  176  2025-06-14 19-53-29  2283.2  142698  2150.93  1469.23  2660.67
658  176  2025-06-14 19-53-29  2284.8  142721  2151.44  1469.14  2652.31
659  176  2025-06-14 19-53-29  2286.4  142745  2152.17  1469.05  2643.87
660  176  2025-06-14 19-53-29  2288  142769  2153.12  1468.97  2635.36
661  176  2025-06-14 19-53-29  2289.6  142793  2154.28  1468.88  2626.76
662  176  2025-06-14 19-53-29  2291.2  142816  2155.22  1468.94  2635.75
663  176  2025-06-14 19-53-29  2292.8  142840  2156.38  1468.85  2627.17
664  176  2025-06-14 19-53-29  2294.4  142864  2157.3  1468.91  2636.22
665  176  2025-06-14 19-53-29  2296  142887  2158.45  1468.82  2627.65
666  176  2025-06-14 19-53-29  2297.6  142911  2159.36  1468.88  2636.75
667  176  2025-06-14 19-53-29  2299.2  142934  2160.49  1468.79  2628.2
668  176  2025-06-14 19-53-29  2300.8  142958  2161.38  1468.85  2637.35
669  176  2025-06-14 19-53-29  2302.4  142982  2162.5  1468.76  2628.82
670  176  2025-06-14 19-53-29  2304  143005  2163.38  1468.82  2638.02
671  176  2025-06-14 19-53-29  2305.6  143029  2164.47  1468.74  2629.5
672  176  2025-06-14 19-53-29  2307.2  143053  2165.33  1468.79  2638.75
673  176  2025-06-14 19-53-29  2308.8  143076  2165.95  1468.85  2647.94
674  176  2025-06-14 19-53-29  2310.4  143100  2166.79  1468.77  2639.53
675  176  2025-06-14 19-53-29  2312  143124  2167.39  1468.82  2648.76
676  176  2025-06-14 19-53-29  2313.6  143147  2168.21  1468.74  2640.37
677  176  2025-06-14 19-53-29  2315.2  143171  2168.79  1468.8  2649.65
678  176  2025-06-14 19-53-29  2316.8  143195  2169.58  1468.71  2641.27
679  176  2025-06-14 19-53-29  2318.4  143218  2170.13  1468.77  2650.59
680  176  2025-06-14 19-53-29  2320  143242  2170.9  1468.68  2642.23
681  176  2025-06-14 19-53-29  2321.6  143266  2171.43  1468.74  2651.59
682  176  2025-06-14 19-53-29  2323.2  143289  2172.17  1468.66  2643.25
683  176  2025-06-14 19-53-29  2324.8  143313  2172.67  1468.72  2652.66
684  176  2025-06-14 19-53-29  2326.4  143337  2173.38  1468.63  2644.33
685  176  2025-06-14 19-53-29  2328  143360  2173.85  1468.69  2653.78
686  176  2025-06-14 19-53-29  2329.6  143384  2174.54  1468.6  2645.47
687  176  2025-06-14 19-53-29  2331.2  143408  2174.98  1468.67  2654.95
688  176  2025-06-14 19-53-29  2332.8  143431  2175.63  1468.58  2646.66
689  176  2025-06-14 19-53-29  2334.4  143455  2176.04  1468.64  2656.19
690  176  2025-06-14 19-53-29  2336  143479  2176.66  1468.55  2647.91
691  176  2025-06-14 19-53-29  2337.6  143502  2177.5  1468.47  2639.56
692  176  2025-06-14 19-53-29  2339.2  143526  2178.09  1468.53  2649.24
693  176  2025-06-14 19-53-29  2340.8  143550  2178.68  1468.45  2648.98
694  176  2025-06-14 19-53-29  2342.4  143573  2179.02  1468.51  2658.62
695  176  2025-06-14 19-53-29  2344  143597  2179.5  1468.42  2653.61
696  176  2025-06-14 19-53-29  2345.6  143621  2180.1  1468.34  2648.56
697  176  2025-06-14 19-53-29  2347.2  143644  2180.46  1468.4  2658.28
698  176  2025-06-14 19-53-29  2348.8  143668  2180.94  1468.32  2653.28
699  176  2025-06-14 19-53-29  2350.4  143691  2181.55  1468.23  2648.22
700  176  2025-06-14 19-53-29  2352  143715  2181.91  1468.3  2658.03
701  176  2025-06-14 19-53-29  2353.6  143739  2182.4  1468.21  2653.03
702  176  2025-06-14 19-53-29  2355.2  143762  2182.64  1468.28  2662.84
703  176  2025-06-14 19-53-29  2356.8  143786  2183  1468.19  2657.89
704  176  2025-06-14 19-53-29  2358.4  143809  2183.49  1468.11  2652.89
705  176  2025-06-14 19-53-29  2360  143833  2183.73  1468.18  2662.78
706  176  2025-06-14 19-53-29  2361.6  143857  2184.1  1468.09  2657.83
707  176  2025-06-14 19-53-29  2363.2  143880  2184.59  1468  2652.84
708  176  2025-06-14 19-53-29  2364.8  143904  2184.83  1468.08  2662.81
709  176  2025-06-14 19-53-29  2366.4  143928  2185.19  1467.99  2657.87
710  176  2025-06-14 19-53-29  2368  143951  2185.68  1467.9  2652.88
711  176  2025-06-14 19-53-29  2369.6  143975  2185.92  1467.98  2662.92
712  176  2025-06-14 19-53-29  2371.2  143998  2186.28  1467.89  2657.99
713  176  2025-06-14 19-53-29  2372.8  144022  2186.76  1467.8  2653
714  176  2025-06-14 19-53-29  2374.4  144045  2186.99  1467.88  2663.13
715  176  2025-06-14 19-53-29  2376  144069  2187.35  1467.79  2658.2
716  176  2025-06-14 19-53-29  2377.6  144093  2187.44  1467.87  2668.32
717  176  2025-06-14 19-53-29  2379.2  144116  2187.66  1467.78  2663.45
718  176  2025-06-14 19-53-29  2380.8  144140  2188.01  1467.7  2658.52
719  176  2025-06-14 19-53-29  2382.4  144163  2188.09  1467.77  2668.72
720  176  2025-06-14 19-53-29  2384  144187  2188.3  1467.69  2663.85
721  176  2025-06-14 19-53-29  2385.6  144210  2188.64  1467.6  2658.94
722  176  2025-06-14 19-53-29  2387.2  144234  2188.71  1467.68  2669.21
723  176  2025-06-14 19-53-29  2388.8  144258  2188.91  1467.59  2664.35
724  176  2025-06-14 19-53-29  2390.4  144281  2189.23  1467.51  2659.44
725  176  2025-06-14 19-53-29  2392  144305  2189.29  1467.59  2669.78
726  176  2025-06-14 19-53-29  2393.6  144328  2189.47  1467.5  2664.93
727  176  2025-06-14 19-53-29  2395.2  144352  2189.78  1467.42  2660.03
728  176  2025-06-14 19-53-29  2396.8  144375  2189.82  1467.5  2670.45
729  176  2025-06-14 19-53-29  2398.4  144399  2189.98  1467.41  2665.6
730  176  2025-06-14 19-53-29  2400  144422  2190.27  1467.33  2660.71
731  176  2025-06-14 19-53-29  2401.6  144446  2190.29  1467.41  2671.2
732  176  2025-06-14 19-53-29  2403.2  144469  2190.43  1467.32  2666.37
733  176  2025-06-14 19-53-29  2404.8  144493  2190.7  1467.24  2661.48
734  176  2025-06-14 19-53-29  2406.4  144517  2190.7  1467.32  2672.05
735  176  2025-06-14 19-53-29  2408  144540  2190.83  1467.24  2667.22
736  176  2025-06-14 19-53-29  2409.6  144564  2191.07  1467.15  2662.34
737  176  2025-06-14 19-53-29  2411.2  144587  2191.05  1467.24  2672.99
738  176  2025-06-14 19-53-29  2412.8  144611  2191.15  1467.15  2668.17
739  176  2025-06-14 19-53-29  2414.4  144634  2191.37  1467.06  2663.3
740  176  2025-06-14 19-53-29  2416  144658  2191.32  1467.15  2674.02
741  176  2025-06-14 19-53-29  2417.6  144681  2191.39  1467.07  2669.21
742  176  2025-06-14 19-53-29  2419.2  144705  2191.59  1466.98  2664.35
743  176  2025-06-14 19-53-29  2420.8  144728  2191.5  1467.07  2675.14
744  176  2025-06-14 19-53-29  2422.4  144752  2191.49  1467.16  2672.48
745  176  2025-06-14 19-53-29  2424  144775  2191.55  1467.25  2669.85
746  176  2025-06-14 19-53-29  2425.6  144799  2191.67  1467.33  2667.26
747  176  2025-06-14 19-53-29  2427.2  144822  2191.86  1467.42  2664.7
748  176  2025-06-14 19-53-29  2428.8  144846  2192.11  1467.5  2662.17
749  176  2025-06-14 19-53-29  2430.4  144869  2192.08  1467.58  2673.14
750  176  2025-06-14 19-53-29  2432  144893  2191.77  1467.66  2684.04
751  176  2025-06-14 19-53-29  2433.6  144916  2191.18  1467.74  2694.85
752  176  2025-06-14 19-53-29  2435.2  144940  2190.65  1467.81  2692.84
753  176  2025-06-14 19-53-29  2436.8  144964  2190.16  1467.89  2690.86
754  176  2025-06-14 19-53-29  2438.4  144987  2189.73  1467.96  2688.92
755  176  2025-06-14 19-53-29  2440  145011  2189.34  1468.04  2687.01
756  176  2025-06-14 19-53-29  2441.6  145034  2189  1468.11  2685.12
757  176  2025-06-14 19-53-29  2443.2  145058  2188.71  1468.18  2683.28
758  176  2025-06-14 19-53-29  2444.8  145082  2188.47  1468.25  2681.46
759  176  2025-06-14 19-53-29  2446.4  145105  2188.27  1468.31  2679.67
760  176  2025-06-14 19-53-29  2448  145129  2188.12  1468.38  2677.92
761  176  2025-06-14 19-53-29  2449.6  145153  2188.01  1468.44  2676.2
762  176  2025-06-14 19-53-29  2451.2  145176  2187.94  1468.51  2674.51
763  176  2025-06-14 19-53-29  2452.8  145200  2187.92  1468.57  2672.85
764  176  2025-06-14 19-53-29  2454.4  145224  2187.94  1468.63  2671.22
765  176  2025-06-14 19-53-29  2456  145247  2188  1468.69  2669.62
766  176  2025-06-14 19-53-29  2457.6  145271  2188.11  1468.75  2668.06
767  176  2025-06-14 19-53-29  2459.2  145295  2188.25  1468.81  2666.52
768  176  2025-06-14 19-53-29  2460.8  145318  2188.43  1468.87  2665.02
769  176  2025-06-14 19-53-29  2462.4  145342  2188.65  1468.93  2663.55
770  176  2025-06-14 19-53-29  2464  145366  2188.9  1468.98  2662.11
771  176  2025-06-14 19-53-29  2465.6  145389  2189.19  1469.03  2660.69
772  176  2025-06-14 19-53-29  2467.2  145413  2189.52  1469.09  2659.31
773  176  2025-06-14 19-53-29  2468.8  145437  2189.88  1469.14  2657.96
774  176  2025-06-14 19-53-29  2470.4  145460  2190.28  1469.19  2656.64
775  176  2025-06-14 19-53-29  2472  145484  2190.71  1469.24  2655.35
776  176  2025-06-14 19-53-29  2473.6  145508  2191.18  1469.29  2654.1
777  176  2025-06-14 19-53-29  2475.2  145532  2191.67  1469.34  2652.87
778  176  2025-06-14 19-53-29  2476.8  145555  2192.2  1469.39  2651.67
779  176  2025-06-14 19-53-29  2478.4  145579  2192.76  1469.44  2650.5
780  176  2025-06-14 19-53-29  2480  145603  2193.34  1469.48  2649.36
781  176  2025-06-14 19-53-29  2481.6  145627  2193.96  1469.53  2648.24
782  176  2025-06-14 19-53-29  2483.2  145650  2194.6  1469.57  2647.16
783  176  2025-06-14 19-53-29  2484.8  145674  2195.27  1469.62  2646.11
784  176  2025-06-14 19-53-29  2486.4  145698  2195.97  1469.66  2645.09
785  176  2025-06-14 19-53-29  2488  145722  2196.69  1469.7  2644.09
786  176  2025-06-14 19-53-29  2489.6  145745  2197.44  1469.74  2643.13
787  176  2025-06-14 19-53-29  2491.2  145769  2198.21  1469.78  2642.19
788  176  2025-06-14 19-53-29  2492.8  145793  2199.01  1469.82  2641.28
789  176  2025-06-14 19-53-29  2494.4  145817  2199.83  1469.86  2640.4
790  176  2025-06-14 19-53-29  2496  145840  2200.67  1469.9  2639.55
791  176  2025-06-14 19-53-29  2497.6  145864  2201.54  1469.94  2638.72
792  176  2025-06-14 19-53-29  2499.2  145888  2202.42  1469.97  2637.93
793  176  2025-06-14 19-53-29  2500.8  145912  2203.33  1470.01  2637.16
794  176  2025-06-14 19-53-29  2502.4  145936  2204.25  1470.05  2636.41
795  176  2025-06-14 19-53-29  2504  145959  2205.19  1470.08  2635.7
796  176  2025-06-14 19-53-29  2505.6  145983  2206.15  1470.12  2635.01
797  176  2025-06-14 19-53-29  2507.2  146007  2207.13  1470.15  2634.35
798  176  2025-06-14 19-53-29  2508.8  146031  2208.12  1470.18  2633.72
799  176  2025-06-14 19-53-29  2510.4  146055  2209.13  1470.22  2633.11
800  176  2025-06-14 19-53-29  2512  146078  2210.16  1470.25  2632.53
801  176  2025-06-14 19-53-29  2513.6  146102  2211.2  1470.28  2631.98
802  176  2025-06-14 19-53-29  2515.2  146126  2212.25  1470.31  2631.45
803  176  2025-06-14 19-53-29  2516.8  146150  2213.32  1470.34  2630.95
804  176  2025-06-14 19-53-29  2518.4  146174  2214.4  1470.37  2630.47
805  176  2025-06-14 19-53-29  2520  146197  2215.49  1470.4  2630.02
806  176  2025-06-14 19-53-29  2521.6  146221  2216.59  1470.43  2629.59
807  176  2025-06-14 19-53-29  2523.2  146245  2217.71  1470.46  2629.19
808  176  2025-06-14 19-53-29  2524.8  146269  2218.83  1470.49  2628.81
809  176  2025-06-14 19-53-29  2526.4  146293  2219.96  1470.51  2628.46
810  176  2025-06-14 19-53-29  2528  146317  2221.1  1470.54  2628.14
811  176  2025-06-14 19-53-29  2529.6  146340  2222.25  1470.57  2627.83
812  176  2025-06-14 19-53-29  2531.2  146364  2223.41  1470.59  2627.55
813  176  2025-06-14 19-53-29  2532.8  146388  2224.57  1470.62  2627.3
814  176  2025-06-14 19-53-29  2534.4  146412  2225.74  1470.64  2627.07
815  176  2025-06-14 19-53-29  2536  146436  2226.92  1470.67  2626.86
816  176  2025-06-14 19-53-29  2537.6  146460  2228.1  1470.69  2626.68
817  176  2025-06-14 19-53-29  2539.2  146483  2229.28  1470.71  2626.52
818  176  2025-06-14 19-53-29  2540.8  146507  2230.47  1470.74  2626.38
819  176  2025-06-14 19-53-29  2542.4  146531  2231.66  1470.76  2626.27
820  176  2025-06-14 19-53-29  2544  146555  2232.85  1470.78  2626.17
821  176  2025-06-14 19-53-29  2545.6  146579  2234.05  1470.8  2626.1
822  176  2025-06-14 19-53-29  2547.2  146603  2235.24  1470.82  2626.06
823  176  2025-06-14 19-53-29  2548.8  146626  2236.44  1470.85  2626.01
824  176  2025-06-14 19-53-29  2550.4  146650  2237.64  1470.87  2625.97
825  176  2025-06-14 19-53-29  2552  146674  2238.84  1470.89  2625.93
826  176  2025-06-14 19-53-29  2553.6  146698  2240.04  1470.91  2625.89
827  176  2025-06-14 19-53-29  2555.2  146722  2241.24  1470.93  2625.86
828  176  2025-06-14 19-53-29  2556.8  146746  2242.45  1470.95  2625.82
829  176  2025-06-14 19-53-29  2558.4  146770  2243.65  1470.97  2625.79
830  176  2025-06-14 19-53-29  2560  146794  2244.85  1470.98  2625.77
831  176  2025-06-14 19-53-29  2561.6  146817  2246.06  1471  2625.74
832  176  2025-06-14 19-53-29  2563.2  146841  2247.27  1471.02  2625.72
833  176  2025-06-14 19-53-29  2564.8  146865  2248.47  1471.04  2625.7
834  176  2025-06-14 19-53-29  2566.4  146889  2249.68  1471.05  2625.69
835  176  2025-06-14 19-53-29  2568  146913  2250.89  1471.07  2625.67
836  176  2025-06-14 19-53-29  2569.6  146937  2252.09  1471.09  2625.66
837  176  2025-06-14 19-53-29  2571.2  146961  2253.3  1471.1  2625.65
838  176  2025-06-14 19-53-29  2572.8  146985  2254.51  1471.12  2625.65
839  176  2025-06-14 19-53-29  2574.4  147008  2255.72  1471.14  2625.65
840  176  2025-06-14 19-53-29  2576  147032  2256.93  1471.15  2625.65
841  176  2025-06-14 19-53-29  2577.6  147056  2258.14  1471.17  2625.65
842  176  2025-06-14 19-53-29  2579.2  147080  2259.35  1471.18  2625.65
843  176  2025-06-14 19-53-29  2580.8  147104  2260.55  1471.2  2625.66
844  176  2025-06-14 19-53-29  2582.4  147128  2261.76  1471.21  2625.67
845  176  2025-06-14 19-53-29  2584  147152  2262.97  1471.23  2625.68
846  176  2025-06-14 19-53-29  2585.6  147176  2264.18  1471.24  2625.7
847  176  2025-06-14 19-53-29  2587.2  147200  2265.39  1471.25  2625.72
848  176  2025-06-14 19-53-29  2588.8  147223  2266.59  1471.27  2625.74
849  176  2025-06-14 19-53-29  2590.4  147247  2267.8  1471.28  2625.76
850  176  2025-06-14 19-53-29  2592  147271  2269.01  1471.29  2625.79
851  176  2025-06-14 19-53-29  2593.6  147295  2270.21  1471.31  2625.81
852  176  2025-06-14 19-53-29  2595.2  147319  2271.42  1471.32  2625.85
853  176  2025-06-14 19-53-29  2596.8  147343  2272.62  1471.33  2625.88
854  176  2025-06-14 19-53-29  2598.4  147367  2273.82  1471.34  2625.92
855  176  2025-06-14 19-53-29  2600  147391  2275.02  1471.35  2625.95
856  176  2025-06-14 19-53-29  2601.6  147415  2276.22  1471.37  2626
857  176  2025-06-14 19-53-29  2603.2  147439  2277.42  1471.38  2626.04
858  176  2025-06-14 19-53-29  2604.8  147462  2278.62  1471.39  2626.09
859  176  2025-06-14 19-53-29  2606.4  147486  2279.82  1471.4  2626.14
860  176  2025-06-14 19-53-29  2608  147510  2281.02  1471.41  2626.19
861  176  2025-06-14 19-53-29  2609.6  147534  2282.21  1471.42  2626.24
862  176  2025-06-14 19-53-29  2611.2  147558  2283.4  1471.43  2626.3
863  176  2025-06-14 19-53-29  2612.8  147582  2284.59  1471.44  2626.36
864  176  2025-06-14 19-53-29  2614.4  147606  2285.78  1471.45  2626.42
865  176  2025-06-14 19-53-29  2616  147630  2286.97  1471.46  2626.49
866  176  2025-06-14 19-53-29  2617.6  147654  2288.16  1471.47  2626.56
867  176  2025-06-14 19-53-29  2619.2  147678  2289.34  1471.48  2626.63
868  176  2025-06-14 19-53-29  2620.8  147702  2290.53  1471.49  2626.7
869  176  2025-06-14 19-53-29  2622.4  147726  2291.71  1471.5  2626.78
870  176  2025-06-14 19-53-29  2624  147749  2292.89  1471.51  2626.85
871  176  2025-06-14 19-53-29  2625.6  147773  2294.06  1471.52  2626.94
872  176  2025-06-14 19-53-29  2627.2  147797  2295.24  1471.53  2627.02
873  176  2025-06-14 19-53-29  2628.8  147821  2296.41  1471.53  2627.11
874  176  2025-06-14 19-53-29  2630.4  147845  2297.58  1471.54  2627.19
875  176  2025-06-14 19-53-29  2632  147869  2298.75  1471.55  2627.29
876  176  2025-06-14 19-53-29  2633.6  147893  2299.92  1471.56  2627.38
877  176  2025-06-14 19-53-29  2635.2  147917  2301.08  1471.57  2627.48
878  176  2025-06-14 19-53-29  2636.8  147941  2302.24  1471.57  2627.58
879  176  2025-06-14 19-53-29  2638.4  147965  2303.4  1471.58  2627.68
880  176  2025-06-14 19-53-29  2640  147989  2304.55  1471.59  2627.78
881  176  2025-06-14 19-53-29  2641.6  148013  2305.7  1471.6  2627.89
882  176  2025-06-14 19-53-29  2643.2  148037  2306.85  1471.6  2628
883  176  2025-06-14 19-53-29  2644.8  148061  2308  1471.61  2628.11
884  176  2025-06-14 19-53-29  2646.4  148084  2309.14  1471.62  2628.23
885  176  2025-06-14 19-53-29  2648  148108  2310.28  1471.63  2628.35
886  176  2025-06-14 19-53-29  2649.6  148132  2311.42  1471.63  2628.47
887  176  2025-06-14 19-53-29  2651.2  148156  2312.56  1471.64  2628.59
888  176  2025-06-14 19-53-29  2652.8  148180  2313.69  1471.65  2628.72
889  176  2025-06-14 19-53-29  2654.4  148204  2314.82  1471.65  2628.84
890  176  2025-06-14 19-53-29  2656  148228  2315.94  1471.66  2628.98
891  176  2025-06-14 19-53-29  2657.6  148252  2317.06  1471.66  2629.11
892  176  2025-06-14 19-53-29  2659.2  148276  2318.18  1471.67  2629.24
893  176  2025-06-14 19-53-29  2660.8  148300  2319.29  1471.68  2629.38
894  176  2025-06-14 19-53-29  2662.4  148324  2320.4  1471.68  2629.53
895  176  2025-06-14 19-53-29  2664  148348  2321.51  1471.69  2629.67
896  176  2025-06-14 19-53-29  2665.6  148372  2322.61  1471.69  2629.82
897  176  2025-06-14 19-53-29  2667.2  148396  2323.71  1471.7  2629.97
898  176  2025-06-14 19-53-29  2668.8  148420  2324.8  1471.7  2630.12
899  176  2025-06-14 19-53-29  2670.4  148444  2325.9  1471.71  2630.27
900  176  2025-06-14 19-53-29  2672  148468  2326.98  1471.71  2630.43
901  176  2025-06-14 19-53-29  2673.6  148491  2328.06  1471.72  2630.59
902  176  2025-06-14 19-53-29  2675.2  148515  2329.14  1471.72  2630.75
903  176  2025-06-14 19-53-29  2676.8  148539  2330.22  1471.73  2630.92
904  176  2025-06-14 19-53-29  2678.4  148563  2331.29  1471.73  2631.09
905  176  2025-06-14 19-53-29  2680  148587  2332.35  1471.74  2631.26
906  176  2025-06-14 19-53-29  2681.6  148611  2333.41  1471.74  2631.43
907  176  2025-06-14 19-53-29  2683.2  148635  2334.47  1471.75  2631.6
908  176  2025-06-14 19-53-29  2684.8  148659  2335.52  1471.75  2631.78
909  176  2025-06-14 19-53-29  2686.4  148683  2336.57  1471.76  2631.96
910  176  2025-06-14 19-53-29  2688  148707  2337.61  1471.76  2632.15
911  176  2025-06-14 19-53-29  2689.6  148731  2338.65  1471.77  2632.33
912  176  2025-06-14 19-53-29  2691.2  148755  2339.68  1471.77  2632.52
913  176  2025-06-14 19-53-29  2692.8  148779  2340.7  1471.77  2632.71
914  176  2025-06-14 19-53-29  2694.4  148803  2341.73  1471.78  2632.91
915  176  2025-06-14 19-53-29  2696  148827  2342.74  1471.78  2633.1
916  176  2025-06-14 19-53-29  2697.6  148851  2343.76  1471.79  2633.3
917  176  2025-06-14 19-53-29  2699.2  148875  2344.76  1471.79  2633.51
918  176  2025-06-14 19-53-29  2700.8  148899  2345.76  1471.79  2633.71
919  176  2025-06-14 19-53-29  2702.4  148923  2346.76  1471.8  2633.92
920  176  2025-06-14 19-53-29  2704  148947  2347.75  1471.8  2634.13
921  176  2025-06-14 19-53-29  2705.6  148971  2348.73  1471.81  2634.34
922  176  2025-06-14 19-53-29  2707.2  148995  2349.71  1471.81  2634.55
923  176  2025-06-14 19-53-29  2708.8  149018  2350.69  1471.81  2634.77
924  176  2025-06-14 19-53-29  2710.4  149042  2351.66  1471.82  2634.99
925  176  2025-06-14 19-53-29  2712  149066  2352.62  1471.82  2635.22
926  176  2025-06-14 19-53-29  2713.6  149090  2353.57  1471.82  2635.44
927  176  2025-06-14 19-53-29  2715.2  149114  2354.52  1471.83  2635.67
928  176  2025-06-14 19-53-29  2716.8  149138  2355.47  1471.83  2635.9
929  176  2025-06-14 19-53-29  2718.4  149162  2356.41  1471.83  2636.13
930  176  2025-06-14 19-53-29  2720  149186  2357.34  1471.83  2636.37
931  176  2025-06-14 19-53-29  2721.6  149210  2358.26  1471.84  2636.61
932  176  2025-06-14 19-53-29  2723.2  149234  2359.18  1471.84  2636.85
933  176  2025-06-14 19-53-29  2724.8  149258  2360.1  1471.84  2637.09
934  176  2025-06-14 19-53-29  2726.4  149282  2361  1471.85  2637.34
935  176  2025-06-14 19-53-29  2728  149306  2361.9  1471.85  2637.59
936  176  2025-06-14 19-53-29  2729.6  149330  2362.8  1471.85  2637.84
937  176  2025-06-14 19-53-29  2731.2  149354  2363.68  1471.85  2638.1
938  176  2025-06-14 19-53-29  2732.8  149378  2364.56  1471.86  2638.35
939  176  2025-06-14 19-53-29  2734.4  149402  2365.44  1471.86  2638.61
940  176  2025-06-14 19-53-29  2736  149426  2366.3  1471.86  2638.88
941  176  2025-06-14 19-53-29  2737.6  149450  2367.16  1471.86  2639.14
942  176  2025-06-14 19-53-29  2739.2  149474  2368.02  1471.87  2639.41
943  176  2025-06-14 19-53-29  2740.8  149498  2368.86  1471.87  2639.68
944  176  2025-06-14 19-53-29  2742.4  149522  2369.7  1471.87  2639.95
945  176  2025-06-14 19-53-29  2744  149546  2370.53  1471.87  2640.23
946  176  2025-06-14 19-53-29  2745.6  149570  2371.35  1471.88  2640.51
947  176  2025-06-14 19-53-29  2747.2  149594  2372.17  1471.88  2640.79
948  176  2025-06-14 19-53-29  2748.8  149618  2372.98  1471.88  2641.07
949  176  2025-06-14 19-53-29  2750.4  149642  2373.78  1471.88  2641.36
950  176  2025-06-14 19-53-29  2752  149666  2374.58  1471.88  2641.65
951  176  2025-06-14 19-53-29  2753.6  149690  2375.36  1471.89  2641.94
952  176  2025-06-14 19-53-29  2755.2  149714  2376.14  1471.89  2642.23
953  176  2025-06-14 19-53-29  2756.8  149738  2376.91  1471.89  2642.53
954  176  2025-06-14 19-53-29  2758.4  149762  2377.68  1471.89  2642.83
955  176  2025-06-14 19-53-29  2760  149786  2378.43  1471.89  2643.13
956  176  2025-06-14 19-53-29  2761.6  149810  2379.18  1471.9  2643.43
957  176  2025-06-14 19-53-29  2763.2  149833  2379.92  1471.9  2643.74
958  176  2025-06-14 19-53-29  2764.8  149857  2380.65  1471.9  2644.05
959  176  2025-06-14 19-53-29  2766.4  149881  2381.37  1471.9  2644.36
960  176  2025-06-14 19-53-29  2768  149905  2382.09  1471.9  2644.68
961  176  2025-06-14 19-53-29  2769.6  149929  2382.79  1471.91  2644.99
962  176  2025-06-14 19-53-29  2771.2  149953  2383.49  1471.91  2645.32
963  176  2025-06-14 19-53-29  2772.8  149977  2384.18  1471.91  2645.64
964  176  2025-06-14 19-53-29  2774.4  150001  2384.86  1471.91  2645.96
965  176  2025-06-14 19-53-29  2776  150025  2385.54  1471.91  2646.29
966  176  2025-06-14 19-53-29  2777.6  150049  2386.2  1471.91  2646.62
967  176  2025-06-14 19-53-29  2779.2  150073  2386.86  1471.92  2646.96
968  176  2025-06-14 19-53-29  2780.8  150097  2387.5  1471.92  2647.29
969  176  2025-06-14 19-53-29  2782.4  150121  2388.14  1471.92  2647.63
970  176  2025-06-14 19-53-29  2784  150145  2388.77  1471.92  2647.97
971  176  2025-06-14 19-53-29  2785.6  150169  2389.39  1471.92  2648.32
972  176  2025-06-14 19-53-29  2787.2  150193  2390  1471.92  2648.66
973  176  2025-06-14 19-53-29  2788.8  150217  2390.6  1471.92  2649.01
974  176  2025-06-14 19-53-29  2790.4  150241  2391.19  1471.93  2649.36
975  176  2025-06-14 19-53-29  2792  150265  2391.78  1471.93  2649.72
976  176  2025-06-14 19-53-29  2793.6  150289  2392.35  1471.93  2650.07
977  176  2025-06-14 19-53-29  2795.2  150313  2392.91  1471.93  2650.43
978  176  2025-06-14 19-53-29  2796.8  150337  2393.47  1471.93  2650.8
979  176  2025-06-14 19-53-29  2798.4  150361  2394.01  1471.93  2651.16
980  176  2025-06-14 19-53-29  2800  150385  2394.55  1471.93  2651.53
981  176  2025-06-14 19-53-29  2801.6  150409  2395.08  1471.93  2651.9
982  176  2025-06-14 19-53-29  2803.2  150433  2395.59  1471.94  2652.27
983  176  2025-06-14 19-53-29  2804.8  150457  2396.1  1471.94  2652.65
984  176  2025-06-14 19-53-29  2806.4  150481  2396.6  1471.94  2653.03
985  176  2025-06-14 19-53-29  2808  150505  2397.08  1471.94  2653.41
986  176  2025-06-14 19-53-29  2809.6  150529  2397.56  1471.94  2653.79
987  176  2025-06-14 19-53-29  2811.2  150553  2398.02  1471.94  2654.18
988  176  2025-06-14 19-53-29  2812.8  150577  2398.48  1471.94  2654.56
989  176  2025-06-14 19-53-29  2814.4  150601  2398.93  1471.94  2654.96
990  176  2025-06-14 19-53-29  2816  150625  2399.36  1471.94  2655.35
991  176  2025-06-14 19-53-29  2817.6  150649  2399.79  1471.95  2655.75
992  176  2025-06-14 19-53-29  2819.2  150673  2400.2  1471.95  2656.15
993  176  2025-06-14 19-53-29  2820.8  150697  2400.61  1471.95  2656.55
994  176  2025-06-14 19-53-29  2822.4  150721  2401  1471.95  2656.95
995  176  2025-06-14 19-53-29  2824  150745  2401.38  1471.95  2657.36
996  176  2025-06-14 19-53-29  2825.6  150769  2401.76  1471.95  2657.77
997  176  2025-06-14 19-53-29  2827.2  150793  2402.12  1471.95  2658.18
998  176  2025-06-14 19-53-29  2828.8  150817  2402.47  1471.95  2658.6
999  176  2025-06-14 19-53-29  2830.4  150841  2402.81  1471.95  2659.01
1000  176  2025-06-14 19-53-29  14032  150865  2403.14  1471.95  2659.43
1001  176  2025-06-14 19-53-29  14033.6  150889  2403.46  1471.95  2659.86
1002  176  2025-06-14 19-53-29  14035.2  150913  2403.76  1471.96  2660.28
1003  176  2025-06-14 19-53-29  14036.8  150937  2404.06  1471.96  2660.71
1004  176  2025-06-14 19-53-29  14038.4  150961  2403.94  1471.96  2676.71
1005  176  2025-06-14 19-53-29  14040  150985  2403.39  1471.96  2692.71
1006  176  2025-06-14 19-53-29  14041.6  151009  2402.43  1471.96  2708.71
1007  176  2025-06-14 19-53-29  14043.2  151033  2401.05  1471.96  2724.71
1008  176  2025-06-14 19-53-29  14044.8  151057  2399.26  1471.96  2740.71
1009  176  2025-06-14 19-53-29  14046.4  151081  2397.04  1471.95  2756.71
1010  176  2025-06-14 19-53-29  14048  151104  2394.41  1471.94  2772.71
1011  176  2025-06-14 19-53-29  14049.6  151128  2391.37  1471.92  2788.71
1012  176  2025-06-14 19-53-29  14051.2  151152  2387.91  1471.89  2804.71
1013  176  2025-06-14 19-53-29  14052.8  151176  2384.03  1471.85  2820.71
1014  176  2025-06-14 19-53-29  14054.4  151199  2379.75  1471.81  14036.7
1015  176  2025-06-14 19-53-29  14056  151223  2375.05  1471.75  14052.7
1016  176  2025-06-14 19-53-29  14057.6  151246  2369.95  1471.69  14068.7
1017  176  2025-06-14 19-53-29  14059.2  151270  2364.44  1471.61  14084.7
