SN    USVID    CurTime    simTime    CurX    CurY    CurVel      CurYaw   
0  128  2025-06-09 22-06-13  0  8  4.89843e-16  192  2672
1  128  2025-06-09 22-06-13  1.6  128.006  9.80038e-16  192.058  2672
2  128  2025-06-09 22-06-13  3.2  136.017  1.47058e-15  192.115  2672
3  128  2025-06-09 22-06-13  4.8  144.035  1.96148e-15  192.173  2672
4  128  2025-06-09 22-06-13  6.4  152.058  2.45274e-15  192.23  2672
5  128  2025-06-09 22-06-13  8  160.086  2.94434e-15  192.288  2672
6  128  2025-06-09 22-06-13  9.6  168.121  3.4363e-15  192.345  2672
7  128  2025-06-09 22-06-13  11.2  176.161  3.92861e-15  192.403  2672
8  128  2025-06-09 22-06-13  12.8  184.207  4.42127e-15  192.46  2672
9  128  2025-06-09 22-06-13  14.4  192.259  4.91428e-15  192.518  2672
10  128  2025-06-09 22-06-13  128  200.317  5.40765e-15  192.576  2672
11  128  2025-06-09 22-06-13  129.6  208.38  5.90137e-15  192.633  2672
12  128  2025-06-09 22-06-13  131.2  216.449  6.39544e-15  192.691  2672
13  128  2025-06-09 22-06-13  132.8  224.524  6.88987e-15  192.748  2672
14  128  2025-06-09 22-06-13  134.4  232.604  7.38464e-15  192.806  2672
15  128  2025-06-09 22-06-13  136  240.691  7.87977e-15  192.863  2672
16  128  2025-06-09 22-06-13  137.6  248.783  8.37525e-15  192.921  2672
17  128  2025-06-09 22-06-13  139.2  256.881  8.87109e-15  192.978  2672
18  128  2025-06-09 22-06-13  140.8  264.984  9.36727e-15  193.036  2672
19  128  2025-06-09 22-06-13  142.4  1393.09  9.86381e-15  193.094  2672
20  128  2025-06-09 22-06-13  144  1401.21  1.03607e-14  193.151  2672
21  128  2025-06-09 22-06-13  145.6  1409.33  1.08579e-14  193.209  2672
22  128  2025-06-09 22-06-13  147.2  1417.46  1.13555e-14  193.266  2672
23  128  2025-06-09 22-06-13  148.8  1425.59  1.18535e-14  193.324  2672
24  128  2025-06-09 22-06-13  150.4  1433.73  1.23518e-14  193.381  2672
25  128  2025-06-09 22-06-13  152  1441.87  1.28504e-14  193.439  2672
26  128  2025-06-09 22-06-13  153.6  1450.02  1.33494e-14  193.496  2672
27  128  2025-06-09 22-06-13  155.2  1458.18  1.38488e-14  193.554  2672
28  128  2025-06-09 22-06-13  156.8  1466.34  1.43485e-14  193.612  2672
29  128  2025-06-09 22-06-13  158.4  1474.5  1.48486e-14  193.669  2672
30  128  2025-06-09 22-06-13  160  1482.68  1.5349e-14  193.727  2672
31  128  2025-06-09 22-06-13  161.6  1490.85  1.58498e-14  193.784  2672
32  128  2025-06-09 22-06-13  163.2  1499.04  1.63509e-14  193.842  2672
33  128  2025-06-09 22-06-13  164.8  1507.23  1.68524e-14  193.899  2672
34  128  2025-06-09 22-06-13  166.4  1515.42  1.73542e-14  193.957  2672
35  128  2025-06-09 22-06-13  168  1523.63  1.78564e-14  194.014  2672
36  128  2025-06-09 22-06-13  169.6  1531.83  1.83589e-14  194.072  2672
37  128  2025-06-09 22-06-13  171.2  1540.05  1.88618e-14  194.13  2672
38  128  2025-06-09 22-06-13  172.8  1548.26  1.9365e-14  194.187  2672
39  128  2025-06-09 22-06-13  174.4  1556.49  1.98686e-14  194.245  2672
40  128  2025-06-09 22-06-13  176  1564.72  2.03725e-14  194.302  2672
41  128  2025-06-09 22-06-13  177.6  1572.96  2.08768e-14  194.36  2672
42  128  2025-06-09 22-06-13  179.2  1581.2  2.13815e-14  194.417  2672
43  128  2025-06-09 22-06-13  180.8  1589.44  2.18865e-14  194.475  2672
44  128  2025-06-09 22-06-13  182.4  1597.7  2.23918e-14  194.532  2672
45  128  2025-06-09 22-06-13  184  1605.96  2.28975e-14  194.59  2672
46  128  2025-06-09 22-06-13  185.6  1614.22  2.34036e-14  194.648  2672
47  128  2025-06-09 22-06-13  187.2  1622.49  2.391e-14  194.705  2672
48  128  2025-06-09 22-06-13  188.8  1630.77  2.44167e-14  194.763  2672
49  128  2025-06-09 22-06-13  190.4  1639.05  2.49238e-14  194.82  2672
50  128  2025-06-09 22-06-13  192  1647.34  2.54313e-14  194.878  2672
51  128  2025-06-09 22-06-13  193.6  1655.63  2.59391e-14  194.935  2672
52  128  2025-06-09 22-06-13  195.2  1663.93  2.64473e-14  194.993  2672
53  128  2025-06-09 22-06-13  196.8  1672.24  2.69558e-14  195.05  2672
54  128  2025-06-09 22-06-13  198.4  1680.55  2.74647e-14  195.108  2672
55  128  2025-06-09 22-06-13  200  1688.86  2.79739e-14  195.166  2672
56  128  2025-06-09 22-06-13  201.6  1697.19  2.84835e-14  195.223  2672
57  128  2025-06-09 22-06-13  203.2  1705.51  2.89934e-14  195.281  2672
58  128  2025-06-09 22-06-13  204.8  1713.85  2.95037e-14  195.338  2672
59  128  2025-06-09 22-06-13  206.4  1722.19  3.00143e-14  195.396  2672
60  128  2025-06-09 22-06-13  208  1730.53  3.05253e-14  195.453  2672
61  128  2025-06-09 22-06-13  209.6  1738.88  3.10367e-14  195.511  2672
62  128  2025-06-09 22-06-13  211.2  1747.24  3.15484e-14  195.568  2672
63  128  2025-06-09 22-06-13  212.8  1755.6  3.20604e-14  195.626  2672
64  128  2025-06-09 22-06-13  214.4  1763.97  3.25728e-14  195.684  2672
65  128  2025-06-09 22-06-13  216  1772.35  3.30855e-14  195.741  2672
66  128  2025-06-09 22-06-13  217.6  1780.73  3.35986e-14  195.799  2672
67  128  2025-06-09 22-06-13  219.2  1789.11  3.41121e-14  195.856  2672
68  128  2025-06-09 22-06-13  220.8  1797.5  3.46259e-14  195.914  2672
69  128  2025-06-09 22-06-13  222.4  1805.9  3.51401e-14  195.971  2672
70  128  2025-06-09 22-06-13  224  1814.3  3.56546e-14  196.029  2672
71  128  2025-06-09 22-06-13  225.6  1822.71  3.61694e-14  196.086  2672
72  128  2025-06-09 22-06-13  227.2  1831.13  3.66847e-14  196.144  2672
73  128  2025-06-09 22-06-13  228.8  1839.55  3.72002e-14  196.202  2672
74  128  2025-06-09 22-06-13  230.4  1847.97  3.77162e-14  196.259  2672
75  128  2025-06-09 22-06-13  232  1856.4  3.82324e-14  196.317  2672
76  128  2025-06-09 22-06-13  233.6  1864.84  3.87491e-14  196.374  2672
77  128  2025-06-09 22-06-13  235.2  1873.28  3.9266e-14  196.432  2672
78  128  2025-06-09 22-06-13  236.8  1881.73  3.97834e-14  196.489  2672
79  128  2025-06-09 22-06-13  238.4  1890.19  4.0301e-14  196.547  2672
80  128  2025-06-09 22-06-13  240  1898.65  4.08191e-14  196.604  2672
81  128  2025-06-09 22-06-13  241.6  1907.11  4.13375e-14  196.662  2672
82  128  2025-06-09 22-06-13  243.2  1915.59  4.18562e-14  196.72  2672
83  128  2025-06-09 22-06-13  244.8  1924.06  4.23753e-14  196.777  2672
84  128  2025-06-09 22-06-13  246.4  1932.55  4.28947e-14  196.835  2672
85  128  2025-06-09 22-06-13  248  1941.04  4.34145e-14  196.892  2672
86  128  2025-06-09 22-06-13  249.6  1949.53  4.39347e-14  196.95  2672
87  128  2025-06-09 22-06-13  251.2  1958.03  4.44552e-14  197.007  2672
88  128  2025-06-09 22-06-13  252.8  1966.54  4.49761e-14  197.065  2672
89  128  2025-06-09 22-06-13  254.4  1975.05  4.54973e-14  197.122  2672
90  128  2025-06-09 22-06-13  256  1983.57  4.60188e-14  197.18  2672
91  128  2025-06-09 22-06-13  257.6  1992.09  4.65407e-14  197.238  2672
92  128  2025-06-09 22-06-13  259.2  2000.62  4.7063e-14  197.295  2672
93  128  2025-06-09 22-06-13  260.8  2009.16  4.75856e-14  197.353  2672
94  128  2025-06-09 22-06-13  262.4  2017.7  4.81086e-14  197.41  2672
95  128  2025-06-09 22-06-13  264  2026.25  4.86319e-14  197.468  2672
96  128  2025-06-09 22-06-13  265.6  2034.8  4.91556e-14  197.525  2672
97  128  2025-06-09 22-06-13  267.2  2043.36  4.96796e-14  197.583  2672
98  128  2025-06-09 22-06-13  268.8  2051.92  5.0204e-14  197.641  2672
99  128  2025-06-09 22-06-13  270.4  2060.49  5.07287e-14  197.698  2672
100  128  2025-06-09 22-06-13  1392  2069.07  5.12538e-14  197.756  2672
101  128  2025-06-09 22-06-13  1393.6  2077.65  5.17792e-14  197.813  2672
102  128  2025-06-09 22-06-13  1395.2  2086.23  5.2305e-14  197.871  2672
103  128  2025-06-09 22-06-13  1396.8  2094.83  5.28312e-14  197.928  2672
104  128  2025-06-09 22-06-13  1398.4  2103.43  5.33577e-14  197.986  2672
105  128  2025-06-09 22-06-13  1400  2112.03  5.38845e-14  198.043  2672
106  128  2025-06-09 22-06-13  1401.6  2120.64  5.44117e-14  198.101  2672
107  128  2025-06-09 22-06-13  1403.2  2129.26  5.49393e-14  198.159  2672
108  128  2025-06-09 22-06-13  1404.8  2137.88  5.54672e-14  198.216  2672
109  128  2025-06-09 22-06-13  1406.4  2146.5  5.59954e-14  198.274  2672
110  128  2025-06-09 22-06-13  1408  2155.14  5.6524e-14  198.331  2672
111  128  2025-06-09 22-06-13  1409.6  2163.78  5.7053e-14  198.389  2672
112  128  2025-06-09 22-06-13  1411.2  2172.42  5.75823e-14  198.446  2672
113  128  2025-06-09 22-06-13  1412.8  2181.07  5.8112e-14  198.504  2672
114  128  2025-06-09 22-06-13  1414.4  2189.73  5.8642e-14  198.561  2672
115  128  2025-06-09 22-06-13  1416  2198.39  5.91724e-14  198.619  2672
116  128  2025-06-09 22-06-13  1417.6  2207.06  5.97031e-14  198.677  2672
117  128  2025-06-09 22-06-13  1419.2  2215.73  6.02342e-14  198.734  2672
118  128  2025-06-09 22-06-13  1420.8  2224.41  6.07656e-14  198.792  2672
119  128  2025-06-09 22-06-13  1422.4  2233.1  6.12974e-14  198.849  2672
120  128  2025-06-09 22-06-13  1424  2241.79  6.18295e-14  198.907  2672
121  128  2025-06-09 22-06-13  1425.6  2250.48  6.2362e-14  198.964  2672
122  128  2025-06-09 22-06-13  1427.2  2259.18  6.28948e-14  199.022  2672
123  128  2025-06-09 22-06-13  1428.8  2267.89  6.3428e-14  199.079  2672
124  128  2025-06-09 22-06-13  1430.4  2276.61  6.39616e-14  199.137  2672
125  128  2025-06-09 22-06-13  1432  2285.33  6.44955e-14  199.195  2672
126  128  2025-06-09 22-06-13  1433.6  2294.05  6.50297e-14  199.252  2672
127  128  2025-06-09 22-06-13  1435.2  2302.78  6.55643e-14  199.31  2672
128  128  2025-06-09 22-06-13  1436.8  2311.52  6.60993e-14  199.367  2672
129  128  2025-06-09 22-06-13  1438.4  2320.26  6.66346e-14  199.425  2672
130  128  2025-06-09 22-06-13  1440  2329.01  6.71702e-14  199.482  2672
131  128  2025-06-09 22-06-13  1441.6  2337.76  6.77062e-14  199.54  2672
132  128  2025-06-09 22-06-13  1443.2  2346.52  6.82426e-14  199.597  2672
133  128  2025-06-09 22-06-13  1444.8  2355.29  6.87793e-14  199.655  2672
134  128  2025-06-09 22-06-13  1446.4  2364.06  6.93164e-14  199.713  2672
135  128  2025-06-09 22-06-13  1448  2372.84  6.98538e-14  199.77  2672
136  128  2025-06-09 22-06-13  1449.6  2381.62  7.03916e-14  199.828  2672
137  128  2025-06-09 22-06-13  1451.2  2390.41  7.09297e-14  199.885  2672
138  128  2025-06-09 22-06-13  1452.8  2399.2  7.14682e-14  199.943  2672
139  128  2025-06-09 22-06-13  1454.4  2408  7.2007e-14  200  2672
140  128  2025-06-09 22-06-13  1456  2416.81  7.25462e-14  200.058  2672
141  128  2025-06-09 22-06-13  1457.6  2425.62  7.30857e-14  200.115  2672
142  128  2025-06-09 22-06-13  1459.2  2434.44  7.36256e-14  200.173  2672
143  128  2025-06-09 22-06-13  1460.8  2443.26  7.41658e-14  200.231  2672
144  128  2025-06-09 22-06-13  1462.4  2452.09  7.47064e-14  200.288  2672
145  128  2025-06-09 22-06-13  1464  2460.92  7.52474e-14  200.346  2672
146  128  2025-06-09 22-06-13  1465.6  2469.76  7.57887e-14  200.403  2672
147  128  2025-06-09 22-06-13  1467.2  2478.61  7.63303e-14  200.461  2672
148  128  2025-06-09 22-06-13  1468.8  2487.46  7.68723e-14  200.518  2672
149  128  2025-06-09 22-06-13  1470.4  2496.32  7.74147e-14  200.576  2672
150  128  2025-06-09 22-06-13  1472  2505.18  7.79574e-14  200.633  2672
151  128  2025-06-09 22-06-13  1473.6  2514.05  7.85004e-14  200.691  2672
152  128  2025-06-09 22-06-13  1475.2  2522.93  7.90438e-14  200.749  2672
153  128  2025-06-09 22-06-13  1476.8  2531.81  7.95876e-14  200.806  2672
154  128  2025-06-09 22-06-13  1478.4  2540.69  8.01317e-14  200.864  2672
155  128  2025-06-09 22-06-13  1480  2549.59  8.06762e-14  200.921  2672
156  128  2025-06-09 22-06-13  1481.6  2558.48  8.1221e-14  200.979  2672
157  128  2025-06-09 22-06-13  1483.2  2567.39  8.17662e-14  201.036  2672
158  128  2025-06-09 22-06-13  1484.8  2576.3  8.23117e-14  201.094  2672
159  128  2025-06-09 22-06-13  1486.4  2585.21  8.28576e-14  201.151  2672
160  128  2025-06-09 22-06-13  1488  2594.13  8.34038e-14  201.209  2672
161  128  2025-06-09 22-06-13  1489.6  2603.06  8.39504e-14  201.267  2672
162  128  2025-06-09 22-06-13  1491.2  2611.99  8.44973e-14  201.324  2672
163  128  2025-06-09 22-06-13  1492.8  2620.93  8.50446e-14  201.382  2672
164  128  2025-06-09 22-06-13  1494.4  2629.87  8.55922e-14  201.439  2672
165  128  2025-06-09 22-06-13  1496  2638.82  8.61402e-14  201.497  2672
166  128  2025-06-09 22-06-13  1497.6  2647.78  8.66886e-14  201.554  2672
167  128  2025-06-09 22-06-13  1499.2  2656.74  8.72373e-14  201.612  2672
168  128  2025-06-09 22-06-13  1500.8  2665.71  8.77863e-14  201.669  2672
169  128  2025-06-09 22-06-13  1502.4  2674.68  8.83357e-14  201.727  2672
170  128  2025-06-09 22-06-13  1504  2683.66  8.88855e-14  201.785  2672
171  128  2025-06-09 22-06-13  1505.6  2692.64  8.94356e-14  201.842  2672
172  128  2025-06-09 22-06-13  1507.2  2701.63  8.9986e-14  201.9  2672
173  128  2025-06-09 22-06-13  1508.8  2710.63  9.05368e-14  201.957  2672
174  128  2025-06-09 22-06-13  1510.4  2719.63  9.1088e-14  202.015  2672
175  128  2025-06-09 22-06-13  1512  2728.64  9.16395e-14  202.072  2672
176  128  2025-06-09 22-06-13  1513.6  2737.65  9.21914e-14  202.13  2672
177  128  2025-06-09 22-06-13  1515.2  2746.67  9.27436e-14  202.187  2672
178  128  2025-06-09 22-06-13  1516.8  2755.69  9.32962e-14  202.245  2672
179  128  2025-06-09 22-06-13  1518.4  2764.72  9.38491e-14  202.303  2672
180  128  2025-06-09 22-06-13  1520  2773.76  9.44024e-14  202.36  2672
181  128  2025-06-09 22-06-13  1521.6  2782.8  9.4956e-14  202.418  2672
182  128  2025-06-09 22-06-13  1523.2  2791.85  9.551e-14  202.475  2672
183  128  2025-06-09 22-06-13  1524.8  2800.9  9.60643e-14  202.533  2672
184  128  2025-06-09 22-06-13  1526.4  2809.96  9.6619e-14  202.59  2672
185  128  2025-06-09 22-06-13  1528  2819.03  9.71741e-14  202.648  2672
186  128  2025-06-09 22-06-13  1529.6  2828.1  9.77295e-14  202.705  2672
187  128  2025-06-09 22-06-13  1531.2  14037.2  9.82852e-14  202.763  2672
188  128  2025-06-09 22-06-13  1532.8  14046.3  9.88413e-14  202.821  2672
189  128  2025-06-09 22-06-13  1534.4  14055.3  9.93978e-14  202.878  2672
190  128  2025-06-09 22-06-13  1536  14064.4  9.99546e-14  202.936  2672
191  128  2025-06-09 22-06-13  1537.6  14073.5  1.00512e-13  202.993  2672
192  128  2025-06-09 22-06-13  1539.2  14082.6  1.01069e-13  203.051  2672
193  128  2025-06-09 22-06-13  1540.8  14091.8  1.01627e-13  203.108  2672
194  128  2025-06-09 22-06-13  1542.4  14100.9  1.02185e-13  203.166  2672
195  128  2025-06-09 22-06-13  1544  14110  1.02744e-13  203.223  2672
196  128  2025-06-09 22-06-13  1545.6  14119.1  1.03303e-13  203.281  2672
197  128  2025-06-09 22-06-13  1547.2  14128.3  1.03862e-13  203.339  2672
198  128  2025-06-09 22-06-13  1548.8  14137.4  1.04422e-13  203.396  2672
199  128  2025-06-09 22-06-13  1550.4  14146.5  1.04982e-13  203.454  2672
200  128  2025-06-09 22-06-13  1552  14155.7  1.05542e-13  203.511  2672
201  128  2025-06-09 22-06-13  1553.6  14164.8  1.06103e-13  203.569  2672
202  128  2025-06-09 22-06-13  1555.2  14174  1.06664e-13  203.626  2672
203  128  2025-06-09 22-06-13  1556.8  14183.2  1.07225e-13  203.684  2672
204  128  2025-06-09 22-06-13  1558.4  14192.3  1.07787e-13  203.741  2672
205  128  2025-06-09 22-06-13  1560  14201.5  1.08349e-13  203.799  2672
206  128  2025-06-09 22-06-13  1561.6  14210.7  1.08911e-13  203.857  2672
207  128  2025-06-09 22-06-13  1563.2  14219.9  1.09474e-13  203.914  2672
208  128  2025-06-09 22-06-13  1564.8  14229.1  1.10037e-13  203.972  2672
209  128  2025-06-09 22-06-13  1566.4  14238.3  1.10601e-13  204.029  2672
210  128  2025-06-09 22-06-13  1568  14247.5  1.11165e-13  204.087  2672
211  128  2025-06-09 22-06-13  1569.6  14256.7  1.11729e-13  204.144  2672
212  128  2025-06-09 22-06-13  1571.2  14266  1.12293e-13  204.202  2672
213  128  2025-06-09 22-06-13  1572.8  14275.2  1.12858e-13  204.259  2672
214  128  2025-06-09 22-06-13  1574.4  14284.4  1.13424e-13  204.317  2672
215  128  2025-06-09 22-06-13  1576  14293.6  1.13989e-13  204.375  2672
216  128  2025-06-09 22-06-13  1577.6  14302.9  1.14555e-13  204.432  2672
217  128  2025-06-09 22-06-13  1579.2  14312.1  1.15121e-13  204.49  2672
218  128  2025-06-09 22-06-13  1580.8  14321.4  1.15688e-13  204.547  2672
219  128  2025-06-09 22-06-13  1582.4  14330.7  1.16255e-13  204.605  2672
220  128  2025-06-09 22-06-13  1584  14339.9  1.16822e-13  204.662  2672
221  128  2025-06-09 22-06-13  1585.6  14349.2  1.1739e-13  204.72  2672
222  128  2025-06-09 22-06-13  1587.2  14358.5  1.17958e-13  204.777  2672
223  128  2025-06-09 22-06-13  1588.8  14367.8  1.18527e-13  204.835  2672
224  128  2025-06-09 22-06-13  1590.4  14377  1.19096e-13  204.893  2672
225  128  2025-06-09 22-06-13  1592  14386.3  1.19665e-13  204.95  2672
226  128  2025-06-09 22-06-13  1593.6  14395.6  1.20234e-13  205.008  2672
227  128  2025-06-09 22-06-13  1595.2  14404.9  1.20804e-13  205.065  2672
228  128  2025-06-09 22-06-13  1596.8  14414.3  1.21374e-13  205.123  2672
229  128  2025-06-09 22-06-13  1598.4  14423.6  1.21945e-13  205.18  2672
230  128  2025-06-09 22-06-13  1600  14432.9  1.22516e-13  205.238  2672
231  128  2025-06-09 22-06-13  1601.6  14442.2  1.23087e-13  205.295  2672
232  128  2025-06-09 22-06-13  1603.2  14451.6  1.23658e-13  205.353  2672
233  128  2025-06-09 22-06-13  1604.8  14460.9  1.2423e-13  205.411  2672
234  128  2025-06-09 22-06-13  1606.4  14470.3  1.24803e-13  205.468  2672
235  128  2025-06-09 22-06-13  1608  14479.6  1.25375e-13  205.526  2672
236  128  2025-06-09 22-06-13  1609.6  14489  1.25948e-13  205.583  2672
237  128  2025-06-09 22-06-13  1611.2  14498.3  1.26522e-13  205.641  2672
238  128  2025-06-09 22-06-13  1612.8  14507.7  1.27095e-13  205.698  2672
239  128  2025-06-09 22-06-13  1614.4  14517.1  1.2767e-13  205.756  2672
240  128  2025-06-09 22-06-13  1616  14526.5  1.28244e-13  205.813  2672
241  128  2025-06-09 22-06-13  1617.6  14535.8  1.28819e-13  205.871  2672
242  128  2025-06-09 22-06-13  1619.2  14545.2  1.29394e-13  205.929  2672
243  128  2025-06-09 22-06-13  1620.8  14554.6  1.29969e-13  205.986  2672
244  128  2025-06-09 22-06-13  1622.4  14564  1.30545e-13  206.044  2672
245  128  2025-06-09 22-06-13  1624  14573.4  1.31121e-13  206.101  2672
246  128  2025-06-09 22-06-13  1625.6  14582.9  1.31698e-13  206.159  2672
247  128  2025-06-09 22-06-13  1627.2  14592.3  1.32275e-13  206.216  2672
248  128  2025-06-09 22-06-13  1628.8  14601.7  1.32852e-13  206.274  2672
249  128  2025-06-09 22-06-13  1630.4  14611.1  1.3343e-13  206.331  2672
250  128  2025-06-09 22-06-13  1632  14620.6  1.34008e-13  206.389  2672
251  128  2025-06-09 22-06-13  1633.6  14630  1.34586e-13  206.447  2672
252  128  2025-06-09 22-06-13  1635.2  14639.5  1.35165e-13  206.504  2672
253  128  2025-06-09 22-06-13  1636.8  14648.9  1.35744e-13  206.562  2672
254  128  2025-06-09 22-06-13  1638.4  14658.4  1.36323e-13  206.619  2672
255  128  2025-06-09 22-06-13  1640  14667.9  1.36903e-13  206.677  2672
256  128  2025-06-09 22-06-13  1641.6  14677.3  1.37483e-13  206.734  2672
257  128  2025-06-09 22-06-13  1643.2  14686.8  1.38063e-13  206.792  2672
258  128  2025-06-09 22-06-13  1644.8  14696.3  1.38644e-13  206.849  2672
259  128  2025-06-09 22-06-13  1646.4  14705.8  1.39225e-13  206.907  2672
260  128  2025-06-09 22-06-13  1648  14715.3  1.39806e-13  206.965  2672
261  128  2025-06-09 22-06-13  1649.6  14724.8  1.40388e-13  207.022  2672
262  128  2025-06-09 22-06-13  1651.2  14734.3  1.4097e-13  207.08  2672
263  128  2025-06-09 22-06-13  1652.8  14743.8  1.41553e-13  207.137  2672
264  128  2025-06-09 22-06-13  1654.4  14753.3  1.42136e-13  207.195  2672
265  128  2025-06-09 22-06-13  1656  14762.9  1.42719e-13  207.252  2672
266  128  2025-06-09 22-06-13  1657.6  14772.4  1.43303e-13  207.31  2672
267  128  2025-06-09 22-06-13  1659.2  14781.9  1.43887e-13  207.367  2672
268  128  2025-06-09 22-06-13  1660.8  14791.5  1.44471e-13  207.425  2672
269  128  2025-06-09 22-06-13  1662.4  14801  1.45056e-13  207.483  2672
270  128  2025-06-09 22-06-13  1664  14810.6  1.45641e-13  207.54  2672
271  128  2025-06-09 22-06-13  1665.6  14820.1  1.46226e-13  207.598  2672
272  128  2025-06-09 22-06-13  1667.2  14829.7  1.46812e-13  207.655  2672
273  128  2025-06-09 22-06-13  1668.8  14839.3  1.47398e-13  207.713  2672
274  128  2025-06-09 22-06-13  1670.4  14848.8  1.47984e-13  207.77  2672
275  128  2025-06-09 22-06-13  1672  14858.4  1.48571e-13  207.828  2672
276  128  2025-06-09 22-06-13  1673.6  14868  1.49158e-13  207.885  2672
277  128  2025-06-09 22-06-13  1675.2  14877.6  1.49745e-13  207.943  2672
278  128  2025-06-09 22-06-13  1676.8  14887.2  1.50333e-13  208.001  2672
279  128  2025-06-09 22-06-13  1678.4  14896.8  1.50921e-13  208.058  2672
280  128  2025-06-09 22-06-13  1680  14906.4  1.5151e-13  208.116  2672
281  128  2025-06-09 22-06-13  1681.6  14916  1.52099e-13  208.173  2672
282  128  2025-06-09 22-06-13  1683.2  14925.7  1.52688e-13  208.231  2672
283  128  2025-06-09 22-06-13  1684.8  14935.3  1.53278e-13  208.288  2672
284  128  2025-06-09 22-06-13  1686.4  14944.9  1.53867e-13  208.346  2672
285  128  2025-06-09 22-06-13  1688  14954.6  1.54458e-13  208.404  2672
286  128  2025-06-09 22-06-13  1689.6  14964.2  1.55048e-13  208.461  2672
287  128  2025-06-09 22-06-13  1691.2  14973.9  1.55639e-13  208.519  2672
288  128  2025-06-09 22-06-13  1692.8  14983.5  1.56231e-13  208.576  2672
289  128  2025-06-09 22-06-13  1694.4  14993.2  1.56822e-13  208.634  2672
290  128  2025-06-09 22-06-13  1696  15002.9  1.57414e-13  208.691  2672
291  128  2025-06-09 22-06-13  1697.6  15012.5  1.58007e-13  208.749  2672
292  128  2025-06-09 22-06-13  1699.2  15022.2  1.586e-13  208.806  2672
293  128  2025-06-09 22-06-13  1700.8  15031.9  1.59193e-13  208.864  2672
294  128  2025-06-09 22-06-13  1702.4  15041.6  1.59786e-13  208.922  2672
295  128  2025-06-09 22-06-13  1704  15051.3  1.6038e-13  208.979  2672
296  128  2025-06-09 22-06-13  1705.6  15061  1.60974e-13  209.037  2672
297  128  2025-06-09 22-06-13  1707.2  15070.7  1.61569e-13  209.094  2672
298  128  2025-06-09 22-06-13  1708.8  15080.4  1.62164e-13  209.152  2672
299  128  2025-06-09 22-06-13  1710.4  15090.1  1.62759e-13  209.209  2672
300  128  2025-06-09 22-06-13  1712  15099.9  1.63354e-13  209.267  2672
301  128  2025-06-09 22-06-13  1713.6  15109.6  1.6395e-13  209.324  2672
302  128  2025-06-09 22-06-13  1715.2  15119.3  1.64546e-13  209.382  2672
303  128  2025-06-09 22-06-13  1716.8  15129.1  1.65143e-13  209.44  2672
304  128  2025-06-09 22-06-13  1718.4  15138.8  1.6574e-13  209.497  2672
305  128  2025-06-09 22-06-13  1720  15148.6  1.66337e-13  209.555  2672
306  128  2025-06-09 22-06-13  1721.6  15158.3  1.66935e-13  209.612  2672
307  128  2025-06-09 22-06-13  1723.2  15168.1  1.67532e-13  209.526  2672
308  128  2025-06-09 22-06-13  1724.8  15177.9  -0.0860076  209.583  2680.08
309  128  2025-06-09 22-06-13  1726.4  15187.6  -0.25897  209.641  2688.24
310  128  2025-06-09 22-06-13  1728  15197.4  -0.519829  209.699  2696.48
311  128  2025-06-09 22-06-13  1729.6  15207.2  -0.869517  209.756  2704.8
312  128  2025-06-09 22-06-13  1731.2  15216.9  -1.30896  209.814  2713.2
313  128  2025-06-09 22-06-13  1732.8  15226.7  -1.83909  209.871  2721.68
314  128  2025-06-09 22-06-13  1734.4  15236.5  -2.46082  209.929  2730.24
315  128  2025-06-09 22-06-13  1736  15246.2  -3.17504  209.986  2738.88
316  128  2025-06-09 22-06-13  1737.6  15256  -3.87927  210.044  2737.9
317  128  2025-06-09 22-06-13  1739.2  15265.8  -4.57333  210.101  2736.91
318  128  2025-06-09 22-06-13  1740.8  15275.6  -5.25703  210.159  2735.9
319  128  2025-06-09 22-06-13  1742.4  15285.4  -5.93018  210.217  2734.88
320  128  2025-06-09 22-06-13  1744  15295.2  -6.5926  210.274  2733.84
321  128  2025-06-09 22-06-13  1745.6  15305  -7.24411  210.332  2732.78
322  128  2025-06-09 22-06-13  1747.2  15314.8  -7.88452  210.389  2731.71
323  128  2025-06-09 22-06-13  1748.8  15324.7  -8.51365  210.447  2730.62
324  128  2025-06-09 22-06-13  1750.4  15334.5  -9.2169  210.36  2737.6
325  128  2025-06-09 22-06-13  1752  15344.3  -9.99479  210.274  2744.64
326  128  2025-06-09 22-06-13  1753.6  15354  -10.8478  210.188  2751.74
327  128  2025-06-09 22-06-13  1755.2  15363.8  -11.7765  210.101  2758.91
328  128  2025-06-09 22-06-13  1756.8  15373.6  -12.7813  210.015  2766.14
329  128  2025-06-09 22-06-13  1758.4  15383.3  -13.8627  209.929  2773.44
330  128  2025-06-09 22-06-13  1760  15393  -15.0229  209.986  2780.8
331  128  2025-06-09 22-06-13  1761.6  15402.8  -128.16  210.044  2778.53
332  128  2025-06-09 22-06-13  1763.2  15412.5  -129.307  210.101  2779.46
333  128  2025-06-09 22-06-13  1764.8  15422.3  -130.465  210.159  2780.38
334  128  2025-06-09 22-06-13  1766.4  15432  -131.633  210.217  2781.31
335  128  2025-06-09 22-06-13  1768  15441.8  -132.812  210.274  2782.24
336  128  2025-06-09 22-06-13  1769.6  15451.5  -134.002  210.332  2783.17
337  128  2025-06-09 22-06-13  1771.2  15461.3  -135.202  210.389  2784.1
338  128  2025-06-09 22-06-13  1772.8  15471.1  -136.412  210.447  2785.02
339  128  2025-06-09 22-06-13  1774.4  15480.8  -137.634  210.504  2785.95
340  128  2025-06-09 22-06-13  1776  15490.6  -138.865  210.562  2786.88
341  128  2025-06-09 22-06-13  1777.6  15500.4  -140.108  210.619  2787.81
342  128  2025-06-09 22-06-13  1779.2  15510.2  -141.361  210.677  2788.74
343  128  2025-06-09 22-06-13  1780.8  15520  -142.625  210.735  2789.66
344  128  2025-06-09 22-06-13  1782.4  15529.8  -143.899  210.792  2790.59
345  128  2025-06-09 22-06-13  1784  15539.6  -145.184  210.85  2791.52
346  128  2025-06-09 22-06-13  1785.6  15549.4  -146.48  210.907  2792.45
347  128  2025-06-09 22-06-13  1787.2  15559.2  -147.787  210.965  2793.38
348  128  2025-06-09 22-06-13  1788.8  15569  -149.104  211.022  2794.3
349  128  2025-06-09 22-06-13  1790.4  15578.8  -150.432  211.08  2795.23
350  128  2025-06-09 22-06-13  1792  15588.6  -151.77  211.137  2796.16
351  128  2025-06-09 22-06-13  1793.6  15598.5  -153.12  211.195  2797.09
352  128  2025-06-09 22-06-13  1795.2  15608.3  -154.48  211.253  2798.02
353  128  2025-06-09 22-06-13  1796.8  15618.1  -155.851  211.31  2798.94
354  128  2025-06-09 22-06-13  1798.4  15628  -157.232  211.368  2799.87
355  128  2025-06-09 22-06-13  1800  15637.8  -158.624  211.425  2800.8
356  128  2025-06-09 22-06-13  1801.6  15647.7  -160.027  211.483  2801.73
357  128  2025-06-09 22-06-13  1803.2  15657.5  -161.441  211.54  2802.66
358  128  2025-06-09 22-06-13  1804.8  15667.4  -162.866  211.598  2803.58
359  128  2025-06-09 22-06-13  1806.4  15677.2  -164.302  211.655  2804.51
360  128  2025-06-09 22-06-13  1808  15687.1  -165.748  211.713  2805.44
361  128  2025-06-09 22-06-13  1809.6  15697  -167.205  211.771  2806.37
362  128  2025-06-09 22-06-13  1811.2  15706.9  -168.673  211.828  2807.3
363  128  2025-06-09 22-06-13  1812.8  15716.7  -170.152  211.886  2808.22
364  128  2025-06-09 22-06-13  1814.4  15726.6  -171.641  211.943  2809.15
365  128  2025-06-09 22-06-13  1816  15736.5  -173.142  212.001  2810.08
366  128  2025-06-09 22-06-13  1817.6  15746.4  -174.653  212.058  2811.01
367  128  2025-06-09 22-06-13  1819.2  15756.3  -176.176  212.116  2811.94
368  128  2025-06-09 22-06-13  1820.8  15766.2  -177.709  212.173  2812.86
369  128  2025-06-09 22-06-13  1822.4  15776.1  -179.253  212.231  2813.79
370  128  2025-06-09 22-06-13  1824  15786  -180.808  212.289  2814.72
371  128  2025-06-09 22-06-13  1825.6  15795.9  -182.374  212.346  2815.65
372  128  2025-06-09 22-06-13  1827.2  15805.8  -183.951  212.404  2816.58
373  128  2025-06-09 22-06-13  1828.8  15815.7  -185.539  212.461  2817.5
374  128  2025-06-09 22-06-13  1830.4  15825.7  -187.137  212.519  2818.43
375  128  2025-06-09 22-06-13  1832  15835.6  -188.747  212.576  2819.36
376  128  2025-06-09 22-06-13  1833.6  15845.5  -190.368  212.634  2820.29
377  128  2025-06-09 22-06-13  1835.2  15855.5  -192  212.691  2821.21
378  128  2025-06-09 22-06-13  1836.8  15865.4  -193.642  212.749  2822.14
379  128  2025-06-09 22-06-13  1838.4  15875.4  -195.296  212.807  2823.07
380  128  2025-06-09 22-06-13  1840  15885.3  -196.961  212.864  2824
381  128  2025-06-09 22-06-13  1841.6  15895.3  -198.636  212.922  2824.93
382  128  2025-06-09 22-06-13  1843.2  15905.2  -200.323  212.979  2825.85
383  128  2025-06-09 22-06-13  1844.8  15915.2  -202.021  213.037  2826.78
384  128  2025-06-09 22-06-13  1846.4  15925.1  -203.73  213.094  2827.71
385  128  2025-06-09 22-06-13  1848  15935.1  -205.45  213.152  2828.64
386  128  2025-06-09 22-06-13  1849.6  15945.1  -207.181  213.209  2829.57
387  128  2025-06-09 22-06-13  1851.2  15955  -208.923  213.267  2830.49
388  128  2025-06-09 22-06-13  1852.8  15965  -210.676  213.325  2831.42
389  128  2025-06-09 22-06-13  1854.4  15975  -212.441  213.382  14032.4
390  128  2025-06-09 22-06-13  1856  15985  -214.216  213.44  14033.3
391  128  2025-06-09 22-06-13  1857.6  15995  -216.002  213.497  14034.2
392  128  2025-06-09 22-06-13  1859.2  16005  -217.8  213.555  14035.1
393  128  2025-06-09 22-06-13  1860.8  16015  -219.609  213.612  14036.1
394  128  2025-06-09 22-06-13  1862.4  16025  -221.429  213.67  14037
395  128  2025-06-09 22-06-13  1864  16035  -223.26  213.727  14037.9
396  128  2025-06-09 22-06-13  1865.6  16045  -225.102  213.785  14038.8
397  128  2025-06-09 22-06-13  1867.2  16055  -226.956  213.843  14039.8
398  128  2025-06-09 22-06-13  1868.8  16065  -228.82  213.9  14040.7
399  128  2025-06-09 22-06-13  1870.4  16075.1  -230.696  213.958  14041.6
400  128  2025-06-09 22-06-13  1872  16085.1  -232.583  214.015  14042.6
401  128  2025-06-09 22-06-13  1873.6  16095.1  -234.482  214.073  14043.5
402  128  2025-06-09 22-06-13  1875.2  16105.1  -236.391  214.13  14044.4
403  128  2025-06-09 22-06-13  1876.8  16115.2  -238.312  214.188  14045.3
404  128  2025-06-09 22-06-13  1878.4  16125.2  -240.244  214.245  14046.3
405  128  2025-06-09 22-06-13  1880  16135.3  -242.187  214.303  14047.2
406  128  2025-06-09 22-06-13  1881.6  16145.3  -244.142  214.361  14048.1
407  128  2025-06-09 22-06-13  1883.2  16155.4  -246.107  214.418  14049.1
408  128  2025-06-09 22-06-13  1884.8  16165.4  -248.085  214.476  14050
409  128  2025-06-09 22-06-13  1886.4  16175.5  -250.073  214.533  14050.9
410  128  2025-06-09 22-06-13  1888  16185.5  -252.073  214.591  14051.8
411  128  2025-06-09 22-06-13  1889.6  16195.6  -254.084  214.648  14052.8
412  128  2025-06-09 22-06-13  1891.2  16205.7  -256.106  214.706  14053.7
413  128  2025-06-09 22-06-13  1892.8  16215.8  -258.14  214.763  14054.6
414  128  2025-06-09 22-06-13  1894.4  16225.8  -260.184  214.821  14055.6
415  128  2025-06-09 22-06-13  1896  16235.9  -262.241  214.879  14056.5
416  128  2025-06-09 22-06-13  1897.6  16246  -264.308  214.936  14057.4
417  128  2025-06-09 22-06-13  1899.2  16256.1  -266.388  214.994  14058.3
418  128  2025-06-09 22-06-13  1900.8  16266.2  -268.478  215.051  14059.3
419  128  2025-06-09 22-06-13  1902.4  16276.3  -270.58  215.109  14060.2
420  128  2025-06-09 22-06-13  1904  16286.4  -1392.69  215.166  14061.1
421  128  2025-06-09 22-06-13  1905.6  16296.5  -1394.82  215.224  14062
422  128  2025-06-09 22-06-13  1907.2  16306.6  -1396.95  215.281  14063
423  128  2025-06-09 22-06-13  1908.8  16316.7  -1399.1  215.339  14063.9
424  128  2025-06-09 22-06-13  1910.4  16326.8  -1401.26  215.397  14064.8
425  128  2025-06-09 22-06-13  1912  16336.9  -1403.43  215.454  14065.8
426  128  2025-06-09 22-06-13  1913.6  16347  -1405.61  215.512  14066.7
427  128  2025-06-09 22-06-13  1915.2  16357.1  -1407.81  215.569  14067.6
428  128  2025-06-09 22-06-13  1916.8  16367.3  -1410.01  215.627  14068.5
429  128  2025-06-09 22-06-13  1918.4  16377.4  -1412.23  215.684  14069.5
430  128  2025-06-09 22-06-13  1920  16387.5  -1414.45  215.742  14070.4
431  128  2025-06-09 22-06-13  1921.6  16397.7  -1416.69  215.799  14071.3
432  128  2025-06-09 22-06-13  1923.2  16407.8  -1418.94  215.857  14072.3
433  128  2025-06-09 22-06-13  1924.8  16417.9  -1421.21  215.915  14073.2
434  128  2025-06-09 22-06-13  1926.4  16428.1  -1423.48  215.972  14074.1
435  128  2025-06-09 22-06-13  1928  16438.2  -1425.77  216.03  14075
436  128  2025-06-09 22-06-13  1929.6  16448.4  -1428.06  216.087  14076
437  128  2025-06-09 22-06-13  1931.2  16458.5  -1430.37  216.145  14076.9
438  128  2025-06-09 22-06-13  1932.8  16468.7  -1432.69  216.202  14077.8
439  128  2025-06-09 22-06-13  1934.4  16478.9  -1435.02  216.26  14078.7
440  128  2025-06-09 22-06-13  1936  16489  -1437.36  216.317  14079.7
441  128  2025-06-09 22-06-13  1937.6  16499.2  -1439.72  216.375  14080.6
442  128  2025-06-09 22-06-13  1939.2  16509.4  -1442.09  216.433  14081.5
443  128  2025-06-09 22-06-13  1940.8  16519.6  -1444.46  216.49  14082.5
444  128  2025-06-09 22-06-13  1942.4  16529.7  -1446.85  216.548  14083.4
445  128  2025-06-09 22-06-13  1944  16539.9  -1449.25  216.605  14084.3
446  128  2025-06-09 22-06-13  1945.6  16550.1  -1451.67  216.663  14085.2
447  128  2025-06-09 22-06-13  1947.2  16560.3  -1454.09  216.72  14086.2
448  128  2025-06-09 22-06-13  1948.8  16570.5  -1456.53  216.778  14087.1
449  128  2025-06-09 22-06-13  1950.4  16580.7  -1458.97  216.835  14088
450  128  2025-06-09 22-06-13  1952  16590.9  -1461.43  216.893  14089
451  128  2025-06-09 22-06-13  1953.6  16601.1  -1463.9  216.951  14089.9
452  128  2025-06-09 22-06-13  1955.2  16611.3  -1466.39  217.008  14090.8
453  128  2025-06-09 22-06-13  1956.8  16621.5  -1468.88  217.066  14091.7
454  128  2025-06-09 22-06-13  1958.4  16631.7  -1471.39  217.123  14092.7
455  128  2025-06-09 22-06-13  1960  16641.9  -1473.91  217.181  14093.6
456  128  2025-06-09 22-06-13  1961.6  16652.1  -1476.44  217.238  14094.5
457  128  2025-06-09 22-06-13  1963.2  16662.3  -1478.98  217.296  14095.5
458  128  2025-06-09 22-06-13  1964.8  16672.5  -1481.53  217.353  14096.4
459  128  2025-06-09 22-06-13  1966.4  16682.8  -1484.09  217.411  14097.3
460  128  2025-06-09 22-06-13  1968  16693  -1486.67  217.469  14098.2
461  128  2025-06-09 22-06-13  1969.6  16703.2  -1489.26  217.526  14099.2
462  128  2025-06-09 22-06-13  1971.2  16713.4  -1491.97  217.584  14109.8
463  128  2025-06-09 22-06-13  1972.8  16723.6  -1494.8  217.641  14120.5
464  128  2025-06-09 22-06-13  1974.4  16733.8  -1497.75  217.699  14131.3
465  128  2025-06-09 22-06-13  1976  16743.9  -1500.82  217.756  14142.2
466  128  2025-06-09 22-06-13  1977.6  16754  -1504.01  217.814  14153.2
467  128  2025-06-09 22-06-13  1979.2  16764  -1507.33  217.871  14164.3
468  128  2025-06-09 22-06-13  1980.8  16774  -1510.78  217.929  14175.5
469  128  2025-06-09 22-06-13  1982.4  16784  -1514.35  217.987  14186.8
470  128  2025-06-09 22-06-13  1984  16794  -1518.04  218.044  14198.2
471  128  2025-06-09 22-06-13  1985.6  16803.9  -1521.86  218.102  14209.7
472  128  2025-06-09 22-06-13  1987.2  16813.7  -1525.81  218.159  14221.3
473  128  2025-06-09 22-06-13  1988.8  16823.5  -1529.89  218.217  14233
474  128  2025-06-09 22-06-13  1990.4  16833.3  -1534.09  218.274  14244.8
475  128  2025-06-09 22-06-13  1992  16843  -1538.42  218.332  14256.6
476  128  2025-06-09 22-06-13  1993.6  16852.7  -1542.88  218.389  14268.6
477  128  2025-06-09 22-06-13  1995.2  16862.3  -1547.47  218.447  14280.7
478  128  2025-06-09 22-06-13  1996.8  16871.8  -1552.19  218.505  14292.8
479  128  2025-06-09 22-06-13  1998.4  16881.3  -1557.04  218.562  14305.1
480  128  2025-06-09 22-06-13  2000  16890.7  -1562.02  218.62  14317.4
481  128  2025-06-09 22-06-13  2001.6  16900.1  -1567.13  218.677  14329.9
482  128  2025-06-09 22-06-13  2003.2  16909.4  -1572.37  218.735  14342.4
483  128  2025-06-09 22-06-13  2004.8  16918.6  -1577.74  218.792  14355.1
484  128  2025-06-09 22-06-13  2006.4  16927.8  -1583.24  218.85  14367.8
485  128  2025-06-09 22-06-13  2008  16936.9  -1588.87  218.908  14380.6
486  128  2025-06-09 22-06-13  2009.6  16946  -1594.46  218.965  14375.7
487  128  2025-06-09 22-06-13  2011.2  16955.1  -1600  219.023  14370.8
488  128  2025-06-09 22-06-13  2012.8  16964.2  -1605.67  219.08  14383.5
489  128  2025-06-09 22-06-13  2014.4  16973.3  -1611.29  219.138  14378.6
490  128  2025-06-09 22-06-13  2016  16982.5  -1616.87  219.195  14373.5
491  128  2025-06-09 22-06-13  2017.6  16991.7  -1622.39  219.253  14368.4
492  128  2025-06-09 22-06-13  2019.2  17000.8  -1628.05  219.31  14381
493  128  2025-06-09 22-06-13  2020.8  17010  -1633.66  219.368  14375.9
494  128  2025-06-09 22-06-13  2022.4  17019.2  -1639.22  219.426  14370.8
495  128  2025-06-09 22-06-13  2024  17028.3  -1644.91  219.483  14383.3
496  128  2025-06-09 22-06-13  2025.6  17037.4  -1650.55  219.541  14378.1
497  128  2025-06-09 22-06-13  2027.2  17046.6  -1656.14  219.598  14372.9
498  128  2025-06-09 22-06-13  2028.8  17055.9  -1661.68  219.656  14367.6
499  128  2025-06-09 22-06-13  2030.4  17065  -1667.35  219.713  14380
500  128  2025-06-09 22-06-13  2032  17074.2  -1672.97  219.771  14374.7
501  128  2025-06-09 22-06-13  2033.6  17083.4  -1678.53  219.828  14369.3
502  128  2025-06-09 22-06-13  2035.2  17092.7  -1684.05  219.886  14363.9
503  128  2025-06-09 22-06-13  2036.8  17101.9  -1689.69  219.944  14376.1
504  128  2025-06-09 22-06-13  2038.4  17111.2  -1695.28  220.001  14370.7
505  128  2025-06-09 22-06-13  2040  17120.4  -1700.82  220.059  14365.1
506  128  2025-06-09 22-06-13  2041.6  17129.7  -1706.48  220.116  14377.3
507  128  2025-06-09 22-06-13  2043.2  17138.9  -1712.09  220.174  14371.8
508  128  2025-06-09 22-06-13  2044.8  17148.2  -1717.64  220.231  14366.2
509  128  2025-06-09 22-06-13  2046.4  17157.4  -1723.33  220.289  14378.3
510  128  2025-06-09 22-06-13  2048  17166.7  -1728.95  220.346  14372.8
511  128  2025-06-09 22-06-13  2049.6  17176  -1734.53  220.404  14367.1
512  128  2025-06-09 22-06-13  2051.2  17185.3  -1740.05  220.462  14361.4
513  128  2025-06-09 22-06-13  2052.8  17194.6  -1745.69  220.519  14373.4
514  128  2025-06-09 22-06-13  2054.4  17203.9  -1751.28  220.577  14367.6
515  128  2025-06-09 22-06-13  2056  17213.2  -1756.81  220.634  14361.9
516  128  2025-06-09 22-06-13  2057.6  17222.5  -1762.47  220.692  14373.8
517  128  2025-06-09 22-06-13  2059.2  17231.8  -1768.07  220.749  14368
518  128  2025-06-09 22-06-13  2060.8  17241.2  -1773.61  220.807  14362.1
519  128  2025-06-09 22-06-13  2062.4  17250.5  -1779.28  220.864  14374
520  128  2025-06-09 22-06-13  2064  17259.8  -1784.89  220.922  14368.1
521  128  2025-06-09 22-06-13  2065.6  17269.2  -1790.45  220.98  14362.2
522  128  2025-06-09 22-06-13  2067.2  17278.5  -1796.12  221.037  14374
523  128  2025-06-09 22-06-13  2068.8  17287.9  -1801.74  221.095  14368.1
524  128  2025-06-09 22-06-13  2070.4  17297.3  -1807.3  221.152  14362.1
525  128  2025-06-09 22-06-13  2072  17306.6  -1812.99  221.21  14373.8
526  128  2025-06-09 22-06-13  2073.6  17315.9  -1818.61  221.267  14367.8
527  128  2025-06-09 22-06-13  2075.2  17325.4  -1824.18  221.325  14361.8
528  128  2025-06-09 22-06-13  2076.8  17334.7  -1829.87  221.382  14373.4
529  128  2025-06-09 22-06-13  2078.4  17344.1  -1835.5  221.44  14367.4
530  128  2025-06-09 22-06-13  2080  17353.5  -1841.07  221.498  14361.3
531  128  2025-06-09 22-06-13  2081.6  17362.9  -1846.76  221.555  14372.9
532  128  2025-06-09 22-06-13  2083.2  17372.3  -1852.4  221.613  14366.8
533  128  2025-06-09 22-06-13  2084.8  17381.7  -1857.97  221.67  14360.6
534  128  2025-06-09 22-06-13  2086.4  17391.2  -1863.48  221.728  14354.3
535  128  2025-06-09 22-06-13  2088  17400.6  -1869.11  221.785  14365.8
536  128  2025-06-09 22-06-13  2089.6  17410.1  -1874.68  221.843  14359.5
537  128  2025-06-09 22-06-13  2091.2  17419.5  -1880.37  221.9  14371
538  128  2025-06-09 22-06-13  2092.8  17428.9  -1886  221.958  14364.8
539  128  2025-06-09 22-06-13  2094.4  17438.4  -1891.57  222.016  14358.5
540  128  2025-06-09 22-06-13  2096  17447.9  -1897.26  222.073  14369.9
541  128  2025-06-09 22-06-13  2097.6  17457.3  -1902.88  222.131  14363.6
542  128  2025-06-09 22-06-13  2099.2  17466.8  -1908.45  222.188  14357.2
543  128  2025-06-09 22-06-13  2100.8  17476.3  -1914.13  222.246  14368.5
544  128  2025-06-09 22-06-13  2102.4  17485.8  -1919.75  222.303  14362.2
545  128  2025-06-09 22-06-13  2104  17495.3  -1925.31  222.361  14355.8
546  128  2025-06-09 22-06-13  2105.6  17504.8  -1930.99  222.418  14367
547  128  2025-06-09 22-06-13  2107.2  17514.3  -1936.6  222.476  14360.6
548  128  2025-06-09 22-06-13  2108.8  17523.9  -1942.15  222.534  14354.1
549  128  2025-06-09 22-06-13  2110.4  17533.4  -1947.82  222.591  14365.3
550  128  2025-06-09 22-06-13  2112  17542.9  -1953.42  222.649  14358.8
551  128  2025-06-09 22-06-13  2113.6  17552.5  -1958.96  222.706  14352.3
552  128  2025-06-09 22-06-13  2115.2  17562  -1964.62  222.764  14363.4
553  128  2025-06-09 22-06-13  2116.8  17571.6  -1970.21  222.821  14356.9
554  128  2025-06-09 22-06-13  2118.4  17581.2  -1975.73  222.879  14350.2
555  128  2025-06-09 22-06-13  2120  17590.7  -1981.38  222.936  14361.3
556  128  2025-06-09 22-06-13  2121.6  17600.3  -1986.96  222.994  14354.7
557  128  2025-06-09 22-06-13  2123.2  17610  -1992.47  223.052  14348
558  128  2025-06-09 22-06-13  2124.8  17619.5  -1998.09  223.109  14359
559  128  2025-06-09 22-06-13  2126.4  17629.2  -2003.66  223.167  14352.3
560  128  2025-06-09 22-06-13  2128  17638.7  -2009.34  223.224  14363.4
561  128  2025-06-09 22-06-13  2129.6  17648.3  -2014.95  223.282  14356.7
562  128  2025-06-09 22-06-13  2131.2  17658  -2020.5  223.339  14350
563  128  2025-06-09 22-06-13  2132.8  17667.6  -2026.16  223.397  14360.9
564  128  2025-06-09 22-06-13  2134.4  17677.2  -2031.76  223.454  14354.2
565  128  2025-06-09 22-06-13  2136  17686.9  -2037.28  223.512  14347.4
566  128  2025-06-09 22-06-13  2137.6  17696.5  -2042.93  223.57  14358.3
567  128  2025-06-09 22-06-13  2139.2  17706.2  -2048.5  223.627  14351.5
568  128  2025-06-09 22-06-13  2140.8  17715.9  -2054.01  223.685  14344.7
569  128  2025-06-09 22-06-13  2142.4  17725.6  -2059.64  223.742  14355.5
570  128  2025-06-09 22-06-13  2144  17735.3  -2065.19  223.8  14348.7
571  128  2025-06-09 22-06-13  2145.6  17744.9  -2070.86  223.857  14359.5
572  128  2025-06-09 22-06-13  2147.2  17754.6  -2076.47  223.915  14352.7
573  128  2025-06-09 22-06-13  2148.8  17764.3  -2082  223.972  14345.8
574  128  2025-06-09 22-06-13  2150.4  17774  -2087.65  224.03  14356.5
575  128  2025-06-09 22-06-13  2152  17783.7  -2093.23  224.088  14349.6
576  128  2025-06-09 22-06-13  2153.6  17793.5  -2098.73  224.145  14342.7
577  128  2025-06-09 22-06-13  2155.2  17803.2  -2104.36  224.203  14353.4
578  128  2025-06-09 22-06-13  2156.8  17813  -2109.91  224.26  14346.4
579  128  2025-06-09 22-06-13  2158.4  17822.7  -2115.58  224.318  14357.2
580  128  2025-06-09 22-06-13  2160  17832.4  -2121.18  224.375  14350.2
581  128  2025-06-09 22-06-13  2161.6  17842.2  -2126.71  224.433  14343.2
582  128  2025-06-09 22-06-13  2163.2  17851.9  -2132.36  224.49  14353.9
583  128  2025-06-09 22-06-13  2164.8  17861.7  -2137.93  224.548  14346.9
584  128  2025-06-09 22-06-13  2166.4  17871.5  -2143.43  224.606  14339.8
585  128  2025-06-09 22-06-13  2168  17881.5  -2148.76  224.692  14323.8
586  128  2025-06-09 22-06-13  2169.6  17891.5  -2153.92  224.778  14307.8
587  128  2025-06-09 22-06-13  2171.2  17901.6  -2158.91  224.865  14291.8
588  128  2025-06-09 22-06-13  2172.8  17911.8  -2163.73  224.951  14275.8
589  128  2025-06-09 22-06-13  2174.4  17922.1  -2168.37  225.037  14259.8
590  128  2025-06-09 22-06-13  2176  17932.5  -2172.83  225.124  14243.8
591  128  2025-06-09 22-06-13  2177.6  17942.9  -2177.29  225.195  14243.3
592  128  2025-06-09 22-06-13  2179.2  17953.4  -2181.75  225.266  14242.8
593  128  2025-06-09 22-06-13  2180.8  17963.8  -2186.2  225.337  14242.2
594  128  2025-06-09 22-06-13  2182.4  17974.2  -2190.65  225.408  14241.7
595  128  2025-06-09 22-06-13  2184  17984.6  -2195.1  225.479  14241.2
596  128  2025-06-09 22-06-13  2185.6  17995.1  -2199.54  225.549  14240.7
597  128  2025-06-09 22-06-13  2187.2  18005.6  -2203.99  225.619  14240.2
