SN    USVID    CurTime    simTime    CurX    CurY    CurVel      CurYaw   
0  128  2025-06-09 22-10-20  0  8  4.89843e-16  192  2672
1  128  2025-06-09 22-10-20  1.6  128.006  9.80038e-16  192.058  2672
2  128  2025-06-09 22-10-20  3.2  136.017  1.47058e-15  192.115  2672
3  128  2025-06-09 22-10-20  4.8  144.035  1.96148e-15  192.173  2672
4  128  2025-06-09 22-10-20  6.4  152.058  2.45274e-15  192.23  2672
5  128  2025-06-09 22-10-20  8  160.086  2.94434e-15  192.288  2672
6  128  2025-06-09 22-10-20  9.6  168.121  3.4363e-15  192.345  2672
7  128  2025-06-09 22-10-20  11.2  176.161  3.92861e-15  192.403  2672
8  128  2025-06-09 22-10-20  12.8  184.207  4.42127e-15  192.46  2672
9  128  2025-06-09 22-10-20  14.4  192.259  4.91428e-15  192.518  2672
10  128  2025-06-09 22-10-20  128  200.317  5.40765e-15  192.576  2672
11  128  2025-06-09 22-10-20  129.6  208.38  5.90137e-15  192.633  2672
12  128  2025-06-09 22-10-20  131.2  216.449  6.39544e-15  192.691  2672
13  128  2025-06-09 22-10-20  132.8  224.524  6.88987e-15  192.748  2672
14  128  2025-06-09 22-10-20  134.4  232.604  7.38464e-15  192.806  2672
15  128  2025-06-09 22-10-20  136  240.691  7.87977e-15  192.863  2672
16  128  2025-06-09 22-10-20  137.6  248.783  8.37525e-15  192.921  2672
17  128  2025-06-09 22-10-20  139.2  256.881  8.87109e-15  192.978  2672
18  128  2025-06-09 22-10-20  140.8  264.984  9.36727e-15  193.036  2672
19  128  2025-06-09 22-10-20  142.4  1393.09  9.86381e-15  193.094  2672
20  128  2025-06-09 22-10-20  144  1401.21  1.03607e-14  193.151  2672
21  128  2025-06-09 22-10-20  145.6  1409.33  1.08579e-14  193.209  2672
22  128  2025-06-09 22-10-20  147.2  1417.46  1.13555e-14  193.266  2672
23  128  2025-06-09 22-10-20  148.8  1425.59  1.18535e-14  193.324  2672
24  128  2025-06-09 22-10-20  150.4  1433.73  1.23518e-14  193.381  2672
25  128  2025-06-09 22-10-20  152  1441.87  1.28504e-14  193.439  2672
26  128  2025-06-09 22-10-20  153.6  1450.02  1.33494e-14  193.496  2672
27  128  2025-06-09 22-10-20  155.2  1458.18  1.38488e-14  193.554  2672
28  128  2025-06-09 22-10-20  156.8  1466.34  1.43485e-14  193.612  2672
29  128  2025-06-09 22-10-20  158.4  1474.5  1.48486e-14  193.669  2672
30  128  2025-06-09 22-10-20  160  1482.68  1.5349e-14  193.727  2672
31  128  2025-06-09 22-10-20  161.6  1490.85  1.58498e-14  193.784  2672
32  128  2025-06-09 22-10-20  163.2  1499.04  1.63509e-14  193.842  2672
33  128  2025-06-09 22-10-20  164.8  1507.23  1.68524e-14  193.899  2672
34  128  2025-06-09 22-10-20  166.4  1515.42  1.73542e-14  193.957  2672
35  128  2025-06-09 22-10-20  168  1523.63  1.78564e-14  194.014  2672
36  128  2025-06-09 22-10-20  169.6  1531.83  1.83589e-14  194.072  2672
37  128  2025-06-09 22-10-20  171.2  1540.05  1.88618e-14  194.13  2672
38  128  2025-06-09 22-10-20  172.8  1548.26  1.9365e-14  194.187  2672
39  128  2025-06-09 22-10-20  174.4  1556.49  1.98686e-14  194.245  2672
40  128  2025-06-09 22-10-20  176  1564.72  2.03725e-14  194.302  2672
41  128  2025-06-09 22-10-20  177.6  1572.96  2.08768e-14  194.36  2672
42  128  2025-06-09 22-10-20  179.2  1581.2  2.13815e-14  194.417  2672
43  128  2025-06-09 22-10-20  180.8  1589.44  2.18865e-14  194.475  2672
44  128  2025-06-09 22-10-20  182.4  1597.7  2.23918e-14  194.532  2672
45  128  2025-06-09 22-10-20  184  1605.96  2.28975e-14  194.59  2672
46  128  2025-06-09 22-10-20  185.6  1614.22  2.34036e-14  194.648  2672
47  128  2025-06-09 22-10-20  187.2  1622.49  2.391e-14  194.705  2672
48  128  2025-06-09 22-10-20  188.8  1630.77  2.44167e-14  194.763  2672
49  128  2025-06-09 22-10-20  190.4  1639.05  2.49238e-14  194.82  2672
50  128  2025-06-09 22-10-20  192  1647.34  2.54313e-14  194.878  2672
51  128  2025-06-09 22-10-20  193.6  1655.63  2.59391e-14  194.935  2672
52  128  2025-06-09 22-10-20  195.2  1663.93  2.64473e-14  194.993  2672
53  128  2025-06-09 22-10-20  196.8  1672.24  2.69558e-14  195.05  2672
54  128  2025-06-09 22-10-20  198.4  1680.55  2.74647e-14  195.108  2672
55  128  2025-06-09 22-10-20  200  1688.86  2.79739e-14  195.166  2672
56  128  2025-06-09 22-10-20  201.6  1697.19  2.84835e-14  195.223  2672
57  128  2025-06-09 22-10-20  203.2  1705.51  2.89934e-14  195.281  2672
58  128  2025-06-09 22-10-20  204.8  1713.85  2.95037e-14  195.338  2672
59  128  2025-06-09 22-10-20  206.4  1722.19  3.00143e-14  195.396  2672
60  128  2025-06-09 22-10-20  208  1730.53  3.05253e-14  195.453  2672
61  128  2025-06-09 22-10-20  209.6  1738.88  3.10367e-14  195.511  2672
62  128  2025-06-09 22-10-20  211.2  1747.24  3.15484e-14  195.568  2672
63  128  2025-06-09 22-10-20  212.8  1755.6  3.20604e-14  195.626  2672
64  128  2025-06-09 22-10-20  214.4  1763.97  3.25728e-14  195.684  2672
65  128  2025-06-09 22-10-20  216  1772.35  3.30855e-14  195.741  2672
66  128  2025-06-09 22-10-20  217.6  1780.73  3.35986e-14  195.799  2672
67  128  2025-06-09 22-10-20  219.2  1789.11  3.41121e-14  195.856  2672
68  128  2025-06-09 22-10-20  220.8  1797.5  3.46259e-14  195.914  2672
69  128  2025-06-09 22-10-20  222.4  1805.9  3.51401e-14  195.971  2672
70  128  2025-06-09 22-10-20  224  1814.3  3.56546e-14  196.029  2672
71  128  2025-06-09 22-10-20  225.6  1822.71  3.61694e-14  196.086  2672
72  128  2025-06-09 22-10-20  227.2  1831.13  3.66847e-14  196.144  2672
73  128  2025-06-09 22-10-20  228.8  1839.55  3.72002e-14  196.202  2672
74  128  2025-06-09 22-10-20  230.4  1847.97  3.77162e-14  196.259  2672
75  128  2025-06-09 22-10-20  232  1856.4  3.82324e-14  196.317  2672
76  128  2025-06-09 22-10-20  233.6  1864.84  3.87491e-14  196.374  2672
77  128  2025-06-09 22-10-20  235.2  1873.28  3.9266e-14  196.432  2672
78  128  2025-06-09 22-10-20  236.8  1881.73  3.97834e-14  196.489  2672
79  128  2025-06-09 22-10-20  238.4  1890.19  4.0301e-14  196.547  2672
80  128  2025-06-09 22-10-20  240  1898.63  4.08182e-14  196.461  2672
81  128  2025-06-09 22-10-20  241.6  1907.09  -0.0744922  196.518  2680.08
82  128  2025-06-09 22-10-20  243.2  1915.54  -0.224311  196.576  2688.24
83  128  2025-06-09 22-10-20  244.8  1924  -0.450285  196.633  2696.48
84  128  2025-06-09 22-10-20  246.4  1932.47  -0.753237  196.691  2704.8
85  128  2025-06-09 22-10-20  248  1940.93  -1.13399  196.748  2713.2
86  128  2025-06-09 22-10-20  249.6  1949.4  -1.59335  196.806  2721.68
87  128  2025-06-09 22-10-20  251.2  1957.87  -2.13212  196.863  2730.24
88  128  2025-06-09 22-10-20  252.8  1966.34  -2.75111  196.921  2738.88
89  128  2025-06-09 22-10-20  254.4  1974.81  -3.45111  196.979  2747.6
90  128  2025-06-09 22-10-20  256  1983.28  -4.2329  197.036  2756.4
91  128  2025-06-09 22-10-20  257.6  1991.74  -5.09726  197.094  2765.28
92  128  2025-06-09 22-10-20  259.2  2000.2  -6.04495  197.151  2774.24
93  128  2025-06-09 22-10-20  260.8  2008.66  -7.07674  197.209  2783.28
94  128  2025-06-09 22-10-20  262.4  2017.11  -8.19338  197.266  2792.4
95  128  2025-06-09 22-10-20  264  2025.56  -9.39561  197.324  2801.6
96  128  2025-06-09 22-10-20  265.6  2034  -10.6841  197.382  2810.88
97  128  2025-06-09 22-10-20  267.2  2042.43  -12.0597  197.439  2820.24
98  128  2025-06-09 22-10-20  268.8  2050.86  -13.523  197.497  2829.68
99  128  2025-06-09 22-10-20  270.4  2059.27  -15.0748  197.554  14039.2
100  128  2025-06-09 22-10-20  1392  2067.67  -128.716  197.612  14048.8
101  128  2025-06-09 22-10-20  1393.6  2076.06  -130.446  197.669  14058.5
102  128  2025-06-09 22-10-20  1395.2  2084.44  -132.267  197.727  14068.2
103  128  2025-06-09 22-10-20  1396.8  2092.8  -134.18  197.784  14078.1
104  128  2025-06-09 22-10-20  1398.4  2101.15  -136.184  197.842  14088
105  128  2025-06-09 22-10-20  1400  2109.48  -138.28  197.9  14098
106  128  2025-06-09 22-10-20  1401.6  2117.79  -140.469  197.957  14108.1
107  128  2025-06-09 22-10-20  1403.2  2126.09  -142.752  198.015  14118.2
108  128  2025-06-09 22-10-20  1404.8  2134.36  -145.129  198.072  14128.5
109  128  2025-06-09 22-10-20  1406.4  2142.61  -147.6  198.13  14138.8
110  128  2025-06-09 22-10-20  1408  2150.84  -150.167  198.187  14149.2
111  128  2025-06-09 22-10-20  1409.6  2159.04  -152.829  198.245  14159.7
112  128  2025-06-09 22-10-20  1411.2  2167.24  -155.515  198.302  14162.2
113  128  2025-06-09 22-10-20  1412.8  2175.44  -158.225  198.36  14164.6
114  128  2025-06-09 22-10-20  1414.4  2183.64  -160.96  198.418  14167.1
115  128  2025-06-09 22-10-20  1416  2191.84  -163.718  198.475  14169.6
116  128  2025-06-09 22-10-20  1417.6  2200.03  -166.5  198.533  14172.1
117  128  2025-06-09 22-10-20  1419.2  2208.22  -169.306  198.59  14174.6
118  128  2025-06-09 22-10-20  1420.8  2216.41  -172.136  198.648  14177
119  128  2025-06-09 22-10-20  1422.4  2224.6  -174.991  198.705  14179.5
120  128  2025-06-09 22-10-20  1424  2232.78  -177.869  198.763  14182
121  128  2025-06-09 22-10-20  1425.6  2240.97  -180.772  198.82  14184.5
122  128  2025-06-09 22-10-20  1427.2  2249.15  -183.698  198.878  14187
123  128  2025-06-09 22-10-20  1428.8  2257.32  -186.649  198.936  14189.4
124  128  2025-06-09 22-10-20  1430.4  2265.5  -189.623  198.993  14191.9
125  128  2025-06-09 22-10-20  1432  2273.67  -192.622  199.051  14194.4
126  128  2025-06-09 22-10-20  1433.6  2281.84  -195.645  199.108  14196.9
127  128  2025-06-09 22-10-20  1435.2  2290.01  -198.692  199.166  14199.4
128  128  2025-06-09 22-10-20  1436.8  2298.17  -201.763  199.223  14201.8
129  128  2025-06-09 22-10-20  1438.4  2306.33  -204.858  199.281  14204.3
130  128  2025-06-09 22-10-20  1440  2314.49  -207.977  199.338  14206.8
131  128  2025-06-09 22-10-20  1441.6  2322.64  -211.12  199.396  14209.3
132  128  2025-06-09 22-10-20  1443.2  2330.76  -214.374  199.454  14221.5
133  128  2025-06-09 22-10-20  1444.8  2338.84  -217.738  199.511  14233.7
134  128  2025-06-09 22-10-20  1446.4  2346.88  -221.213  199.569  14246.1
135  128  2025-06-09 22-10-20  1448  2354.87  -224.8  199.626  14258.6
136  128  2025-06-09 22-10-20  1449.6  2362.82  -228.498  199.684  14271.1
137  128  2025-06-09 22-10-20  1451.2  2370.73  -232.308  199.741  14283.8
138  128  2025-06-09 22-10-20  1452.8  2378.58  -236.23  199.799  14296.5
139  128  2025-06-09 22-10-20  1454.4  2386.39  -240.264  199.856  14309.3
140  128  2025-06-09 22-10-20  1456  2394.14  -244.409  199.914  14322.1
141  128  2025-06-09 22-10-20  1457.6  2401.84  -248.665  199.972  14334.9
142  128  2025-06-09 22-10-20  1459.2  2409.48  -253.031  200.029  14347.7
143  128  2025-06-09 22-10-20  1460.8  2417.07  -257.506  200.087  14360.5
144  128  2025-06-09 22-10-20  1462.4  2424.6  -262.089  200.144  14373.3
145  128  2025-06-09 22-10-20  1464  2432.07  -266.781  200.202  14386.1
146  128  2025-06-09 22-10-20  1465.6  2439.57  -271.435  200.259  14381.2
147  128  2025-06-09 22-10-20  1467.2  2447  -1396.2  200.317  14394
148  128  2025-06-09 22-10-20  1468.8  2454.47  -1400.92  200.374  14389.2
149  128  2025-06-09 22-10-20  1470.4  2461.97  -1405.61  200.432  14384.2
150  128  2025-06-09 22-10-20  1472  2469.5  -1410.26  200.49  14379.2
151  128  2025-06-09 22-10-20  1473.6  2476.97  -1415.02  200.547  14391.8
152  128  2025-06-09 22-10-20  1475.2  2484.47  -1419.73  200.605  14386.8
153  128  2025-06-09 22-10-20  1476.8  2492  -1424.41  200.662  14381.7
154  128  2025-06-09 22-10-20  1478.4  2499.47  -1429.2  200.72  14394.3
155  128  2025-06-09 22-10-20  1480  2506.97  -1433.95  200.777  14389.2
156  128  2025-06-09 22-10-20  1481.6  2514.51  -1438.65  200.835  14384
157  128  2025-06-09 22-10-20  1483.2  2522.07  -1443.32  200.892  14378.8
158  128  2025-06-09 22-10-20  1484.8  2529.58  -1448.1  200.95  14391.2
159  128  2025-06-09 22-10-20  1486.4  2537.11  -1452.83  201.008  14386
160  128  2025-06-09 22-10-20  1488  2544.68  -1457.52  201.065  14380.7
161  128  2025-06-09 22-10-20  1489.6  2552.29  -1462.17  201.123  14375.3
162  128  2025-06-09 22-10-20  1491.2  2559.83  -1466.93  201.18  14387.6
163  128  2025-06-09 22-10-20  1492.8  2567.41  -1471.64  201.238  14382.2
164  128  2025-06-09 22-10-20  1494.4  2575.02  -1476.31  201.295  14376.8
165  128  2025-06-09 22-10-20  1496  2582.57  -1481.09  201.353  14389
166  128  2025-06-09 22-10-20  1497.6  2590.15  -1485.82  201.41  14383.6
167  128  2025-06-09 22-10-20  1499.2  2597.77  -1490.52  201.468  14378
168  128  2025-06-09 22-10-20  1500.8  2605.33  -1495.31  201.526  14390.2
169  128  2025-06-09 22-10-20  1502.4  2612.93  -1500.06  201.583  14384.7
170  128  2025-06-09 22-10-20  1504  2620.55  -1504.77  201.641  14379.1
171  128  2025-06-09 22-10-20  1505.6  2628.21  -1509.44  201.698  14373.5
172  128  2025-06-09 22-10-20  1507.2  2635.82  -1514.21  201.756  14385.5
173  128  2025-06-09 22-10-20  1508.8  2643.46  -1518.93  201.813  14379.9
174  128  2025-06-09 22-10-20  1510.4  2651.13  -1523.61  201.871  14374.1
175  128  2025-06-09 22-10-20  1512  2658.74  -1528.4  201.928  14386.1
176  128  2025-06-09 22-10-20  1513.6  2666.39  -1533.13  201.986  14380.4
177  128  2025-06-09 22-10-20  1515.2  2674.08  -1537.83  202.044  14374.6
178  128  2025-06-09 22-10-20  1516.8  2681.71  -1542.62  202.101  14386.5
179  128  2025-06-09 22-10-20  1518.4  2689.37  -1547.37  202.159  14380.7
180  128  2025-06-09 22-10-20  1520  2697.07  -1552.08  202.216  14374.9
181  128  2025-06-09 22-10-20  1521.6  2704.71  -1556.88  202.274  14386.7
182  128  2025-06-09 22-10-20  1523.2  2712.39  -1561.64  202.331  14380.9
183  128  2025-06-09 22-10-20  1524.8  2720.1  -1566.36  202.389  14374.9
184  128  2025-06-09 22-10-20  1526.4  2727.85  -1571.02  202.446  14368.9
185  128  2025-06-09 22-10-20  1528  2735.54  -1575.79  202.504  14380.6
186  128  2025-06-09 22-10-20  1529.6  2743.27  -1580.51  202.562  14374.7
187  128  2025-06-09 22-10-20  1531.2  2751.03  -1585.19  202.619  14368.6
188  128  2025-06-09 22-10-20  1532.8  2758.74  -1589.96  202.677  14380.2
189  128  2025-06-09 22-10-20  1534.4  2766.49  -1594.68  202.734  14374.2
190  128  2025-06-09 22-10-20  1536  2774.27  -1599.36  202.792  14368
191  128  2025-06-09 22-10-20  1537.6  2782  -1604.14  202.849  14379.6
192  128  2025-06-09 22-10-20  1539.2  2789.76  -1608.87  202.907  14373.5
193  128  2025-06-09 22-10-20  1540.8  2797.56  -1613.55  202.964  14367.3
194  128  2025-06-09 22-10-20  1542.4  2805.31  -1618.33  203.022  14378.8
195  128  2025-06-09 22-10-20  1544  2813.09  -1623.06  203.08  14372.6
196  128  2025-06-09 22-10-20  1545.6  2820.91  -1627.74  203.137  14366.4
197  128  2025-06-09 22-10-20  1547.2  2828.76  -1632.36  203.051  14360
198  128  2025-06-09 22-10-20  1548.8  14036.6  -1637.01  203.108  14363.3
199  128  2025-06-09 22-10-20  1550.4  14044.4  -1641.69  203.166  14366.6
200  128  2025-06-09 22-10-20  1552  14052.2  -1646.41  203.223  14369.9
201  128  2025-06-09 22-10-20  1553.6  14060  -1651.16  203.281  14373.3
202  128  2025-06-09 22-10-20  1555.2  14067.8  -1655.93  203.339  14376.6
203  128  2025-06-09 22-10-20  1556.8  14075.6  -1660.74  203.396  14380
204  128  2025-06-09 22-10-20  1558.4  14083.3  -1665.58  203.454  14383.3
205  128  2025-06-09 22-10-20  1560  14091.1  -1670.46  203.511  14386.7
206  128  2025-06-09 22-10-20  1561.6  14098.8  -1675.36  203.569  14390.1
207  128  2025-06-09 22-10-20  1563.2  14106.5  -1680.3  203.626  14393.6
208  128  2025-06-09 22-10-20  1564.8  14114.3  -1685.2  203.684  14388.9
209  128  2025-06-09 22-10-20  1566.4  14122.1  -1690.06  203.741  14384.2
210  128  2025-06-09 22-10-20  1568  14129.9  -1694.89  203.799  14379.5
211  128  2025-06-09 22-10-20  1569.6  14137.7  -1699.67  203.857  14374.6
212  128  2025-06-09 22-10-20  1571.2  14145.6  -1704.42  203.914  14369.7
213  128  2025-06-09 22-10-20  1572.8  14153.5  -1709.13  203.972  14364.8
214  128  2025-06-09 22-10-20  1574.4  14161.4  -1713.8  204.029  14359.7
215  128  2025-06-09 22-10-20  1576  14169.4  -1718.43  204.087  14354.7
216  128  2025-06-09 22-10-20  1577.6  14177.4  -1723.01  204.144  14349.5
217  128  2025-06-09 22-10-20  1579.2  14185.4  -1727.56  204.202  14344.3
218  128  2025-06-09 22-10-20  1580.8  14193.4  -1732.05  204.259  14339
219  128  2025-06-09 22-10-20  1582.4  14201.5  -1736.51  204.317  14333.7
220  128  2025-06-09 22-10-20  1584  14209.6  -1740.92  204.375  14328.3
221  128  2025-06-09 22-10-20  1585.6  14217.8  -1745.28  204.432  14322.8
222  128  2025-06-09 22-10-20  1587.2  14226  -1749.6  204.49  14317.2
223  128  2025-06-09 22-10-20  1588.8  14234.1  -1753.95  204.403  14321.3
224  128  2025-06-09 22-10-20  1590.4  14242.2  -1758.33  204.317  14325.5
225  128  2025-06-09 22-10-20  1592  14250.3  -1762.75  204.231  14329.6
226  128  2025-06-09 22-10-20  1593.6  14258.4  -1767.2  204.144  14333.8
227  128  2025-06-09 22-10-20  1595.2  14266.5  -1771.68  204.058  14338
228  128  2025-06-09 22-10-20  1596.8  14274.5  -1776.19  203.972  14342.3
229  128  2025-06-09 22-10-20  1598.4  14282.5  -1780.75  204.029  14346.6
230  128  2025-06-09 22-10-20  1600  14290.4  -1785.34  204.087  14350.9
231  128  2025-06-09 22-10-20  1601.6  14298.5  -1789.91  204.144  14347.2
232  128  2025-06-09 22-10-20  1603.2  14306.5  -1794.44  204.202  14343.4
233  128  2025-06-09 22-10-20  1604.8  14314.5  -1799.07  204.259  14354.1
234  128  2025-06-09 22-10-20  1606.4  14322.4  -1803.8  204.317  14364.9
235  128  2025-06-09 22-10-20  1608  14330.4  -1808.47  204.375  14358.1
236  128  2025-06-09 22-10-20  1609.6  14338.3  -1813.24  204.432  14368.9
237  128  2025-06-09 22-10-20  1611.2  14346.2  -1817.95  204.49  14362.1
238  128  2025-06-09 22-10-20  1612.8  14354.2  -1822.61  204.547  14355.1
239  128  2025-06-09 22-10-20  1614.4  14362.2  -1827.36  204.605  14365.9
240  128  2025-06-09 22-10-20  1616  14370.2  -1832.05  204.662  14359
241  128  2025-06-09 22-10-20  1617.6  14378.1  -1836.85  204.72  14369.8
242  128  2025-06-09 22-10-20  1619.2  14386.1  -1841.58  204.777  14362.9
243  128  2025-06-09 22-10-20  1620.8  14394.1  -1846.26  204.835  14355.9
244  128  2025-06-09 22-10-20  1622.4  14402.1  -1851.03  204.893  14366.6
245  128  2025-06-09 22-10-20  1624  14410.1  -1855.74  204.95  14359.7
246  128  2025-06-09 22-10-20  1625.6  14418  -1860.55  205.008  14370.4
247  128  2025-06-09 22-10-20  1627.2  14426  -1865.31  205.065  14363.5
248  128  2025-06-09 22-10-20  1628.8  14434.1  -1870  205.123  14356.4
249  128  2025-06-09 22-10-20  1630.4  14442.1  -1874.79  205.18  14367.1
250  128  2025-06-09 22-10-20  1632  14450.1  -1879.53  205.238  14360.1
251  128  2025-06-09 22-10-20  1633.6  14458.2  -1884.2  205.295  14353
252  128  2025-06-09 22-10-20  1635.2  14466.2  -1888.97  205.353  14363.6
253  128  2025-06-09 22-10-20  1636.8  14474.3  -1893.68  205.411  14356.5
254  128  2025-06-09 22-10-20  1638.4  14482.3  -1898.49  205.468  14367.2
255  128  2025-06-09 22-10-20  1640  14490.4  -1903.23  205.526  14360.1
256  128  2025-06-09 22-10-20  1641.6  14498.5  -1907.92  205.583  14353
257  128  2025-06-09 22-10-20  1643.2  14506.5  -1912.71  205.641  14363.5
258  128  2025-06-09 22-10-20  1644.8  14514.6  -1917.43  205.698  14356.4
259  128  2025-06-09 22-10-20  1646.4  14522.7  -1922.09  205.756  14349.2
260  128  2025-06-09 22-10-20  1648  14530.8  -1926.85  205.813  14359.7
261  128  2025-06-09 22-10-20  1649.6  14538.9  -1931.55  205.871  14352.5
262  128  2025-06-09 22-10-20  1651.2  14547  -1936.34  205.929  14363
263  128  2025-06-09 22-10-20  1652.8  14555.1  -1941.08  205.986  14355.9
264  128  2025-06-09 22-10-20  1654.4  14563.3  -1945.75  206.044  14348.6
265  128  2025-06-09 22-10-20  1656  14571.4  -1950.52  206.101  14359.1
266  128  2025-06-09 22-10-20  1657.6  14579.6  -1955.22  206.159  14351.8
267  128  2025-06-09 22-10-20  1659.2  14587.7  -1960.03  206.216  14362.3
268  128  2025-06-09 22-10-20  1660.8  14595.8  -1964.77  206.274  14355.1
269  128  2025-06-09 22-10-20  1662.4  14604  -1969.45  206.331  14347.8
270  128  2025-06-09 22-10-20  1664  14612.2  -1974.22  206.389  14358.2
271  128  2025-06-09 22-10-20  1665.6  14620.3  -1978.93  206.447  14350.9
272  128  2025-06-09 22-10-20  1667.2  14628.5  -1983.74  206.504  14361.3
273  128  2025-06-09 22-10-20  1668.8  14636.7  -1988.49  206.562  14354.1
274  128  2025-06-09 22-10-20  1670.4  14644.9  -1993.17  206.619  14346.7
275  128  2025-06-09 22-10-20  1672  14653  -1997.95  206.677  14357.1
276  128  2025-06-09 22-10-20  1673.6  14661.3  -2002.67  206.734  14349.7
277  128  2025-06-09 22-10-20  1675.2  14669.4  -2007.48  206.792  14360.1
278  128  2025-06-09 22-10-20  1676.8  14677.6  -2012.23  206.849  14352.8
279  128  2025-06-09 22-10-20  1678.4  14685.9  -2016.92  206.907  14345.4
280  128  2025-06-09 22-10-20  1680  14694.1  -2021.7  206.965  14355.7
281  128  2025-06-09 22-10-20  1681.6  14702.3  -2026.42  207.022  14348.3
282  128  2025-06-09 22-10-20  1683.2  14710.5  -2031.23  207.08  14358.7
283  128  2025-06-09 22-10-20  1684.8  14718.8  -2035.98  207.137  14351.3
284  128  2025-06-09 22-10-20  1686.4  14727.1  -2040.67  207.195  14343.9
285  128  2025-06-09 22-10-20  1688  14735.3  -2045.45  207.252  14354.1
286  128  2025-06-09 22-10-20  1689.6  14743.6  -2050.17  207.31  14346.7
287  128  2025-06-09 22-10-20  1691.2  14751.8  -2054.98  207.367  14357
288  128  2025-06-09 22-10-20  1692.8  14760.1  -2059.73  207.425  14349.6
289  128  2025-06-09 22-10-20  1694.4  14768.4  -2064.41  207.483  14342.1
290  128  2025-06-09 22-10-20  1696  14776.7  -2069.19  207.54  14352.3
291  128  2025-06-09 22-10-20  1697.6  14785  -2073.91  207.598  14344.8
292  128  2025-06-09 22-10-20  1699.2  14793.3  -2078.72  207.655  14355
293  128  2025-06-09 22-10-20  1700.8  14801.6  -2083.46  207.713  14347.6
294  128  2025-06-09 22-10-20  1702.4  14809.9  -2088.3  207.77  14357.8
295  128  2025-06-09 22-10-20  1704  14818.2  -2093.08  207.828  14350.4
296  128  2025-06-09 22-10-20  1705.6  14826.5  -2097.79  207.885  14342.8
297  128  2025-06-09 22-10-20  1707.2  14834.8  -2102.6  207.943  14353
298  128  2025-06-09 22-10-20  1708.8  14843.2  -2107.34  208.001  14345.5
299  128  2025-06-09 22-10-20  1710.4  14851.5  -2112.17  208.058  14355.7
300  128  2025-06-09 22-10-20  1712  14859.8  -2116.95  208.116  14348.2
301  128  2025-06-09 22-10-20  1713.6  14868.2  -2121.65  208.173  14340.7
302  128  2025-06-09 22-10-20  1715.2  14876.5  -2126.45  208.231  14350.8
303  128  2025-06-09 22-10-20  1716.8  14884.9  -2131.19  208.288  14343.2
304  128  2025-06-09 22-10-20  1718.4  14893.3  -2136.02  208.346  14353.4
305  128  2025-06-09 22-10-20  1720  14901.6  -2140.78  208.404  14345.8
306  128  2025-06-09 22-10-20  1721.6  14910.1  -2145.48  208.461  14338.2
307  128  2025-06-09 22-10-20  1723.2  14918.4  -2150.27  208.519  14348.3
308  128  2025-06-09 22-10-20  1724.8  14926.9  -2154.99  208.576  14340.7
309  128  2025-06-09 22-10-20  1726.4  14935.2  -2159.82  208.634  14350.8
310  128  2025-06-09 22-10-20  1728  14943.7  -2164.57  208.691  14343.2
311  128  2025-06-09 22-10-20  1729.6  14952  -2169.42  208.749  14353.3
312  128  2025-06-09 22-10-20  1731.2  14960.4  -2174.2  208.806  14345.8
313  128  2025-06-09 22-10-20  1732.8  14968.9  -2178.92  208.864  14338.1
314  128  2025-06-09 22-10-20  1734.4  14977.3  -2183.73  208.922  14348.2
315  128  2025-06-09 22-10-20  1736  14985.8  -2188.47  208.979  14340.5
316  128  2025-06-09 22-10-20  1737.6  14994.2  -2193.31  209.037  14350.6
317  128  2025-06-09 22-10-20  1739.2  15002.7  -2198.08  209.094  14343
318  128  2025-06-09 22-10-20  1740.8  15011.2  -2202.79  209.152  14335.3
319  128  2025-06-09 22-10-20  1742.4  15019.6  -2207.58  209.209  14345.3
320  128  2025-06-09 22-10-20  1744  15028.1  -2212.31  209.267  14337.6
321  128  2025-06-09 22-10-20  1745.6  15036.6  -2217.14  209.324  14347.6
322  128  2025-06-09 22-10-20  1747.2  15045.1  -2221.9  209.382  14340
323  128  2025-06-09 22-10-20  1748.8  15053.5  -2226.75  209.44  14350
324  128  2025-06-09 22-10-20  1750.4  15062  -2231.54  209.497  14342.3
325  128  2025-06-09 22-10-20  1752  15070.5  -2236.25  209.555  14334.6
326  128  2025-06-09 22-10-20  1753.6  15079  -2241.07  209.612  14344.6
327  128  2025-06-09 22-10-20  1755.2  15087.6  -2245.81  209.67  14336.9
328  128  2025-06-09 22-10-20  1756.8  15096.1  -2250.65  209.727  14346.8
329  128  2025-06-09 22-10-20  1758.4  15104.6  -2255.42  209.785  14339.2
330  128  2025-06-09 22-10-20  1760  15113.2  -2260.12  209.842  14331.4
331  128  2025-06-09 22-10-20  1761.6  15121.7  -2264.91  209.9  14341.3
332  128  2025-06-09 22-10-20  1763.2  15130.3  -2269.64  209.958  14333.5
333  128  2025-06-09 22-10-20  1764.8  15138.8  -2274.46  210.015  14343.5
334  128  2025-06-09 22-10-20  1766.4  15147.4  -2279.21  210.073  14335.7
335  128  2025-06-09 22-10-20  1768  15155.9  -2284.06  210.13  14345.7
336  128  2025-06-09 22-10-20  1769.6  15164.5  -2288.84  210.188  14338
337  128  2025-06-09 22-10-20  1771.2  15173.1  -2293.55  210.245  14330.1
338  128  2025-06-09 22-10-20  1772.8  15181.7  -2298.35  210.303  14340
339  128  2025-06-09 22-10-20  1774.4  15190.3  -2303.09  210.36  14332.2
340  128  2025-06-09 22-10-20  1776  15198.9  -2307.91  210.418  14342.1
341  128  2025-06-09 22-10-20  1777.6  15207.5  -2312.67  210.476  14334.4
342  128  2025-06-09 22-10-20  1779.2  15216.1  -2317.53  210.533  14344.3
343  128  2025-06-09 22-10-20  1780.8  15224.7  -2322.31  210.591  14336.5
344  128  2025-06-09 22-10-20  1782.4  15233.3  -2327.19  210.648  14346.5
345  128  2025-06-09 22-10-20  1784  15241.9  -2332  210.706  14338.7
346  128  2025-06-09 22-10-20  1785.6  15250.6  -2336.74  210.763  14330.9
347  128  2025-06-09 22-10-20  1787.2  15259.2  -2341.58  210.821  14340.8
348  128  2025-06-09 22-10-20  1788.8  15267.9  -2346.34  210.878  14333
349  128  2025-06-09 22-10-20  1790.4  15276.5  -2351.21  210.936  14342.8
350  128  2025-06-09 22-10-20  1792  15285.1  -2356  210.994  14335.1
351  128  2025-06-09 22-10-20  1793.6  15293.9  -2360.71  211.051  14327.2
352  128  2025-06-09 22-10-20  1795.2  15302.5  -2365.53  211.109  14337
353  128  2025-06-09 22-10-20  1796.8  15311.2  -2370.27  211.166  14329.2
354  128  2025-06-09 22-10-20  1798.4  15319.9  -2375.11  211.224  14339
355  128  2025-06-09 22-10-20  1800  15328.6  -2379.88  211.281  14331.2
356  128  2025-06-09 22-10-20  1801.6  15337.3  -2384.74  211.339  14341
357  128  2025-06-09 22-10-20  1803.2  15346  -2389.53  211.396  14333.2
358  128  2025-06-09 22-10-20  1804.8  15354.7  -2394.25  211.454  14325.3
359  128  2025-06-09 22-10-20  1806.4  15363.4  -2399.07  211.512  14335.1
360  128  2025-06-09 22-10-20  1808  15372.2  -2403.81  211.569  14327.2
361  128  2025-06-09 22-10-20  1809.6  15380.9  -2408.65  211.627  14337
362  128  2025-06-09 22-10-20  1811.2  15389.6  -2413.42  211.684  14329.1
363  128  2025-06-09 22-10-20  1812.8  15398.4  -2418.28  211.742  14338.9
364  128  2025-06-09 22-10-20  1814.4  15407.1  -2423.07  211.799  14331.1
365  128  2025-06-09 22-10-20  1816  15415.9  -2427.79  211.857  14323.2
366  128  2025-06-09 22-10-20  1817.6  15424.7  -2432.61  211.914  14332.9
367  128  2025-06-09 22-10-20  1819.2  15433.5  -2437.35  211.972  14325
368  128  2025-06-09 22-10-20  1820.8  15442.2  -2442.19  212.03  14334.8
369  128  2025-06-09 22-10-20  1822.4  15451  -2446.95  212.087  14326.9
370  128  2025-06-09 22-10-20  1824  15459.8  -2451.81  212.145  14336.7
371  128  2025-06-09 22-10-20  1825.6  15468.6  -2456.6  212.202  14328.8
372  128  2025-06-09 22-10-20  1827.2  15477.3  -2461.49  212.26  14338.6
373  128  2025-06-09 22-10-20  1828.8  15486.1  -2466.3  212.317  14330.7
374  128  2025-06-09 22-10-20  1830.4  15495  -2471.04  212.375  14322.8
375  128  2025-06-09 22-10-20  1832  15503.8  -2475.87  212.432  14332.5
376  128  2025-06-09 22-10-20  1833.6  15512.6  -2480.63  212.49  14324.6
377  128  2025-06-09 22-10-20  1835.2  15521.4  -2485.49  212.548  14334.3
378  128  2025-06-09 22-10-20  1836.8  15530.3  -2490.28  212.605  14326.4
379  128  2025-06-09 22-10-20  1838.4  15539.1  -2495.16  212.663  14336.2
380  128  2025-06-09 22-10-20  1840  15547.9  -2499.97  212.72  14328.3
381  128  2025-06-09 22-10-20  1841.6  15556.8  -2504.7  212.778  14320.3
382  128  2025-06-09 22-10-20  1843.2  15565.7  -2509.53  212.835  14330
383  128  2025-06-09 22-10-20  1844.8  15574.6  -2514.29  212.893  14322
384  128  2025-06-09 22-10-20  1846.4  15583.4  -2519.14  212.95  14331.8
385  128  2025-06-09 22-10-20  1848  15592.3  -2523.92  213.008  14323.8
386  128  2025-06-09 22-10-20  1849.6  15601.2  -2528.8  213.066  14333.6
387  128  2025-06-09 22-10-20  1851.2  15610.1  -2533.6  213.123  14325.6
388  128  2025-06-09 22-10-20  1852.8  15619  -2538.33  213.181  14317.6
389  128  2025-06-09 22-10-20  1854.4  15627.9  -2543.15  213.238  14327.3
390  128  2025-06-09 22-10-20  1856  15636.9  -2547.9  213.296  14319.3
391  128  2025-06-09 22-10-20  1857.6  15645.8  -2552.75  213.353  14329
392  128  2025-06-09 22-10-20  1859.2  15654.7  -2557.52  213.411  14321
393  128  2025-06-09 22-10-20  1860.8  15663.6  -2562.38  213.468  14330.7
394  128  2025-06-09 22-10-20  1862.4  15672.6  -2567.18  213.526  14322.7
395  128  2025-06-09 22-10-20  1864  15681.5  -2572.07  213.584  14332.5
396  128  2025-06-09 22-10-20  1865.6  15690.4  -2576.88  213.641  14324.5
397  128  2025-06-09 22-10-20  1867.2  15699.4  -2581.62  213.699  14316.5
398  128  2025-06-09 22-10-20  1868.8  15708.4  -2586.46  213.756  14326.1
399  128  2025-06-09 22-10-20  1870.4  15717.4  -2591.22  213.814  14318.1
400  128  2025-06-09 22-10-20  1872  15726.3  -2596.08  213.871  14327.8
401  128  2025-06-09 22-10-20  1873.6  15735.3  -2600.86  213.929  14319.8
402  128  2025-06-09 22-10-20  1875.2  15744.3  -2605.75  213.986  14329.5
403  128  2025-06-09 22-10-20  1876.8  15753.3  -2610.55  214.044  14321.5
404  128  2025-06-09 22-10-20  1878.4  15762.3  -2615.45  214.102  14331.2
405  128  2025-06-09 22-10-20  1880  15771.3  -2620.28  214.159  14323.3
406  128  2025-06-09 22-10-20  1881.6  15780.3  -2625.03  214.217  14315.2
407  128  2025-06-09 22-10-20  1883.2  15789.3  -2629.88  214.274  14324.9
408  128  2025-06-09 22-10-20  1884.8  15798.4  -2634.66  214.332  14316.8
409  128  2025-06-09 22-10-20  1886.4  15807.4  -2639.53  214.389  14326.5
410  128  2025-06-09 22-10-20  1888  15816.4  -2644.32  214.447  14318.5
411  128  2025-06-09 22-10-20  1889.6  15825.4  -2649.21  214.504  14328.2
412  128  2025-06-09 22-10-20  1891.2  15834.5  -2654.03  214.562  14320.2
413  128  2025-06-09 22-10-20  1892.8  15843.5  -2658.95  214.62  14329.9
414  128  2025-06-09 22-10-20  1894.4  15852.6  -2663.78  214.677  14321.9
415  128  2025-06-09 22-10-20  1896  15861.7  -2668.55  214.735  14313.8
416  128  2025-06-09 22-10-20  1897.6  15870.7  -2673.41  214.792  14323.4
417  128  2025-06-09 22-10-20  1899.2  15879.8  -2678.19  214.85  14315.4
418  128  2025-06-09 22-10-20  1900.8  15888.9  -2683.07  214.907  14325
419  128  2025-06-09 22-10-20  1902.4  15898  -2687.87  214.965  14317
420  128  2025-06-09 22-10-20  1904  15907  -2692.78  215.022  14326.7
421  128  2025-06-09 22-10-20  1905.6  15916.2  -2697.6  215.08  14318.7
422  128  2025-06-09 22-10-20  1907.2  15925.3  -2702.35  215.138  14310.6
423  128  2025-06-09 22-10-20  1908.8  15934.4  -2707.2  215.195  14320.2
424  128  2025-06-09 22-10-20  1910.4  15943.6  -2711.97  215.253  14312.1
425  128  2025-06-09 22-10-20  1912  15952.7  -2716.83  215.31  14321.7
426  128  2025-06-09 22-10-20  1913.6  15961.9  -2721.62  215.368  14313.6
427  128  2025-06-09 22-10-20  1915.2  15971  -2726.51  215.425  14323.3
428  128  2025-06-09 22-10-20  1916.8  15980.1  -2731.32  215.483  14315.2
429  128  2025-06-09 22-10-20  1918.4  15989.2  -2736.23  215.54  14324.9
430  128  2025-06-09 22-10-20  1920  15998.4  -2741.06  215.598  14316.8
431  128  2025-06-09 22-10-20  1921.6  16007.6  -2745.82  215.656  14308.7
432  128  2025-06-09 22-10-20  1923.2  16016.8  -2750.67  215.713  14318.3
433  128  2025-06-09 22-10-20  1924.8  16026  -2755.44  215.771  14310.2
434  128  2025-06-09 22-10-20  1926.4  16035.2  -2760.31  215.828  14319.8
435  128  2025-06-09 22-10-20  1928  16044.4  -2765.11  215.886  14311.7
436  128  2025-06-09 22-10-20  1929.6  16053.6  -2770  215.943  14321.3
437  128  2025-06-09 22-10-20  1931.2  16062.8  -2774.82  216.001  14313.3
438  128  2025-06-09 22-10-20  1932.8  16071.9  -2779.73  216.058  14322.9
439  128  2025-06-09 22-10-20  1934.4  16081.2  -2784.57  216.116  14314.9
440  128  2025-06-09 22-10-20  1936  16090.4  -2789.32  216.174  14306.7
441  128  2025-06-09 22-10-20  1937.6  16099.7  -2794.18  216.231  14316.3
442  128  2025-06-09 22-10-20  1939.2  16108.9  -2798.96  216.289  14308.2
443  128  2025-06-09 22-10-20  1940.8  16118.2  -2803.83  216.346  14317.8
444  128  2025-06-09 22-10-20  1942.4  16127.4  -2808.63  216.404  14309.7
445  128  2025-06-09 22-10-20  1944  16136.7  -2813.53  216.461  14319.3
446  128  2025-06-09 22-10-20  1945.6  16145.9  -2818.35  216.519  14311.2
447  128  2025-06-09 22-10-20  1947.2  16155.2  -2823.26  216.576  14320.8
448  128  2025-06-09 22-10-20  1948.8  16164.4  -2828.1  216.634  14312.8
449  128  2025-06-09 22-10-20  1950.4  16173.8  -14032.9  216.692  14304.6
450  128  2025-06-09 22-10-20  1952  16183  -14037.7  216.749  14314.2
451  128  2025-06-09 22-10-20  1953.6  16192.4  -14042.5  216.807  14306
452  128  2025-06-09 22-10-20  1955.2  16201.7  -14047.4  216.864  14315.6
453  128  2025-06-09 22-10-20  1956.8  16211  -14052.2  216.922  14307.5
454  128  2025-06-09 22-10-20  1958.4  16220.3  -14057.1  216.979  14317.1
455  128  2025-06-09 22-10-20  1960  16229.6  -14061.9  217.037  14309
456  128  2025-06-09 22-10-20  1961.6  16238.9  -14066.8  217.094  14318.6
457  128  2025-06-09 22-10-20  1963.2  16248.2  -14071.7  217.152  14310.5
458  128  2025-06-09 22-10-20  1964.8  16257.6  -14076.4  217.21  14302.3
459  128  2025-06-09 22-10-20  1966.4  16266.9  -14081.3  217.267  14311.9
460  128  2025-06-09 22-10-20  1968  16276.3  -14086.1  217.325  14303.7
461  128  2025-06-09 22-10-20  1969.6  16285.7  -14090.9  217.382  14313.3
462  128  2025-06-09 22-10-20  1971.2  16295.1  -14095.7  217.44  14305.2
463  128  2025-06-09 22-10-20  1972.8  16304.4  -14100.6  217.497  14314.7
464  128  2025-06-09 22-10-20  1974.4  16313.8  -14105.4  217.555  14306.6
465  128  2025-06-09 22-10-20  1976  16323.1  -14110.4  217.612  14316.2
466  128  2025-06-09 22-10-20  1977.6  16332.5  -14115.2  217.67  14308.1
467  128  2025-06-09 22-10-20  1979.2  16342  -14120  217.728  14299.9
468  128  2025-06-09 22-10-20  1980.8  16351.4  -14124.8  217.785  14309.4
469  128  2025-06-09 22-10-20  1982.4  16360.8  -14129.6  217.843  14301.3
470  128  2025-06-09 22-10-20  1984  16370.2  -14134.5  217.9  14310.8
471  128  2025-06-09 22-10-20  1985.6  16379.7  -14139.3  217.958  14302.7
472  128  2025-06-09 22-10-20  1987.2  16389.1  -14144.2  218.015  14312.2
473  128  2025-06-09 22-10-20  1988.8  16398.5  -14149  218.073  14304.1
474  128  2025-06-09 22-10-20  1990.4  16407.9  -14153.9  218.13  14313.7
475  128  2025-06-09 22-10-20  1992  16417.4  -14158.7  218.188  14305.6
476  128  2025-06-09 22-10-20  1993.6  16426.8  -14163.7  218.246  14315.1
477  128  2025-06-09 22-10-20  1995.2  16436.2  -14168.5  218.303  14307
478  128  2025-06-09 22-10-20  1996.8  16445.7  -14173.3  218.361  14298.9
479  128  2025-06-09 22-10-20  1998.4  16455.2  -14178.2  218.418  14308.4
480  128  2025-06-09 22-10-20  2000  16464.7  -14183  218.476  14300.2
481  128  2025-06-09 22-10-20  2001.6  16474.2  -14187.9  218.533  14309.8
482  128  2025-06-09 22-10-20  2003.2  16483.7  -14192.7  218.591  14301.6
483  128  2025-06-09 22-10-20  2004.8  16493.1  -14197.6  218.648  14311.2
484  128  2025-06-09 22-10-20  2006.4  16502.7  -14202.4  218.706  14303
485  128  2025-06-09 22-10-20  2008  16512.1  -14207.4  218.764  14312.6
486  128  2025-06-09 22-10-20  2009.6  16521.6  -14212.2  218.821  14304.5
487  128  2025-06-09 22-10-20  2011.2  16531.2  -14217  218.879  14296.3
488  128  2025-06-09 22-10-20  2012.8  16540.7  -14221.9  218.936  14305.8
489  128  2025-06-09 22-10-20  2014.4  16550.3  -14226.7  218.994  14297.6
490  128  2025-06-09 22-10-20  2016  16559.8  -14231.6  219.051  14307.2
491  128  2025-06-09 22-10-20  2017.6  16569.4  -14236.4  219.109  14299
492  128  2025-06-09 22-10-20  2019.2  16578.9  -14241.3  219.167  14308.5
493  128  2025-06-09 22-10-20  2020.8  16588.5  -14246.1  219.224  14300.4
494  128  2025-06-09 22-10-20  2022.4  16598  -14251.1  219.282  14309.9
495  128  2025-06-09 22-10-20  2024  16607.6  -14255.9  219.339  14301.8
496  128  2025-06-09 22-10-20  2025.6  16617.2  -14260.7  219.397  14293.6
497  128  2025-06-09 22-10-20  2027.2  16626.8  -14265.5  219.454  14303.1
498  128  2025-06-09 22-10-20  2028.8  16636.4  -14270.3  219.512  14294.9
499  128  2025-06-09 22-10-20  2030.4  16646  -14275.2  219.569  14304.4
500  128  2025-06-09 22-10-20  2032  16655.6  -14280  219.627  14296.2
501  128  2025-06-09 22-10-20  2033.6  16665.2  -14284.9  219.685  14305.7
502  128  2025-06-09 22-10-20  2035.2  16674.8  -14289.7  219.742  14297.6
503  128  2025-06-09 22-10-20  2036.8  16684.4  -14294.7  219.8  14307.1
504  128  2025-06-09 22-10-20  2038.4  16694.1  -14299.5  219.857  14299
505  128  2025-06-09 22-10-20  2040  16703.7  -14304.5  219.915  14308.5
506  128  2025-06-09 22-10-20  2041.6  16713.3  -14309.3  219.972  14300.4
507  128  2025-06-09 22-10-20  2043.2  16723  -14314.1  220.03  14292.2
508  128  2025-06-09 22-10-20  2044.8  16732.6  -14319  220.087  14301.7
509  128  2025-06-09 22-10-20  2046.4  16742.3  -14323.8  220.145  14293.5
510  128  2025-06-09 22-10-20  2048  16752  -14328.7  220.203  14303
511  128  2025-06-09 22-10-20  2049.6  16761.7  -14333.5  220.26  14294.8
512  128  2025-06-09 22-10-20  2051.2  16771.3  -14338.4  220.318  14304.3
513  128  2025-06-09 22-10-20  2052.8  16781  -14343.3  220.375  14296.2
514  128  2025-06-09 22-10-20  2054.4  16790.7  -14348.2  220.433  14305.7
515  128  2025-06-09 22-10-20  2056  16800.4  -14353.1  220.49  14297.6
516  128  2025-06-09 22-10-20  2057.6  16810.1  -14357.8  220.548  14289.3
517  128  2025-06-09 22-10-20  2059.2  16819.8  -14362.7  220.605  14298.8
518  128  2025-06-09 22-10-20  2060.8  16829.6  -14367.5  220.663  14290.6
519  128  2025-06-09 22-10-20  2062.4  16839.3  -14372.4  220.721  14300.1
520  128  2025-06-09 22-10-20  2064  16849  -14377.2  220.778  14291.9
521  128  2025-06-09 22-10-20  2065.6  16858.7  -14382.1  220.836  14301.4
522  128  2025-06-09 22-10-20  2067.2  16868.5  -14387  220.893  14293.2
523  128  2025-06-09 22-10-20  2068.8  16878.2  -14391.9  220.951  14302.8
524  128  2025-06-09 22-10-20  2070.4  16888  -14396.7  221.008  14294.6
525  128  2025-06-09 22-10-20  2072  16897.7  -14401.7  221.066  14304.1
526  128  2025-06-09 22-10-20  2073.6  16907.5  -14406.6  221.123  14296
527  128  2025-06-09 22-10-20  2075.2  16917.3  -14411.3  221.181  14287.8
528  128  2025-06-09 22-10-20  2076.8  16927  -14416.2  221.239  14297.2
529  128  2025-06-09 22-10-20  2078.4  16936.9  -14421  221.296  14289
530  128  2025-06-09 22-10-20  2080  16946.6  -14425.9  221.354  14298.5
531  128  2025-06-09 22-10-20  2081.6  16956.4  -14430.9  221.411  14308.1
532  128  2025-06-09 22-10-20  2083.2  16966  -14436.1  221.325  14317.8
533  128  2025-06-09 22-10-20  2084.8  16975.7  -14441.2  221.382  14317.9
534  128  2025-06-09 22-10-20  2086.4  16985.4  -14446.3  221.44  14317.9
535  128  2025-06-09 22-10-20  2088  16995.1  -14451.4  221.498  14318
536  128  2025-06-09 22-10-20  2089.6  17004.7  -14456.5  221.555  14318.1
537  128  2025-06-09 22-10-20  2091.2  17014.4  -14461.7  221.613  14318.2
538  128  2025-06-09 22-10-20  2092.8  17024.1  -14466.8  221.67  14318.3
539  128  2025-06-09 22-10-20  2094.4  17033.8  -14471.9  221.728  14318.3
540  128  2025-06-09 22-10-20  2096  17043.5  -14477.1  221.785  14318.4
541  128  2025-06-09 22-10-20  2097.6  17053.2  -14482.3  221.843  14326.6
542  128  2025-06-09 22-10-20  2099.2  17062.8  -14487.6  221.9  14334.8
543  128  2025-06-09 22-10-20  2100.8  17072.4  -14493  221.958  14343.1
544  128  2025-06-09 22-10-20  2102.4  17081.9  -14498.5  222.016  14351.5
545  128  2025-06-09 22-10-20  2104  17091.4  -14504.1  222.073  14360
546  128  2025-06-09 22-10-20  2105.6  17100.8  -14509.8  222.131  14368.6
547  128  2025-06-09 22-10-20  2107.2  17110.2  -14515.5  222.188  14377.2
548  128  2025-06-09 22-10-20  2108.8  17119.6  -14521.4  222.246  14385.9
549  128  2025-06-09 22-10-20  2110.4  17128.8  -14527.4  222.303  14394.7
550  128  2025-06-09 22-10-20  2112  17138.1  -14533.4  222.361  14403.6
551  128  2025-06-09 22-10-20  2113.6  17147.2  -14539.5  222.418  14412.6
552  128  2025-06-09 22-10-20  2115.2  17156.4  -14545.8  222.476  14421.6
553  128  2025-06-09 22-10-20  2116.8  17165.4  -14552.1  222.534  14430.7
554  128  2025-06-09 22-10-20  2118.4  17174.4  -14558.5  222.591  14439.9
555  128  2025-06-09 22-10-20  2120  17183.4  -14564.9  222.505  14439.5
556  128  2025-06-09 22-10-20  2121.6  17192.4  -14571.3  222.418  14439.1
557  128  2025-06-09 22-10-20  2123.2  17201.4  -14577.7  222.332  14438.6
558  128  2025-06-09 22-10-20  2124.8  17210.4  -14584.1  222.246  14438.2
559  128  2025-06-09 22-10-20  2126.4  17219.4  -14590.5  222.159  14437.7
560  128  2025-06-09 22-10-20  2128  17228.4  -14596.9  222.073  14437.2
561  128  2025-06-09 22-10-20  2129.6  17237.3  -14603.2  221.987  14436.7
562  128  2025-06-09 22-10-20  2131.2  17246.3  -14609.6  222.044  14436.2
563  128  2025-06-09 22-10-20  2132.8  17255.3  -14615.9  222.102  14435.6
564  128  2025-06-09 22-10-20  2134.4  17264.4  -14622.2  222.159  14428.6
565  128  2025-06-09 22-10-20  2136  17273.5  -14628.4  222.217  14421.5
566  128  2025-06-09 22-10-20  2137.6  17282.6  -14634.6  222.275  14414.3
567  128  2025-06-09 22-10-20  2139.2  17291.8  -14640.6  222.332  14407
568  128  2025-06-09 22-10-20  2140.8  17301.1  -14646.7  222.39  14399.7
569  128  2025-06-09 22-10-20  2142.4  17310.4  -14652.6  222.447  14392.3
570  128  2025-06-09 22-10-20  2144  17319.8  -14658.5  222.505  14384.8
571  128  2025-06-09 22-10-20  2145.6  17329.2  -14664.2  222.562  14377.2
572  128  2025-06-09 22-10-20  2147.2  17338.7  -14670  222.62  14369.5
573  128  2025-06-09 22-10-20  2148.8  17348.2  -14675.6  222.677  14361.8
574  128  2025-06-09 22-10-20  2150.4  17357.8  -14681.1  222.735  14354
575  128  2025-06-09 22-10-20  2152  17367.4  -14686.6  222.793  14346
576  128  2025-06-09 22-10-20  2153.6  17377.1  -14692  222.85  14338.1
577  128  2025-06-09 22-10-20  2155.2  17386.8  -14697.3  222.908  14330
578  128  2025-06-09 22-10-20  2156.8  17396.6  -14702.6  222.965  14321.9
579  128  2025-06-09 22-10-20  2158.4  17406.4  -14707.7  223.023  14313.6
580  128  2025-06-09 22-10-20  2160  17416.3  -14712.8  223.08  14305.3
581  128  2025-06-09 22-10-20  2161.6  17426.3  -14717.7  223.138  14296.9
582  128  2025-06-09 22-10-20  2163.2  17436.3  -14722.6  223.195  14288.5
583  128  2025-06-09 22-10-20  2164.8  17446.3  -14727.4  223.253  14279.9
584  128  2025-06-09 22-10-20  2166.4  17456.3  -14732.3  223.311  14289.1
585  128  2025-06-09 22-10-20  2168  17466.4  -14737.1  223.368  14280.6
586  128  2025-06-09 22-10-20  2169.6  17476.5  -14741.8  223.426  14272
587  128  2025-06-09 22-10-20  2171.2  17486.5  -14746.6  223.483  14281
588  128  2025-06-09 22-10-20  2172.8  17496.6  -14751.3  223.541  14272.4
589  128  2025-06-09 22-10-20  2174.4  17506.7  -14756.2  223.598  14281.6
590  128  2025-06-09 22-10-20  2176  17516.8  -14760.9  223.656  14273
591  128  2025-06-09 22-10-20  2177.6  17526.9  -14765.7  223.713  14282.1
592  128  2025-06-09 22-10-20  2179.2  17537  -14770.5  223.771  14273.5
593  128  2025-06-09 22-10-20  2180.8  17547.1  -14775.3  223.829  14282.7
594  128  2025-06-09 22-10-20  2182.4  17557.2  -14780.1  223.886  14274.1
595  128  2025-06-09 22-10-20  2184  17567.3  -14784.9  223.944  14283.3
596  128  2025-06-09 22-10-20  2185.6  17577.4  -14789.7  224.001  14274.8
597  128  2025-06-09 22-10-20  2187.2  17587.5  -14794.5  224.059  14283.9
598  128  2025-06-09 22-10-20  2188.8  17597.7  -14799.3  224.116  14275.4
599  128  2025-06-09 22-10-20  2190.4  17607.8  -14804.2  224.174  14284.6
600  128  2025-06-09 22-10-20  2192  17617.9  -14809  224.231  14276.1
601  128  2025-06-09 22-10-20  2193.6  17628.1  -14813.7  224.289  14267.5
602  128  2025-06-09 22-10-20  2195.2  17638.3  -14818.5  224.347  14276.6
603  128  2025-06-09 22-10-20  2196.8  17648.5  -14823.2  224.404  14268.1
604  128  2025-06-09 22-10-20  2198.4  17658.6  -14828  224.462  14277.2
605  128  2025-06-09 22-10-20  2200  17668.9  -14832.7  224.519  14268.7
606  128  2025-06-09 22-10-20  2201.6  17679  -14837.5  224.577  14277.8
607  128  2025-06-09 22-10-20  2203.2  17689.3  -14842.3  224.634  14269.3
608  128  2025-06-09 22-10-20  2204.8  17699.4  -14847.1  224.692  14278.5
609  128  2025-06-09 22-10-20  2206.4  17709.7  -14851.8  224.749  14270
610  128  2025-06-09 22-10-20  2208  17719.8  -14856.7  224.807  14279.1
611  128  2025-06-09 22-10-20  2209.6  17730.1  -14861.4  224.865  14270.6
612  128  2025-06-09 22-10-20  2211.2  17740.3  -14866.3  224.922  14279.8
613  128  2025-06-09 22-10-20  2212.8  17750.5  -14871.1  224.98  14271.4
614  128  2025-06-09 22-10-20  2214.4  17760.7  -14875.9  225.037  14280.6
615  128  2025-06-09 22-10-20  2216  17771  -14880.7  225.095  14272.1
616  128  2025-06-09 22-10-20  2217.6  17781.2  -14885.6  225.152  14281.3
617  128  2025-06-09 22-10-20  2219.2  17791.4  -14890.4  225.21  14272.9
618  128  2025-06-09 22-10-20  2220.8  17801.7  -14895.1  225.267  14264.4
619  128  2025-06-09 22-10-20  2222.4  17812  -14899.9  225.325  14273.5
620  128  2025-06-09 22-10-20  2224  17822.3  -14904.6  225.383  14265
621  128  2025-06-09 22-10-20  2225.6  17832.6  -14909.4  225.44  14274.2
622  128  2025-06-09 22-10-20  2227.2  17842.9  -14914.2  225.498  14265.7
623  128  2025-06-09 22-10-20  2228.8  17853.2  -14919  225.555  14274.9
624  128  2025-06-09 22-10-20  2230.4  17863.5  -14923.7  225.613  14266.4
625  128  2025-06-09 22-10-20  2232  17873.8  -14928.6  225.67  14275.6
626  128  2025-06-09 22-10-20  2233.6  17884.1  -14933.3  225.728  14267.2
627  128  2025-06-09 22-10-20  2235.2  17894.4  -14938.2  225.785  14276.4
628  128  2025-06-09 22-10-20  2236.8  17904.7  -14943  225.843  14268
629  128  2025-06-09 22-10-20  2238.4  17915  -14947.8  225.901  14277.2
630  128  2025-06-09 22-10-20  2240  17925.4  -14952.6  225.958  14268.8
631  128  2025-06-09 22-10-20  2241.6  17935.7  -14957.5  226.016  14278
632  128  2025-06-09 22-10-20  2243.2  17946  -14962.3  226.073  14269.6
633  128  2025-06-09 22-10-20  2244.8  17956.4  -14967  226.131  14261.1
634  128  2025-06-09 22-10-20  2246.4  17966.8  -14971.8  226.188  14270.3
635  128  2025-06-09 22-10-20  2248  17977.2  -14976.5  226.246  14261.9
636  128  2025-06-09 22-10-20  2249.6  17987.6  -14981.3  226.303  14271.1
637  128  2025-06-09 22-10-20  2251.2  17998  -14986.1  226.361  14262.6
638  128  2025-06-09 22-10-20  2252.8  18008.4  -14990.9  226.419  14271.8
639  128  2025-06-09 22-10-20  2254.4  18018.8  -14995.6  226.476  14263.4
640  128  2025-06-09 22-10-20  2256  18029.1  -15000.5  226.534  14272.6
641  128  2025-06-09 22-10-20  2257.6  18039.6  -15005.2  226.591  14264.2
642  128  2025-06-09 22-10-20  2259.2  18050  -15010.1  226.649  14273.5
643  128  2025-06-09 22-10-20  2260.8  18060.4  -15014.9  226.706  14265.1
644  128  2025-06-09 22-10-20  2262.4  18070.8  -15019.7  226.764  14274.3
645  128  2025-06-09 22-10-20  2264  18081.2  -15024.5  226.821  14265.9
646  128  2025-06-09 22-10-20  2265.6  18091.6  -15029.4  226.879  14275.2
647  128  2025-06-09 22-10-20  2267.2  18102.1  -15034.2  226.937  14266.8
648  128  2025-06-09 22-10-20  2268.8  18112.5  -15038.9  226.994  14258.4
649  128  2025-06-09 22-10-20  2270.4  18123  -15043.7  227.052  14267.6
650  128  2025-06-09 22-10-20  2272  18133.5  -15048.5  227.109  14259.2
651  128  2025-06-09 22-10-20  2273.6  18144  -15053.3  227.167  14268.4
652  128  2025-06-09 22-10-20  2275.2  18154.5  -15058  227.224  14260
653  128  2025-06-09 22-10-20  2276.8  18164.9  -15062.9  227.282  14269.2
654  128  2025-06-09 22-10-20  2278.4  18175.4  -15067.6  227.339  14260.8
655  128  2025-06-09 22-10-20  2280  18185.9  -15072.5  227.397  14270.1
656  128  2025-06-09 22-10-20  2281.6  18196.4  -15077.2  227.455  14261.7
657  128  2025-06-09 22-10-20  2283.2  18206.9  -15082.1  227.512  14271
658  128  2025-06-09 22-10-20  2284.8  18217.4  -15086.9  227.57  14262.6
659  128  2025-06-09 22-10-20  2286.4  18227.9  -15091.8  227.627  14271.9
660  128  2025-06-09 22-10-20  2288  18238.4  -15096.5  227.685  14263.6
661  128  2025-06-09 22-10-20  2289.6  18249  -15101.2  227.742  14255.1
662  128  2025-06-09 22-10-20  2291.2  18259.5  -15106.1  227.8  14264.4
663  128  2025-06-09 22-10-20  2292.8  18270.1  -15110.8  227.857  14255.9
664  128  2025-06-09 22-10-20  2294.4  18280.7  -15115.6  227.915  14265.2
665  128  2025-06-09 22-10-20  2296  18291.3  -15120.3  227.973  14256.8
666  128  2025-06-09 22-10-20  2297.6  18301.8  -15125.1  228.03  14266.1
667  128  2025-06-09 22-10-20  2299.2  18312.4  -15129.9  228.088  14257.7
668  128  2025-06-09 22-10-20  2300.8  18323  -15134.7  228.145  14267
669  128  2025-06-09 22-10-20  2302.4  18333.6  -15139.5  228.203  14258.6
670  128  2025-06-09 22-10-20  2304  18344.1  -15144.4  228.26  14267.9
671  128  2025-06-09 22-10-20  2305.6  18354.7  -15149.1  228.318  14259.5
672  128  2025-06-09 22-10-20  2307.2  18365.3  -15154  228.375  14268.8
673  128  2025-06-09 22-10-20  2308.8  18375.9  -15158.8  228.433  14260.5
674  128  2025-06-09 22-10-20  2310.4  18386.5  -15163.7  228.491  14269.8
675  128  2025-06-09 22-10-20  2312  18397.1  -15168.5  228.548  14261.5
676  128  2025-06-09 22-10-20  2313.6  18407.8  -15173.2  228.606  14253.1
677  128  2025-06-09 22-10-20  2315.2  18418.4  -15178  228.663  14262.4
678  128  2025-06-09 22-10-20  2316.8  18429.1  -15182.8  228.721  14254
679  128  2025-06-09 22-10-20  2318.4  18439.7  -15187.6  228.778  14263.3
680  128  2025-06-09 22-10-20  2320  18450.4  -15192.3  228.836  14254.9
681  128  2025-06-09 22-10-20  2321.6  18461  -15197.2  228.893  14264.2
682  128  2025-06-09 22-10-20  2323.2  18471.7  -15201.9  228.951  14255.8
683  128  2025-06-09 22-10-20  2324.8  18482.3  -15206.8  229.009  14265.2
684  128  2025-06-09 22-10-20  2326.4  18493  -15211.6  229.066  14256.8
685  128  2025-06-09 22-10-20  2328  18503.7  -15216.5  229.124  14266.1
686  128  2025-06-09 22-10-20  2329.6  18514.4  -15221.2  229.181  14257.8
687  128  2025-06-09 22-10-20  2331.2  18525  -15226.1  229.239  14267.2
688  128  2025-06-09 22-10-20  2332.8  18535.7  -15230.9  229.296  14258.8
689  128  2025-06-09 22-10-20  2334.4  18546.5  -15235.6  229.354  14250.4
690  128  2025-06-09 22-10-20  2336  18557.2  -15240.5  229.411  14259.7
691  128  2025-06-09 22-10-20  2337.6  18567.9  -15245.2  229.469  14251.4
692  128  2025-06-09 22-10-20  2339.2  18578.6  -15250  229.527  14260.7
693  128  2025-06-09 22-10-20  2340.8  18589.4  -15254.8  229.584  14252.3
694  128  2025-06-09 22-10-20  2342.4  18600.1  -15259.6  229.642  14261.6
695  128  2025-06-09 22-10-20  2344  18610.9  -15264.4  229.699  14253.3
696  128  2025-06-09 22-10-20  2345.6  18621.6  -15269.2  229.757  14262.6
697  128  2025-06-09 22-10-20  2347.2  18632.4  -15274  229.814  14254.3
698  128  2025-06-09 22-10-20  2348.8  18643.1  -15278.9  229.872  14263.6
699  128  2025-06-09 22-10-20  2350.4  18653.9  -15283.7  229.93  14255.3
700  128  2025-06-09 22-10-20  2352  18664.7  -15288.4  229.987  14246.9
701  128  2025-06-09 22-10-20  2353.6  18675.5  -15293.2  230.045  14256.2
702  128  2025-06-09 22-10-20  2355.2  18686.3  -15297.9  230.102  14247.8
703  128  2025-06-09 22-10-20  2356.8  18697.1  -15302.7  230.16  14257.2
704  128  2025-06-09 22-10-20  2358.4  18707.9  -15307.4  230.217  14248.8
705  128  2025-06-09 22-10-20  2360  18718.7  -15312.3  230.275  14258.1
706  128  2025-06-09 22-10-20  2361.6  18729.6  -15317  230.332  14249.8
707  128  2025-06-09 22-10-20  2363.2  18740.4  -15321.9  230.39  14259.1
708  128  2025-06-09 22-10-20  2364.8  18751.2  -15326.6  230.448  14250.8
709  128  2025-06-09 22-10-20  2366.4  18762  -15331.5  230.505  14260.1
710  128  2025-06-09 22-10-20  2368  18772.9  -15336.3  230.563  14251.8
711  128  2025-06-09 22-10-20  2369.6  18783.7  -15341.1  230.62  14261.2
712  128  2025-06-09 22-10-20  2371.2  18794.6  -15345.9  230.678  14252.9
713  128  2025-06-09 22-10-20  2372.8  18805.5  -15350.6  230.735  14244.5
714  128  2025-06-09 22-10-20  2374.4  18816.3  -15355.4  230.793  14253.8
715  128  2025-06-09 22-10-20  2376  18827.2  -15360.1  230.85  14245.4
716  128  2025-06-09 22-10-20  2377.6  18838.1  -15365  230.908  14254.8
717  128  2025-06-09 22-10-20  2379.2  18849  -15369.7  230.966  14246.4
718  128  2025-06-09 22-10-20  2380.8  18859.9  -15374.5  231.023  14255.8
719  128  2025-06-09 22-10-20  2382.4  18870.8  -15379.3  231.081  14247.4
720  128  2025-06-09 22-10-20  2384  18881.7  -15384.1  231.138  14256.8
721  128  2025-06-09 22-10-20  2385.6  18892.6  -15388.9  231.196  14248.5
722  128  2025-06-09 22-10-20  2387.2  18903.5  -15393.7  231.253  14257.8
723  128  2025-06-09 22-10-20  2388.8  18914.4  -15398.5  231.311  14249.5
724  128  2025-06-09 22-10-20  2390.4  18925.3  -15403.4  231.368  14258.9
725  128  2025-06-09 22-10-20  2392  18936.3  -15408.2  231.426  14250.6
726  128  2025-06-09 22-10-20  2393.6  18947.3  -15412.9  231.484  14242.3
727  128  2025-06-09 22-10-20  2395.2  18958.2  -15417.7  231.541  14251.6
728  128  2025-06-09 22-10-20  2396.8  18969.2  -15422.4  231.599  14243.2
729  128  2025-06-09 22-10-20  2398.4  18980.1  -15427.3  231.656  14252.6
730  128  2025-06-09 22-10-20  2400  18991.1  -15432  231.714  14244.3
731  128  2025-06-09 22-10-20  2401.6  19002.1  -15436.8  231.771  14253.6
732  128  2025-06-09 22-10-20  2403.2  19013.1  -15441.6  231.829  14245.3
733  128  2025-06-09 22-10-20  2404.8  19024.1  -15446.4  231.886  14254.7
734  128  2025-06-09 22-10-20  2406.4  19035.1  -15451.2  231.944  14246.4
735  128  2025-06-09 22-10-20  2408  19046  -15456.1  232.002  14255.8
736  128  2025-06-09 22-10-20  2409.6  19057  -15460.9  232.059  14247.5
737  128  2025-06-09 22-10-20  2411.2  19068.1  -15465.5  232.117  14239.1
738  128  2025-06-09 22-10-20  2412.8  19079.1  -15470.3  232.174  14248.4
739  128  2025-06-09 22-10-20  2414.4  19090.2  -15475  232.232  14240.1
740  128  2025-06-09 22-10-20  2416  19101.2  -15479.8  232.289  14249.4
741  128  2025-06-09 22-10-20  2417.6  19112.3  -15484.6  232.347  14241.1
742  128  2025-06-09 22-10-20  2419.2  19123.3  -15489.4  232.404  14250.4
743  128  2025-06-09 22-10-20  2420.8  19134.4  -15494.1  232.462  14242.1
744  128  2025-06-09 22-10-20  2422.4  19145.4  -15499  232.52  14251.5
745  128  2025-06-09 22-10-20  2424  19156.5  -15503.7  232.577  14243.2
746  128  2025-06-09 22-10-20  2425.6  19167.6  -15508.6  232.635  14252.6
747  128  2025-06-09 22-10-20  2427.2  19178.6  -15513.4  232.692  14244.3
748  128  2025-06-09 22-10-20  2428.8  19189.7  -15518.2  232.75  14253.7
749  128  2025-06-09 22-10-20  2430.4  19200.8  -15523  232.807  14245.4
750  128  2025-06-09 22-10-20  2432  19211.9  -15527.7  232.865  14237.1
751  128  2025-06-09 22-10-20  2433.6  19223  -15532.5  232.922  14246.4
752  128  2025-06-09 22-10-20  2435.2  19234.2  -15537.2  232.98  14238.1
753  128  2025-06-09 22-10-20  2436.8  19245.3  -15542  233.038  14247.5
754  128  2025-06-09 22-10-20  2438.4  19256.4  -15546.8  233.095  14239.1
755  128  2025-06-09 22-10-20  2440  19267.5  -15551.6  233.153  14248.5
756  128  2025-06-09 22-10-20  2441.6  19278.7  -15556.3  233.21  14240.2
757  128  2025-06-09 22-10-20  2443.2  19289.8  -15561.2  233.268  14249.6
758  128  2025-06-09 22-10-20  2444.8  19301  -15565.9  233.325  14241.3
759  128  2025-06-09 22-10-20  2446.4  19312.1  -15570.8  233.383  14250.7
760  128  2025-06-09 22-10-20  2448  19323.2  -15575.6  233.44  14242.4
761  128  2025-06-09 22-10-20  2449.6  19334.4  -15580.3  233.498  14234.1
762  128  2025-06-09 22-10-20  2451.2  19345.6  -15585.1  233.556  14243.4
763  128  2025-06-09 22-10-20  2452.8  19356.8  -15589.8  233.613  14235.1
764  128  2025-06-09 22-10-20  2454.4  19368  -15594.6  233.671  14244.5
765  128  2025-06-09 22-10-20  2456  19379.2  -15599.3  233.728  14236.1
766  128  2025-06-09 22-10-20  2457.6  19390.4  -15604.1  233.786  14245.5
767  128  2025-06-09 22-10-20  2459.2  19401.7  -15608.8  233.843  14237.2
768  128  2025-06-09 22-10-20  2460.8  19412.8  -15613.7  233.901  14246.6
769  128  2025-06-09 22-10-20  2462.4  19424.1  -15618.4  233.958  14238.3
770  128  2025-06-09 22-10-20  2464  19435.3  -15623.3  234.016  14247.7
771  128  2025-06-09 22-10-20  2465.6  19446.5  -15628  234.074  14239.5
772  128  2025-06-09 22-10-20  2467.2  19457.8  -15632.7  234.131  14231.1
773  128  2025-06-09 22-10-20  2468.8  19469  -15637.5  234.189  14240.4
774  128  2025-06-09 22-10-20  2470.4  19480.3  -15642.2  234.246  14232.1
775  128  2025-06-09 22-10-20  2472  19491.6  -15647  234.304  14241.5
776  128  2025-06-09 22-10-20  2473.6  19502.9  -15651.7  234.361  14233.2
777  128  2025-06-09 22-10-20  2475.2  19514.1  -15656.5  234.419  14242.5
778  128  2025-06-09 22-10-20  2476.8  19525.4  -15661.2  234.476  14234.2
779  128  2025-06-09 22-10-20  2478.4  19536.7  -15666  234.534  14243.6
780  128  2025-06-09 22-10-20  2480  19548  -15670.7  234.592  14235.3
781  128  2025-06-09 22-10-20  2481.6  19559.3  -15675.6  234.649  14244.7
782  128  2025-06-09 22-10-20  2483.2  19570.6  -15680.3  234.707  14236.5
783  128  2025-06-09 22-10-20  2484.8  19581.9  -15685.2  234.764  14245.9
784  128  2025-06-09 22-10-20  2486.4  19593.2  -15690  234.822  14237.6
785  128  2025-06-09 22-10-20  2488  19604.5  -15694.7  234.879  14229.3
786  128  2025-06-09 22-10-20  2489.6  19615.9  -15699.4  234.937  14238.7
787  128  2025-06-09 22-10-20  2491.2  19627.2  -15704.1  234.994  14230.3
788  128  2025-06-09 22-10-20  2492.8  19638.6  -15708.9  235.052  14239.7
789  128  2025-06-09 22-10-20  2494.4  19649.9  -15713.6  235.11  14231.4
790  128  2025-06-09 22-10-20  2496  19661.3  -15718.5  235.167  14240.8
791  128  2025-06-09 22-10-20  2497.6  19672.7  -15723.2  235.225  14232.5
792  128  2025-06-09 22-10-20  2499.2  19684  -15728  235.282  14241.9
793  128  2025-06-09 22-10-20  2500.8  19695.4  -15732.8  235.34  14233.6
794  128  2025-06-09 22-10-20  2502.4  19706.7  -15737.6  235.397  14243.1
795  128  2025-06-09 22-10-20  2504  19718.1  -15742.4  235.455  14234.8
796  128  2025-06-09 22-10-20  2505.6  19729.6  -15747  235.512  14226.5
797  128  2025-06-09 22-10-20  2507.2  19741  -15751.8  235.57  14235.8
798  128  2025-06-09 22-10-20  2508.8  19752.4  -15756.5  235.628  14227.5
799  128  2025-06-09 22-10-20  2510.4  19763.8  -15761.3  235.685  14236.9
800  128  2025-06-09 22-10-20  2512  19775.2  -15766  235.743  14228.6
801  128  2025-06-09 22-10-20  2513.6  19786.7  -15770.8  235.8  14238
802  128  2025-06-09 22-10-20  2515.2  19798.1  -15775.5  235.858  14229.7
803  128  2025-06-09 22-10-20  2516.8  19809.5  -15780.3  235.915  14239.1
804  128  2025-06-09 22-10-20  2518.4  19821  -15785.1  235.973  14230.8
805  128  2025-06-09 22-10-20  2520  19832.4  -15789.9  236.03  14240.3
806  128  2025-06-09 22-10-20  2521.6  19843.9  -15794.7  236.088  14232
807  128  2025-06-09 22-10-20  2523.2  19855.3  -15799.5  236.146  14241.4
808  128  2025-06-09 22-10-20  2524.8  19866.7  -15804.3  236.203  14233.2
809  128  2025-06-09 22-10-20  2526.4  19878.3  -15809  236.261  14224.9
810  128  2025-06-09 22-10-20  2528  19889.7  -15813.7  236.318  14234.3
811  128  2025-06-09 22-10-20  2529.6  19901.3  -15818.4  236.376  14226
812  128  2025-06-09 22-10-20  2531.2  19912.7  -15823.2  236.433  14235.3
813  128  2025-06-09 22-10-20  2532.8  19924.3  -15827.9  236.491  14227.1
814  128  2025-06-09 22-10-20  2534.4  19935.8  -15832.8  236.548  14236.5
815  128  2025-06-09 22-10-20  2536  19947.3  -15837.5  236.606  14228.2
816  128  2025-06-09 22-10-20  2537.6  19958.8  -15842.3  236.664  14237.6
817  128  2025-06-09 22-10-20  2539.2  19970.3  -15847.1  236.721  14229.4
818  128  2025-06-09 22-10-20  2540.8  19981.8  -15851.9  236.779  14238.8
819  128  2025-06-09 22-10-20  2542.4  19993.3  -15856.7  236.836  14230.6
820  128  2025-06-09 22-10-20  2544  20004.9  -15861.3  236.894  14222.2
821  128  2025-06-09 22-10-20  2545.6  20016.5  -15866.1  236.951  14231.6
822  128  2025-06-09 22-10-20  2547.2  20028.1  -15870.8  237.009  14223.3
823  128  2025-06-09 22-10-20  2548.8  20039.6  -15875.6  237.066  14232.7
824  128  2025-06-09 22-10-20  2550.4  20051.2  -15880.3  237.124  14224.4
825  128  2025-06-09 22-10-20  2552  20062.8  -15885.1  237.182  14233.8
826  128  2025-06-09 22-10-20  2553.6  20074.4  -15889.8  237.239  14225.6
827  128  2025-06-09 22-10-20  2555.2  20085.9  -15894.6  237.297  14235
828  128  2025-06-09 22-10-20  2556.8  20097.5  -15899.4  237.354  14226.7
829  128  2025-06-09 22-10-20  2558.4  20109.1  -15904.2  237.412  14236.2
830  128  2025-06-09 22-10-20  2560  20120.7  -15909  237.469  14227.9
831  128  2025-06-09 22-10-20  2561.6  20132.4  -15913.6  237.527  14219.6
832  128  2025-06-09 22-10-20  2563.2  20144  -15918.4  237.584  14229
833  128  2025-06-09 22-10-20  2564.8  20155.7  -15923  237.642  14220.7
834  128  2025-06-09 22-10-20  2566.4  20167.3  -15927.8  237.7  14230.1
835  128  2025-06-09 22-10-20  2568  20179  -15932.5  237.757  14221.8
836  128  2025-06-09 22-10-20  2569.6  20190.6  -15937.3  237.815  14231.2
837  128  2025-06-09 22-10-20  2571.2  20202.3  -15942  237.872  14222.9
838  128  2025-06-09 22-10-20  2572.8  20213.9  -15946.8  237.93  14232.3
839  128  2025-06-09 22-10-20  2574.4  20225.6  -15951.6  237.987  14224.1
840  128  2025-06-09 22-10-20  2576  20237.2  -15956.4  238.045  14233.5
841  128  2025-06-09 22-10-20  2577.6  20248.9  -15961.1  238.102  14225.3
842  128  2025-06-09 22-10-20  2579.2  20260.6  -15965.8  238.16  14217
843  128  2025-06-09 22-10-20  2580.8  20272.3  -15970.5  238.218  14226.3
844  128  2025-06-09 22-10-20  2582.4  20284.1  -15975.2  238.275  14218
845  128  2025-06-09 22-10-20  2584  20295.8  -15980  238.333  14227.4
846  128  2025-06-09 22-10-20  2585.6  20307.5  -15984.6  238.39  14219.1
847  128  2025-06-09 22-10-20  2587.2  20319.2  -15989.4  238.448  14228.5
848  128  2025-06-09 22-10-20  2588.8  20331  -15994.1  238.505  14220.3
849  128  2025-06-09 22-10-20  2590.4  20342.7  -15998.9  238.563  14229.7
850  128  2025-06-09 22-10-20  2592  20354.4  -16003.7  238.62  14221.4
851  128  2025-06-09 22-10-20  2593.6  20366.1  -16008.5  238.678  14230.9
852  128  2025-06-09 22-10-20  2595.2  20377.9  -16013.2  238.736  14222.6
853  128  2025-06-09 22-10-20  2596.8  20389.7  -16017.8  238.793  14214.3
854  128  2025-06-09 22-10-20  2598.4  20401.5  -16022.6  238.851  14223.7
855  128  2025-06-09 22-10-20  2600  20413.3  -16027.2  238.908  14215.4
856  128  2025-06-09 22-10-20  2601.6  20425  -16032  238.966  14224.8
857  128  2025-06-09 22-10-20  2603.2  20436.8  -16036.7  239.023  14216.5
858  128  2025-06-09 22-10-20  2604.8  20448.6  -16041.4  239.081  14225.9
859  128  2025-06-09 22-10-20  2606.4  20460.4  -16046.1  239.138  14217.6
860  128  2025-06-09 22-10-20  2608  20472.2  -16050.9  239.196  14227.1
861  128  2025-06-09 22-10-20  2609.6  20484  -16055.6  239.254  14218.8
862  128  2025-06-09 22-10-20  2611.2  20495.8  -16060.5  239.311  14228.2
863  128  2025-06-09 22-10-20  2612.8  20507.7  -16065.2  239.369  14220
864  128  2025-06-09 22-10-20  2614.4  20519.4  -16070  239.426  14229.5
865  128  2025-06-09 22-10-20  2616  20531.3  -16074.8  239.484  14221.2
866  128  2025-06-09 22-10-20  2617.6  20543.2  -16079.4  239.541  14212.9
867  128  2025-06-09 22-10-20  2619.2  20555  -16084.1  239.599  14222.3
868  128  2025-06-09 22-10-20  2620.8  20566.9  -16088.8  239.656  14214
869  128  2025-06-09 22-10-20  2622.4  20578.7  -16093.6  239.714  14223.4
870  128  2025-06-09 22-10-20  2624  20590.6  -16098.3  239.772  14215.2
871  128  2025-06-09 22-10-20  2625.6  20602.5  -16103  239.829  14224.6
872  128  2025-06-09 22-10-20  2627.2  20614.4  -16107.7  239.887  14216.3
873  128  2025-06-09 22-10-20  2628.8  20626.2  -16112.6  239.944  14225.8
874  128  2025-06-09 22-10-20  2630.4  20638.1  -16117.3  240.002  14217.5
875  128  2025-06-09 22-10-20  2632  20650  -16122.1  240.059  14227
876  128  2025-06-09 22-10-20  2633.6  20661.9  -16126.8  240.117  14218.8
877  128  2025-06-09 22-10-20  2635.2  20673.8  -16131.5  240.174  14210.5
878  128  2025-06-09 22-10-20  2636.8  20685.8  -16136.2  240.232  14219.9
879  128  2025-06-09 22-10-20  2638.4  20697.7  -16140.9  240.29  14211.6
880  128  2025-06-09 22-10-20  2640  20709.6  -16145.6  240.347  14221
881  128  2025-06-09 22-10-20  2641.6  20721.6  -16150.3  240.405  14212.7
882  128  2025-06-09 22-10-20  2643.2  20733.5  -16155.1  240.462  14222.1
883  128  2025-06-09 22-10-20  2644.8  20745.5  -16159.8  240.52  14213.9
884  128  2025-06-09 22-10-20  2646.4  20757.4  -16164.6  240.577  14223.3
885  128  2025-06-09 22-10-20  2648  20769.4  -16169.3  240.635  14215.1
886  128  2025-06-09 22-10-20  2649.6  20781.3  -16174.1  240.693  14224.5
887  128  2025-06-09 22-10-20  2651.2  20793.3  -16178.8  240.75  14216.3
888  128  2025-06-09 22-10-20  2652.8  20805.3  -16183.4  240.808  14208
889  128  2025-06-09 22-10-20  2654.4  20817.3  -16188.2  240.865  14217.4
890  128  2025-06-09 22-10-20  2656  20829.3  -16192.8  240.923  14209.1
891  128  2025-06-09 22-10-20  2657.6  20841.3  -16197.6  240.98  14218.5
892  128  2025-06-09 22-10-20  2659.2  20853.3  -16202.2  241.038  14210.2
893  128  2025-06-09 22-10-20  2660.8  20865.3  -16207  241.095  14219.7
894  128  2025-06-09 22-10-20  2662.4  20877.4  -16211.7  241.153  14211.4
895  128  2025-06-09 22-10-20  2664  20889.4  -16216.5  241.211  14220.8
896  128  2025-06-09 22-10-20  2665.6  20901.4  -16221.2  241.268  14212.6
897  128  2025-06-09 22-10-20  2667.2  20913.4  -16226  241.326  14222.1
898  128  2025-06-09 22-10-20  2668.8  20925.5  -16230.7  241.383  14213.8
899  128  2025-06-09 22-10-20  2670.4  20937.6  -16235.3  241.441  14205.5
900  128  2025-06-09 22-10-20  2672  20949.6  -16240  241.498  14214.9
901  128  2025-06-09 22-10-20  2673.6  20961.7  -16244.7  241.556  14206.6
902  128  2025-06-09 22-10-20  2675.2  20973.8  -16249.4  241.613  14216
903  128  2025-06-09 22-10-20  2676.8  20985.9  -16254.1  241.671  14207.8
904  128  2025-06-09 22-10-20  2678.4  20998  -16258.8  241.729  14217.2
905  128  2025-06-09 22-10-20  2680  21010.1  -16263.5  241.786  14208.9
906  128  2025-06-09 22-10-20  2681.6  21022.1  -16268.3  241.844  14218.4
907  128  2025-06-09 22-10-20  2683.2  21034.2  -16273  241.901  14210.1
908  128  2025-06-09 22-10-20  2684.8  21046.3  -16277.8  241.959  14219.6
909  128  2025-06-09 22-10-20  2686.4  21058.4  -16282.5  242.016  14211.4
910  128  2025-06-09 22-10-20  2688  21070.6  -16287.1  242.074  14203.1
911  128  2025-06-09 22-10-20  2689.6  21082.7  -16291.8  242.131  14212.5
912  128  2025-06-09 22-10-20  2691.2  21094.9  -16296.4  242.189  14204.2
913  128  2025-06-09 22-10-20  2692.8  21107  -16301.2  242.247  14213.6
914  128  2025-06-09 22-10-20  2694.4  21119.2  -16305.8  242.304  14205.3
915  128  2025-06-09 22-10-20  2696  21131.4  -16310.5  242.362  14214.7
916  128  2025-06-09 22-10-20  2697.6  21143.5  -16315.2  242.419  14206.5
917  128  2025-06-09 22-10-20  2699.2  21155.7  -16320  242.477  14215.9
918  128  2025-06-09 22-10-20  2700.8  21167.9  -16324.7  242.534  14207.7
919  128  2025-06-09 22-10-20  2702.4  21180  -16329.5  242.592  14217.1
920  128  2025-06-09 22-10-20  2704  21192.2  -16334.2  242.649  14208.9
921  128  2025-06-09 22-10-20  2705.6  21204.4  -16338.7  242.707  14200.6
922  128  2025-06-09 22-10-20  2707.2  21216.6  -16343.5  242.765  14210
923  128  2025-06-09 22-10-20  2708.8  21228.9  -16348.1  242.822  14201.7
924  128  2025-06-09 22-10-20  2710.4  21241.1  -16352.8  242.88  14211.1
925  128  2025-06-09 22-10-20  2712  21253.3  -16357.4  242.937  14202.8
926  128  2025-06-09 22-10-20  2713.6  21265.5  -16362.2  242.995  14212.3
927  128  2025-06-09 22-10-20  2715.2  21277.8  -16366.8  243.052  14204
928  128  2025-06-09 22-10-20  2716.8  21290  -16371.6  243.11  14213.5
929  128  2025-06-09 22-10-20  2718.4  21302.3  -16376.2  243.167  14205.2
930  128  2025-06-09 22-10-20  2720  21314.5  -16381  243.225  14214.7
931  128  2025-06-09 22-10-20  2721.6  21326.8  -16385.7  243.283  14206.4
932  128  2025-06-09 22-10-20  2723.2  21339.1  -16390.3  243.34  14198.1
933  128  2025-06-09 22-10-20  2724.8  21351.3  -16395  243.398  14207.5
934  128  2025-06-09 22-10-20  2726.4  21363.7  -16399.6  243.455  14199.2
935  128  2025-06-09 22-10-20  2728  21375.9  -16404.3  243.513  14208.7
936  128  2025-06-09 22-10-20  2729.6  21388.2  -16408.9  243.57  14200.4
937  128  2025-06-09 22-10-20  2731.2  21400.5  -16413.7  243.628  14209.8
938  128  2025-06-09 22-10-20  2732.8  21412.9  -16418.3  243.685  14201.6
939  128  2025-06-09 22-10-20  2734.4  21425.1  -16423.1  243.743  14211
940  128  2025-06-09 22-10-20  2736  21437.5  -16427.7  243.801  14202.8
941  128  2025-06-09 22-10-20  2737.6  21449.8  -16432.5  243.858  14212.2
942  128  2025-06-09 22-10-20  2739.2  21462.1  -16437.2  243.916  14204
943  128  2025-06-09 22-10-20  2740.8  21474.5  -16441.7  243.973  14195.7
944  128  2025-06-09 22-10-20  2742.4  21486.8  -16446.4  244.031  14205.1
945  128  2025-06-09 22-10-20  2744  21499.2  -16451  244.088  14196.8
946  128  2025-06-09 22-10-20  2745.6  21511.6  -16455.7  244.146  14206.2
947  128  2025-06-09 22-10-20  2747.2  21523.9  -16460.3  244.203  14197.9
948  128  2025-06-09 22-10-20  2748.8  21536.3  -16465  244.261  14207.3
949  128  2025-06-09 22-10-20  2750.4  21548.7  -16469.7  244.319  14199.1
950  128  2025-06-09 22-10-20  2752  21561.1  -16474.4  244.376  14208.5
951  128  2025-06-09 22-10-20  2753.6  21573.5  -16479.1  244.434  14200.3
952  128  2025-06-09 22-10-20  2755.2  21585.8  -16483.8  244.491  14209.7
953  128  2025-06-09 22-10-20  2756.8  21598.2  -16488.5  244.549  14201.5
954  128  2025-06-09 22-10-20  2758.4  21610.7  -16493  244.606  14193.2
955  128  2025-06-09 22-10-20  2760  21623.1  -16497.7  244.664  14202.6
956  128  2025-06-09 22-10-20  2761.6  21635.6  -16502.3  244.721  14194.3
957  128  2025-06-09 22-10-20  2763.2  21648  -16507  244.779  14203.7
958  128  2025-06-09 22-10-20  2764.8  21660.4  -16511.6  244.837  14195.5
959  128  2025-06-09 22-10-20  2766.4  21672.9  -16516.3  244.894  14204.9
960  128  2025-06-09 22-10-20  2768  21685.3  -16520.9  244.952  14196.6
961  128  2025-06-09 22-10-20  2769.6  21697.8  -16525.7  245.009  14206.1
962  128  2025-06-09 22-10-20  2771.2  21710.2  -16530.3  245.067  14197.8
963  128  2025-06-09 22-10-20  2772.8  21722.7  -16535.1  245.124  14207.3
964  128  2025-06-09 22-10-20  2774.4  21735.1  -16539.9  245.182  14212
965  128  2025-06-09 22-10-20  2776  21747.5  -16544.8  245.239  14216.7
966  128  2025-06-09 22-10-20  2777.6  21759.8  -16549.7  245.153  14221.5
967  128  2025-06-09 22-10-20  2779.2  21772.2  -16554.7  245.067  14226.4
968  128  2025-06-09 22-10-20  2780.8  21784.4  -16559.8  244.98  14231.3
969  128  2025-06-09 22-10-20  2782.4  21796.7  -16565  244.894  14236.2
970  128  2025-06-09 22-10-20  2784  21808.9  -16570.2  244.808  14241.2
971  128  2025-06-09 22-10-20  2785.6  21821.1  -16575.4  244.721  14246.3
972  128  2025-06-09 22-10-20  2787.2  21833.2  -16580.8  244.779  14253
973  128  2025-06-09 22-10-20  2788.8  21845.3  -16586.2  244.693  14259.7
974  128  2025-06-09 22-10-20  2790.4  21857.4  -16591.8  244.606  14266.6
975  128  2025-06-09 22-10-20  2792  21869.4  -16597.4  244.52  14273.5
976  128  2025-06-09 22-10-20  2793.6  21881.4  -16603  244.578  14269.1
977  128  2025-06-09 22-10-20  2795.2  21893.5  -16608.5  244.491  14264.7
978  128  2025-06-09 22-10-20  2796.8  21905.6  -16613.9  244.405  14260.3
979  128  2025-06-09 22-10-20  2798.4  21917.6  -16619.3  244.319  14255.8
980  128  2025-06-09 22-10-20  2800  21929.7  -16624.6  244.232  14251.2
981  128  2025-06-09 22-10-20  2801.6  21941.9  -16629.9  244.146  14246.6
982  128  2025-06-09 22-10-20  2803.2  21954  -16635  244.06  14242
983  128  2025-06-09 22-10-20  2804.8  21966.2  -16640.2  243.973  14237.3
984  128  2025-06-09 22-10-20  2806.4  21978.4  -16645.2  243.887  14232.6
985  128  2025-06-09 22-10-20  2808  21990.6  -16650.2  243.801  14227.8
986  128  2025-06-09 22-10-20  2809.6  22002.8  -16655.1  243.714  14222.9
987  128  2025-06-09 22-10-20  2811.2  22015  -16660  243.628  14221.3
988  128  2025-06-09 22-10-20  2812.8  22027.2  -16664.9  243.542  14219.6
989  128  2025-06-09 22-10-20  2814.4  22039.4  -16669.7  243.455  14218
990  128  2025-06-09 22-10-20  2816  22051.7  -16674.5  243.369  14216.3
991  128  2025-06-09 22-10-20  2817.6  22063.9  -16679.3  243.283  14214.5
992  128  2025-06-09 22-10-20  2819.2  22076.1  -16684.2  243.196  14217.7
993  128  2025-06-09 22-10-20  2820.8  22088.3  -16689  243.11  14220.8
994  128  2025-06-09 22-10-20  2822.4  22100.4  -16693.9  243.024  14224
995  128  2025-06-09 22-10-20  2824  22112.5  -16698.9  242.937  14227.2
996  128  2025-06-09 22-10-20  2825.6  22124.6  -16703.9  242.851  14230.5
997  128  2025-06-09 22-10-20  2827.2  22136.7  -16708.9  242.765  14233.7
998  128  2025-06-09 22-10-20  2828.8  22148.7  -16714  242.678  14237.1
999  128  2025-06-09 22-10-20  2830.4  22160.8  -16719.1  242.592  14240.4
1000  128  2025-06-09 22-10-20  14032  22172.8  -16724.2  242.506  14243.8
1001  128  2025-06-09 22-10-20  14033.6  22184.8  -16729.2  242.592  14227.8
1002  128  2025-06-09 22-10-20  14035.2  22197  -16733.9  242.678  14211.8
1003  128  2025-06-09 22-10-20  14036.8  22209.3  -16738.4  242.765  14195.8
1004  128  2025-06-09 22-10-20  14038.4  22221.6  -16742.7  242.851  14179.8
1005  128  2025-06-09 22-10-20  14040  22234.1  -16746.8  242.937  14163.8
1006  128  2025-06-09 22-10-20  14041.6  22246.6  -16750.7  243.024  14147.8
1007  128  2025-06-09 22-10-20  14043.2  22259.2  -16754.4  243.11  14131.8
1008  128  2025-06-09 22-10-20  14044.8  22271.8  -16757.8  243.196  14115.8
1009  128  2025-06-09 22-10-20  14046.4  22284.5  -16761.3  243.283  14113.9
1010  128  2025-06-09 22-10-20  14048  22297.2  -16764.7  243.369  14112
1011  128  2025-06-09 22-10-20  14049.6  22309.9  -16768  243.455  14110.1
1012  128  2025-06-09 22-10-20  14051.2  22322.6  -16771.4  243.542  14108.2
1013  128  2025-06-09 22-10-20  14052.8  22335.4  -16774.7  243.628  14106.3
