SN    USVID    CurTime    simTime    CurX    CurY    CurVel      CurYaw   
0  160  2025-06-10 20-56-11  0  2440  -14512  192  2672
1  160  2025-06-10 20-56-11  1.6  2448.01  -14511.9  192.086  2656
2  160  2025-06-10 20-56-11  3.2  2456.02  -14511.6  192.173  2640
3  160  2025-06-10 20-56-11  4.8  2464.03  -14511.2  192.259  2624
4  160  2025-06-10 20-56-11  6.4  2472.05  -14510.6  192.345  2608
5  160  2025-06-10 20-56-11  8  2480.06  -14509.9  192.432  2592
6  160  2025-06-10 20-56-11  9.6  2488.07  -14509.1  192.518  2576
7  160  2025-06-10 20-56-11  11.2  2496.07  -14508.1  192.604  2560
8  160  2025-06-10 20-56-11  12.8  2504.06  -14507  192.691  2544
9  160  2025-06-10 20-56-11  14.4  2512.04  -14505.7  192.777  2528
10  160  2025-06-10 20-56-11  128  2520  -14504.3  192.863  2512
11  160  2025-06-10 20-56-11  129.6  2527.95  -14502.7  192.95  2496
12  160  2025-06-10 20-56-11  131.2  2535.88  -14501.1  193.036  2480
13  160  2025-06-10 20-56-11  132.8  2543.78  -14499.2  193.122  2464
14  160  2025-06-10 20-56-11  134.4  2551.66  -14497.3  193.209  2448
15  160  2025-06-10 20-56-11  136  2559.51  -14495.2  193.295  2432
16  160  2025-06-10 20-56-11  137.6  2567.33  -14492.9  193.381  2416
17  160  2025-06-10 20-56-11  139.2  2575.13  -14490.5  193.468  2400
18  160  2025-06-10 20-56-11  140.8  2582.88  -14488  193.554  2384
19  160  2025-06-10 20-56-11  142.4  2590.6  -14485.4  193.64  2368
20  160  2025-06-10 20-56-11  144  2598.29  -14482.6  193.727  2353.88
21  160  2025-06-10 20-56-11  145.6  2605.94  -14479.7  193.813  2341.93
22  160  2025-06-10 20-56-11  147.2  2613.58  -14476.7  193.899  2331.81
23  160  2025-06-10 20-56-11  148.8  2621.19  -14473.7  193.986  2323.26
24  160  2025-06-10 20-56-11  150.4  2628.78  -14470.6  194.072  2316.03
25  160  2025-06-10 20-56-11  152  2636.37  -14467.4  194.158  2309.94
26  160  2025-06-10 20-56-11  153.6  2643.94  -14464.2  194.245  2304.81
27  160  2025-06-10 20-56-11  155.2  2651.51  -14461  194.331  2300.5
28  160  2025-06-10 20-56-11  156.8  2659.07  -14457.7  194.417  2296.88
29  160  2025-06-10 20-56-11  158.4  2666.63  -14454.4  194.504  2293.86
30  160  2025-06-10 20-56-11  160  2674.18  -14451  194.59  2291.35
31  160  2025-06-10 20-56-11  161.6  2681.74  -14447.7  194.676  2289.27
32  160  2025-06-10 20-56-11  163.2  2689.3  -14444.3  194.763  2287.57
33  160  2025-06-10 20-56-11  164.8  2696.86  -14440.9  194.849  2286.2
34  160  2025-06-10 20-56-11  166.4  2704.43  -14437.5  194.935  2285.1
35  160  2025-06-10 20-56-11  168  2712  -14434.1  195.022  2284.24
36  160  2025-06-10 20-56-11  169.6  2719.58  -14430.7  195.108  2283.58
37  160  2025-06-10 20-56-11  171.2  2727.16  -14427.3  195.194  2283.09
38  160  2025-06-10 20-56-11  172.8  2734.75  -14423.9  195.281  2282.76
39  160  2025-06-10 20-56-11  174.4  2742.34  -14420.4  195.367  2282.56
40  160  2025-06-10 20-56-11  176  2749.94  -14417  195.453  2282.46
41  160  2025-06-10 20-56-11  177.6  2757.56  -14413.5  195.54  2282.46
42  160  2025-06-10 20-56-11  179.2  2765.17  -14410.1  195.626  2282.54
43  160  2025-06-10 20-56-11  180.8  2772.8  -14406.6  195.712  2282.69
44  160  2025-06-10 20-56-11  182.4  2780.44  -14403.2  195.799  2282.89
45  160  2025-06-10 20-56-11  184  2788.08  -14399.7  195.885  2283.15
46  160  2025-06-10 20-56-11  185.6  2795.74  -14396.3  195.971  2283.45
47  160  2025-06-10 20-56-11  187.2  2803.4  -14392.8  196.058  2283.78
48  160  2025-06-10 20-56-11  188.8  2811.07  -14389.4  196.144  2284.15
49  160  2025-06-10 20-56-11  190.4  2818.76  -14385.9  196.23  2284.54
50  160  2025-06-10 20-56-11  192  2826.45  -14382.5  196.317  2284.95
51  160  2025-06-10 20-56-11  193.6  14034.1  -14379  196.403  2285.39
52  160  2025-06-10 20-56-11  195.2  14041.9  -14375.6  196.489  2285.83
53  160  2025-06-10 20-56-11  196.8  14049.6  -14372.1  196.576  2286.29
54  160  2025-06-10 20-56-11  198.4  14057.3  -14368.6  196.662  2286.77
55  160  2025-06-10 20-56-11  200  14065  -14365.2  196.748  2287.25
56  160  2025-06-10 20-56-11  201.6  14072.8  -14361.7  196.835  2287.73
57  160  2025-06-10 20-56-11  203.2  14080.6  -14358.3  196.921  2288.23
58  160  2025-06-10 20-56-11  204.8  14088.3  -14354.8  197.007  2288.72
59  160  2025-06-10 20-56-11  206.4  14096.1  -14351.4  197.094  2289.23
60  160  2025-06-10 20-56-11  208  14103.9  -14347.9  197.18  2289.73
61  160  2025-06-10 20-56-11  209.6  14111.7  -14344.5  197.266  2290.24
62  160  2025-06-10 20-56-11  211.2  14119.5  -14341  197.353  2290.75
63  160  2025-06-10 20-56-11  212.8  14127.3  -14337.6  197.439  2291.25
64  160  2025-06-10 20-56-11  214.4  14135.1  -14334.1  197.525  2291.76
65  160  2025-06-10 20-56-11  216  14143  -14330.7  197.612  2292.27
66  160  2025-06-10 20-56-11  217.6  14150.8  -14327.3  197.698  2292.78
67  160  2025-06-10 20-56-11  219.2  14158.7  -14323.8  197.784  2293.29
68  160  2025-06-10 20-56-11  220.8  14166.5  -14320.4  197.871  2293.8
69  160  2025-06-10 20-56-11  222.4  14174.4  -14316.9  197.957  2294.3
70  160  2025-06-10 20-56-11  224  14182.3  -14313.5  198.043  2294.81
71  160  2025-06-10 20-56-11  225.6  14190.2  -14310  198.13  2295.31
72  160  2025-06-10 20-56-11  227.2  14198.1  -14306.6  198.216  2295.81
73  160  2025-06-10 20-56-11  228.8  14206  -14303.2  198.302  2296.31
74  160  2025-06-10 20-56-11  230.4  14214  -14299.7  198.389  2296.81
75  160  2025-06-10 20-56-11  232  14221.9  -14296.3  198.475  2297.31
76  160  2025-06-10 20-56-11  233.6  14229.8  -14292.9  198.561  2297.8
77  160  2025-06-10 20-56-11  235.2  14237.8  -14289.4  198.648  2298.3
78  160  2025-06-10 20-56-11  236.8  14245.8  -14286  198.734  2298.79
79  160  2025-06-10 20-56-11  238.4  14253.7  -14282.6  198.82  2299.28
80  160  2025-06-10 20-56-11  240  14261.7  -14279.1  198.907  2299.76
81  160  2025-06-10 20-56-11  241.6  14269.7  -14275.7  198.993  2300.25
82  160  2025-06-10 20-56-11  243.2  14277.7  -14272.3  199.079  2300.73
83  160  2025-06-10 20-56-11  244.8  14285.7  -14268.8  199.166  2301.21
84  160  2025-06-10 20-56-11  246.4  14293.7  -14265.4  199.252  2301.69
85  160  2025-06-10 20-56-11  248  14301.8  -14262  199.338  2302.17
86  160  2025-06-10 20-56-11  249.6  14309.8  -14258.5  199.425  2302.64
87  160  2025-06-10 20-56-11  251.2  14317.9  -14255.1  199.511  2303.11
88  160  2025-06-10 20-56-11  252.8  14325.9  -14251.7  199.597  2303.59
89  160  2025-06-10 20-56-11  254.4  14334  -14248.3  199.684  2304.05
90  160  2025-06-10 20-56-11  256  14342.1  -14244.8  199.77  2304.52
91  160  2025-06-10 20-56-11  257.6  14350.2  -14241.4  199.856  2304.99
92  160  2025-06-10 20-56-11  259.2  14358.3  -14238  199.943  2305.45
93  160  2025-06-10 20-56-11  260.8  14366.4  -14234.6  200.029  2305.91
94  160  2025-06-10 20-56-11  262.4  14374.5  -14231.1  200.115  2306.37
95  160  2025-06-10 20-56-11  264  14382.6  -14227.7  200.202  2306.83
96  160  2025-06-10 20-56-11  265.6  14390.8  -14224.3  200.288  2307.28
97  160  2025-06-10 20-56-11  267.2  14398.9  -14220.9  200.374  2307.73
98  160  2025-06-10 20-56-11  268.8  14407.1  -14217.5  200.461  2308.19
99  160  2025-06-10 20-56-11  270.4  14415.3  -14214  200.547  2308.63
100  160  2025-06-10 20-56-11  1392  14423.4  -14210.6  200.633  2309.08
101  160  2025-06-10 20-56-11  1393.6  14431.6  -14207.2  200.72  2309.53
102  160  2025-06-10 20-56-11  1395.2  14439.8  -14203.8  200.806  2309.97
103  160  2025-06-10 20-56-11  1396.8  14448  -14200.4  200.892  2310.41
104  160  2025-06-10 20-56-11  1398.4  14456.2  -14197  200.979  2310.85
105  160  2025-06-10 20-56-11  1400  14464.5  -14193.5  201.065  2311.29
106  160  2025-06-10 20-56-11  1401.6  14472.7  -14190.1  201.151  2311.73
107  160  2025-06-10 20-56-11  1403.2  14480.9  -14186.7  201.238  2312.16
108  160  2025-06-10 20-56-11  1404.8  14489.2  -14183.3  201.324  2312.6
109  160  2025-06-10 20-56-11  1406.4  14497.5  -14179.9  201.41  2313.03
110  160  2025-06-10 20-56-11  1408  14505.7  -14176.5  201.497  2313.46
111  160  2025-06-10 20-56-11  1409.6  14514  -14173.1  201.583  2313.89
112  160  2025-06-10 20-56-11  1411.2  14522.3  -14169.7  201.669  2314.31
113  160  2025-06-10 20-56-11  1412.8  14530.6  -14166.3  201.756  2314.74
114  160  2025-06-10 20-56-11  1414.4  14538.9  -14162.8  201.842  2315.16
115  160  2025-06-10 20-56-11  1416  14547.3  -14159.4  201.928  2315.58
116  160  2025-06-10 20-56-11  1417.6  14555.6  -14156  202.015  2316
117  160  2025-06-10 20-56-11  1419.2  14563.9  -14152.6  202.101  2316.42
118  160  2025-06-10 20-56-11  1420.8  14572.3  -14149.2  202.187  2316.84
119  160  2025-06-10 20-56-11  1422.4  14580.6  -14145.8  202.274  2317.25
120  160  2025-06-10 20-56-11  1424  14589  -14142.4  202.36  2317.67
121  160  2025-06-10 20-56-11  1425.6  14597.4  -14139  202.446  2318.08
122  160  2025-06-10 20-56-11  1427.2  14605.8  -14135.6  202.533  2318.49
123  160  2025-06-10 20-56-11  1428.8  14614.2  -14132.2  202.619  2318.9
124  160  2025-06-10 20-56-11  1430.4  14622.6  -14128.8  202.705  2319.3
125  160  2025-06-10 20-56-11  1432  14631  -14125.4  202.792  2319.71
126  160  2025-06-10 20-56-11  1433.6  14639.4  -14122  202.878  2320.11
127  160  2025-06-10 20-56-11  1435.2  14647.9  -14118.6  202.964  2320.52
128  160  2025-06-10 20-56-11  1436.8  14656.3  -14115.2  203.051  2320.92
129  160  2025-06-10 20-56-11  1438.4  14664.8  -14111.8  203.137  2321.32
130  160  2025-06-10 20-56-11  1440  14673.2  -14108.4  203.223  2321.72
131  160  2025-06-10 20-56-11  1441.6  14681.7  -14105  203.31  2322.11
132  160  2025-06-10 20-56-11  1443.2  14690.2  -14101.6  203.396  2322.51
133  160  2025-06-10 20-56-11  1444.8  14698.7  -14098.2  203.482  2322.9
134  160  2025-06-10 20-56-11  1446.4  14707.2  -14094.8  203.569  2323.3
135  160  2025-06-10 20-56-11  1448  14715.7  -14091.4  203.655  2323.69
136  160  2025-06-10 20-56-11  1449.6  14724.2  -14088  203.741  2324.08
137  160  2025-06-10 20-56-11  1451.2  14732.7  -14084.6  203.828  2324.47
138  160  2025-06-10 20-56-11  1452.8  14741.3  -14081.2  203.914  2324.86
139  160  2025-06-10 20-56-11  1454.4  14749.8  -14077.8  204  2325.24
140  160  2025-06-10 20-56-11  1456  14758.4  -14074.4  204.087  2325.63
141  160  2025-06-10 20-56-11  1457.6  14767  -14071  204.173  2326.01
142  160  2025-06-10 20-56-11  1459.2  14775.5  -14067.6  204.259  2326.39
143  160  2025-06-10 20-56-11  1460.8  14784.1  -14064.2  204.346  2326.77
144  160  2025-06-10 20-56-11  1462.4  14792.7  -14060.8  204.432  2327.15
145  160  2025-06-10 20-56-11  1464  14801.3  -14057.4  204.518  2327.53
146  160  2025-06-10 20-56-11  1465.6  14809.9  -14054  204.605  2327.91
147  160  2025-06-10 20-56-11  1467.2  14818.6  -14050.6  204.691  2328.29
148  160  2025-06-10 20-56-11  1468.8  14827.2  -14047.2  204.777  2328.66
149  160  2025-06-10 20-56-11  1470.4  14835.8  -14043.8  204.864  2329.03
150  160  2025-06-10 20-56-11  1472  14844.5  -14040.4  204.95  2329.41
151  160  2025-06-10 20-56-11  1473.6  14853.2  -14037  205.036  2329.78
152  160  2025-06-10 20-56-11  1475.2  14861.8  -14033.6  205.123  2330.15
153  160  2025-06-10 20-56-11  1476.8  14870.5  -2830.24  205.209  2330.52
154  160  2025-06-10 20-56-11  1478.4  14879.2  -2826.85  205.295  2330.88
155  160  2025-06-10 20-56-11  1480  14887.9  -2823.46  205.382  2331.25
156  160  2025-06-10 20-56-11  1481.6  14896.6  -2820.07  205.468  2331.62
157  160  2025-06-10 20-56-11  1483.2  14905.3  -2816.68  205.554  2331.98
158  160  2025-06-10 20-56-11  1484.8  14914.1  -2813.29  205.641  2332.34
159  160  2025-06-10 20-56-11  1486.4  14922.8  -2809.9  205.727  2332.7
160  160  2025-06-10 20-56-11  1488  14931.5  -2806.51  205.813  2333.07
161  160  2025-06-10 20-56-11  1489.6  14940.3  -2803.12  205.9  2333.43
162  160  2025-06-10 20-56-11  1491.2  14949.1  -2799.73  205.986  2333.78
163  160  2025-06-10 20-56-11  1492.8  14957.8  -2796.34  206.072  2334.14
164  160  2025-06-10 20-56-11  1494.4  14966.6  -2792.95  206.159  2334.5
165  160  2025-06-10 20-56-11  1496  14975.4  -2789.56  206.245  2334.85
166  160  2025-06-10 20-56-11  1497.6  14984.2  -2786.17  206.331  2335.21
167  160  2025-06-10 20-56-11  1499.2  14993  -2782.79  206.418  2335.56
168  160  2025-06-10 20-56-11  1500.8  15001.9  -2779.4  206.504  2335.91
169  160  2025-06-10 20-56-11  1502.4  15010.7  -2776.01  206.59  2336.27
170  160  2025-06-10 20-56-11  1504  15019.5  -2772.62  206.677  2336.62
171  160  2025-06-10 20-56-11  1505.6  15028.4  -2769.24  206.763  2336.97
172  160  2025-06-10 20-56-11  1507.2  15037.2  -2765.85  206.849  2337.31
173  160  2025-06-10 20-56-11  1508.8  15046.1  -2762.46  206.936  2337.66
174  160  2025-06-10 20-56-11  1510.4  15055  -2759.08  207.022  2338.01
175  160  2025-06-10 20-56-11  1512  15063.9  -2755.69  207.108  2338.35
176  160  2025-06-10 20-56-11  1513.6  15072.8  -2752.31  207.195  2338.7
177  160  2025-06-10 20-56-11  1515.2  15081.7  -2748.92  207.281  2339.04
178  160  2025-06-10 20-56-11  1516.8  15090.6  -2745.54  207.367  2339.38
179  160  2025-06-10 20-56-11  1518.4  15099.5  -2742.15  207.454  2339.72
180  160  2025-06-10 20-56-11  1520  15108.5  -2738.77  207.54  2340.07
181  160  2025-06-10 20-56-11  1521.6  15117.4  -2735.38  207.626  2340.41
182  160  2025-06-10 20-56-11  1523.2  15126.4  -2732  207.713  2340.74
183  160  2025-06-10 20-56-11  1524.8  15135.3  -2728.62  207.799  2341.08
184  160  2025-06-10 20-56-11  1526.4  15144.3  -2725.23  207.885  2341.42
185  160  2025-06-10 20-56-11  1528  15153.3  -2721.85  207.972  2341.75
186  160  2025-06-10 20-56-11  1529.6  15162.3  -2718.47  208.058  2342.09
187  160  2025-06-10 20-56-11  1531.2  15171.3  -2715.09  208.145  2342.42
188  160  2025-06-10 20-56-11  1532.8  15180.3  -2711.7  208.231  2342.76
189  160  2025-06-10 20-56-11  1534.4  15189.3  -2708.32  208.317  2343.09
190  160  2025-06-10 20-56-11  1536  15198.3  -2704.94  208.404  2343.42
191  160  2025-06-10 20-56-11  1537.6  15207.4  -2701.56  208.49  2343.75
192  160  2025-06-10 20-56-11  1539.2  15216.4  -2698.18  208.576  2344.08
193  160  2025-06-10 20-56-11  1540.8  15225.5  -2694.8  208.663  2344.41
194  160  2025-06-10 20-56-11  1542.4  15234.5  -2691.41  208.749  2344.74
195  160  2025-06-10 20-56-11  1544  15243.6  -2688.03  208.835  2345.07
196  160  2025-06-10 20-56-11  1545.6  15252.7  -2684.65  208.922  2345.39
197  160  2025-06-10 20-56-11  1547.2  15261.8  -2681.27  209.008  2345.72
198  160  2025-06-10 20-56-11  1548.8  15270.9  -2677.89  209.094  2346.04
199  160  2025-06-10 20-56-11  1550.4  15280  -2674.51  209.181  2346.37
200  160  2025-06-10 20-56-11  1552  15289.1  -2671.13  209.267  2346.69
201  160  2025-06-10 20-56-11  1553.6  15298.2  -2667.75  209.353  2347.01
202  160  2025-06-10 20-56-11  1555.2  15307.4  -2664.38  209.44  2347.34
203  160  2025-06-10 20-56-11  1556.8  15316.5  -2661  209.526  2347.66
204  160  2025-06-10 20-56-11  1558.4  15325.7  -2657.62  209.612  2347.98
205  160  2025-06-10 20-56-11  1560  15334.9  -2654.24  209.699  2348.3
206  160  2025-06-10 20-56-11  1561.6  15344  -2650.86  209.785  2348.61
207  160  2025-06-10 20-56-11  1563.2  15353.2  -2647.48  209.871  2348.93
208  160  2025-06-10 20-56-11  1564.8  15362.4  -2644.1  209.958  2349.25
209  160  2025-06-10 20-56-11  1566.4  15371.6  -2640.73  210.044  2349.57
210  160  2025-06-10 20-56-11  1568  15380.8  -2637.35  210.13  2349.88
211  160  2025-06-10 20-56-11  1569.6  15390  -2633.97  210.217  2350.2
212  160  2025-06-10 20-56-11  1571.2  15399.3  -2630.59  210.303  2350.51
213  160  2025-06-10 20-56-11  1572.8  15408.5  -2627.22  210.389  2350.82
214  160  2025-06-10 20-56-11  1574.4  15417.8  -2623.84  210.476  2351.14
215  160  2025-06-10 20-56-11  1576  15427  -2620.46  210.562  2351.45
216  160  2025-06-10 20-56-11  1577.6  15436.3  -2617.09  210.648  2351.76
217  160  2025-06-10 20-56-11  1579.2  15445.6  -2613.71  210.735  2352.07
218  160  2025-06-10 20-56-11  1580.8  15454.9  -2610.34  210.821  2352.38
219  160  2025-06-10 20-56-11  1582.4  15464.2  -2606.96  210.907  2352.69
220  160  2025-06-10 20-56-11  1584  15473.5  -2603.58  210.994  2353
221  160  2025-06-10 20-56-11  1585.6  15482.8  -2600.21  211.08  2353.31
222  160  2025-06-10 20-56-11  1587.2  15492.1  -2596.83  211.166  2353.61
223  160  2025-06-10 20-56-11  1588.8  15501.4  -2593.46  211.253  2353.92
224  160  2025-06-10 20-56-11  1590.4  15510.8  -2590.08  211.339  2354.22
225  160  2025-06-10 20-56-11  1592  15520.1  -2586.71  211.425  2354.53
226  160  2025-06-10 20-56-11  1593.6  15529.5  -2583.33  211.512  2354.83
227  160  2025-06-10 20-56-11  1595.2  15538.9  -2579.96  211.598  2355.14
228  160  2025-06-10 20-56-11  1596.8  15548.3  -2576.59  211.684  2355.44
229  160  2025-06-10 20-56-11  1598.4  15557.6  -2573.21  211.771  2355.74
230  160  2025-06-10 20-56-11  1600  15567  -2569.84  211.857  2356.05
231  160  2025-06-10 20-56-11  1601.6  15576.4  -2566.46  211.943  2356.35
232  160  2025-06-10 20-56-11  1603.2  15585.9  -2563.09  212.03  2356.65
233  160  2025-06-10 20-56-11  1604.8  15595.3  -2559.72  212.116  2356.95
234  160  2025-06-10 20-56-11  1606.4  15604.7  -2556.34  212.202  2357.25
235  160  2025-06-10 20-56-11  1608  15614.2  -2552.97  212.289  2357.54
236  160  2025-06-10 20-56-11  1609.6  15623.6  -2549.6  212.375  2357.84
237  160  2025-06-10 20-56-11  1611.2  15633.1  -2546.23  212.461  2358.14
238  160  2025-06-10 20-56-11  1612.8  15642.6  -2542.85  212.548  2358.44
239  160  2025-06-10 20-56-11  1614.4  15652  -2539.48  212.634  2358.73
240  160  2025-06-10 20-56-11  1616  15661.5  -2536.11  212.72  2359.03
241  160  2025-06-10 20-56-11  1617.6  15671  -2532.74  212.807  2359.32
242  160  2025-06-10 20-56-11  1619.2  15680.5  -2529.36  212.893  2359.62
243  160  2025-06-10 20-56-11  1620.8  15690.1  -2525.99  212.979  2359.91
244  160  2025-06-10 20-56-11  1622.4  15699.6  -2522.62  213.066  2360.21
245  160  2025-06-10 20-56-11  1624  15709.1  -2519.25  213.152  2360.5
246  160  2025-06-10 20-56-11  1625.6  15718.7  -2515.88  213.238  2360.79
247  160  2025-06-10 20-56-11  1627.2  15728.2  -2512.51  213.325  2361.08
248  160  2025-06-10 20-56-11  1628.8  15737.8  -2509.14  213.411  2361.37
249  160  2025-06-10 20-56-11  1630.4  15747.4  -2505.77  213.497  2361.66
250  160  2025-06-10 20-56-11  1632  15756.9  -2502.4  213.584  2361.95
251  160  2025-06-10 20-56-11  1633.6  15766.5  -2499.03  213.67  2362.24
252  160  2025-06-10 20-56-11  1635.2  15776.1  -2495.66  213.756  2362.53
253  160  2025-06-10 20-56-11  1636.8  15785.7  -2492.29  213.843  2362.82
254  160  2025-06-10 20-56-11  1638.4  15795.4  -2488.92  213.929  2363.11
255  160  2025-06-10 20-56-11  1640  15805  -2485.55  214.015  2363.39
256  160  2025-06-10 20-56-11  1641.6  15814.6  -2482.18  214.102  2363.68
257  160  2025-06-10 20-56-11  1643.2  15824.3  -2478.81  214.188  2363.97
258  160  2025-06-10 20-56-11  1644.8  15833.9  -2475.44  214.274  2364.25
259  160  2025-06-10 20-56-11  1646.4  15843.6  -2472.07  214.361  2364.54
260  160  2025-06-10 20-56-11  1648  15853.3  -2468.7  214.447  2364.82
261  160  2025-06-10 20-56-11  1649.6  15863  -2465.33  214.533  2365.11
262  160  2025-06-10 20-56-11  1651.2  15872.7  -2461.96  214.62  2365.39
263  160  2025-06-10 20-56-11  1652.8  15882.4  -2458.59  214.706  2365.67
264  160  2025-06-10 20-56-11  1654.4  15892.1  -2455.23  214.792  2365.95
265  160  2025-06-10 20-56-11  1656  15901.8  -2451.86  214.879  2366.24
266  160  2025-06-10 20-56-11  1657.6  15911.5  -2448.49  214.965  2366.52
267  160  2025-06-10 20-56-11  1659.2  15921.3  -2445.12  215.051  2366.8
268  160  2025-06-10 20-56-11  1660.8  15931  -2441.75  215.138  2367.08
269  160  2025-06-10 20-56-11  1662.4  15940.8  -2438.39  215.224  2367.36
270  160  2025-06-10 20-56-11  1664  15950.5  -2435.02  215.31  2367.64
271  160  2025-06-10 20-56-11  1665.6  15960.3  -2431.65  215.397  2367.92
272  160  2025-06-10 20-56-11  1667.2  15970.1  -2428.29  215.483  2368.2
273  160  2025-06-10 20-56-11  1668.8  15979.9  -2424.92  215.569  2368.47
274  160  2025-06-10 20-56-11  1670.4  15989.7  -2421.55  215.656  2368.75
275  160  2025-06-10 20-56-11  1672  15999.5  -2418.19  215.742  2369.03
276  160  2025-06-10 20-56-11  1673.6  16009.3  -2414.82  215.828  2369.3
277  160  2025-06-10 20-56-11  1675.2  16019.2  -2411.45  215.915  2369.58
278  160  2025-06-10 20-56-11  1676.8  16029  -2408.09  216.001  2369.86
279  160  2025-06-10 20-56-11  1678.4  16038.8  -2404.72  216.087  2370.13
280  160  2025-06-10 20-56-11  1680  16048.7  -2401.35  216.174  2370.41
281  160  2025-06-10 20-56-11  1681.6  16058.6  -2397.99  216.26  2370.68
282  160  2025-06-10 20-56-11  1683.2  16068.5  -2394.62  216.346  2370.95
283  160  2025-06-10 20-56-11  1684.8  16078.3  -2391.26  216.433  2371.23
284  160  2025-06-10 20-56-11  1686.4  16088.2  -2387.89  216.519  2371.5
285  160  2025-06-10 20-56-11  1688  16098.1  -2384.53  216.605  2371.77
286  160  2025-06-10 20-56-11  1689.6  16108.1  -2381.16  216.692  2372.04
287  160  2025-06-10 20-56-11  1691.2  16118  -2377.8  216.778  2372.31
288  160  2025-06-10 20-56-11  1692.8  16127.9  -2374.44  216.864  2372.59
289  160  2025-06-10 20-56-11  1694.4  16137.8  -2371.07  216.951  2372.86
290  160  2025-06-10 20-56-11  1696  16147.8  -2367.71  217.037  2373.13
291  160  2025-06-10 20-56-11  1697.6  16157.8  -2364.34  217.123  2373.4
292  160  2025-06-10 20-56-11  1699.2  16167.7  -2360.98  217.21  2373.67
293  160  2025-06-10 20-56-11  1700.8  16177.7  -2357.62  217.296  2373.93
294  160  2025-06-10 20-56-11  1702.4  16187.7  -2354.25  217.382  2374.2
295  160  2025-06-10 20-56-11  1704  16197.7  -2350.89  217.469  2374.47
296  160  2025-06-10 20-56-11  1705.6  16207.7  -2347.53  217.555  2374.74
297  160  2025-06-10 20-56-11  1707.2  16217.7  -2344.16  217.641  2375.01
298  160  2025-06-10 20-56-11  1708.8  16227.7  -2340.8  217.728  2375.27
299  160  2025-06-10 20-56-11  1710.4  16237.8  -2337.44  217.814  2375.54
300  160  2025-06-10 20-56-11  1712  16247.8  -2334.08  217.9  2375.8
301  160  2025-06-10 20-56-11  1713.6  16257.9  -2330.71  217.987  2376.07
302  160  2025-06-10 20-56-11  1715.2  16267.9  -2327.35  218.073  2376.34
303  160  2025-06-10 20-56-11  1716.8  16278  -2323.99  218.159  2376.6
304  160  2025-06-10 20-56-11  1718.4  16288.1  -2320.63  218.246  2376.86
305  160  2025-06-10 20-56-11  1720  16298.2  -2317.27  218.332  2377.13
306  160  2025-06-10 20-56-11  1721.6  16308.3  -2313.9  218.418  2377.39
307  160  2025-06-10 20-56-11  1723.2  16318.4  -2310.54  218.505  2377.65
308  160  2025-06-10 20-56-11  1724.8  16328.5  -2307.18  218.591  2377.92
309  160  2025-06-10 20-56-11  1726.4  16338.6  -2303.82  218.677  2378.18
310  160  2025-06-10 20-56-11  1728  16348.7  -2300.46  218.764  2378.44
311  160  2025-06-10 20-56-11  1729.6  16358.9  -2297.1  218.85  2378.7
312  160  2025-06-10 20-56-11  1731.2  16369  -2293.74  218.936  2378.96
313  160  2025-06-10 20-56-11  1732.8  16379.2  -2290.38  219.023  2379.22
314  160  2025-06-10 20-56-11  1734.4  16389.4  -2287.02  219.109  2379.49
315  160  2025-06-10 20-56-11  1736  16399.5  -2283.66  219.195  2379.75
316  160  2025-06-10 20-56-11  1737.6  16409.7  -2280.3  219.282  2380
317  160  2025-06-10 20-56-11  1739.2  16419.9  -2276.94  219.368  2380.26
318  160  2025-06-10 20-56-11  1740.8  16430.1  -2273.58  219.454  2380.52
319  160  2025-06-10 20-56-11  1742.4  16440.3  -2270.22  219.541  2380.78
320  160  2025-06-10 20-56-11  1744  16450.6  -2266.86  219.627  2381.04
321  160  2025-06-10 20-56-11  1745.6  16460.8  -2263.5  219.713  2381.3
322  160  2025-06-10 20-56-11  1747.2  16471  -2260.15  219.8  2381.55
323  160  2025-06-10 20-56-11  1748.8  16481.3  -2256.79  219.886  2381.81
324  160  2025-06-10 20-56-11  1750.4  16491.6  -2253.43  219.972  2382.07
325  160  2025-06-10 20-56-11  1752  16501.8  -2250.07  220.059  2382.32
326  160  2025-06-10 20-56-11  1753.6  16512.1  -2246.71  220.145  2382.58
327  160  2025-06-10 20-56-11  1755.2  16522.4  -2243.36  220.231  2382.84
328  160  2025-06-10 20-56-11  1756.8  16532.7  -2240  220.318  2383.09
329  160  2025-06-10 20-56-11  1758.4  16543  -2236.64  220.404  2383.35
330  160  2025-06-10 20-56-11  1760  16553.3  -2233.28  220.49  2383.6
331  160  2025-06-10 20-56-11  1761.6  16563.7  -2229.93  220.577  2383.86
332  160  2025-06-10 20-56-11  1763.2  16574  -2226.57  220.663  2384.11
333  160  2025-06-10 20-56-11  1764.8  16584.3  -2223.21  220.749  2384.36
334  160  2025-06-10 20-56-11  1766.4  16594.7  -2219.86  220.836  2384.62
335  160  2025-06-10 20-56-11  1768  16605  -2216.5  220.922  2384.87
336  160  2025-06-10 20-56-11  1769.6  16615.4  -2213.15  221.008  2385.12
337  160  2025-06-10 20-56-11  1771.2  16625.8  -2209.79  221.095  2385.37
338  160  2025-06-10 20-56-11  1772.8  16636.2  -2206.44  221.181  2385.62
339  160  2025-06-10 20-56-11  1774.4  16646.6  -2203.08  221.267  2385.88
340  160  2025-06-10 20-56-11  1776  16657  -2199.73  221.354  2386.13
341  160  2025-06-10 20-56-11  1777.6  16667.4  -2196.37  221.44  2386.38
342  160  2025-06-10 20-56-11  1779.2  16677.8  -2193.02  221.526  2386.63
343  160  2025-06-10 20-56-11  1780.8  16688.3  -2189.66  221.613  2386.88
344  160  2025-06-10 20-56-11  1782.4  16698.7  -2186.31  221.699  2387.13
345  160  2025-06-10 20-56-11  1784  16709.2  -2182.95  221.785  2387.38
346  160  2025-06-10 20-56-11  1785.6  16719.6  -2179.6  221.872  2387.63
347  160  2025-06-10 20-56-11  1787.2  16730.1  -2176.25  221.958  2387.88
348  160  2025-06-10 20-56-11  1788.8  16740.6  -2172.89  222.044  2388.12
349  160  2025-06-10 20-56-11  1790.4  16751.1  -2169.54  222.131  2388.37
350  160  2025-06-10 20-56-11  1792  16761.6  -2166.19  222.217  2388.62
351  160  2025-06-10 20-56-11  1793.6  16772.1  -2162.83  222.303  2388.87
352  160  2025-06-10 20-56-11  1795.2  16782.6  -2159.48  222.39  2389.11
353  160  2025-06-10 20-56-11  1796.8  16793.1  -2156.13  222.476  2389.36
354  160  2025-06-10 20-56-11  1798.4  16803.7  -2152.78  222.562  2389.61
355  160  2025-06-10 20-56-11  1800  16814.2  -2149.42  222.649  2389.85
356  160  2025-06-10 20-56-11  1801.6  16824.8  -2146.07  222.735  2390.1
357  160  2025-06-10 20-56-11  1803.2  16835.3  -2142.72  222.821  2390.35
358  160  2025-06-10 20-56-11  1804.8  16845.9  -2139.37  222.908  2390.59
359  160  2025-06-10 20-56-11  1806.4  16856.5  -2136.02  222.994  2390.84
360  160  2025-06-10 20-56-11  1808  16867.1  -2132.67  223.08  2391.08
361  160  2025-06-10 20-56-11  1809.6  16877.7  -2129.32  223.167  2391.33
362  160  2025-06-10 20-56-11  1811.2  16888.3  -2125.97  223.253  2391.57
363  160  2025-06-10 20-56-11  1812.8  16898.9  -2122.62  223.339  2391.81
364  160  2025-06-10 20-56-11  1814.4  16909.5  -2119.27  223.426  2392.06
365  160  2025-06-10 20-56-11  1816  16920.2  -2115.92  223.512  2392.3
366  160  2025-06-10 20-56-11  1817.6  16930.8  -2112.57  223.598  2392.54
367  160  2025-06-10 20-56-11  1819.2  16941.5  -2109.22  223.685  2392.79
368  160  2025-06-10 20-56-11  1820.8  16952.1  -2105.87  223.771  2393.03
369  160  2025-06-10 20-56-11  1822.4  16962.8  -2102.52  223.857  2393.27
370  160  2025-06-10 20-56-11  1824  16973.5  -2099.17  223.944  2393.51
371  160  2025-06-10 20-56-11  1825.6  16984.2  -2095.82  224.03  2393.75
372  160  2025-06-10 20-56-11  1827.2  16994.9  -2092.47  224.116  2393.99
373  160  2025-06-10 20-56-11  1828.8  17005.6  -2089.13  224.203  2394.23
374  160  2025-06-10 20-56-11  1830.4  17016.3  -2085.78  224.289  2394.47
375  160  2025-06-10 20-56-11  1832  17027  -2082.43  224.375  2394.72
376  160  2025-06-10 20-56-11  1833.6  17037.8  -2079.08  224.462  2394.96
377  160  2025-06-10 20-56-11  1835.2  17048.5  -2075.74  224.548  2395.19
378  160  2025-06-10 20-56-11  1836.8  17059.3  -2072.39  224.634  2395.43
379  160  2025-06-10 20-56-11  1838.4  17070  -2069.04  224.721  2395.67
380  160  2025-06-10 20-56-11  1840  17080.8  -2065.7  224.807  2395.91
381  160  2025-06-10 20-56-11  1841.6  17091.6  -2062.35  224.893  2396.15
382  160  2025-06-10 20-56-11  1843.2  17102.4  -2059.01  224.98  2396.39
383  160  2025-06-10 20-56-11  1844.8  17113.2  -2055.66  225.066  2396.63
384  160  2025-06-10 20-56-11  1846.4  17124  -2052.32  225.152  2396.86
385  160  2025-06-10 20-56-11  1848  17134.8  -2048.97  225.239  2397.1
386  160  2025-06-10 20-56-11  1849.6  17145.6  -2045.63  225.325  2397.34
387  160  2025-06-10 20-56-11  1851.2  17156.5  -2042.28  225.411  2397.58
388  160  2025-06-10 20-56-11  1852.8  17167.3  -2038.94  225.498  2397.81
389  160  2025-06-10 20-56-11  1854.4  17178.2  -2035.59  225.584  2398.05
390  160  2025-06-10 20-56-11  1856  17189  -2032.25  225.67  2398.29
391  160  2025-06-10 20-56-11  1857.6  17199.9  -2028.91  225.757  2398.52
392  160  2025-06-10 20-56-11  1859.2  17210.8  -2025.56  225.843  2398.76
393  160  2025-06-10 20-56-11  1860.8  17221.7  -2022.22  225.929  2398.99
394  160  2025-06-10 20-56-11  1862.4  17232.6  -2018.88  226.016  2399.23
395  160  2025-06-10 20-56-11  1864  17243.5  -2015.53  226.102  2399.46
396  160  2025-06-10 20-56-11  1865.6  17254.4  -2012.19  226.188  2399.7
397  160  2025-06-10 20-56-11  1867.2  17265.3  -2008.85  226.275  2399.93
398  160  2025-06-10 20-56-11  1868.8  17276.3  -2005.51  226.361  2400.16
399  160  2025-06-10 20-56-11  1870.4  17287.2  -2002.17  226.447  2400.4
400  160  2025-06-10 20-56-11  1872  17298.2  -1998.83  226.534  2400.63
401  160  2025-06-10 20-56-11  1873.6  17309.1  -1995.49  226.62  2400.86
402  160  2025-06-10 20-56-11  1875.2  17320.1  -1992.14  226.706  2401.1
403  160  2025-06-10 20-56-11  1876.8  17331.1  -1988.8  226.793  2401.33
404  160  2025-06-10 20-56-11  1878.4  17342.1  -1985.46  226.879  2401.56
405  160  2025-06-10 20-56-11  1880  17353.1  -1982.12  226.965  2401.8
406  160  2025-06-10 20-56-11  1881.6  17364.1  -1978.79  227.052  2402.03
407  160  2025-06-10 20-56-11  1883.2  17375.1  -1975.45  227.138  2402.26
408  160  2025-06-10 20-56-11  1884.8  17386.1  -1972.11  227.224  2402.49
409  160  2025-06-10 20-56-11  1886.4  17397.2  -1968.77  227.311  2402.72
410  160  2025-06-10 20-56-11  1888  17408.2  -1965.43  227.397  2402.95
411  160  2025-06-10 20-56-11  1889.6  17419.3  -1962.09  227.483  2403.18
412  160  2025-06-10 20-56-11  1891.2  17430.3  -1958.75  227.57  2403.41
413  160  2025-06-10 20-56-11  1892.8  17441.4  -1955.42  227.656  2403.64
414  160  2025-06-10 20-56-11  1894.4  17452.5  -1952.08  227.742  2403.87
415  160  2025-06-10 20-56-11  1896  17463.6  -1948.74  227.829  2404.1
416  160  2025-06-10 20-56-11  1897.6  17474.7  -1945.41  227.915  2404.33
417  160  2025-06-10 20-56-11  1899.2  17485.8  -1942.07  228.001  2404.56
418  160  2025-06-10 20-56-11  1900.8  17496.9  -1938.73  228.088  2404.79
419  160  2025-06-10 20-56-11  1902.4  17508.1  -1935.4  228.174  2405.02
420  160  2025-06-10 20-56-11  1904  17519.2  -1932.06  228.26  2405.25
421  160  2025-06-10 20-56-11  1905.6  17530.3  -1928.73  228.347  2405.48
422  160  2025-06-10 20-56-11  1907.2  17541.5  -1925.39  228.433  2405.7
423  160  2025-06-10 20-56-11  1908.8  17552.7  -1922.06  228.519  2405.93
424  160  2025-06-10 20-56-11  1910.4  17563.8  -1918.72  228.606  2406.16
425  160  2025-06-10 20-56-11  1912  17575  -1915.39  228.692  2406.39
426  160  2025-06-10 20-56-11  1913.6  17586.2  -1912.06  228.778  2406.61
427  160  2025-06-10 20-56-11  1915.2  17597.4  -1908.72  228.865  2406.84
428  160  2025-06-10 20-56-11  1916.8  17608.6  -1905.39  228.951  2407.07
429  160  2025-06-10 20-56-11  1918.4  17619.8  -1902.06  229.037  2407.29
430  160  2025-06-10 20-56-11  1920  17631.1  -1898.73  229.124  2407.52
431  160  2025-06-10 20-56-11  1921.6  17642.3  -1895.39  229.21  2407.74
432  160  2025-06-10 20-56-11  1923.2  17653.5  -1892.06  229.296  2407.97
433  160  2025-06-10 20-56-11  1924.8  17664.8  -1888.73  229.383  2408.2
434  160  2025-06-10 20-56-11  1926.4  17676.1  -1885.4  229.469  2408.42
435  160  2025-06-10 20-56-11  1928  17687.3  -1882.07  229.555  2408.65
436  160  2025-06-10 20-56-11  1929.6  17698.6  -1878.74  229.642  2408.87
437  160  2025-06-10 20-56-11  1931.2  17709.9  -1875.41  229.728  2409.09
438  160  2025-06-10 20-56-11  1932.8  17721.2  -1872.08  229.814  2409.32
439  160  2025-06-10 20-56-11  1934.4  17732.5  -1868.75  229.901  2409.54
440  160  2025-06-10 20-56-11  1936  17743.8  -1865.42  229.987  2409.77
441  160  2025-06-10 20-56-11  1937.6  17755.2  -1862.09  230.073  2409.99
442  160  2025-06-10 20-56-11  1939.2  17766.5  -1858.76  230.16  2410.21
443  160  2025-06-10 20-56-11  1940.8  17777.9  -1855.43  230.246  2410.44
444  160  2025-06-10 20-56-11  1942.4  17789.2  -1852.1  230.332  2410.66
445  160  2025-06-10 20-56-11  1944  17800.6  -1848.78  230.419  2410.88
446  160  2025-06-10 20-56-11  1945.6  17812  -1845.45  230.505  2411.1
447  160  2025-06-10 20-56-11  1947.2  17823.3  -1842.12  230.591  2411.33
448  160  2025-06-10 20-56-11  1948.8  17834.7  -1838.8  230.678  2411.55
449  160  2025-06-10 20-56-11  1950.4  17846.1  -1835.47  230.764  2411.77
450  160  2025-06-10 20-56-11  1952  17857.5  -1832.14  230.85  2411.99
451  160  2025-06-10 20-56-11  1953.6  17869  -1828.82  230.937  2412.21
452  160  2025-06-10 20-56-11  1955.2  17880.4  -1825.49  231.023  2412.43
453  160  2025-06-10 20-56-11  1956.8  17891.8  -1822.17  231.109  2412.65
454  160  2025-06-10 20-56-11  1958.4  17903.3  -1818.84  231.196  2412.87
455  160  2025-06-10 20-56-11  1960  17914.7  -1815.52  231.282  2413.09
456  160  2025-06-10 20-56-11  1961.6  17926.2  -1812.2  231.368  2413.32
457  160  2025-06-10 20-56-11  1963.2  17937.7  -1808.87  231.455  2413.54
458  160  2025-06-10 20-56-11  1964.8  17949.1  -1805.55  231.541  2413.75
459  160  2025-06-10 20-56-11  1966.4  17960.6  -1802.23  231.627  2413.97
460  160  2025-06-10 20-56-11  1968  17972.1  -1798.9  231.714  2414.19
461  160  2025-06-10 20-56-11  1969.6  17983.7  -1795.58  231.8  2414.41
462  160  2025-06-10 20-56-11  1971.2  17995.2  -1792.26  231.886  2414.63
463  160  2025-06-10 20-56-11  1972.8  18006.7  -1788.94  231.973  2414.85
464  160  2025-06-10 20-56-11  1974.4  18018.2  -1785.62  232.059  2415.07
465  160  2025-06-10 20-56-11  1976  18029.8  -1782.3  232.145  2415.29
466  160  2025-06-10 20-56-11  1977.6  18041.3  -1778.98  232.232  2415.51
467  160  2025-06-10 20-56-11  1979.2  18052.9  -1775.66  232.318  2415.72
468  160  2025-06-10 20-56-11  1980.8  18064.5  -1772.34  232.404  2415.94
469  160  2025-06-10 20-56-11  1982.4  18076.1  -1769.02  232.491  2416.16
470  160  2025-06-10 20-56-11  1984  18087.7  -1765.7  232.577  2416.38
471  160  2025-06-10 20-56-11  1985.6  18099.3  -1762.38  232.663  2416.59
472  160  2025-06-10 20-56-11  1987.2  18110.9  -1759.06  232.75  2416.81
473  160  2025-06-10 20-56-11  1988.8  18122.5  -1755.75  232.836  2417.03
474  160  2025-06-10 20-56-11  1990.4  18134.1  -1752.43  232.922  2417.24
475  160  2025-06-10 20-56-11  1992  18145.7  -1749.11  233.009  2417.46
476  160  2025-06-10 20-56-11  1993.6  18157.4  -1745.79  233.095  2417.67
477  160  2025-06-10 20-56-11  1995.2  18169  -1742.48  233.181  2417.89
478  160  2025-06-10 20-56-11  1996.8  18180.7  -1739.16  233.268  2418.11
479  160  2025-06-10 20-56-11  1998.4  18192.4  -1735.85  233.354  2418.32
480  160  2025-06-10 20-56-11  2000  18204.1  -1732.53  233.44  2418.54
481  160  2025-06-10 20-56-11  2001.6  18215.8  -1729.22  233.527  2418.75
482  160  2025-06-10 20-56-11  2003.2  18227.5  -1725.9  233.613  2418.97
483  160  2025-06-10 20-56-11  2004.8  18239.2  -1722.59  233.699  2419.18
484  160  2025-06-10 20-56-11  2006.4  18250.9  -1719.28  233.786  2419.39
485  160  2025-06-10 20-56-11  2008  18262.6  -1715.96  233.872  2419.61
486  160  2025-06-10 20-56-11  2009.6  18274.4  -1712.65  233.958  2419.82
487  160  2025-06-10 20-56-11  2011.2  18286.1  -1709.34  234.045  2420.04
488  160  2025-06-10 20-56-11  2012.8  18297.9  -1706.03  234.131  2420.25
489  160  2025-06-10 20-56-11  2014.4  18309.6  -1702.71  234.217  2420.46
490  160  2025-06-10 20-56-11  2016  18321.4  -1699.4  234.304  2420.68
491  160  2025-06-10 20-56-11  2017.6  18333.2  -1696.09  234.39  2420.89
492  160  2025-06-10 20-56-11  2019.2  18345  -1692.78  234.476  2421.1
493  160  2025-06-10 20-56-11  2020.8  18356.8  -1689.47  234.563  2421.31
494  160  2025-06-10 20-56-11  2022.4  18368.6  -1686.16  234.649  2421.53
495  160  2025-06-10 20-56-11  2024  18380.4  -1682.85  234.735  2421.74
496  160  2025-06-10 20-56-11  2025.6  18392.2  -1679.54  234.822  2421.95
497  160  2025-06-10 20-56-11  2027.2  18404.1  -1676.24  234.908  2422.16
498  160  2025-06-10 20-56-11  2028.8  18415.9  -1672.93  234.994  2422.37
499  160  2025-06-10 20-56-11  2030.4  18427.8  -1669.62  235.081  2422.59
500  160  2025-06-10 20-56-11  2032  18439.6  -1666.31  235.167  2422.8
501  160  2025-06-10 20-56-11  2033.6  18451.5  -1663.01  235.253  2423.01
502  160  2025-06-10 20-56-11  2035.2  18463.4  -1659.7  235.34  2423.22
503  160  2025-06-10 20-56-11  2036.8  18475.3  -1656.4  235.426  2423.43
504  160  2025-06-10 20-56-11  2038.4  18487.2  -1653.09  235.512  2423.64
505  160  2025-06-10 20-56-11  2040  18499.1  -1649.79  235.599  2423.85
506  160  2025-06-10 20-56-11  2041.6  18511  -1646.48  235.685  2424.06
507  160  2025-06-10 20-56-11  2043.2  18522.9  -1643.18  235.771  2424.27
508  160  2025-06-10 20-56-11  2044.8  18534.9  -1639.87  235.858  2424.48
509  160  2025-06-10 20-56-11  2046.4  18546.8  -1636.57  235.944  2424.69
510  160  2025-06-10 20-56-11  2048  18558.8  -1633.27  236.03  2424.89
511  160  2025-06-10 20-56-11  2049.6  18570.7  -1629.96  236.117  2425.1
512  160  2025-06-10 20-56-11  2051.2  18582.7  -1626.66  236.203  2425.31
