SN    USVID    CurTime    simTime    CurX    CurY    CurVel      CurYaw   
0  128  2025-06-09 22-10-33  0  8  4.89843e-16  192  2672
1  128  2025-06-09 22-10-33  1.6  128.006  9.80038e-16  192.058  2672
2  128  2025-06-09 22-10-33  3.2  136.017  1.47058e-15  192.115  2672
3  128  2025-06-09 22-10-33  4.8  144.035  1.96148e-15  192.173  2672
4  128  2025-06-09 22-10-33  6.4  152.058  2.45274e-15  192.23  2672
5  128  2025-06-09 22-10-33  8  160.086  2.94434e-15  192.288  2672
6  128  2025-06-09 22-10-33  9.6  168.121  3.4363e-15  192.345  2672
7  128  2025-06-09 22-10-33  11.2  176.161  3.92861e-15  192.403  2672
8  128  2025-06-09 22-10-33  12.8  184.207  4.42127e-15  192.46  2672
9  128  2025-06-09 22-10-33  14.4  192.259  4.91428e-15  192.518  2672
10  128  2025-06-09 22-10-33  128  200.317  5.40765e-15  192.576  2672
11  128  2025-06-09 22-10-33  129.6  208.38  5.90137e-15  192.633  2672
12  128  2025-06-09 22-10-33  131.2  216.449  6.39544e-15  192.691  2672
13  128  2025-06-09 22-10-33  132.8  224.524  6.88987e-15  192.748  2672
14  128  2025-06-09 22-10-33  134.4  232.604  7.38464e-15  192.806  2672
15  128  2025-06-09 22-10-33  136  240.691  7.87977e-15  192.863  2672
16  128  2025-06-09 22-10-33  137.6  248.783  8.37525e-15  192.921  2672
17  128  2025-06-09 22-10-33  139.2  256.881  8.87109e-15  192.978  2672
18  128  2025-06-09 22-10-33  140.8  264.984  9.36727e-15  193.036  2672
19  128  2025-06-09 22-10-33  142.4  1393.09  9.86381e-15  193.094  2672
20  128  2025-06-09 22-10-33  144  1401.21  1.03607e-14  193.151  2672
21  128  2025-06-09 22-10-33  145.6  1409.33  1.08579e-14  193.209  2672
22  128  2025-06-09 22-10-33  147.2  1417.46  1.13555e-14  193.266  2672
23  128  2025-06-09 22-10-33  148.8  1425.59  1.18535e-14  193.324  2672
24  128  2025-06-09 22-10-33  150.4  1433.73  1.23518e-14  193.381  2672
25  128  2025-06-09 22-10-33  152  1441.87  1.28504e-14  193.439  2672
26  128  2025-06-09 22-10-33  153.6  1450.02  1.33494e-14  193.496  2672
27  128  2025-06-09 22-10-33  155.2  1458.18  1.38488e-14  193.554  2672
28  128  2025-06-09 22-10-33  156.8  1466.34  1.43485e-14  193.612  2672
29  128  2025-06-09 22-10-33  158.4  1474.5  1.48486e-14  193.669  2672
30  128  2025-06-09 22-10-33  160  1482.68  1.5349e-14  193.727  2672
31  128  2025-06-09 22-10-33  161.6  1490.85  1.58498e-14  193.784  2672
32  128  2025-06-09 22-10-33  163.2  1499.04  1.63509e-14  193.842  2672
33  128  2025-06-09 22-10-33  164.8  1507.23  1.68524e-14  193.899  2672
34  128  2025-06-09 22-10-33  166.4  1515.42  1.73542e-14  193.957  2672
35  128  2025-06-09 22-10-33  168  1523.63  1.78564e-14  194.014  2672
36  128  2025-06-09 22-10-33  169.6  1531.83  1.83589e-14  194.072  2672
37  128  2025-06-09 22-10-33  171.2  1540.05  1.88618e-14  194.13  2672
38  128  2025-06-09 22-10-33  172.8  1548.26  1.9365e-14  194.187  2672
39  128  2025-06-09 22-10-33  174.4  1556.49  1.98686e-14  194.245  2672
40  128  2025-06-09 22-10-33  176  1564.72  2.03725e-14  194.302  2672
41  128  2025-06-09 22-10-33  177.6  1572.96  2.08768e-14  194.36  2672
42  128  2025-06-09 22-10-33  179.2  1581.2  2.13815e-14  194.417  2672
43  128  2025-06-09 22-10-33  180.8  1589.44  2.18865e-14  194.475  2672
44  128  2025-06-09 22-10-33  182.4  1597.7  2.23918e-14  194.532  2672
45  128  2025-06-09 22-10-33  184  1605.96  2.28975e-14  194.59  2672
46  128  2025-06-09 22-10-33  185.6  1614.22  2.34036e-14  194.648  2672
47  128  2025-06-09 22-10-33  187.2  1622.49  2.391e-14  194.705  2672
48  128  2025-06-09 22-10-33  188.8  1630.77  2.44167e-14  194.763  2672
49  128  2025-06-09 22-10-33  190.4  1639.05  2.49238e-14  194.82  2672
50  128  2025-06-09 22-10-33  192  1647.34  2.54313e-14  194.878  2672
51  128  2025-06-09 22-10-33  193.6  1655.63  2.59391e-14  194.935  2672
52  128  2025-06-09 22-10-33  195.2  1663.93  2.64473e-14  194.993  2672
53  128  2025-06-09 22-10-33  196.8  1672.24  2.69558e-14  195.05  2672
54  128  2025-06-09 22-10-33  198.4  1680.55  2.74647e-14  195.108  2672
55  128  2025-06-09 22-10-33  200  1688.86  2.79739e-14  195.166  2672
56  128  2025-06-09 22-10-33  201.6  1697.19  2.84835e-14  195.223  2672
57  128  2025-06-09 22-10-33  203.2  1705.51  2.89934e-14  195.281  2672
58  128  2025-06-09 22-10-33  204.8  1713.85  2.95037e-14  195.338  2672
59  128  2025-06-09 22-10-33  206.4  1722.19  3.00143e-14  195.396  2672
60  128  2025-06-09 22-10-33  208  1730.53  3.05253e-14  195.453  2672
61  128  2025-06-09 22-10-33  209.6  1738.88  3.10367e-14  195.511  2672
62  128  2025-06-09 22-10-33  211.2  1747.24  3.15484e-14  195.568  2672
63  128  2025-06-09 22-10-33  212.8  1755.6  3.20604e-14  195.626  2672
64  128  2025-06-09 22-10-33  214.4  1763.97  3.25728e-14  195.684  2672
65  128  2025-06-09 22-10-33  216  1772.35  3.30855e-14  195.741  2672
66  128  2025-06-09 22-10-33  217.6  1780.73  3.35986e-14  195.799  2672
67  128  2025-06-09 22-10-33  219.2  1789.11  3.41121e-14  195.856  2672
68  128  2025-06-09 22-10-33  220.8  1797.5  3.46259e-14  195.914  2672
69  128  2025-06-09 22-10-33  222.4  1805.9  3.51401e-14  195.971  2672
70  128  2025-06-09 22-10-33  224  1814.3  3.56546e-14  196.029  2672
71  128  2025-06-09 22-10-33  225.6  1822.71  3.61694e-14  196.086  2672
72  128  2025-06-09 22-10-33  227.2  1831.13  3.66847e-14  196.144  2672
73  128  2025-06-09 22-10-33  228.8  1839.55  3.72002e-14  196.202  2672
74  128  2025-06-09 22-10-33  230.4  1847.97  3.77162e-14  196.259  2672
75  128  2025-06-09 22-10-33  232  1856.4  3.82324e-14  196.317  2672
76  128  2025-06-09 22-10-33  233.6  1864.84  3.87491e-14  196.374  2672
77  128  2025-06-09 22-10-33  235.2  1873.28  3.9266e-14  196.432  2672
78  128  2025-06-09 22-10-33  236.8  1881.73  3.97834e-14  196.489  2672
79  128  2025-06-09 22-10-33  238.4  1890.19  4.0301e-14  196.547  2672
80  128  2025-06-09 22-10-33  240  1898.65  4.08191e-14  196.604  2672
81  128  2025-06-09 22-10-33  241.6  1907.1  4.13366e-14  196.518  2672
82  128  2025-06-09 22-10-33  243.2  1915.56  -0.0745429  196.576  2680.08
83  128  2025-06-09 22-10-33  244.8  1924.02  -0.224464  196.633  2688.24
84  128  2025-06-09 22-10-33  246.4  1932.49  -0.450591  196.691  2696.48
85  128  2025-06-09 22-10-33  248  1940.95  -0.753749  196.748  2704.8
86  128  2025-06-09 22-10-33  249.6  1949.43  -1.13476  196.806  2713.2
87  128  2025-06-09 22-10-33  251.2  1957.9  -1.59443  196.863  2721.68
88  128  2025-06-09 22-10-33  252.8  1966.38  -2.13357  196.921  2730.24
89  128  2025-06-09 22-10-33  254.4  1974.85  -2.75298  196.979  2738.88
90  128  2025-06-09 22-10-33  256  1983.33  -3.45345  197.036  2747.6
91  128  2025-06-09 22-10-33  257.6  1991.8  -4.23577  197.094  2756.4
92  128  2025-06-09 22-10-33  259.2  2000.27  -5.10071  197.151  2765.28
93  128  2025-06-09 22-10-33  260.8  2008.74  -6.04905  197.209  2774.24
94  128  2025-06-09 22-10-33  262.4  2017.2  -7.08154  197.266  2783.28
95  128  2025-06-09 22-10-33  264  2025.66  -8.19893  197.324  2792.4
96  128  2025-06-09 22-10-33  265.6  2034.11  -9.40196  197.382  2801.6
97  128  2025-06-09 22-10-33  267.2  2042.56  -10.6914  197.439  2810.88
98  128  2025-06-09 22-10-33  268.8  2051  -12.0679  197.497  2820.24
99  128  2025-06-09 22-10-33  270.4  2059.43  -13.5322  197.554  2829.68
100  128  2025-06-09 22-10-33  1392  2067.85  -15.085  197.612  14039.2
101  128  2025-06-09 22-10-33  1393.6  2076.25  -128.727  197.669  14048.8
102  128  2025-06-09 22-10-33  1395.2  2084.65  -130.459  197.727  14058.5
103  128  2025-06-09 22-10-33  1396.8  2093.03  -132.281  197.784  14068.2
104  128  2025-06-09 22-10-33  1398.4  2101.4  -134.195  197.842  14078.1
105  128  2025-06-09 22-10-33  1400  2109.75  -136.2  197.9  14088
106  128  2025-06-09 22-10-33  1401.6  2118.09  -138.298  197.957  14098
107  128  2025-06-09 22-10-33  1403.2  2126.41  -140.488  198.015  14108.1
108  128  2025-06-09 22-10-33  1404.8  2134.71  -142.773  198.072  14118.2
109  128  2025-06-09 22-10-33  1406.4  2142.98  -145.151  198.13  14128.5
110  128  2025-06-09 22-10-33  1408  2151.24  -147.624  198.187  14138.8
111  128  2025-06-09 22-10-33  1409.6  2159.47  -150.192  198.245  14149.2
112  128  2025-06-09 22-10-33  1411.2  2167.68  -152.856  198.302  14159.7
113  128  2025-06-09 22-10-33  1412.8  2175.88  -155.54  198.216  14162.2
114  128  2025-06-09 22-10-33  1414.4  2184.07  -158.247  198.274  14164.6
115  128  2025-06-09 22-10-33  1416  2192.26  -160.979  198.331  14167.1
116  128  2025-06-09 22-10-33  1417.6  2200.44  -163.734  198.389  14169.6
117  128  2025-06-09 22-10-33  1419.2  2208.63  -166.514  198.446  14172.1
118  128  2025-06-09 22-10-33  1420.8  2216.81  -169.317  198.504  14174.6
119  128  2025-06-09 22-10-33  1422.4  2224.99  -172.145  198.561  14177
120  128  2025-06-09 22-10-33  1424  2233.17  -174.996  198.619  14179.5
121  128  2025-06-09 22-10-33  1425.6  2241.35  -177.872  198.677  14182
122  128  2025-06-09 22-10-33  1427.2  2249.53  -180.771  198.734  14184.5
123  128  2025-06-09 22-10-33  1428.8  2257.7  -183.695  198.792  14187
124  128  2025-06-09 22-10-33  1430.4  2265.87  -186.642  198.849  14189.4
125  128  2025-06-09 22-10-33  1432  2274.03  -189.614  198.907  14191.9
126  128  2025-06-09 22-10-33  1433.6  2282.2  -192.61  198.964  14194.4
127  128  2025-06-09 22-10-33  1435.2  2290.36  -195.629  199.022  14196.9
128  128  2025-06-09 22-10-33  1436.8  2298.52  -198.673  199.079  14199.4
129  128  2025-06-09 22-10-33  1438.4  2306.67  -201.741  199.137  14201.8
130  128  2025-06-09 22-10-33  1440  2314.83  -204.833  199.195  14204.3
131  128  2025-06-09 22-10-33  1441.6  2322.98  -207.95  199.252  14206.8
132  128  2025-06-09 22-10-33  1443.2  2331.12  -211.09  199.31  14209.3
133  128  2025-06-09 22-10-33  1444.8  2339.27  -214.254  199.367  14211.8
134  128  2025-06-09 22-10-33  1446.4  2347.37  -217.529  199.425  14223.9
135  128  2025-06-09 22-10-33  1448  2355.44  -220.913  199.482  14236.2
136  128  2025-06-09 22-10-33  1449.6  2363.46  -224.409  199.54  14248.6
137  128  2025-06-09 22-10-33  1451.2  2371.45  -228.016  199.597  14261
138  128  2025-06-09 22-10-33  1452.8  2379.39  -231.734  199.655  14273.6
139  128  2025-06-09 22-10-33  1454.4  2387.28  -235.564  199.713  14286.3
140  128  2025-06-09 22-10-33  1456  2395.12  -239.506  199.77  14299
141  128  2025-06-09 22-10-33  1457.6  2402.91  -243.56  199.828  14311.8
142  128  2025-06-09 22-10-33  1459.2  2410.65  -247.725  199.885  14324.6
143  128  2025-06-09 22-10-33  1460.8  2418.33  -252  199.943  14337.4
144  128  2025-06-09 22-10-33  1462.4  2425.96  -256.386  200  14350.2
145  128  2025-06-09 22-10-33  1464  2433.54  -260.88  200.058  14363
146  128  2025-06-09 22-10-33  1465.6  2441.05  -265.482  200.115  14375.8
147  128  2025-06-09 22-10-33  1467.2  2448.5  -270.192  200.173  14388.6
148  128  2025-06-09 22-10-33  1468.8  2455.99  -1394.87  200.231  14383.7
149  128  2025-06-09 22-10-33  1470.4  2463.41  -1399.65  200.288  14396.5
150  128  2025-06-09 22-10-33  1472  2470.86  -1404.39  200.346  14391.6
151  128  2025-06-09 22-10-33  1473.6  2478.35  -1409.1  200.403  14386.7
152  128  2025-06-09 22-10-33  1475.2  2485.86  -1413.76  200.461  14381.6
153  128  2025-06-09 22-10-33  1476.8  2493.31  -1418.54  200.518  14394.3
154  128  2025-06-09 22-10-33  1478.4  2500.8  -1423.28  200.576  14389.3
155  128  2025-06-09 22-10-33  1480  2508.31  -1427.98  200.633  14384.2
156  128  2025-06-09 22-10-33  1481.6  2515.86  -1432.63  200.691  14379
157  128  2025-06-09 22-10-33  1483.2  2523.35  -1437.4  200.749  14391.5
158  128  2025-06-09 22-10-33  1484.8  2530.87  -1442.12  200.806  14386.3
159  128  2025-06-09 22-10-33  1486.4  2538.42  -1446.81  200.864  14381.1
160  128  2025-06-09 22-10-33  1488  2546  -1451.45  200.921  14375.8
161  128  2025-06-09 22-10-33  1489.6  2553.53  -1456.2  200.979  14388.1
162  128  2025-06-09 22-10-33  1491.2  2561.08  -1460.91  201.036  14382.8
163  128  2025-06-09 22-10-33  1492.8  2568.67  -1465.58  201.094  14377.4
164  128  2025-06-09 22-10-33  1494.4  2576.2  -1470.35  201.151  14389.7
165  128  2025-06-09 22-10-33  1496  2583.77  -1475.08  201.209  14384.4
166  128  2025-06-09 22-10-33  1497.6  2591.36  -1479.77  201.267  14378.9
167  128  2025-06-09 22-10-33  1499.2  2598.9  -1484.56  201.324  14391.1
168  128  2025-06-09 22-10-33  1500.8  2606.47  -1489.31  201.382  14385.7
169  128  2025-06-09 22-10-33  1502.4  2614.08  -1494.02  201.439  14380.2
170  128  2025-06-09 22-10-33  1504  2621.71  -1498.68  201.497  14374.6
171  128  2025-06-09 22-10-33  1505.6  2629.3  -1503.45  201.554  14386.7
172  128  2025-06-09 22-10-33  1507.2  2636.91  -1508.17  201.612  14381.1
173  128  2025-06-09 22-10-33  1508.8  2644.56  -1512.85  201.669  14375.4
174  128  2025-06-09 22-10-33  1510.4  2652.15  -1517.64  201.727  14387.5
175  128  2025-06-09 22-10-33  1512  2659.78  -1522.38  201.785  14381.8
176  128  2025-06-09 22-10-33  1513.6  2667.44  -1527.07  201.842  14376.1
177  128  2025-06-09 22-10-33  1515.2  2675.04  -1531.87  201.9  14388
178  128  2025-06-09 22-10-33  1516.8  2682.68  -1536.62  201.957  14382.3
179  128  2025-06-09 22-10-33  1518.4  2690.35  -1541.33  202.015  14376.5
180  128  2025-06-09 22-10-33  1520  2698.05  -1545.99  202.072  14370.7
181  128  2025-06-09 22-10-33  1521.6  2705.71  -1550.76  202.13  14382.5
182  128  2025-06-09 22-10-33  1523.2  2713.39  -1555.47  202.187  14376.6
183  128  2025-06-09 22-10-33  1524.8  2721.11  -1560.14  202.245  14370.7
184  128  2025-06-09 22-10-33  1526.4  2728.78  -1564.92  202.303  14382.5
185  128  2025-06-09 22-10-33  1528  2736.48  -1569.64  202.36  14376.5
186  128  2025-06-09 22-10-33  1529.6  2744.22  -1574.32  202.418  14370.5
187  128  2025-06-09 22-10-33  1531.2  2751.9  -1579.1  202.475  14382.2
188  128  2025-06-09 22-10-33  1532.8  2759.62  -1583.83  202.533  14376.3
189  128  2025-06-09 22-10-33  1534.4  2767.37  -1588.52  202.59  14370.2
190  128  2025-06-09 22-10-33  1536  2775.07  -1593.3  202.648  14381.8
191  128  2025-06-09 22-10-33  1537.6  2782.81  -1598.04  202.705  14375.8
192  128  2025-06-09 22-10-33  1539.2  2790.58  -1602.73  202.763  14369.6
193  128  2025-06-09 22-10-33  1540.8  2798.3  -1607.52  202.821  14381.2
194  128  2025-06-09 22-10-33  1542.4  2806.05  -1612.26  202.878  14375.1
195  128  2025-06-09 22-10-33  1544  2813.84  -1616.95  202.936  14368.9
196  128  2025-06-09 22-10-33  1545.6  2821.57  -1621.74  202.993  14380.4
197  128  2025-06-09 22-10-33  1547.2  2829.35  -1626.48  203.051  14374.2
198  128  2025-06-09 22-10-33  1548.8  14037.2  -1631.18  203.108  14368
199  128  2025-06-09 22-10-33  1550.4  14045  -1635.82  203.166  14361.6
200  128  2025-06-09 22-10-33  1552  14052.9  -1640.4  203.08  14355.2
201  128  2025-06-09 22-10-33  1553.6  14060.7  -1645.01  203.137  14358.4
202  128  2025-06-09 22-10-33  1555.2  14068.6  -1649.65  203.195  14361.6
203  128  2025-06-09 22-10-33  1556.8  14076.4  -1654.33  203.252  14364.9
204  128  2025-06-09 22-10-33  1558.4  14084.2  -1659.03  203.31  14368.1
205  128  2025-06-09 22-10-33  1560  14092.1  -1663.77  203.367  14371.4
206  128  2025-06-09 22-10-33  1561.6  14099.9  -1668.53  203.425  14374.7
207  128  2025-06-09 22-10-33  1563.2  14107.7  -1673.33  203.482  14378
208  128  2025-06-09 22-10-33  1564.8  14115.4  -1678.16  203.54  14381.3
209  128  2025-06-09 22-10-33  1566.4  14123.2  -1683.02  203.598  14384.6
210  128  2025-06-09 22-10-33  1568  14130.9  -1687.91  203.655  14388
211  128  2025-06-09 22-10-33  1569.6  14138.7  -1692.76  203.713  14383.2
212  128  2025-06-09 22-10-33  1571.2  14146.5  -1697.58  203.77  14378.4
213  128  2025-06-09 22-10-33  1572.8  14154.4  -1702.35  203.828  14373.6
214  128  2025-06-09 22-10-33  1574.4  14162.3  -1707.09  203.885  14368.7
215  128  2025-06-09 22-10-33  1576  14170.2  -1711.79  203.943  14363.7
216  128  2025-06-09 22-10-33  1577.6  14178.1  -1716.45  204  14358.7
217  128  2025-06-09 22-10-33  1579.2  14186.1  -1721.06  204.058  14353.6
218  128  2025-06-09 22-10-33  1580.8  14194.1  -1725.64  204.116  14348.4
219  128  2025-06-09 22-10-33  1582.4  14202.1  -1730.17  204.173  14343.2
220  128  2025-06-09 22-10-33  1584  14210.1  -1734.66  204.231  14337.9
221  128  2025-06-09 22-10-33  1585.6  14218.2  -1739.1  204.288  14332.5
222  128  2025-06-09 22-10-33  1587.2  14226.3  -1743.5  204.346  14327.1
223  128  2025-06-09 22-10-33  1588.8  14234.5  -1747.85  204.403  14321.6
224  128  2025-06-09 22-10-33  1590.4  14242.7  -1752.16  204.461  14316
225  128  2025-06-09 22-10-33  1592  14250.9  -1756.42  204.518  14310.4
226  128  2025-06-09 22-10-33  1593.6  14259.1  -1760.63  204.576  14304.8
227  128  2025-06-09 22-10-33  1595.2  14267.4  -1764.87  204.49  14308.7
228  128  2025-06-09 22-10-33  1596.8  14275.6  -1769.14  204.403  14312.7
229  128  2025-06-09 22-10-33  1598.4  14283.7  -1773.44  204.317  14316.7
230  128  2025-06-09 22-10-33  1600  14291.9  -1777.78  204.231  14320.8
231  128  2025-06-09 22-10-33  1601.6  14300  -1782.15  204.144  14324.8
232  128  2025-06-09 22-10-33  1603.2  14308.1  -1786.55  204.058  14328.9
233  128  2025-06-09 22-10-33  1604.8  14316.1  -1790.99  204.116  14333.1
234  128  2025-06-09 22-10-33  1606.4  14324.2  -1795.47  204.173  14337.3
235  128  2025-06-09 22-10-33  1608  14332.3  -1799.92  204.231  14333.4
236  128  2025-06-09 22-10-33  1609.6  14340.4  -1804.34  204.288  14329.5
237  128  2025-06-09 22-10-33  1611.2  14348.4  -1808.85  204.346  14340
238  128  2025-06-09 22-10-33  1612.8  14356.4  -1813.46  204.403  14350.7
239  128  2025-06-09 22-10-33  1614.4  14364.4  -1818.16  204.461  14361.5
240  128  2025-06-09 22-10-33  1616  14372.3  -1822.97  204.518  14372.4
241  128  2025-06-09 22-10-33  1617.6  14380.2  -1827.71  204.576  14365.5
242  128  2025-06-09 22-10-33  1619.2  14388.2  -1832.4  204.634  14358.6
243  128  2025-06-09 22-10-33  1620.8  14396.2  -1837.19  204.691  14369.4
244  128  2025-06-09 22-10-33  1622.4  14404.2  -1841.92  204.749  14362.6
245  128  2025-06-09 22-10-33  1624  14412.2  -1846.59  204.806  14355.6
246  128  2025-06-09 22-10-33  1625.6  14420.1  -1851.36  204.864  14366.3
247  128  2025-06-09 22-10-33  1627.2  14428.1  -1856.07  204.921  14359.4
248  128  2025-06-09 22-10-33  1628.8  14436.1  -1860.88  204.979  14370.1
249  128  2025-06-09 22-10-33  1630.4  14444.1  -1865.63  205.036  14363.2
250  128  2025-06-09 22-10-33  1632  14452.1  -1870.32  205.094  14356.2
251  128  2025-06-09 22-10-33  1633.6  14460.1  -1875.11  205.152  14366.9
252  128  2025-06-09 22-10-33  1635.2  14468.2  -1879.84  205.209  14359.9
253  128  2025-06-09 22-10-33  1636.8  14476.2  -1884.51  205.267  14352.8
254  128  2025-06-09 22-10-33  1638.4  14484.3  -1889.27  205.324  14363.5
255  128  2025-06-09 22-10-33  1640  14492.3  -1893.98  205.382  14356.4
256  128  2025-06-09 22-10-33  1641.6  14500.3  -1898.79  205.439  14367
257  128  2025-06-09 22-10-33  1643.2  14508.4  -1903.53  205.497  14360
258  128  2025-06-09 22-10-33  1644.8  14516.5  -1908.22  205.554  14352.9
259  128  2025-06-09 22-10-33  1646.4  14524.5  -1913  205.612  14363.5
260  128  2025-06-09 22-10-33  1648  14532.6  -1917.72  205.67  14356.4
261  128  2025-06-09 22-10-33  1649.6  14540.8  -1922.38  205.727  14349.2
262  128  2025-06-09 22-10-33  1651.2  14548.8  -1927.14  205.785  14359.7
263  128  2025-06-09 22-10-33  1652.8  14557  -1931.83  205.842  14352.5
264  128  2025-06-09 22-10-33  1654.4  14565  -1936.63  205.9  14363
265  128  2025-06-09 22-10-33  1656  14573.2  -1941.36  205.957  14355.9
266  128  2025-06-09 22-10-33  1657.6  14581.3  -1946.03  206.015  14348.7
267  128  2025-06-09 22-10-33  1659.2  14589.4  -1950.8  206.072  14359.1
268  128  2025-06-09 22-10-33  1660.8  14597.6  -1955.5  206.13  14351.9
269  128  2025-06-09 22-10-33  1662.4  14605.7  -1960.3  206.188  14362.4
270  128  2025-06-09 22-10-33  1664  14613.8  -1965.05  206.245  14355.2
271  128  2025-06-09 22-10-33  1665.6  14622  -1969.72  206.303  14347.9
272  128  2025-06-09 22-10-33  1667.2  14630.2  -1974.5  206.36  14358.3
273  128  2025-06-09 22-10-33  1668.8  14638.3  -1979.21  206.418  14351.1
274  128  2025-06-09 22-10-33  1670.4  14646.5  -1984.02  206.475  14361.5
275  128  2025-06-09 22-10-33  1672  14654.7  -1988.77  206.533  14354.2
276  128  2025-06-09 22-10-33  1673.6  14662.9  -1993.45  206.59  14346.9
277  128  2025-06-09 22-10-33  1675.2  14671  -1998.23  206.648  14357.3
278  128  2025-06-09 22-10-33  1676.8  14679.3  -2002.95  206.706  14350
279  128  2025-06-09 22-10-33  1678.4  14687.4  -2007.76  206.763  14360.4
280  128  2025-06-09 22-10-33  1680  14695.6  -2012.51  206.821  14353.1
281  128  2025-06-09 22-10-33  1681.6  14703.9  -2017.2  206.878  14345.7
282  128  2025-06-09 22-10-33  1683.2  14712.1  -2021.98  206.936  14356
283  128  2025-06-09 22-10-33  1684.8  14720.3  -2026.7  206.993  14348.6
284  128  2025-06-09 22-10-33  1686.4  14728.5  -2031.51  207.051  14359
285  128  2025-06-09 22-10-33  1688  14736.7  -2036.27  207.108  14351.6
286  128  2025-06-09 22-10-33  1689.6  14745  -2040.95  207.166  14344.2
287  128  2025-06-09 22-10-33  1691.2  14753.3  -2045.74  207.224  14354.5
288  128  2025-06-09 22-10-33  1692.8  14761.5  -2050.46  207.281  14347.1
289  128  2025-06-09 22-10-33  1694.4  14769.8  -2055.27  207.339  14357.4
290  128  2025-06-09 22-10-33  1696  14778  -2060.02  207.396  14350
291  128  2025-06-09 22-10-33  1697.6  14786.4  -2064.71  207.454  14342.5
292  128  2025-06-09 22-10-33  1699.2  14794.6  -2069.49  207.511  14352.7
293  128  2025-06-09 22-10-33  1700.8  14802.9  -2074.21  207.569  14345.3
294  128  2025-06-09 22-10-33  1702.4  14811.2  -2079.02  207.626  14355.5
295  128  2025-06-09 22-10-33  1704  14819.5  -2083.77  207.684  14348.1
296  128  2025-06-09 22-10-33  1705.6  14827.9  -2088.45  207.742  14340.5
297  128  2025-06-09 22-10-33  1707.2  14836.2  -2093.23  207.799  14350.7
298  128  2025-06-09 22-10-33  1708.8  14844.5  -2097.95  207.857  14343.2
299  128  2025-06-09 22-10-33  1710.4  14852.8  -2102.75  207.914  14353.4
300  128  2025-06-09 22-10-33  1712  14861.1  -2107.5  207.972  14345.9
301  128  2025-06-09 22-10-33  1713.6  14869.4  -2112.34  208.029  14356.1
302  128  2025-06-09 22-10-33  1715.2  14877.8  -2117.11  208.087  14348.7
303  128  2025-06-09 22-10-33  1716.8  14886.2  -2121.82  208.145  14341.1
304  128  2025-06-09 22-10-33  1718.4  14894.5  -2126.62  208.202  14351.2
305  128  2025-06-09 22-10-33  1720  14902.9  -2131.36  208.26  14343.7
306  128  2025-06-09 22-10-33  1721.6  14911.2  -2136.19  208.317  14353.9
307  128  2025-06-09 22-10-33  1723.2  14919.6  -2140.96  208.375  14346.4
308  128  2025-06-09 22-10-33  1724.8  14928  -2145.66  208.432  14338.8
309  128  2025-06-09 22-10-33  1726.4  14936.4  -2150.46  208.49  14348.8
310  128  2025-06-09 22-10-33  1728  14944.8  -2155.18  208.547  14341.3
311  128  2025-06-09 22-10-33  1729.6  14953.2  -2160.01  208.605  14351.4
312  128  2025-06-09 22-10-33  1731.2  14961.6  -2164.77  208.663  14343.8
313  128  2025-06-09 22-10-33  1732.8  14970  -2169.46  208.72  14336.2
314  128  2025-06-09 22-10-33  1734.4  14978.5  -2174.24  208.778  14346.2
315  128  2025-06-09 22-10-33  1736  14986.9  -2178.96  208.835  14338.6
316  128  2025-06-09 22-10-33  1737.6  14995.3  -2183.78  208.893  14348.6
317  128  2025-06-09 22-10-33  1739.2  15003.8  -2188.52  208.95  14341
318  128  2025-06-09 22-10-33  1740.8  15012.2  -2193.36  209.008  14351.1
319  128  2025-06-09 22-10-33  1742.4  15020.6  -2198.14  209.065  14343.5
320  128  2025-06-09 22-10-33  1744  15029.1  -2202.85  209.123  14335.8
321  128  2025-06-09 22-10-33  1745.6  15037.6  -2207.65  209.181  14345.8
322  128  2025-06-09 22-10-33  1747.2  15046.1  -2212.38  209.238  14338.2
323  128  2025-06-09 22-10-33  1748.8  15054.5  -2217.21  209.296  14348.2
324  128  2025-06-09 22-10-33  1750.4  15063  -2221.98  209.353  14340.6
325  128  2025-06-09 22-10-33  1752  15071.4  -2226.83  209.411  14350.6
326  128  2025-06-09 22-10-33  1753.6  15079.9  -2231.62  209.468  14343
327  128  2025-06-09 22-10-33  1755.2  15088.5  -2236.34  209.526  14335.3
328  128  2025-06-09 22-10-33  1756.8  15097  -2241.16  209.583  14345.2
329  128  2025-06-09 22-10-33  1758.4  15105.5  -2245.91  209.641  14337.6
330  128  2025-06-09 22-10-33  1760  15114  -2250.75  209.699  14347.6
331  128  2025-06-09 22-10-33  1761.6  15122.5  -2255.53  209.756  14339.9
332  128  2025-06-09 22-10-33  1763.2  15131.1  -2260.23  209.814  14332.1
333  128  2025-06-09 22-10-33  1764.8  15139.6  -2265.04  209.871  14342
334  128  2025-06-09 22-10-33  1766.4  15148.2  -2269.77  209.929  14334.3
335  128  2025-06-09 22-10-33  1768  15156.7  -2274.6  209.986  14344.3
336  128  2025-06-09 22-10-33  1769.6  15165.3  -2279.35  210.044  14336.5
337  128  2025-06-09 22-10-33  1771.2  15173.8  -2284.21  210.101  14346.5
338  128  2025-06-09 22-10-33  1772.8  15182.4  -2288.99  210.159  14338.8
339  128  2025-06-09 22-10-33  1774.4  15191  -2293.71  210.217  14331
340  128  2025-06-09 22-10-33  1776  15199.6  -2298.52  210.274  14340.9
341  128  2025-06-09 22-10-33  1777.6  15208.2  -2303.26  210.332  14333.1
342  128  2025-06-09 22-10-33  1779.2  15216.7  -2308.09  210.389  14343
343  128  2025-06-09 22-10-33  1780.8  15225.4  -2312.86  210.447  14335.3
344  128  2025-06-09 22-10-33  1782.4  15233.9  -2317.72  210.504  14345.2
345  128  2025-06-09 22-10-33  1784  15242.5  -2322.51  210.562  14337.5
346  128  2025-06-09 22-10-33  1785.6  15251.2  -2327.23  210.619  14329.6
347  128  2025-06-09 22-10-33  1787.2  15259.8  -2332.05  210.677  14339.5
348  128  2025-06-09 22-10-33  1788.8  15268.5  -2336.8  210.735  14331.7
349  128  2025-06-09 22-10-33  1790.4  15277.1  -2341.64  210.792  14341.6
350  128  2025-06-09 22-10-33  1792  15285.7  -2346.41  210.85  14333.8
351  128  2025-06-09 22-10-33  1793.6  15294.3  -2351.28  210.907  14343.7
352  128  2025-06-09 22-10-33  1795.2  15303  -2356.08  210.965  14335.9
353  128  2025-06-09 22-10-33  1796.8  15311.7  -2360.8  211.022  14328.1
354  128  2025-06-09 22-10-33  1798.4  15320.4  -2365.62  211.08  14337.9
355  128  2025-06-09 22-10-33  1800  15329.1  -2370.37  211.137  14330.1
356  128  2025-06-09 22-10-33  1801.6  15337.7  -2375.22  211.195  14339.9
357  128  2025-06-09 22-10-33  1803.2  15346.4  -2380  211.253  14332.1
358  128  2025-06-09 22-10-33  1804.8  15355.1  -2384.87  211.31  14342
359  128  2025-06-09 22-10-33  1806.4  15363.8  -2389.67  211.368  14334.2
360  128  2025-06-09 22-10-33  1808  15372.5  -2394.39  211.425  14326.3
361  128  2025-06-09 22-10-33  1809.6  15381.2  -2399.22  211.483  14336.1
362  128  2025-06-09 22-10-33  1811.2  15390  -2403.97  211.54  14328.2
363  128  2025-06-09 22-10-33  1812.8  15398.7  -2408.82  211.598  14338
364  128  2025-06-09 22-10-33  1814.4  15407.4  -2413.59  211.655  14330.2
365  128  2025-06-09 22-10-33  1816  15416.1  -2418.47  211.713  14340
366  128  2025-06-09 22-10-33  1817.6  15424.9  -2423.27  211.771  14332.2
367  128  2025-06-09 22-10-33  1819.2  15433.6  -2428  211.828  14324.3
368  128  2025-06-09 22-10-33  1820.8  15442.4  -2432.82  211.886  14334
369  128  2025-06-09 22-10-33  1822.4  15451.2  -2437.57  211.943  14326.1
370  128  2025-06-09 22-10-33  1824  15459.9  -2442.42  212.001  14335.9
371  128  2025-06-09 22-10-33  1825.6  15468.7  -2447.19  212.058  14328
372  128  2025-06-09 22-10-33  1827.2  15477.5  -2452.06  212.116  14337.9
373  128  2025-06-09 22-10-33  1828.8  15486.3  -2456.86  212.173  14330
374  128  2025-06-09 22-10-33  1830.4  15495.1  -2461.59  212.231  14322
375  128  2025-06-09 22-10-33  1832  15503.9  -2466.41  212.289  14331.8
376  128  2025-06-09 22-10-33  1833.6  15512.7  -2471.16  212.346  14323.8
377  128  2025-06-09 22-10-33  1835.2  15521.5  -2476  212.404  14333.6
378  128  2025-06-09 22-10-33  1836.8  15530.4  -2480.77  212.461  14325.7
379  128  2025-06-09 22-10-33  1838.4  15539.2  -2485.64  212.519  14335.5
380  128  2025-06-09 22-10-33  1840  15548  -2490.44  212.576  14327.6
381  128  2025-06-09 22-10-33  1841.6  15556.8  -2495.33  212.634  14337.3
382  128  2025-06-09 22-10-33  1843.2  15565.6  -2500.15  212.691  14329.5
383  128  2025-06-09 22-10-33  1844.8  15574.5  -2504.89  212.749  14321.5
384  128  2025-06-09 22-10-33  1846.4  15583.4  -2509.73  212.807  14331.2
385  128  2025-06-09 22-10-33  1848  15592.3  -2514.5  212.864  14323.3
386  128  2025-06-09 22-10-33  1849.6  15601.1  -2519.36  212.922  14333
387  128  2025-06-09 22-10-33  1851.2  15610  -2524.15  212.979  14325.1
388  128  2025-06-09 22-10-33  1852.8  15618.8  -2529.04  213.037  14334.8
389  128  2025-06-09 22-10-33  1854.4  15627.7  -2533.85  213.094  14326.9
390  128  2025-06-09 22-10-33  1856  15636.7  -2538.59  213.152  14318.9
391  128  2025-06-09 22-10-33  1857.6  15645.6  -2543.43  213.209  14328.6
392  128  2025-06-09 22-10-33  1859.2  15654.5  -2548.19  213.267  14320.6
393  128  2025-06-09 22-10-33  1860.8  15663.4  -2553.05  213.325  14330.3
394  128  2025-06-09 22-10-33  1862.4  15672.3  -2557.83  213.382  14322.4
395  128  2025-06-09 22-10-33  1864  15681.2  -2562.71  213.44  14332.1
396  128  2025-06-09 22-10-33  1865.6  15690.2  -2567.51  213.497  14324.1
397  128  2025-06-09 22-10-33  1867.2  15699.1  -2572.42  213.555  14333.9
398  128  2025-06-09 22-10-33  1868.8  15708  -2577.24  213.612  14326
399  128  2025-06-09 22-10-33  1870.4  15717  -2582  213.67  14317.9
400  128  2025-06-09 22-10-33  1872  15725.9  -2586.85  213.727  14327.6
401  128  2025-06-09 22-10-33  1873.6  15734.9  -2591.62  213.785  14319.6
402  128  2025-06-09 22-10-33  1875.2  15743.9  -2596.5  213.843  14329.3
403  128  2025-06-09 22-10-33  1876.8  15752.8  -2601.29  213.9  14321.3
404  128  2025-06-09 22-10-33  1878.4  15761.8  -2606.19  213.958  14331
405  128  2025-06-09 22-10-33  1880  15770.8  -2611.01  214.015  14323.1
406  128  2025-06-09 22-10-33  1881.6  15779.8  -2615.75  214.073  14315
407  128  2025-06-09 22-10-33  1883.2  15788.8  -2620.59  214.13  14324.7
408  128  2025-06-09 22-10-33  1884.8  15797.9  -2625.35  214.188  14316.6
409  128  2025-06-09 22-10-33  1886.4  15806.8  -2630.22  214.245  14326.3
410  128  2025-06-09 22-10-33  1888  15815.9  -2635  214.303  14318.3
411  128  2025-06-09 22-10-33  1889.6  15824.9  -2639.89  214.361  14328
412  128  2025-06-09 22-10-33  1891.2  15833.9  -2644.69  214.418  14320
413  128  2025-06-09 22-10-33  1892.8  15842.9  -2649.6  214.476  14329.7
414  128  2025-06-09 22-10-33  1894.4  15852  -2654.43  214.533  14321.7
415  128  2025-06-09 22-10-33  1896  15861.1  -2659.18  214.591  14313.6
416  128  2025-06-09 22-10-33  1897.6  15870.1  -2664.03  214.648  14323.2
417  128  2025-06-09 22-10-33  1899.2  15879.2  -2668.81  214.706  14315.2
418  128  2025-06-09 22-10-33  1900.8  15888.2  -2673.68  214.763  14324.8
419  128  2025-06-09 22-10-33  1902.4  15897.3  -2678.48  214.821  14316.8
420  128  2025-06-09 22-10-33  1904  15906.4  -2683.37  214.879  14326.5
421  128  2025-06-09 22-10-33  1905.6  15915.5  -2688.19  214.936  14318.5
422  128  2025-06-09 22-10-33  1907.2  15924.5  -2693.1  214.994  14328.1
423  128  2025-06-09 22-10-33  1908.8  15933.6  -2697.94  215.051  14320.1
424  128  2025-06-09 22-10-33  1910.4  15942.8  -2702.71  215.109  14312.1
425  128  2025-06-09 22-10-33  1912  15951.9  -2707.57  215.166  14321.7
426  128  2025-06-09 22-10-33  1913.6  15961  -2712.35  215.224  14313.6
427  128  2025-06-09 22-10-33  1915.2  15970.1  -2717.23  215.281  14323.2
428  128  2025-06-09 22-10-33  1916.8  15979.3  -2722.03  215.339  14315.2
429  128  2025-06-09 22-10-33  1918.4  15988.4  -2726.93  215.397  14324.8
430  128  2025-06-09 22-10-33  1920  15997.5  -2731.76  215.454  14316.8
431  128  2025-06-09 22-10-33  1921.6  16006.7  -2736.51  215.512  14308.7
432  128  2025-06-09 22-10-33  1923.2  16015.9  -2741.35  215.569  14318.3
433  128  2025-06-09 22-10-33  1924.8  16025.1  -2746.12  215.627  14310.2
434  128  2025-06-09 22-10-33  1926.4  16034.2  -2750.98  215.684  14319.8
435  128  2025-06-09 22-10-33  1928  16043.5  -2755.77  215.742  14311.7
436  128  2025-06-09 22-10-33  1929.6  16052.6  -2760.66  215.799  14321.3
437  128  2025-06-09 22-10-33  1931.2  16061.8  -2765.47  215.857  14313.3
438  128  2025-06-09 22-10-33  1932.8  16071  -2770.37  215.915  14322.9
439  128  2025-06-09 22-10-33  1934.4  16080.2  -2775.2  215.972  14314.8
440  128  2025-06-09 22-10-33  1936  16089.4  -2779.95  216.03  14306.7
441  128  2025-06-09 22-10-33  1937.6  16098.6  -2784.8  216.087  14316.3
442  128  2025-06-09 22-10-33  1939.2  16107.9  -2789.57  216.145  14308.2
443  128  2025-06-09 22-10-33  1940.8  16117.1  -2794.44  216.202  14317.8
444  128  2025-06-09 22-10-33  1942.4  16126.4  -2799.23  216.26  14309.7
445  128  2025-06-09 22-10-33  1944  16135.6  -2804.12  216.317  14319.3
446  128  2025-06-09 22-10-33  1945.6  16144.9  -2808.93  216.375  14311.2
447  128  2025-06-09 22-10-33  1947.2  16154.1  -2813.85  216.433  14320.8
448  128  2025-06-09 22-10-33  1948.8  16163.3  -2818.68  216.49  14312.7
449  128  2025-06-09 22-10-33  1950.4  16172.6  -2823.43  216.548  14304.6
450  128  2025-06-09 22-10-33  1952  16181.9  -2828.28  216.605  14314.1
451  128  2025-06-09 22-10-33  1953.6  16191.2  -14033.1  216.663  14306
452  128  2025-06-09 22-10-33  1955.2  16200.5  -14037.9  216.72  14315.6
453  128  2025-06-09 22-10-33  1956.8  16209.8  -14042.7  216.778  14307.5
454  128  2025-06-09 22-10-33  1958.4  16219.1  -14047.6  216.835  14317.1
455  128  2025-06-09 22-10-33  1960  16228.4  -14052.4  216.893  14309
456  128  2025-06-09 22-10-33  1961.6  16237.7  -14057.3  216.951  14318.6
457  128  2025-06-09 22-10-33  1963.2  16247  -14062.2  217.008  14310.5
458  128  2025-06-09 22-10-33  1964.8  16256.4  -14066.9  217.066  14302.3
459  128  2025-06-09 22-10-33  1966.4  16265.7  -14071.8  217.123  14311.9
460  128  2025-06-09 22-10-33  1968  16275.1  -14076.5  217.181  14303.7
461  128  2025-06-09 22-10-33  1969.6  16284.4  -14081.4  217.238  14313.3
462  128  2025-06-09 22-10-33  1971.2  16293.8  -14086.2  217.296  14305.1
463  128  2025-06-09 22-10-33  1972.8  16303.1  -14091.1  217.353  14314.7
464  128  2025-06-09 22-10-33  1974.4  16312.5  -14095.9  217.411  14306.6
465  128  2025-06-09 22-10-33  1976  16321.8  -14100.8  217.469  14316.2
466  128  2025-06-09 22-10-33  1977.6  16331.2  -14105.7  217.526  14308.1
467  128  2025-06-09 22-10-33  1979.2  16340.5  -14110.6  217.584  14317.7
468  128  2025-06-09 22-10-33  1980.8  16349.9  -14115.4  217.641  14309.6
469  128  2025-06-09 22-10-33  1982.4  16359.4  -14120.2  217.699  14301.4
470  128  2025-06-09 22-10-33  1984  16368.7  -14125.1  217.756  14311
471  128  2025-06-09 22-10-33  1985.6  16378.2  -14129.9  217.814  14302.8
472  128  2025-06-09 22-10-33  1987.2  16387.6  -14134.8  217.871  14312.4
473  128  2025-06-09 22-10-33  1988.8  16397  -14139.6  217.929  14304.3
474  128  2025-06-09 22-10-33  1990.4  16406.4  -14144.5  217.987  14313.8
475  128  2025-06-09 22-10-33  1992  16415.8  -14149.3  218.044  14305.7
476  128  2025-06-09 22-10-33  1993.6  16425.2  -14154.3  218.102  14315.3
477  128  2025-06-09 22-10-33  1995.2  16434.7  -14159.1  218.159  14307.2
478  128  2025-06-09 22-10-33  1996.8  16444.2  -14163.9  218.217  14299
479  128  2025-06-09 22-10-33  1998.4  16453.6  -14168.8  218.274  14308.5
480  128  2025-06-09 22-10-33  2000  16463.1  -14173.5  218.332  14300.4
481  128  2025-06-09 22-10-33  2001.6  16472.5  -14178.4  218.389  14309.9
482  128  2025-06-09 22-10-33  2003.2  16482  -14183.3  218.447  14301.8
483  128  2025-06-09 22-10-33  2004.8  16491.5  -14188.2  218.505  14311.3
484  128  2025-06-09 22-10-33  2006.4  16501  -14193  218.562  14303.2
485  128  2025-06-09 22-10-33  2008  16510.4  -14197.9  218.62  14312.8
486  128  2025-06-09 22-10-33  2009.6  16519.9  -14202.8  218.677  14304.7
487  128  2025-06-09 22-10-33  2011.2  16529.5  -14207.5  218.735  14296.5
488  128  2025-06-09 22-10-33  2012.8  16539  -14212.4  218.792  14306
489  128  2025-06-09 22-10-33  2014.4  16548.5  -14217.2  218.85  14297.8
490  128  2025-06-09 22-10-33  2016  16558.1  -14222.1  218.908  14307.3
491  128  2025-06-09 22-10-33  2017.6  16567.6  -14226.9  218.965  14299.2
492  128  2025-06-09 22-10-33  2019.2  16577.1  -14231.8  219.023  14308.7
493  128  2025-06-09 22-10-33  2020.8  16586.7  -14236.6  219.08  14300.5
494  128  2025-06-09 22-10-33  2022.4  16596.2  -14241.5  219.138  14310.1
495  128  2025-06-09 22-10-33  2024  16605.8  -14246.4  219.195  14302
496  128  2025-06-09 22-10-33  2025.6  16615.4  -14251.2  219.253  14293.8
497  128  2025-06-09 22-10-33  2027.2  16624.9  -14256  219.31  14303.2
498  128  2025-06-09 22-10-33  2028.8  16634.5  -14260.8  219.368  14295.1
499  128  2025-06-09 22-10-33  2030.4  16644.1  -14265.7  219.426  14304.6
500  128  2025-06-09 22-10-33  2032  16653.7  -14270.5  219.483  14296.4
501  128  2025-06-09 22-10-33  2033.6  16663.3  -14275.4  219.541  14305.9
502  128  2025-06-09 22-10-33  2035.2  16672.9  -14280.2  219.598  14297.7
503  128  2025-06-09 22-10-33  2036.8  16682.5  -14285.1  219.656  14307.3
504  128  2025-06-09 22-10-33  2038.4  16692.1  -14290  219.713  14299.1
505  128  2025-06-09 22-10-33  2040  16701.7  -14294.9  219.771  14308.7
506  128  2025-06-09 22-10-33  2041.6  16711.3  -14299.8  219.828  14300.6
507  128  2025-06-09 22-10-33  2043.2  16721  -14304.5  219.886  14292.4
508  128  2025-06-09 22-10-33  2044.8  16730.6  -14309.4  219.944  14301.8
509  128  2025-06-09 22-10-33  2046.4  16740.3  -14314.2  220.001  14293.6
510  128  2025-06-09 22-10-33  2048  16749.9  -14319.1  220.059  14303.2
511  128  2025-06-09 22-10-33  2049.6  16759.6  -14323.9  220.116  14295
512  128  2025-06-09 22-10-33  2051.2  16769.3  -14328.8  220.174  14304.5
513  128  2025-06-09 22-10-33  2052.8  16778.9  -14333.7  220.231  14296.3
514  128  2025-06-09 22-10-33  2054.4  16788.6  -14338.6  220.289  14305.9
515  128  2025-06-09 22-10-33  2056  16798.3  -14343.5  220.346  14297.7
516  128  2025-06-09 22-10-33  2057.6  16808  -14348.2  220.404  14289.5
517  128  2025-06-09 22-10-33  2059.2  16817.7  -14353.1  220.462  14299
518  128  2025-06-09 22-10-33  2060.8  16827.4  -14357.9  220.519  14290.8
519  128  2025-06-09 22-10-33  2062.4  16837.1  -14362.8  220.577  14300.3
520  128  2025-06-09 22-10-33  2064  16846.9  -14367.6  220.634  14292.1
521  128  2025-06-09 22-10-33  2065.6  16856.6  -14372.5  220.692  14301.6
522  128  2025-06-09 22-10-33  2067.2  16866.3  -14377.3  220.749  14293.4
523  128  2025-06-09 22-10-33  2068.8  16876  -14382.2  220.807  14302.9
524  128  2025-06-09 22-10-33  2070.4  16885.8  -14387.1  220.864  14294.8
525  128  2025-06-09 22-10-33  2072  16895.5  -14392  220.922  14304.3
526  128  2025-06-09 22-10-33  2073.6  16905.2  -14396.9  220.98  14296.1
527  128  2025-06-09 22-10-33  2075.2  16915  -14401.7  221.037  14287.9
528  128  2025-06-09 22-10-33  2076.8  16924.8  -14406.6  221.095  14297.4
529  128  2025-06-09 22-10-33  2078.4  16934.6  -14411.4  221.152  14289.2
530  128  2025-06-09 22-10-33  2080  16944.3  -14416.3  221.066  14298.7
531  128  2025-06-09 22-10-33  2081.6  16954.1  -14421.2  221.123  14298.6
532  128  2025-06-09 22-10-33  2083.2  16963.8  -14426  221.181  14298.4
533  128  2025-06-09 22-10-33  2084.8  16973.6  -14430.9  221.239  14298.3
534  128  2025-06-09 22-10-33  2086.4  16983.4  -14435.8  221.296  14298.2
535  128  2025-06-09 22-10-33  2088  16993.1  -14440.7  221.354  14298.1
536  128  2025-06-09 22-10-33  2089.6  17002.9  -14445.7  221.411  14298
537  128  2025-06-09 22-10-33  2091.2  17012.7  -14450.6  221.469  14297.9
538  128  2025-06-09 22-10-33  2092.8  17022.5  -14455.5  221.526  14305.9
539  128  2025-06-09 22-10-33  2094.4  17032.2  -14460.6  221.584  14313.9
540  128  2025-06-09 22-10-33  2096  17041.8  -14465.8  221.641  14322
541  128  2025-06-09 22-10-33  2097.6  17051.5  -14471.1  221.699  14330.2
542  128  2025-06-09 22-10-33  2099.2  17061.1  -14476.4  221.757  14338.5
543  128  2025-06-09 22-10-33  2100.8  17070.6  -14481.8  221.814  14346.9
544  128  2025-06-09 22-10-33  2102.4  17080.1  -14487.4  221.872  14355.3
545  128  2025-06-09 22-10-33  2104  17089.5  -14493  221.929  14363.9
546  128  2025-06-09 22-10-33  2105.6  17098.9  -14498.7  221.987  14372.5
547  128  2025-06-09 22-10-33  2107.2  17108.3  -14504.5  222.044  14381.2
548  128  2025-06-09 22-10-33  2108.8  17117.6  -14510.4  222.102  14389.9
549  128  2025-06-09 22-10-33  2110.4  17126.8  -14516.4  222.159  14398.8
550  128  2025-06-09 22-10-33  2112  17136  -14522.5  222.217  14407.7
551  128  2025-06-09 22-10-33  2113.6  17145.2  -14528.5  222.131  14407
552  128  2025-06-09 22-10-33  2115.2  17154.4  -14534.6  222.044  14406.3
553  128  2025-06-09 22-10-33  2116.8  17163.6  -14540.6  221.958  14405.6
554  128  2025-06-09 22-10-33  2118.4  17172.8  -14546.7  221.872  14404.9
555  128  2025-06-09 22-10-33  2120  17182  -14552.7  221.785  14404.1
556  128  2025-06-09 22-10-33  2121.6  17191.1  -14558.7  221.699  14403.3
557  128  2025-06-09 22-10-33  2123.2  17200.3  -14564.7  221.757  14402.6
558  128  2025-06-09 22-10-33  2124.8  17209.5  -14570.8  221.814  14409.8
559  128  2025-06-09 22-10-33  2126.4  17218.7  -14576.8  221.872  14402.6
560  128  2025-06-09 22-10-33  2128  17227.9  -14582.7  221.929  14395.4
561  128  2025-06-09 22-10-33  2129.6  17237.2  -14588.6  221.987  14388
562  128  2025-06-09 22-10-33  2131.2  17246.6  -14594.4  222.044  14380.6
563  128  2025-06-09 22-10-33  2132.8  17256  -14600.1  222.102  14373
564  128  2025-06-09 22-10-33  2134.4  17265.4  -14605.8  222.159  14365.4
565  128  2025-06-09 22-10-33  2136  17274.9  -14611.3  222.217  14357.8
566  128  2025-06-09 22-10-33  2137.6  17284.5  -14616.8  222.275  14350
567  128  2025-06-09 22-10-33  2139.2  17294.1  -14622.2  222.332  14342.2
568  128  2025-06-09 22-10-33  2140.8  17303.8  -14627.6  222.39  14334.2
569  128  2025-06-09 22-10-33  2142.4  17313.5  -14632.8  222.447  14326.2
570  128  2025-06-09 22-10-33  2144  17323.3  -14638  222.505  14318.2
571  128  2025-06-09 22-10-33  2145.6  17333.1  -14643.1  222.562  14310
572  128  2025-06-09 22-10-33  2147.2  17343  -14648.1  222.62  14301.8
573  128  2025-06-09 22-10-33  2148.8  17352.9  -14653  222.677  14293.4
574  128  2025-06-09 22-10-33  2150.4  17362.8  -14657.8  222.735  14285
575  128  2025-06-09 22-10-33  2152  17372.9  -14662.5  222.793  14276.6
576  128  2025-06-09 22-10-33  2153.6  17382.8  -14667.4  222.85  14285.8
577  128  2025-06-09 22-10-33  2155.2  17392.9  -14672.1  222.908  14277.3
578  128  2025-06-09 22-10-33  2156.8  17402.8  -14677  222.965  14286.5
579  128  2025-06-09 22-10-33  2158.4  17412.9  -14681.7  223.023  14278.1
580  128  2025-06-09 22-10-33  2160  17422.9  -14686.6  223.08  14287.3
581  128  2025-06-09 22-10-33  2161.6  17432.9  -14691.4  223.138  14278.9
582  128  2025-06-09 22-10-33  2163.2  17442.9  -14696.2  223.195  14288.2
583  128  2025-06-09 22-10-33  2164.8  17452.9  -14701  223.253  14279.8
584  128  2025-06-09 22-10-33  2166.4  17462.9  -14705.9  223.311  14289
585  128  2025-06-09 22-10-33  2168  17473  -14710.7  223.368  14280.6
586  128  2025-06-09 22-10-33  2169.6  17483.1  -14715.4  223.426  14272.2
587  128  2025-06-09 22-10-33  2171.2  17493.1  -14720.2  223.483  14281.4
588  128  2025-06-09 22-10-33  2172.8  17503.2  -14725  223.541  14272.9
589  128  2025-06-09 22-10-33  2174.4  17513.3  -14729.8  223.598  14282.1
590  128  2025-06-09 22-10-33  2176  17523.4  -14734.5  223.656  14273.7
591  128  2025-06-09 22-10-33  2177.6  17533.5  -14739.4  223.713  14282.9
592  128  2025-06-09 22-10-33  2179.2  17543.6  -14744.1  223.771  14274.5
593  128  2025-06-09 22-10-33  2180.8  17553.7  -14749  223.829  14283.8
594  128  2025-06-09 22-10-33  2182.4  17563.8  -14753.8  223.886  14275.4
595  128  2025-06-09 22-10-33  2184  17573.9  -14758.6  223.944  14284.6
596  128  2025-06-09 22-10-33  2185.6  17584  -14763.4  224.001  14276.2
597  128  2025-06-09 22-10-33  2187.2  17594.1  -14768.3  224.059  14285.5
598  128  2025-06-09 22-10-33  2188.8  17604.2  -14773.1  224.116  14277.2
599  128  2025-06-09 22-10-33  2190.4  17614.3  -14778  224.174  14286.5
600  128  2025-06-09 22-10-33  2192  17624.4  -14782.8  224.231  14278.1
601  128  2025-06-09 22-10-33  2193.6  17634.6  -14787.5  224.289  14269.6
602  128  2025-06-09 22-10-33  2195.2  17644.8  -14792.3  224.347  14278.9
603  128  2025-06-09 22-10-33  2196.8  17655  -14797.1  224.404  14270.5
604  128  2025-06-09 22-10-33  2198.4  17665.1  -14801.9  224.462  14279.7
605  128  2025-06-09 22-10-33  2200  17675.3  -14806.7  224.519  14271.3
606  128  2025-06-09 22-10-33  2201.6  17685.5  -14811.5  224.577  14280.6
607  128  2025-06-09 22-10-33  2203.2  17695.7  -14816.3  224.634  14272.2
608  128  2025-06-09 22-10-33  2204.8  17705.9  -14821.1  224.692  14281.5
609  128  2025-06-09 22-10-33  2206.4  17716.1  -14825.9  224.749  14273.1
610  128  2025-06-09 22-10-33  2208  17726.2  -14830.8  224.807  14282.4
611  128  2025-06-09 22-10-33  2209.6  17736.5  -14835.6  224.865  14274
612  128  2025-06-09 22-10-33  2211.2  17746.6  -14840.5  224.922  14283.4
613  128  2025-06-09 22-10-33  2212.8  17756.9  -14845.3  224.98  14275
614  128  2025-06-09 22-10-33  2214.4  17767.1  -14850  225.037  14266.6
615  128  2025-06-09 22-10-33  2216  17777.4  -14854.8  225.095  14275.9
616  128  2025-06-09 22-10-33  2217.6  17787.6  -14859.6  225.152  14267.4
617  128  2025-06-09 22-10-33  2219.2  17797.9  -14864.4  225.21  14276.7
618  128  2025-06-09 22-10-33  2220.8  17808.2  -14869.2  225.267  14268.3
619  128  2025-06-09 22-10-33  2222.4  17818.4  -14874  225.325  14277.6
620  128  2025-06-09 22-10-33  2224  17828.7  -14878.8  225.383  14269.2
621  128  2025-06-09 22-10-33  2225.6  17838.9  -14883.6  225.44  14278.5
622  128  2025-06-09 22-10-33  2227.2  17849.2  -14888.4  225.498  14270.2
623  128  2025-06-09 22-10-33  2228.8  17859.5  -14893.3  225.555  14279.5
624  128  2025-06-09 22-10-33  2230.4  17869.8  -14898.1  225.613  14271.2
625  128  2025-06-09 22-10-33  2232  17880  -14903  225.67  14280.5
626  128  2025-06-09 22-10-33  2233.6  17890.3  -14907.8  225.728  14272.2
627  128  2025-06-09 22-10-33  2235.2  17900.7  -14912.5  225.785  14263.7
628  128  2025-06-09 22-10-33  2236.8  17911  -14917.3  225.843  14273
629  128  2025-06-09 22-10-33  2238.4  17921.4  -14922.1  225.901  14264.6
630  128  2025-06-09 22-10-33  2240  17931.7  -14926.9  225.958  14273.9
631  128  2025-06-09 22-10-33  2241.6  17942.1  -14931.6  226.016  14265.5
632  128  2025-06-09 22-10-33  2243.2  17952.4  -14936.5  226.073  14274.8
633  128  2025-06-09 22-10-33  2244.8  17962.8  -14941.3  226.131  14266.5
634  128  2025-06-09 22-10-33  2246.4  17973.1  -14946.1  226.188  14275.8
635  128  2025-06-09 22-10-33  2248  17983.5  -14950.9  226.246  14267.5
636  128  2025-06-09 22-10-33  2249.6  17993.8  -14955.8  226.303  14276.8
637  128  2025-06-09 22-10-33  2251.2  18004.2  -14960.6  226.361  14268.5
638  128  2025-06-09 22-10-33  2252.8  18014.5  -14965.5  226.419  14277.8
639  128  2025-06-09 22-10-33  2254.4  18024.9  -14970.3  226.476  14269.5
640  128  2025-06-09 22-10-33  2256  18035.3  -14975  226.534  14261.1
641  128  2025-06-09 22-10-33  2257.6  18045.7  -14979.8  226.591  14270.4
642  128  2025-06-09 22-10-33  2259.2  18056.2  -14984.6  226.649  14262
643  128  2025-06-09 22-10-33  2260.8  18066.6  -14989.4  226.706  14271.3
644  128  2025-06-09 22-10-33  2262.4  18077  -14994.2  226.764  14263
645  128  2025-06-09 22-10-33  2264  18087.4  -14999  226.821  14272.3
646  128  2025-06-09 22-10-33  2265.6  18097.9  -15003.8  226.879  14263.9
647  128  2025-06-09 22-10-33  2267.2  18108.3  -15008.6  226.937  14273.3
648  128  2025-06-09 22-10-33  2268.8  18118.8  -15013.4  226.994  14264.9
649  128  2025-06-09 22-10-33  2270.4  18129.2  -15018.3  227.052  14274.3
650  128  2025-06-09 22-10-33  2272  18139.6  -15023.1  227.109  14266
651  128  2025-06-09 22-10-33  2273.6  18150.1  -15028  227.167  14275.4
652  128  2025-06-09 22-10-33  2275.2  18160.5  -15032.8  227.224  14267.1
653  128  2025-06-09 22-10-33  2276.8  18171  -15037.5  227.282  14258.7
654  128  2025-06-09 22-10-33  2278.4  18181.5  -15042.4  227.339  14268
655  128  2025-06-09 22-10-33  2280  18192  -15047.1  227.397  14259.6
656  128  2025-06-09 22-10-33  2281.6  18202.5  -15052  227.455  14268.9
657  128  2025-06-09 22-10-33  2283.2  18213  -15056.7  227.512  14260.6
658  128  2025-06-09 22-10-33  2284.8  18223.5  -15061.6  227.57  14269.9
659  128  2025-06-09 22-10-33  2286.4  18234.1  -15066.3  227.627  14261.6
660  128  2025-06-09 22-10-33  2288  18244.6  -15071.2  227.685  14271
661  128  2025-06-09 22-10-33  2289.6  18255.1  -15076  227.742  14262.6
662  128  2025-06-09 22-10-33  2291.2  18265.6  -15080.9  227.8  14272
663  128  2025-06-09 22-10-33  2292.8  18276.1  -15085.7  227.857  14263.7
664  128  2025-06-09 22-10-33  2294.4  18286.7  -15090.4  227.915  14255.3
665  128  2025-06-09 22-10-33  2296  18297.3  -15095.2  227.973  14264.6
666  128  2025-06-09 22-10-33  2297.6  18307.9  -15099.9  228.03  14256.3
667  128  2025-06-09 22-10-33  2299.2  18318.4  -15104.8  228.088  14265.6
668  128  2025-06-09 22-10-33  2300.8  18329  -15109.5  228.145  14257.2
669  128  2025-06-09 22-10-33  2302.4  18339.6  -15114.4  228.203  14266.6
670  128  2025-06-09 22-10-33  2304  18350.2  -15119.1  228.26  14258.3
671  128  2025-06-09 22-10-33  2305.6  18360.8  -15124  228.318  14267.6
672  128  2025-06-09 22-10-33  2307.2  18371.4  -15128.7  228.375  14259.3
673  128  2025-06-09 22-10-33  2308.8  18382  -15133.6  228.433  14268.7
674  128  2025-06-09 22-10-33  2310.4  18392.6  -15138.4  228.491  14260.4
675  128  2025-06-09 22-10-33  2312  18403.1  -15143.3  228.548  14269.8
676  128  2025-06-09 22-10-33  2313.6  18413.8  -15148.1  228.606  14261.5
677  128  2025-06-09 22-10-33  2315.2  18424.4  -15152.8  228.663  14253.1
678  128  2025-06-09 22-10-33  2316.8  18435.1  -15157.7  228.721  14262.4
679  128  2025-06-09 22-10-33  2318.4  18445.8  -15162.4  228.778  14254.1
680  128  2025-06-09 22-10-33  2320  18456.4  -15167.2  228.836  14263.4
681  128  2025-06-09 22-10-33  2321.6  18467.1  -15172  228.893  14255.1
682  128  2025-06-09 22-10-33  2323.2  18477.7  -15176.8  228.951  14264.4
683  128  2025-06-09 22-10-33  2324.8  18488.4  -15181.6  229.009  14256.1
684  128  2025-06-09 22-10-33  2326.4  18499  -15186.5  229.066  14265.5
685  128  2025-06-09 22-10-33  2328  18509.7  -15191.2  229.124  14257.2
686  128  2025-06-09 22-10-33  2329.6  18520.4  -15196.1  229.181  14266.6
687  128  2025-06-09 22-10-33  2331.2  18531.1  -15200.9  229.239  14258.3
688  128  2025-06-09 22-10-33  2332.8  18541.7  -15205.8  229.296  14267.7
689  128  2025-06-09 22-10-33  2334.4  18552.4  -15210.6  229.354  14259.4
690  128  2025-06-09 22-10-33  2336  18563.2  -15215.4  229.411  14251.1
691  128  2025-06-09 22-10-33  2337.6  18573.9  -15220.2  229.469  14260.4
692  128  2025-06-09 22-10-33  2339.2  18584.7  -15224.9  229.527  14252.1
693  128  2025-06-09 22-10-33  2340.8  18595.4  -15229.8  229.584  14261.5
694  128  2025-06-09 22-10-33  2342.4  18606.1  -15234.5  229.642  14253.1
695  128  2025-06-09 22-10-33  2344  18616.9  -15239.4  229.699  14262.5
696  128  2025-06-09 22-10-33  2345.6  18627.6  -15244.2  229.757  14254.2
697  128  2025-06-09 22-10-33  2347.2  18638.3  -15249  229.814  14263.6
698  128  2025-06-09 22-10-33  2348.8  18649.1  -15253.8  229.872  14255.3
699  128  2025-06-09 22-10-33  2350.4  18659.8  -15258.7  229.93  14264.7
700  128  2025-06-09 22-10-33  2352  18670.6  -15263.5  229.987  14256.4
701  128  2025-06-09 22-10-33  2353.6  18681.4  -15268.2  230.045  14248.1
702  128  2025-06-09 22-10-33  2355.2  18692.2  -15273.1  230.102  14257.4
703  128  2025-06-09 22-10-33  2356.8  18703.1  -15277.8  230.16  14249.1
704  128  2025-06-09 22-10-33  2358.4  18713.8  -15282.6  230.217  14258.5
705  128  2025-06-09 22-10-33  2360  18724.7  -15287.4  230.275  14250.1
706  128  2025-06-09 22-10-33  2361.6  18735.5  -15292.2  230.332  14259.5
707  128  2025-06-09 22-10-33  2363.2  18746.3  -15297  230.39  14251.2
708  128  2025-06-09 22-10-33  2364.8  18757.1  -15301.8  230.448  14260.6
709  128  2025-06-09 22-10-33  2366.4  18767.9  -15306.6  230.505  14252.3
710  128  2025-06-09 22-10-33  2368  18778.8  -15311.5  230.563  14261.7
711  128  2025-06-09 22-10-33  2369.6  18789.6  -15316.3  230.62  14253.5
712  128  2025-06-09 22-10-33  2371.2  18800.5  -15321  230.678  14245.1
713  128  2025-06-09 22-10-33  2372.8  18811.4  -15325.8  230.735  14254.4
714  128  2025-06-09 22-10-33  2374.4  18822.3  -15330.5  230.793  14246.1
715  128  2025-06-09 22-10-33  2376  18833.1  -15335.4  230.85  14255.5
716  128  2025-06-09 22-10-33  2377.6  18844  -15340.1  230.908  14247.2
717  128  2025-06-09 22-10-33  2379.2  18854.9  -15344.9  230.966  14256.5
718  128  2025-06-09 22-10-33  2380.8  18865.8  -15349.7  231.023  14248.2
719  128  2025-06-09 22-10-33  2382.4  18876.7  -15354.5  231.081  14257.6
720  128  2025-06-09 22-10-33  2384  18887.6  -15359.3  231.138  14249.3
721  128  2025-06-09 22-10-33  2385.6  18898.5  -15364.2  231.196  14258.7
722  128  2025-06-09 22-10-33  2387.2  18909.4  -15369  231.253  14250.5
723  128  2025-06-09 22-10-33  2388.8  18920.3  -15373.9  231.311  14259.9
724  128  2025-06-09 22-10-33  2390.4  18931.2  -15378.7  231.368  14251.6
725  128  2025-06-09 22-10-33  2392  18942.2  -15383.4  231.426  14243.3
726  128  2025-06-09 22-10-33  2393.6  18953.1  -15388.2  231.484  14252.7
727  128  2025-06-09 22-10-33  2395.2  18964.1  -15392.9  231.541  14244.3
728  128  2025-06-09 22-10-33  2396.8  18975  -15397.8  231.599  14253.7
729  128  2025-06-09 22-10-33  2398.4  18986  -15402.5  231.656  14245.4
730  128  2025-06-09 22-10-33  2400  18997  -15407.4  231.714  14254.8
731  128  2025-06-09 22-10-33  2401.6  19007.9  -15412.1  231.771  14246.5
732  128  2025-06-09 22-10-33  2403.2  19018.9  -15417  231.829  14255.9
733  128  2025-06-09 22-10-33  2404.8  19029.9  -15421.8  231.886  14247.6
734  128  2025-06-09 22-10-33  2406.4  19040.8  -15426.7  231.944  14257.1
735  128  2025-06-09 22-10-33  2408  19051.8  -15431.5  232.002  14248.8
736  128  2025-06-09 22-10-33  2409.6  19062.9  -15436.1  232.059  14240.5
737  128  2025-06-09 22-10-33  2411.2  19073.9  -15441  232.117  14249.8
738  128  2025-06-09 22-10-33  2412.8  19085  -15445.7  232.174  14241.5
739  128  2025-06-09 22-10-33  2414.4  19096  -15450.5  232.232  14250.9
740  128  2025-06-09 22-10-33  2416  19107  -15455.2  232.289  14242.6
741  128  2025-06-09 22-10-33  2417.6  19118  -15460.1  232.347  14252
742  128  2025-06-09 22-10-33  2419.2  19129.1  -15464.8  232.404  14243.7
743  128  2025-06-09 22-10-33  2420.8  19140.1  -15469.7  232.462  14253.1
744  128  2025-06-09 22-10-33  2422.4  19151.2  -15474.5  232.52  14244.8
745  128  2025-06-09 22-10-33  2424  19162.2  -15479.3  232.577  14254.3
746  128  2025-06-09 22-10-33  2425.6  19173.3  -15484.1  232.635  14246
747  128  2025-06-09 22-10-33  2427.2  19184.4  -15488.8  232.692  14237.7
748  128  2025-06-09 22-10-33  2428.8  19195.5  -15493.6  232.75  14247
749  128  2025-06-09 22-10-33  2430.4  19206.6  -15498.3  232.807  14238.7
750  128  2025-06-09 22-10-33  2432  19217.7  -15503.1  232.865  14248.1
751  128  2025-06-09 22-10-33  2433.6  19228.8  -15507.9  232.922  14239.8
752  128  2025-06-09 22-10-33  2435.2  19239.9  -15512.7  232.98  14249.2
753  128  2025-06-09 22-10-33  2436.8  19251.1  -15517.4  233.038  14240.9
754  128  2025-06-09 22-10-33  2438.4  19262.2  -15522.3  233.095  14250.3
755  128  2025-06-09 22-10-33  2440  19273.3  -15527.1  233.153  14242
756  128  2025-06-09 22-10-33  2441.6  19284.4  -15531.9  233.21  14251.4
757  128  2025-06-09 22-10-33  2443.2  19295.5  -15536.7  233.268  14243.2
758  128  2025-06-09 22-10-33  2444.8  19306.6  -15541.6  233.325  14252.6
759  128  2025-06-09 22-10-33  2446.4  19317.8  -15546.4  233.383  14244.4
760  128  2025-06-09 22-10-33  2448  19329  -15551.1  233.44  14236.1
761  128  2025-06-09 22-10-33  2449.6  19340.1  -15555.9  233.498  14245.4
762  128  2025-06-09 22-10-33  2451.2  19351.3  -15560.6  233.556  14237.1
763  128  2025-06-09 22-10-33  2452.8  19362.5  -15565.5  233.613  14246.5
764  128  2025-06-09 22-10-33  2454.4  19373.7  -15570.2  233.671  14238.2
765  128  2025-06-09 22-10-33  2456  19384.9  -15575  233.728  14247.6
766  128  2025-06-09 22-10-33  2457.6  19396.1  -15579.8  233.786  14239.4
767  128  2025-06-09 22-10-33  2459.2  19407.3  -15584.7  233.843  14248.8
768  128  2025-06-09 22-10-33  2460.8  19418.5  -15589.4  233.901  14240.5
769  128  2025-06-09 22-10-33  2462.4  19429.7  -15594.3  233.958  14250
770  128  2025-06-09 22-10-33  2464  19440.9  -15599.1  234.016  14241.7
771  128  2025-06-09 22-10-33  2465.6  19452.2  -15603.8  234.074  14233.4
772  128  2025-06-09 22-10-33  2467.2  19463.4  -15608.6  234.131  14242.8
773  128  2025-06-09 22-10-33  2468.8  19474.7  -15613.3  234.189  14234.5
774  128  2025-06-09 22-10-33  2470.4  19485.9  -15618.1  234.246  14243.9
775  128  2025-06-09 22-10-33  2472  19497.2  -15622.9  234.304  14235.6
776  128  2025-06-09 22-10-33  2473.6  19508.4  -15627.7  234.361  14245
777  128  2025-06-09 22-10-33  2475.2  19519.7  -15632.4  234.419  14236.7
778  128  2025-06-09 22-10-33  2476.8  19530.9  -15637.3  234.476  14246.2
779  128  2025-06-09 22-10-33  2478.4  19542.2  -15642.1  234.534  14237.9
780  128  2025-06-09 22-10-33  2480  19553.5  -15646.9  234.592  14247.3
781  128  2025-06-09 22-10-33  2481.6  19564.8  -15651.7  234.649  14239.1
782  128  2025-06-09 22-10-33  2483.2  19576.1  -15656.4  234.707  14230.8
783  128  2025-06-09 22-10-33  2484.8  19587.4  -15661.2  234.764  14240.2
784  128  2025-06-09 22-10-33  2486.4  19598.8  -15665.9  234.822  14231.9
785  128  2025-06-09 22-10-33  2488  19610.1  -15670.7  234.879  14241.2
786  128  2025-06-09 22-10-33  2489.6  19621.4  -15675.4  234.937  14233
787  128  2025-06-09 22-10-33  2491.2  19632.7  -15680.3  234.994  14242.4
788  128  2025-06-09 22-10-33  2492.8  19644.1  -15685  235.052  14234.1
789  128  2025-06-09 22-10-33  2494.4  19655.4  -15689.9  235.11  14243.5
790  128  2025-06-09 22-10-33  2496  19666.8  -15694.6  235.167  14235.3
791  128  2025-06-09 22-10-33  2497.6  19678.1  -15699.5  235.225  14244.7
792  128  2025-06-09 22-10-33  2499.2  19689.4  -15704.3  235.282  14236.5
793  128  2025-06-09 22-10-33  2500.8  19700.9  -15708.9  235.34  14228.1
794  128  2025-06-09 22-10-33  2502.4  19712.2  -15713.7  235.397  14237.5
795  128  2025-06-09 22-10-33  2504  19723.6  -15718.4  235.455  14229.2
796  128  2025-06-09 22-10-33  2505.6  19735  -15723.2  235.512  14238.6
797  128  2025-06-09 22-10-33  2507.2  19746.4  -15727.9  235.57  14230.3
798  128  2025-06-09 22-10-33  2508.8  19757.8  -15732.8  235.628  14239.7
799  128  2025-06-09 22-10-33  2510.4  19769.3  -15737.5  235.685  14231.5
800  128  2025-06-09 22-10-33  2512  19780.6  -15742.3  235.743  14240.9
801  128  2025-06-09 22-10-33  2513.6  19792.1  -15747.1  235.8  14232.6
802  128  2025-06-09 22-10-33  2515.2  19803.5  -15751.9  235.858  14242.1
803  128  2025-06-09 22-10-33  2516.8  19814.9  -15756.7  235.915  14233.8
804  128  2025-06-09 22-10-33  2518.4  19826.4  -15761.4  235.973  14225.5
805  128  2025-06-09 22-10-33  2520  19837.8  -15766.2  236.03  14234.9
806  128  2025-06-09 22-10-33  2521.6  19849.3  -15770.8  236.088  14226.6
807  128  2025-06-09 22-10-33  2523.2  19860.8  -15775.6  236.146  14236
808  128  2025-06-09 22-10-33  2524.8  19872.3  -15780.3  236.203  14227.7
809  128  2025-06-09 22-10-33  2526.4  19883.7  -15785.2  236.261  14237.1
810  128  2025-06-09 22-10-33  2528  19895.2  -15789.9  236.318  14228.8
811  128  2025-06-09 22-10-33  2529.6  19906.7  -15794.7  236.376  14238.2
812  128  2025-06-09 22-10-33  2531.2  19918.2  -15799.4  236.433  14230
813  128  2025-06-09 22-10-33  2532.8  19929.7  -15804.3  236.491  14239.4
814  128  2025-06-09 22-10-33  2534.4  19941.2  -15809.1  236.548  14231.2
815  128  2025-06-09 22-10-33  2536  19952.6  -15813.9  236.606  14240.6
816  128  2025-06-09 22-10-33  2537.6  19964.2  -15818.7  236.664  14232.4
817  128  2025-06-09 22-10-33  2539.2  19975.7  -15823.4  236.721  14224.1
818  128  2025-06-09 22-10-33  2540.8  19987.2  -15828.2  236.779  14233.5
819  128  2025-06-09 22-10-33  2542.4  19998.8  -15832.9  236.836  14225.2
820  128  2025-06-09 22-10-33  2544  20010.3  -15837.7  236.894  14234.6
821  128  2025-06-09 22-10-33  2545.6  20021.9  -15842.4  236.951  14226.4
822  128  2025-06-09 22-10-33  2547.2  20033.4  -15847.2  237.009  14235.8
823  128  2025-06-09 22-10-33  2548.8  20045  -15852  237.066  14227.5
824  128  2025-06-09 22-10-33  2550.4  20056.5  -15856.8  237.124  14237
825  128  2025-06-09 22-10-33  2552  20068.1  -15861.6  237.182  14228.7
826  128  2025-06-09 22-10-33  2553.6  20079.7  -15866.4  237.239  14238.2
827  128  2025-06-09 22-10-33  2555.2  20091.3  -15871.2  237.297  14230
828  128  2025-06-09 22-10-33  2556.8  20102.9  -15875.9  237.354  14221.6
829  128  2025-06-09 22-10-33  2558.4  20114.5  -15880.6  237.412  14231
830  128  2025-06-09 22-10-33  2560  20126.1  -15885.3  237.469  14222.8
831  128  2025-06-09 22-10-33  2561.6  20137.7  -15890.1  237.527  14232.2
832  128  2025-06-09 22-10-33  2563.2  20149.4  -15894.8  237.584  14223.9
833  128  2025-06-09 22-10-33  2564.8  20161  -15899.7  237.642  14233.3
834  128  2025-06-09 22-10-33  2566.4  20172.6  -15904.4  237.7  14225.1
835  128  2025-06-09 22-10-33  2568  20184.2  -15909.2  237.757  14234.5
836  128  2025-06-09 22-10-33  2569.6  20195.9  -15914  237.815  14226.3
837  128  2025-06-09 22-10-33  2571.2  20207.5  -15918.8  237.872  14235.7
838  128  2025-06-09 22-10-33  2572.8  20219.1  -15923.6  237.93  14227.5
839  128  2025-06-09 22-10-33  2574.4  20230.8  -15928.3  237.987  14219.2
840  128  2025-06-09 22-10-33  2576  20242.5  -15933  238.045  14228.6
841  128  2025-06-09 22-10-33  2577.6  20254.2  -15937.7  238.102  14220.3
842  128  2025-06-09 22-10-33  2579.2  20265.9  -15942.5  238.16  14229.7
843  128  2025-06-09 22-10-33  2580.8  20277.6  -15947.2  238.218  14221.4
844  128  2025-06-09 22-10-33  2582.4  20289.3  -15952  238.275  14230.8
845  128  2025-06-09 22-10-33  2584  20301  -15956.7  238.333  14222.6
846  128  2025-06-09 22-10-33  2585.6  20312.7  -15961.6  238.39  14232
847  128  2025-06-09 22-10-33  2587.2  20324.4  -15966.3  238.448  14223.8
848  128  2025-06-09 22-10-33  2588.8  20336.1  -15971.2  238.505  14233.2
849  128  2025-06-09 22-10-33  2590.4  20347.8  -15975.9  238.563  14225
850  128  2025-06-09 22-10-33  2592  20359.6  -15980.6  238.62  14216.7
851  128  2025-06-09 22-10-33  2593.6  20371.3  -15985.3  238.678  14226.1
852  128  2025-06-09 22-10-33  2595.2  20383.1  -15990  238.736  14217.8
853  128  2025-06-09 22-10-33  2596.8  20394.8  -15994.8  238.793  14227.2
854  128  2025-06-09 22-10-33  2598.4  20406.6  -15999.5  238.851  14219
855  128  2025-06-09 22-10-33  2600  20418.4  -16004.3  238.908  14228.4
856  128  2025-06-09 22-10-33  2601.6  20430.2  -16009  238.966  14220.1
857  128  2025-06-09 22-10-33  2603.2  20441.9  -16013.8  239.023  14229.6
858  128  2025-06-09 22-10-33  2604.8  20453.7  -16018.6  239.081  14221.3
859  128  2025-06-09 22-10-33  2606.4  20465.5  -16023.4  239.138  14230.8
860  128  2025-06-09 22-10-33  2608  20477.3  -16028.2  239.196  14222.6
861  128  2025-06-09 22-10-33  2609.6  20489.1  -16032.8  239.254  14214.3
862  128  2025-06-09 22-10-33  2611.2  20500.9  -16037.6  239.311  14223.6
863  128  2025-06-09 22-10-33  2612.8  20512.8  -16042.2  239.369  14215.4
864  128  2025-06-09 22-10-33  2614.4  20524.6  -16047  239.426  14224.8
865  128  2025-06-09 22-10-33  2616  20536.4  -16051.7  239.484  14216.5
866  128  2025-06-09 22-10-33  2617.6  20548.3  -16056.5  239.541  14225.9
867  128  2025-06-09 22-10-33  2619.2  20560.1  -16061.2  239.599  14217.7
868  128  2025-06-09 22-10-33  2620.8  20571.9  -16066  239.656  14227.1
869  128  2025-06-09 22-10-33  2622.4  20583.8  -16070.7  239.714  14218.9
870  128  2025-06-09 22-10-33  2624  20595.6  -16075.6  239.772  14228.3
871  128  2025-06-09 22-10-33  2625.6  20607.5  -16080.3  239.829  14220.1
872  128  2025-06-09 22-10-33  2627.2  20619.4  -16084.9  239.887  14211.8
873  128  2025-06-09 22-10-33  2628.8  20631.3  -16089.7  239.944  14221.2
874  128  2025-06-09 22-10-33  2630.4  20643.2  -16094.3  240.002  14212.9
875  128  2025-06-09 22-10-33  2632  20655.1  -16099.1  240.059  14222.3
876  128  2025-06-09 22-10-33  2633.6  20667  -16103.8  240.117  14214
877  128  2025-06-09 22-10-33  2635.2  20678.9  -16108.6  240.174  14223.5
878  128  2025-06-09 22-10-33  2636.8  20690.9  -16113.3  240.232  14215.2
879  128  2025-06-09 22-10-33  2638.4  20702.7  -16118.1  240.29  14224.6
880  128  2025-06-09 22-10-33  2640  20714.7  -16122.8  240.347  14216.4
881  128  2025-06-09 22-10-33  2641.6  20726.6  -16127.6  240.405  14225.9
882  128  2025-06-09 22-10-33  2643.2  20738.5  -16132.4  240.462  14217.6
883  128  2025-06-09 22-10-33  2644.8  20750.5  -16137  240.52  14209.3
884  128  2025-06-09 22-10-33  2646.4  20762.5  -16141.7  240.577  14218.7
885  128  2025-06-09 22-10-33  2648  20774.5  -16146.4  240.635  14210.4
886  128  2025-06-09 22-10-33  2649.6  20786.4  -16151.1  240.693  14219.8
887  128  2025-06-09 22-10-33  2651.2  20798.4  -16155.8  240.75  14211.6
888  128  2025-06-09 22-10-33  2652.8  20810.4  -16160.6  240.808  14221
889  128  2025-06-09 22-10-33  2654.4  20822.4  -16165.3  240.865  14212.7
890  128  2025-06-09 22-10-33  2656  20834.4  -16170.1  240.923  14222.2
891  128  2025-06-09 22-10-33  2657.6  20846.4  -16174.8  240.98  14213.9
892  128  2025-06-09 22-10-33  2659.2  20858.3  -16179.6  241.038  14223.4
893  128  2025-06-09 22-10-33  2660.8  20870.3  -16184.3  241.095  14215.2
894  128  2025-06-09 22-10-33  2662.4  20882.3  -16189.2  241.153  14224.6
895  128  2025-06-09 22-10-33  2664  20894.3  -16193.9  241.211  14216.4
896  128  2025-06-09 22-10-33  2665.6  20906.4  -16198.5  241.268  14208.1
897  128  2025-06-09 22-10-33  2667.2  20918.4  -16203.3  241.326  14217.6
898  128  2025-06-09 22-10-33  2668.8  20930.5  -16208  241.383  14209.3
899  128  2025-06-09 22-10-33  2670.4  20942.5  -16212.7  241.441  14218.7
900  128  2025-06-09 22-10-33  2672  20954.6  -16217.4  241.498  14210.4
901  128  2025-06-09 22-10-33  2673.6  20966.6  -16222.2  241.556  14219.9
902  128  2025-06-09 22-10-33  2675.2  20978.7  -16226.9  241.613  14211.6
903  128  2025-06-09 22-10-33  2676.8  20990.8  -16231.7  241.671  14221.1
904  128  2025-06-09 22-10-33  2678.4  21002.8  -16236.4  241.729  14212.9
905  128  2025-06-09 22-10-33  2680  21015  -16241  241.786  14204.6
906  128  2025-06-09 22-10-33  2681.6  21027.1  -16245.8  241.844  14214
907  128  2025-06-09 22-10-33  2683.2  21039.2  -16250.4  241.901  14205.7
908  128  2025-06-09 22-10-33  2684.8  21051.3  -16255.1  241.959  14215.1
909  128  2025-06-09 22-10-33  2686.4  21063.5  -16259.8  242.016  14206.8
910  128  2025-06-09 22-10-33  2688  21075.6  -16264.6  242.074  14216.2
911  128  2025-06-09 22-10-33  2689.6  21087.7  -16269.2  242.131  14208
912  128  2025-06-09 22-10-33  2691.2  21099.8  -16274  242.189  14217.4
913  128  2025-06-09 22-10-33  2692.8  21112  -16278.7  242.247  14209.2
914  128  2025-06-09 22-10-33  2694.4  21124.1  -16283.5  242.304  14218.6
915  128  2025-06-09 22-10-33  2696  21136.2  -16288.2  242.362  14210.4
916  128  2025-06-09 22-10-33  2697.6  21148.4  -16292.8  242.419  14202.1
917  128  2025-06-09 22-10-33  2699.2  21160.6  -16297.5  242.477  14211.5
918  128  2025-06-09 22-10-33  2700.8  21172.8  -16302.1  242.534  14203.2
919  128  2025-06-09 22-10-33  2702.4  21185  -16306.9  242.592  14212.6
920  128  2025-06-09 22-10-33  2704  21197.2  -16311.5  242.649  14204.4
921  128  2025-06-09 22-10-33  2705.6  21209.4  -16316.3  242.707  14213.8
922  128  2025-06-09 22-10-33  2707.2  21221.6  -16320.9  242.765  14205.5
923  128  2025-06-09 22-10-33  2708.8  21233.8  -16325.7  242.822  14215
924  128  2025-06-09 22-10-33  2710.4  21246  -16330.4  242.88  14206.7
925  128  2025-06-09 22-10-33  2712  21258.2  -16335.2  242.937  14216.2
926  128  2025-06-09 22-10-33  2713.6  21270.4  -16339.9  242.995  14208
927  128  2025-06-09 22-10-33  2715.2  21282.7  -16344.5  243.052  14199.6
928  128  2025-06-09 22-10-33  2716.8  21294.9  -16349.2  243.11  14209
929  128  2025-06-09 22-10-33  2718.4  21307.2  -16353.8  243.167  14200.8
930  128  2025-06-09 22-10-33  2720  21319.4  -16358.5  243.225  14210.2
931  128  2025-06-09 22-10-33  2721.6  21331.7  -16363.1  243.283  14201.9
932  128  2025-06-09 22-10-33  2723.2  21344  -16367.9  243.34  14211.3
933  128  2025-06-09 22-10-33  2724.8  21356.3  -16372.5  243.398  14203.1
934  128  2025-06-09 22-10-33  2726.4  21368.5  -16377.3  243.455  14212.5
935  128  2025-06-09 22-10-33  2728  21380.8  -16382  243.513  14204.3
936  128  2025-06-09 22-10-33  2729.6  21393.1  -16386.8  243.57  14213.7
937  128  2025-06-09 22-10-33  2731.2  21405.4  -16391.4  243.628  14205.5
938  128  2025-06-09 22-10-33  2732.8  21417.6  -16396.3  243.685  14215
939  128  2025-06-09 22-10-33  2734.4  21429.9  -16401  243.743  14206.8
940  128  2025-06-09 22-10-33  2736  21442.3  -16405.6  243.801  14198.5
941  128  2025-06-09 22-10-33  2737.6  21454.6  -16410.3  243.858  14207.9
942  128  2025-06-09 22-10-33  2739.2  21466.9  -16414.9  243.916  14199.6
943  128  2025-06-09 22-10-33  2740.8  21479.3  -16419.6  243.973  14209
944  128  2025-06-09 22-10-33  2742.4  21491.6  -16424.3  244.031  14200.8
945  128  2025-06-09 22-10-33  2744  21503.9  -16429  244.088  14210.2
946  128  2025-06-09 22-10-33  2745.6  21516.3  -16433.7  244.146  14202
947  128  2025-06-09 22-10-33  2747.2  21528.6  -16438.5  244.203  14211.4
948  128  2025-06-09 22-10-33  2748.8  21541  -16443.1  244.261  14203.2
949  128  2025-06-09 22-10-33  2750.4  21553.3  -16448  244.319  14212.7
950  128  2025-06-09 22-10-33  2752  21565.7  -16452.6  244.376  14204.5
951  128  2025-06-09 22-10-33  2753.6  21578.1  -16457.2  244.434  14196.2
952  128  2025-06-09 22-10-33  2755.2  21590.5  -16462  244.491  14205.6
953  128  2025-06-09 22-10-33  2756.8  21602.9  -16466.6  244.549  14197.3
954  128  2025-06-09 22-10-33  2758.4  21615.3  -16471.3  244.606  14206.7
955  128  2025-06-09 22-10-33  2760  21627.8  -16475.9  244.664  14198.5
956  128  2025-06-09 22-10-33  2761.6  21640.2  -16480.7  244.721  14207.9
957  128  2025-06-09 22-10-33  2763.2  21652.6  -16485.3  244.779  14199.7
958  128  2025-06-09 22-10-33  2764.8  21665  -16490.1  244.837  14209.1
959  128  2025-06-09 22-10-33  2766.4  21677.4  -16494.8  244.894  14200.9
960  128  2025-06-09 22-10-33  2768  21689.9  -16499.3  244.952  14192.6
961  128  2025-06-09 22-10-33  2769.6  21702.4  -16504  245.009  14202
962  128  2025-06-09 22-10-33  2771.2  21714.9  -16508.6  245.067  14193.7
963  128  2025-06-09 22-10-33  2772.8  21727.3  -16513.3  245.124  14203.1
964  128  2025-06-09 22-10-33  2774.4  21739.8  -16517.9  245.182  14194.8
965  128  2025-06-09 22-10-33  2776  21752.3  -16522.6  245.239  14204.3
966  128  2025-06-09 22-10-33  2777.6  21764.8  -16527.2  245.297  14196
967  128  2025-06-09 22-10-33  2779.2  21777.3  -16532  245.355  14205.5
968  128  2025-06-09 22-10-33  2780.8  21789.7  -16536.7  245.412  14202.1
969  128  2025-06-09 22-10-33  2782.4  21802.2  -16541.4  245.47  14206.7
970  128  2025-06-09 22-10-33  2784  21814.7  -16546.3  245.527  14211.4
971  128  2025-06-09 22-10-33  2785.6  21827.1  -16551.1  245.441  14216.2
972  128  2025-06-09 22-10-33  2787.2  21839.4  -16556.1  245.355  14221
973  128  2025-06-09 22-10-33  2788.8  21851.8  -16561.1  245.268  14225.8
974  128  2025-06-09 22-10-33  2790.4  21864.1  -16566.2  245.182  14230.7
975  128  2025-06-09 22-10-33  2792  21876.4  -16571.3  245.096  14235.7
976  128  2025-06-09 22-10-33  2793.6  21888.6  -16576.5  245.009  14240.7
977  128  2025-06-09 22-10-33  2795.2  21900.8  -16581.8  245.067  14247.3
978  128  2025-06-09 22-10-33  2796.8  21913  -16587.2  244.98  14254
979  128  2025-06-09 22-10-33  2798.4  21925.1  -16592.7  244.894  14260.8
980  128  2025-06-09 22-10-33  2800  21937.2  -16598.3  244.808  14267.7
981  128  2025-06-09 22-10-33  2801.6  21949.3  -16603.8  244.865  14263.3
982  128  2025-06-09 22-10-33  2803.2  21961.4  -16609.2  244.779  14258.8
983  128  2025-06-09 22-10-33  2804.8  21973.5  -16614.6  244.693  14254.3
984  128  2025-06-09 22-10-33  2806.4  21985.7  -16619.9  244.606  14249.8
985  128  2025-06-09 22-10-33  2808  21997.8  -16625.1  244.52  14245.2
986  128  2025-06-09 22-10-33  2809.6  22010  -16630.3  244.434  14240.5
987  128  2025-06-09 22-10-33  2811.2  22022.2  -16635.4  244.347  14235.9
988  128  2025-06-09 22-10-33  2812.8  22034.4  -16640.5  244.261  14231.1
989  128  2025-06-09 22-10-33  2814.4  22046.7  -16645.5  244.175  14226.3
990  128  2025-06-09 22-10-33  2816  22058.9  -16650.4  244.088  14221.5
991  128  2025-06-09 22-10-33  2817.6  22071.3  -16655.1  244.175  14205.5
992  128  2025-06-09 22-10-33  2819.2  22083.7  -16659.6  244.261  14189.5
993  128  2025-06-09 22-10-33  2820.8  22096.3  -16663.8  244.347  14173.5
994  128  2025-06-09 22-10-33  2822.4  22108.9  -16667.9  244.434  14157.5
995  128  2025-06-09 22-10-33  2824  22121.5  -16671.7  244.52  14141.5
996  128  2025-06-09 22-10-33  2825.6  22134.3  -16675.4  244.606  14125.5
997  128  2025-06-09 22-10-33  2827.2  22147.1  -16678.8  244.693  14109.5
998  128  2025-06-09 22-10-33  2828.8  22160  -16682.1  244.779  14107.7
999  128  2025-06-09 22-10-33  2830.4  22172.8  -16685.5  244.865  14105.9
1000  128  2025-06-09 22-10-33  14032  22185.7  -16688.8  244.952  14104.2
1001  128  2025-06-09 22-10-33  14033.6  22198.6  -16692.1  245.038  14102.4
1002  128  2025-06-09 22-10-33  14035.2  22211.5  -16695.4  245.124  14100.6
