SN    USVID    CurTime    simTime    CurX    CurY    CurVel      CurYaw   
0  208  2025-06-09 22-13-11  0  17240  4.89843e-16  192  2672
1  208  2025-06-09 22-13-11  1.6  17248  9.80038e-16  192.058  2672
2  208  2025-06-09 22-13-11  3.2  17256  1.47058e-15  192.115  2672
3  208  2025-06-09 22-13-11  4.8  17264  1.96148e-15  192.173  2672
4  208  2025-06-09 22-13-11  6.4  17272.1  2.45274e-15  192.23  2672
5  208  2025-06-09 22-13-11  8  17280.1  2.94434e-15  192.288  2672
6  208  2025-06-09 22-13-11  9.6  17288.1  3.4363e-15  192.345  2672
7  208  2025-06-09 22-13-11  11.2  17296.2  3.92861e-15  192.403  2672
8  208  2025-06-09 22-13-11  12.8  17304.2  4.42127e-15  192.46  2672
9  208  2025-06-09 22-13-11  14.4  17312.3  4.91428e-15  192.518  2672
10  208  2025-06-09 22-13-11  128  17320.3  5.40765e-15  192.576  2672
11  208  2025-06-09 22-13-11  129.6  17328.4  5.90137e-15  192.633  2672
12  208  2025-06-09 22-13-11  131.2  17336.4  6.39544e-15  192.691  2672
13  208  2025-06-09 22-13-11  132.8  17344.5  6.88987e-15  192.748  2672
14  208  2025-06-09 22-13-11  134.4  17352.6  7.38464e-15  192.806  2672
15  208  2025-06-09 22-13-11  136  17360.7  7.87977e-15  192.863  2672
16  208  2025-06-09 22-13-11  137.6  17368.8  8.37525e-15  192.921  2672
17  208  2025-06-09 22-13-11  139.2  17376.9  8.87109e-15  192.978  2672
18  208  2025-06-09 22-13-11  140.8  17385  9.36727e-15  193.036  2672
19  208  2025-06-09 22-13-11  142.4  17393.1  9.86381e-15  193.094  2672
20  208  2025-06-09 22-13-11  144  17401.2  1.03607e-14  193.151  2672
21  208  2025-06-09 22-13-11  145.6  17409.3  1.08579e-14  193.209  2672
22  208  2025-06-09 22-13-11  147.2  17417.5  1.13555e-14  193.266  2672
23  208  2025-06-09 22-13-11  148.8  17425.6  1.18535e-14  193.324  2672
24  208  2025-06-09 22-13-11  150.4  17433.7  1.23518e-14  193.381  2672
25  208  2025-06-09 22-13-11  152  17441.9  1.28504e-14  193.439  2672
26  208  2025-06-09 22-13-11  153.6  17450  1.33494e-14  193.496  2672
27  208  2025-06-09 22-13-11  155.2  17458.2  1.38488e-14  193.554  2672
28  208  2025-06-09 22-13-11  156.8  17466.3  1.43485e-14  193.612  2672
29  208  2025-06-09 22-13-11  158.4  17474.5  1.48486e-14  193.669  2672
30  208  2025-06-09 22-13-11  160  17482.7  1.5349e-14  193.727  2672
31  208  2025-06-09 22-13-11  161.6  17490.9  1.58498e-14  193.784  2672
32  208  2025-06-09 22-13-11  163.2  17499  1.63509e-14  193.842  2672
33  208  2025-06-09 22-13-11  164.8  17507.2  1.68524e-14  193.899  2672
34  208  2025-06-09 22-13-11  166.4  17515.4  1.73542e-14  193.957  2672
35  208  2025-06-09 22-13-11  168  17523.6  1.78564e-14  194.014  2672
36  208  2025-06-09 22-13-11  169.6  17531.8  1.83589e-14  194.072  2672
37  208  2025-06-09 22-13-11  171.2  17540  1.88618e-14  194.13  2672
38  208  2025-06-09 22-13-11  172.8  17548.3  1.9365e-14  194.187  2672
39  208  2025-06-09 22-13-11  174.4  17556.5  1.98686e-14  194.245  2672
40  208  2025-06-09 22-13-11  176  17564.7  2.03725e-14  194.302  2672
41  208  2025-06-09 22-13-11  177.6  17573  2.08768e-14  194.36  2672
42  208  2025-06-09 22-13-11  179.2  17581.2  2.13815e-14  194.417  2672
43  208  2025-06-09 22-13-11  180.8  17589.4  2.18865e-14  194.475  2672
44  208  2025-06-09 22-13-11  182.4  17597.7  2.23918e-14  194.532  2672
45  208  2025-06-09 22-13-11  184  17606  2.28975e-14  194.59  2672
46  208  2025-06-09 22-13-11  185.6  17614.2  2.34036e-14  194.648  2672
47  208  2025-06-09 22-13-11  187.2  17622.5  2.391e-14  194.705  2672
48  208  2025-06-09 22-13-11  188.8  17630.8  2.44167e-14  194.763  2672
49  208  2025-06-09 22-13-11  190.4  17639.1  2.49238e-14  194.82  2672
50  208  2025-06-09 22-13-11  192  17647.3  2.54313e-14  194.878  2672
51  208  2025-06-09 22-13-11  193.6  17655.6  2.59391e-14  194.935  2672
52  208  2025-06-09 22-13-11  195.2  17663.9  2.64473e-14  194.993  2672
53  208  2025-06-09 22-13-11  196.8  17672.2  2.69558e-14  195.05  2672
54  208  2025-06-09 22-13-11  198.4  17680.5  2.74647e-14  195.108  2672
55  208  2025-06-09 22-13-11  200  17688.9  2.79739e-14  195.166  2672
56  208  2025-06-09 22-13-11  201.6  17697.2  2.84835e-14  195.223  2672
57  208  2025-06-09 22-13-11  203.2  17705.5  2.89934e-14  195.281  2672
58  208  2025-06-09 22-13-11  204.8  17713.8  2.95037e-14  195.338  2672
59  208  2025-06-09 22-13-11  206.4  17722.2  3.00143e-14  195.396  2672
60  208  2025-06-09 22-13-11  208  17730.5  3.05253e-14  195.453  2672
61  208  2025-06-09 22-13-11  209.6  17738.9  3.10367e-14  195.511  2672
62  208  2025-06-09 22-13-11  211.2  17747.2  3.15484e-14  195.568  2672
63  208  2025-06-09 22-13-11  212.8  17755.6  3.20604e-14  195.626  2672
64  208  2025-06-09 22-13-11  214.4  17764  3.25728e-14  195.684  2672
65  208  2025-06-09 22-13-11  216  17772.3  3.30855e-14  195.741  2672
66  208  2025-06-09 22-13-11  217.6  17780.7  3.35986e-14  195.799  2672
67  208  2025-06-09 22-13-11  219.2  17789.1  3.41121e-14  195.856  2672
68  208  2025-06-09 22-13-11  220.8  17797.5  3.46259e-14  195.914  2672
69  208  2025-06-09 22-13-11  222.4  17805.9  3.51401e-14  195.971  2672
70  208  2025-06-09 22-13-11  224  17814.3  3.56546e-14  196.029  2672
71  208  2025-06-09 22-13-11  225.6  17822.7  3.61694e-14  196.086  2672
72  208  2025-06-09 22-13-11  227.2  17831.1  3.66847e-14  196.144  2672
73  208  2025-06-09 22-13-11  228.8  17839.5  3.72002e-14  196.202  2672
74  208  2025-06-09 22-13-11  230.4  17848  3.77162e-14  196.259  2672
75  208  2025-06-09 22-13-11  232  17856.4  3.82324e-14  196.317  2672
76  208  2025-06-09 22-13-11  233.6  17864.8  3.87491e-14  196.374  2672
77  208  2025-06-09 22-13-11  235.2  17873.3  3.9266e-14  196.432  2672
78  208  2025-06-09 22-13-11  236.8  17881.7  3.97834e-14  196.489  2672
79  208  2025-06-09 22-13-11  238.4  17890.2  4.0301e-14  196.547  2672
80  208  2025-06-09 22-13-11  240  17898.6  4.08191e-14  196.604  2672
81  208  2025-06-09 22-13-11  241.6  17907.1  4.13375e-14  196.662  2672
82  208  2025-06-09 22-13-11  243.2  17915.6  4.18562e-14  196.72  2672
83  208  2025-06-09 22-13-11  244.8  17924.1  4.23753e-14  196.777  2672
84  208  2025-06-09 22-13-11  246.4  17932.5  4.28947e-14  196.835  2672
85  208  2025-06-09 22-13-11  248  17941  4.34145e-14  196.892  2672
86  208  2025-06-09 22-13-11  249.6  17949.5  4.39347e-14  196.95  2672
87  208  2025-06-09 22-13-11  251.2  17958  4.44552e-14  197.007  2672
88  208  2025-06-09 22-13-11  252.8  17966.5  4.49761e-14  197.065  2672
89  208  2025-06-09 22-13-11  254.4  17975.1  4.54973e-14  197.122  2672
90  208  2025-06-09 22-13-11  256  17983.6  4.60188e-14  197.18  2672
91  208  2025-06-09 22-13-11  257.6  17992.1  4.65407e-14  197.238  2672
92  208  2025-06-09 22-13-11  259.2  18000.6  4.7063e-14  197.295  2672
93  208  2025-06-09 22-13-11  260.8  18009.2  4.75856e-14  197.353  2672
94  208  2025-06-09 22-13-11  262.4  18017.7  4.81086e-14  197.41  2672
95  208  2025-06-09 22-13-11  264  18026.2  4.86319e-14  197.468  2672
96  208  2025-06-09 22-13-11  265.6  18034.8  4.91556e-14  197.525  2672
97  208  2025-06-09 22-13-11  267.2  18043.4  4.96796e-14  197.583  2672
98  208  2025-06-09 22-13-11  268.8  18051.9  5.0204e-14  197.641  2672
99  208  2025-06-09 22-13-11  270.4  18060.5  5.07287e-14  197.698  2672
100  208  2025-06-09 22-13-11  1392  18069.1  5.12538e-14  197.756  2672
101  208  2025-06-09 22-13-11  1393.6  18077.6  5.17792e-14  197.813  2672
102  208  2025-06-09 22-13-11  1395.2  18086.2  5.2305e-14  197.871  2672
103  208  2025-06-09 22-13-11  1396.8  18094.8  5.28312e-14  197.928  2672
104  208  2025-06-09 22-13-11  1398.4  18103.4  5.33577e-14  197.986  2672
105  208  2025-06-09 22-13-11  1400  18112  5.38845e-14  198.043  2672
106  208  2025-06-09 22-13-11  1401.6  18120.6  5.44117e-14  198.101  2672
107  208  2025-06-09 22-13-11  1403.2  18129.3  5.49393e-14  198.159  2672
108  208  2025-06-09 22-13-11  1404.8  18137.9  5.54672e-14  198.216  2672
109  208  2025-06-09 22-13-11  1406.4  18146.5  5.59954e-14  198.274  2672
110  208  2025-06-09 22-13-11  1408  18155.1  5.6524e-14  198.331  2672
111  208  2025-06-09 22-13-11  1409.6  18163.8  5.7053e-14  198.389  2672
112  208  2025-06-09 22-13-11  1411.2  18172.4  5.75823e-14  198.446  2672
113  208  2025-06-09 22-13-11  1412.8  18181.1  5.8112e-14  198.504  2672
114  208  2025-06-09 22-13-11  1414.4  18189.7  5.8642e-14  198.561  2672
115  208  2025-06-09 22-13-11  1416  18198.4  5.91724e-14  198.619  2672
116  208  2025-06-09 22-13-11  1417.6  18207.1  5.97031e-14  198.677  2672
117  208  2025-06-09 22-13-11  1419.2  18215.7  6.02342e-14  198.734  2672
118  208  2025-06-09 22-13-11  1420.8  18224.4  6.07656e-14  198.792  2672
119  208  2025-06-09 22-13-11  1422.4  18233.1  6.12974e-14  198.849  2672
120  208  2025-06-09 22-13-11  1424  18241.8  6.18295e-14  198.907  2672
121  208  2025-06-09 22-13-11  1425.6  18250.5  6.2362e-14  198.964  2672
122  208  2025-06-09 22-13-11  1427.2  18259.2  6.28948e-14  199.022  2672
123  208  2025-06-09 22-13-11  1428.8  18267.9  6.3428e-14  199.079  2672
124  208  2025-06-09 22-13-11  1430.4  18276.6  6.39616e-14  199.137  2672
125  208  2025-06-09 22-13-11  1432  18285.3  6.44955e-14  199.195  2672
126  208  2025-06-09 22-13-11  1433.6  18294.1  6.50297e-14  199.252  2672
127  208  2025-06-09 22-13-11  1435.2  18302.8  6.55643e-14  199.31  2672
128  208  2025-06-09 22-13-11  1436.8  18311.5  6.60993e-14  199.367  2672
129  208  2025-06-09 22-13-11  1438.4  18320.3  6.66346e-14  199.425  2672
130  208  2025-06-09 22-13-11  1440  18329  6.71702e-14  199.482  2672
131  208  2025-06-09 22-13-11  1441.6  18337.8  6.77062e-14  199.54  2672
132  208  2025-06-09 22-13-11  1443.2  18346.5  6.82426e-14  199.597  2672
133  208  2025-06-09 22-13-11  1444.8  18355.3  6.87793e-14  199.655  2672
134  208  2025-06-09 22-13-11  1446.4  18364.1  6.93164e-14  199.713  2672
135  208  2025-06-09 22-13-11  1448  18372.8  6.98538e-14  199.77  2672
136  208  2025-06-09 22-13-11  1449.6  18381.6  7.03916e-14  199.828  2672
137  208  2025-06-09 22-13-11  1451.2  18390.4  7.09297e-14  199.885  2672
138  208  2025-06-09 22-13-11  1452.8  18399.2  7.14682e-14  199.943  2672
139  208  2025-06-09 22-13-11  1454.4  18408  7.2007e-14  200  2672
140  208  2025-06-09 22-13-11  1456  18416.8  7.25462e-14  200.058  2672
141  208  2025-06-09 22-13-11  1457.6  18425.6  7.30857e-14  200.115  2672
142  208  2025-06-09 22-13-11  1459.2  18434.4  7.36256e-14  200.173  2672
143  208  2025-06-09 22-13-11  1460.8  18443.3  7.41658e-14  200.231  2672
144  208  2025-06-09 22-13-11  1462.4  18452.1  7.47064e-14  200.288  2672
145  208  2025-06-09 22-13-11  1464  18460.9  7.52474e-14  200.346  2672
146  208  2025-06-09 22-13-11  1465.6  18469.8  7.57887e-14  200.403  2672
147  208  2025-06-09 22-13-11  1467.2  18478.6  7.63303e-14  200.461  2672
148  208  2025-06-09 22-13-11  1468.8  18487.5  7.68723e-14  200.518  2672
149  208  2025-06-09 22-13-11  1470.4  18496.3  7.74147e-14  200.576  2672
150  208  2025-06-09 22-13-11  1472  18505.2  7.79574e-14  200.633  2672
151  208  2025-06-09 22-13-11  1473.6  18514.1  7.85004e-14  200.691  2672
152  208  2025-06-09 22-13-11  1475.2  18522.9  7.90438e-14  200.749  2672
153  208  2025-06-09 22-13-11  1476.8  18531.8  7.95876e-14  200.806  2672
154  208  2025-06-09 22-13-11  1478.4  18540.7  8.01317e-14  200.864  2672
155  208  2025-06-09 22-13-11  1480  18549.6  8.06762e-14  200.921  2672
156  208  2025-06-09 22-13-11  1481.6  18558.5  8.1221e-14  200.979  2672
157  208  2025-06-09 22-13-11  1483.2  18567.4  8.17662e-14  201.036  2672
158  208  2025-06-09 22-13-11  1484.8  18576.3  8.23117e-14  201.094  2672
159  208  2025-06-09 22-13-11  1486.4  18585.2  8.28576e-14  201.151  2672
160  208  2025-06-09 22-13-11  1488  18594.1  8.34038e-14  201.209  2672
161  208  2025-06-09 22-13-11  1489.6  18603.1  8.39504e-14  201.267  2672
162  208  2025-06-09 22-13-11  1491.2  18612  8.44973e-14  201.324  2672
163  208  2025-06-09 22-13-11  1492.8  18620.9  8.50446e-14  201.382  2672
164  208  2025-06-09 22-13-11  1494.4  18629.9  8.55922e-14  201.439  2672
165  208  2025-06-09 22-13-11  1496  18638.8  8.61402e-14  201.497  2672
166  208  2025-06-09 22-13-11  1497.6  18647.8  8.66886e-14  201.554  2672
167  208  2025-06-09 22-13-11  1499.2  18656.7  8.72373e-14  201.612  2672
168  208  2025-06-09 22-13-11  1500.8  18665.7  8.77863e-14  201.669  2672
169  208  2025-06-09 22-13-11  1502.4  18674.7  8.83357e-14  201.727  2672
170  208  2025-06-09 22-13-11  1504  18683.7  8.88855e-14  201.785  2672
171  208  2025-06-09 22-13-11  1505.6  18692.6  8.94356e-14  201.842  2672
172  208  2025-06-09 22-13-11  1507.2  18701.6  8.9986e-14  201.9  2672
173  208  2025-06-09 22-13-11  1508.8  18710.6  9.05368e-14  201.957  2672
174  208  2025-06-09 22-13-11  1510.4  18719.6  9.1088e-14  202.015  2672
175  208  2025-06-09 22-13-11  1512  18728.6  9.16395e-14  202.072  2672
176  208  2025-06-09 22-13-11  1513.6  18737.6  9.21914e-14  202.13  2672
177  208  2025-06-09 22-13-11  1515.2  18746.7  9.27436e-14  202.187  2672
178  208  2025-06-09 22-13-11  1516.8  18755.7  9.32962e-14  202.245  2672
179  208  2025-06-09 22-13-11  1518.4  18764.7  9.38491e-14  202.303  2672
180  208  2025-06-09 22-13-11  1520  18773.8  9.44024e-14  202.36  2672
181  208  2025-06-09 22-13-11  1521.6  18782.8  9.4956e-14  202.418  2672
182  208  2025-06-09 22-13-11  1523.2  18791.8  9.551e-14  202.475  2672
183  208  2025-06-09 22-13-11  1524.8  18800.9  9.60643e-14  202.533  2672
184  208  2025-06-09 22-13-11  1526.4  18810  9.6619e-14  202.59  2672
185  208  2025-06-09 22-13-11  1528  18819  9.71741e-14  202.648  2672
186  208  2025-06-09 22-13-11  1529.6  18828.1  9.77295e-14  202.705  2672
187  208  2025-06-09 22-13-11  1531.2  18837.2  9.82852e-14  202.763  2672
188  208  2025-06-09 22-13-11  1532.8  18846.3  9.88413e-14  202.821  2672
189  208  2025-06-09 22-13-11  1534.4  18855.3  9.93978e-14  202.878  2672
190  208  2025-06-09 22-13-11  1536  18864.4  9.99546e-14  202.936  2672
191  208  2025-06-09 22-13-11  1537.6  18873.5  1.00512e-13  202.993  2672
192  208  2025-06-09 22-13-11  1539.2  18882.6  1.01069e-13  203.051  2672
193  208  2025-06-09 22-13-11  1540.8  18891.8  1.01627e-13  203.108  2672
194  208  2025-06-09 22-13-11  1542.4  18900.9  1.02185e-13  203.166  2672
195  208  2025-06-09 22-13-11  1544  18910  1.02744e-13  203.223  2672
196  208  2025-06-09 22-13-11  1545.6  18919.1  1.03303e-13  203.281  2672
197  208  2025-06-09 22-13-11  1547.2  18928.3  1.03862e-13  203.339  2672
198  208  2025-06-09 22-13-11  1548.8  18937.4  1.04422e-13  203.396  2672
199  208  2025-06-09 22-13-11  1550.4  18946.5  1.04982e-13  203.454  2672
200  208  2025-06-09 22-13-11  1552  18955.7  1.05542e-13  203.511  2672
201  208  2025-06-09 22-13-11  1553.6  18964.8  1.06103e-13  203.569  2672
202  208  2025-06-09 22-13-11  1555.2  18974  1.06664e-13  203.626  2672
203  208  2025-06-09 22-13-11  1556.8  18983.2  1.07225e-13  203.684  2672
204  208  2025-06-09 22-13-11  1558.4  18992.3  1.07787e-13  203.741  2672
205  208  2025-06-09 22-13-11  1560  19001.5  1.08349e-13  203.799  2672
206  208  2025-06-09 22-13-11  1561.6  19010.7  1.08911e-13  203.857  2672
207  208  2025-06-09 22-13-11  1563.2  19019.9  1.09474e-13  203.914  2672
208  208  2025-06-09 22-13-11  1564.8  19029.1  1.10037e-13  203.972  2672
209  208  2025-06-09 22-13-11  1566.4  19038.3  1.10601e-13  204.029  2672
210  208  2025-06-09 22-13-11  1568  19047.5  1.11165e-13  204.087  2672
211  208  2025-06-09 22-13-11  1569.6  19056.7  1.11729e-13  204.144  2672
212  208  2025-06-09 22-13-11  1571.2  19066  1.12293e-13  204.202  2672
213  208  2025-06-09 22-13-11  1572.8  19075.2  1.12858e-13  204.259  2672
214  208  2025-06-09 22-13-11  1574.4  19084.4  1.13424e-13  204.317  2672
215  208  2025-06-09 22-13-11  1576  19093.6  1.13989e-13  204.375  2672
216  208  2025-06-09 22-13-11  1577.6  19102.9  1.14555e-13  204.432  2672
217  208  2025-06-09 22-13-11  1579.2  19112.1  1.15121e-13  204.49  2672
218  208  2025-06-09 22-13-11  1580.8  19121.4  1.15688e-13  204.547  2672
219  208  2025-06-09 22-13-11  1582.4  19130.7  1.16255e-13  204.605  2672
220  208  2025-06-09 22-13-11  1584  19139.9  1.16822e-13  204.662  2672
221  208  2025-06-09 22-13-11  1585.6  19149.2  1.1739e-13  204.72  2672
222  208  2025-06-09 22-13-11  1587.2  19158.5  1.17958e-13  204.777  2672
223  208  2025-06-09 22-13-11  1588.8  19167.8  1.18527e-13  204.835  2672
224  208  2025-06-09 22-13-11  1590.4  19177  1.19096e-13  204.893  2672
225  208  2025-06-09 22-13-11  1592  19186.3  1.19665e-13  204.95  2672
226  208  2025-06-09 22-13-11  1593.6  19195.6  1.20234e-13  205.008  2672
227  208  2025-06-09 22-13-11  1595.2  19204.9  1.20804e-13  205.065  2672
228  208  2025-06-09 22-13-11  1596.8  19214.3  1.21374e-13  205.123  2672
229  208  2025-06-09 22-13-11  1598.4  19223.6  1.21945e-13  205.18  2672
230  208  2025-06-09 22-13-11  1600  19232.9  1.22516e-13  205.238  2672
231  208  2025-06-09 22-13-11  1601.6  19242.2  1.23087e-13  205.295  2672
232  208  2025-06-09 22-13-11  1603.2  19251.6  1.23658e-13  205.353  2672
233  208  2025-06-09 22-13-11  1604.8  19260.9  1.2423e-13  205.411  2672
234  208  2025-06-09 22-13-11  1606.4  19270.3  1.24803e-13  205.468  2672
235  208  2025-06-09 22-13-11  1608  19279.6  1.25375e-13  205.526  2672
236  208  2025-06-09 22-13-11  1609.6  19289  1.25948e-13  205.583  2672
237  208  2025-06-09 22-13-11  1611.2  19298.3  1.26522e-13  205.641  2672
238  208  2025-06-09 22-13-11  1612.8  19307.7  1.27095e-13  205.698  2672
239  208  2025-06-09 22-13-11  1614.4  19317.1  1.2767e-13  205.756  2672
240  208  2025-06-09 22-13-11  1616  19326.5  1.28244e-13  205.813  2672
241  208  2025-06-09 22-13-11  1617.6  19335.8  1.28819e-13  205.871  2672
242  208  2025-06-09 22-13-11  1619.2  19345.2  1.29394e-13  205.929  2672
243  208  2025-06-09 22-13-11  1620.8  19354.6  1.29969e-13  205.986  2672
244  208  2025-06-09 22-13-11  1622.4  19364  1.30545e-13  206.044  2672
245  208  2025-06-09 22-13-11  1624  19373.4  1.31121e-13  206.101  2672
246  208  2025-06-09 22-13-11  1625.6  19382.9  1.31698e-13  206.159  2672
247  208  2025-06-09 22-13-11  1627.2  19392.3  1.32275e-13  206.216  2672
248  208  2025-06-09 22-13-11  1628.8  19401.7  1.32852e-13  206.274  2672
249  208  2025-06-09 22-13-11  1630.4  19411.1  1.3343e-13  206.331  2672
250  208  2025-06-09 22-13-11  1632  19420.6  1.34008e-13  206.389  2672
251  208  2025-06-09 22-13-11  1633.6  19430  1.34586e-13  206.447  2672
252  208  2025-06-09 22-13-11  1635.2  19439.5  1.35165e-13  206.504  2672
253  208  2025-06-09 22-13-11  1636.8  19448.9  1.35744e-13  206.562  2672
254  208  2025-06-09 22-13-11  1638.4  19458.4  1.36323e-13  206.619  2672
255  208  2025-06-09 22-13-11  1640  19467.9  1.36903e-13  206.677  2672
256  208  2025-06-09 22-13-11  1641.6  19477.3  1.37483e-13  206.734  2672
257  208  2025-06-09 22-13-11  1643.2  19486.8  1.38063e-13  206.792  2672
258  208  2025-06-09 22-13-11  1644.8  19496.3  1.38644e-13  206.849  2672
259  208  2025-06-09 22-13-11  1646.4  19505.8  1.39225e-13  206.907  2672
260  208  2025-06-09 22-13-11  1648  19515.3  1.39806e-13  206.965  2672
261  208  2025-06-09 22-13-11  1649.6  19524.8  1.40388e-13  207.022  2672
262  208  2025-06-09 22-13-11  1651.2  19534.3  1.4097e-13  207.08  2672
263  208  2025-06-09 22-13-11  1652.8  19543.8  1.41553e-13  207.137  2672
264  208  2025-06-09 22-13-11  1654.4  19553.3  1.42136e-13  207.195  2672
265  208  2025-06-09 22-13-11  1656  19562.9  1.42719e-13  207.252  2672
266  208  2025-06-09 22-13-11  1657.6  19572.4  1.43303e-13  207.31  2672
267  208  2025-06-09 22-13-11  1659.2  19581.9  1.43887e-13  207.367  2672
268  208  2025-06-09 22-13-11  1660.8  19591.5  1.44471e-13  207.425  2672
269  208  2025-06-09 22-13-11  1662.4  19601  1.45056e-13  207.483  2672
270  208  2025-06-09 22-13-11  1664  19610.6  1.45641e-13  207.54  2672
271  208  2025-06-09 22-13-11  1665.6  19620.1  1.46226e-13  207.598  2672
272  208  2025-06-09 22-13-11  1667.2  19629.7  1.46812e-13  207.655  2672
273  208  2025-06-09 22-13-11  1668.8  19639.3  1.47398e-13  207.713  2672
274  208  2025-06-09 22-13-11  1670.4  19648.8  1.47984e-13  207.77  2672
275  208  2025-06-09 22-13-11  1672  19658.4  1.48571e-13  207.828  2672
276  208  2025-06-09 22-13-11  1673.6  19668  1.49158e-13  207.885  2672
277  208  2025-06-09 22-13-11  1675.2  19677.6  1.49745e-13  207.943  2672
278  208  2025-06-09 22-13-11  1676.8  19687.2  1.50333e-13  208.001  2672
279  208  2025-06-09 22-13-11  1678.4  19696.8  1.50921e-13  208.058  2672
280  208  2025-06-09 22-13-11  1680  19706.4  1.5151e-13  208.116  2672
281  208  2025-06-09 22-13-11  1681.6  19716  1.52099e-13  208.173  2672
282  208  2025-06-09 22-13-11  1683.2  19725.7  1.52688e-13  208.231  2672
283  208  2025-06-09 22-13-11  1684.8  19735.3  1.53278e-13  208.288  2672
284  208  2025-06-09 22-13-11  1686.4  19744.9  1.53867e-13  208.346  2672
285  208  2025-06-09 22-13-11  1688  19754.6  1.54458e-13  208.404  2672
286  208  2025-06-09 22-13-11  1689.6  19764.2  1.55048e-13  208.461  2672
287  208  2025-06-09 22-13-11  1691.2  19773.9  1.55639e-13  208.519  2672
288  208  2025-06-09 22-13-11  1692.8  19783.5  1.56231e-13  208.576  2672
289  208  2025-06-09 22-13-11  1694.4  19793.2  1.56822e-13  208.634  2672
290  208  2025-06-09 22-13-11  1696  19802.9  1.57414e-13  208.691  2672
291  208  2025-06-09 22-13-11  1697.6  19812.5  1.58007e-13  208.749  2672
292  208  2025-06-09 22-13-11  1699.2  19822.2  1.586e-13  208.806  2672
293  208  2025-06-09 22-13-11  1700.8  19831.9  1.59193e-13  208.864  2672
294  208  2025-06-09 22-13-11  1702.4  19841.6  1.59786e-13  208.922  2672
295  208  2025-06-09 22-13-11  1704  19851.3  1.6038e-13  208.979  2672
296  208  2025-06-09 22-13-11  1705.6  19861  1.60974e-13  209.037  2672
297  208  2025-06-09 22-13-11  1707.2  19870.7  1.61569e-13  209.094  2672
298  208  2025-06-09 22-13-11  1708.8  19880.4  1.62164e-13  209.152  2672
299  208  2025-06-09 22-13-11  1710.4  19890.1  1.62759e-13  209.209  2672
300  208  2025-06-09 22-13-11  1712  19899.9  1.63354e-13  209.267  2672
301  208  2025-06-09 22-13-11  1713.6  19909.6  1.6395e-13  209.324  2672
302  208  2025-06-09 22-13-11  1715.2  19919.3  1.64546e-13  209.382  2672
303  208  2025-06-09 22-13-11  1716.8  19929.1  1.65143e-13  209.44  2672
