SN    USVID    CurTime    simTime    CurX    CurY    CurVel      CurYaw   
0  128  2025-06-09 22-10-06  0  8  4.89843e-16  192  2672
1  128  2025-06-09 22-10-06  1.6  128.006  9.80038e-16  192.058  2672
2  128  2025-06-09 22-10-06  3.2  136.017  1.47058e-15  192.115  2672
3  128  2025-06-09 22-10-06  4.8  144.035  1.96148e-15  192.173  2672
4  128  2025-06-09 22-10-06  6.4  152.058  2.45274e-15  192.23  2672
5  128  2025-06-09 22-10-06  8  160.086  2.94434e-15  192.288  2672
6  128  2025-06-09 22-10-06  9.6  168.121  3.4363e-15  192.345  2672
7  128  2025-06-09 22-10-06  11.2  176.161  3.92861e-15  192.403  2672
8  128  2025-06-09 22-10-06  12.8  184.207  4.42127e-15  192.46  2672
9  128  2025-06-09 22-10-06  14.4  192.259  4.91428e-15  192.518  2672
10  128  2025-06-09 22-10-06  128  200.317  5.40765e-15  192.576  2672
11  128  2025-06-09 22-10-06  129.6  208.38  5.90137e-15  192.633  2672
12  128  2025-06-09 22-10-06  131.2  216.449  6.39544e-15  192.691  2672
13  128  2025-06-09 22-10-06  132.8  224.524  6.88987e-15  192.748  2672
14  128  2025-06-09 22-10-06  134.4  232.604  7.38464e-15  192.806  2672
15  128  2025-06-09 22-10-06  136  240.691  7.87977e-15  192.863  2672
16  128  2025-06-09 22-10-06  137.6  248.783  8.37525e-15  192.921  2672
17  128  2025-06-09 22-10-06  139.2  256.881  8.87109e-15  192.978  2672
18  128  2025-06-09 22-10-06  140.8  264.984  9.36727e-15  193.036  2672
19  128  2025-06-09 22-10-06  142.4  1393.09  9.86381e-15  193.094  2672
20  128  2025-06-09 22-10-06  144  1401.21  1.03607e-14  193.151  2672
21  128  2025-06-09 22-10-06  145.6  1409.33  1.08579e-14  193.209  2672
22  128  2025-06-09 22-10-06  147.2  1417.46  1.13555e-14  193.266  2672
23  128  2025-06-09 22-10-06  148.8  1425.59  1.18535e-14  193.324  2672
24  128  2025-06-09 22-10-06  150.4  1433.73  1.23518e-14  193.381  2672
25  128  2025-06-09 22-10-06  152  1441.87  1.28504e-14  193.439  2672
26  128  2025-06-09 22-10-06  153.6  1450.02  1.33494e-14  193.496  2672
27  128  2025-06-09 22-10-06  155.2  1458.18  1.38488e-14  193.554  2672
28  128  2025-06-09 22-10-06  156.8  1466.34  1.43485e-14  193.612  2672
29  128  2025-06-09 22-10-06  158.4  1474.5  1.48486e-14  193.669  2672
30  128  2025-06-09 22-10-06  160  1482.68  1.5349e-14  193.727  2672
31  128  2025-06-09 22-10-06  161.6  1490.85  1.58498e-14  193.784  2672
32  128  2025-06-09 22-10-06  163.2  1499.04  1.63509e-14  193.842  2672
33  128  2025-06-09 22-10-06  164.8  1507.23  1.68524e-14  193.899  2672
34  128  2025-06-09 22-10-06  166.4  1515.42  1.73542e-14  193.957  2672
35  128  2025-06-09 22-10-06  168  1523.63  1.78564e-14  194.014  2672
36  128  2025-06-09 22-10-06  169.6  1531.83  1.83589e-14  194.072  2672
37  128  2025-06-09 22-10-06  171.2  1540.05  1.88618e-14  194.13  2672
38  128  2025-06-09 22-10-06  172.8  1548.26  1.9365e-14  194.187  2672
39  128  2025-06-09 22-10-06  174.4  1556.49  1.98686e-14  194.245  2672
40  128  2025-06-09 22-10-06  176  1564.72  2.03725e-14  194.302  2672
41  128  2025-06-09 22-10-06  177.6  1572.96  2.08768e-14  194.36  2672
42  128  2025-06-09 22-10-06  179.2  1581.2  2.13815e-14  194.417  2672
43  128  2025-06-09 22-10-06  180.8  1589.44  2.18865e-14  194.475  2672
44  128  2025-06-09 22-10-06  182.4  1597.7  2.23918e-14  194.532  2672
45  128  2025-06-09 22-10-06  184  1605.96  2.28975e-14  194.59  2672
46  128  2025-06-09 22-10-06  185.6  1614.22  2.34036e-14  194.648  2672
47  128  2025-06-09 22-10-06  187.2  1622.49  2.391e-14  194.705  2672
48  128  2025-06-09 22-10-06  188.8  1630.77  2.44167e-14  194.763  2672
49  128  2025-06-09 22-10-06  190.4  1639.05  2.49238e-14  194.82  2672
50  128  2025-06-09 22-10-06  192  1647.34  2.54313e-14  194.878  2672
51  128  2025-06-09 22-10-06  193.6  1655.63  2.59391e-14  194.935  2672
52  128  2025-06-09 22-10-06  195.2  1663.93  2.64473e-14  194.993  2672
53  128  2025-06-09 22-10-06  196.8  1672.24  2.69558e-14  195.05  2672
54  128  2025-06-09 22-10-06  198.4  1680.55  2.74647e-14  195.108  2672
55  128  2025-06-09 22-10-06  200  1688.86  2.79739e-14  195.166  2672
56  128  2025-06-09 22-10-06  201.6  1697.19  2.84835e-14  195.223  2672
57  128  2025-06-09 22-10-06  203.2  1705.51  2.89934e-14  195.281  2672
58  128  2025-06-09 22-10-06  204.8  1713.85  2.95037e-14  195.338  2672
59  128  2025-06-09 22-10-06  206.4  1722.19  3.00143e-14  195.396  2672
60  128  2025-06-09 22-10-06  208  1730.53  3.05253e-14  195.453  2672
61  128  2025-06-09 22-10-06  209.6  1738.88  3.10367e-14  195.511  2672
62  128  2025-06-09 22-10-06  211.2  1747.24  3.15484e-14  195.568  2672
63  128  2025-06-09 22-10-06  212.8  1755.6  3.20604e-14  195.626  2672
64  128  2025-06-09 22-10-06  214.4  1763.97  3.25728e-14  195.684  2672
65  128  2025-06-09 22-10-06  216  1772.35  3.30855e-14  195.741  2672
66  128  2025-06-09 22-10-06  217.6  1780.73  3.35986e-14  195.799  2672
67  128  2025-06-09 22-10-06  219.2  1789.11  3.41121e-14  195.856  2672
68  128  2025-06-09 22-10-06  220.8  1797.5  3.46259e-14  195.914  2672
69  128  2025-06-09 22-10-06  222.4  1805.9  3.51401e-14  195.971  2672
70  128  2025-06-09 22-10-06  224  1814.3  3.56546e-14  196.029  2672
71  128  2025-06-09 22-10-06  225.6  1822.71  3.61694e-14  196.086  2672
72  128  2025-06-09 22-10-06  227.2  1831.13  3.66847e-14  196.144  2672
73  128  2025-06-09 22-10-06  228.8  1839.55  3.72002e-14  196.202  2672
74  128  2025-06-09 22-10-06  230.4  1847.97  3.77162e-14  196.259  2672
75  128  2025-06-09 22-10-06  232  1856.4  3.82324e-14  196.317  2672
76  128  2025-06-09 22-10-06  233.6  1864.83  3.87482e-14  196.23  2672
77  128  2025-06-09 22-10-06  235.2  1873.26  -0.0742893  196.288  2680.08
78  128  2025-06-09 22-10-06  236.8  1881.69  -0.2237  196.345  2688.24
79  128  2025-06-09 22-10-06  238.4  1890.13  -0.449059  196.403  2696.48
80  128  2025-06-09 22-10-06  240  1898.57  -0.751188  196.461  2704.8
81  128  2025-06-09 22-10-06  241.6  1907.01  -1.1309  196.518  2713.2
82  128  2025-06-09 22-10-06  243.2  1915.45  -1.58901  196.576  2721.68
83  128  2025-06-09 22-10-06  244.8  1923.9  -2.12633  196.633  2730.24
84  128  2025-06-09 22-10-06  246.4  1932.35  -2.74364  196.691  2738.88
85  128  2025-06-09 22-10-06  248  1940.79  -3.44174  196.748  2747.6
86  128  2025-06-09 22-10-06  249.6  1949.24  -4.22141  196.806  2756.4
87  128  2025-06-09 22-10-06  251.2  1957.68  -5.08343  196.863  2765.28
88  128  2025-06-09 22-10-06  252.8  1966.12  -6.02857  196.921  2774.24
89  128  2025-06-09 22-10-06  254.4  1974.56  -7.05757  196.979  2783.28
90  128  2025-06-09 22-10-06  256  1982.99  -8.17119  197.036  2792.4
91  128  2025-06-09 22-10-06  257.6  1991.41  -9.37018  197.094  2801.6
92  128  2025-06-09 22-10-06  259.2  1999.83  -10.6552  197.151  2810.88
93  128  2025-06-09 22-10-06  260.8  2008.24  -12.0271  197.209  2820.24
94  128  2025-06-09 22-10-06  262.4  2016.64  -13.4865  197.266  2829.68
95  128  2025-06-09 22-10-06  264  2025.03  -15.0341  197.324  14039.2
96  128  2025-06-09 22-10-06  265.6  2033.41  -128.671  197.382  14048.8
97  128  2025-06-09 22-10-06  267.2  2041.78  -130.397  197.439  14058.5
98  128  2025-06-09 22-10-06  268.8  2050.13  -132.213  197.497  14068.2
99  128  2025-06-09 22-10-06  270.4  2058.47  -134.12  197.554  14078.1
100  128  2025-06-09 22-10-06  1392  2066.8  -136.118  197.612  14088
101  128  2025-06-09 22-10-06  1393.6  2075.1  -138.209  197.669  14098
102  128  2025-06-09 22-10-06  1395.2  2083.39  -140.392  197.727  14108.1
103  128  2025-06-09 22-10-06  1396.8  2091.66  -142.669  197.784  14118.2
104  128  2025-06-09 22-10-06  1398.4  2099.92  -145.04  197.842  14128.5
105  128  2025-06-09 22-10-06  1400  2108.14  -147.504  197.9  14138.8
106  128  2025-06-09 22-10-06  1401.6  2116.35  -150.064  197.957  14149.2
107  128  2025-06-09 22-10-06  1403.2  2124.54  -152.643  197.871  14151.6
108  128  2025-06-09 22-10-06  1404.8  2132.73  -155.244  197.928  14154
109  128  2025-06-09 22-10-06  1406.4  2140.92  -157.869  197.986  14156.4
110  128  2025-06-09 22-10-06  1408  2149.1  -160.518  198.043  14158.8
111  128  2025-06-09 22-10-06  1409.6  2157.29  -163.189  198.101  14161.2
112  128  2025-06-09 22-10-06  1411.2  2165.47  -165.884  198.159  14163.6
113  128  2025-06-09 22-10-06  1412.8  2173.66  -168.601  198.216  14166
114  128  2025-06-09 22-10-06  1414.4  2181.84  -171.342  198.274  14168.4
115  128  2025-06-09 22-10-06  1416  2190.01  -174.107  198.331  14170.8
116  128  2025-06-09 22-10-06  1417.6  2198.19  -176.894  198.389  14173.2
117  128  2025-06-09 22-10-06  1419.2  2206.37  -179.705  198.446  14175.6
118  128  2025-06-09 22-10-06  1420.8  2214.54  -182.539  198.504  14178
119  128  2025-06-09 22-10-06  1422.4  2222.71  -185.397  198.561  14180.4
120  128  2025-06-09 22-10-06  1424  2230.88  -188.278  198.619  14182.8
121  128  2025-06-09 22-10-06  1425.6  2239.05  -191.182  198.677  14185.2
122  128  2025-06-09 22-10-06  1427.2  2247.21  -194.109  198.734  14187.6
123  128  2025-06-09 22-10-06  1428.8  2255.37  -197.06  198.792  14190
124  128  2025-06-09 22-10-06  1430.4  2263.53  -200.033  198.849  14192.4
125  128  2025-06-09 22-10-06  1432  2271.69  -203.031  198.907  14194.8
126  128  2025-06-09 22-10-06  1433.6  2279.84  -206.051  198.964  14197.2
127  128  2025-06-09 22-10-06  1435.2  2288  -209.095  199.022  14199.6
128  128  2025-06-09 22-10-06  1436.8  2296.11  -212.249  199.079  14211.7
129  128  2025-06-09 22-10-06  1438.4  2304.19  -215.512  199.137  14223.9
130  128  2025-06-09 22-10-06  1440  2312.23  -218.886  199.195  14236.2
131  128  2025-06-09 22-10-06  1441.6  2320.23  -222.37  199.252  14248.6
132  128  2025-06-09 22-10-06  1443.2  2328.19  -225.965  199.31  14261
133  128  2025-06-09 22-10-06  1444.8  2336.1  -229.671  199.367  14273.6
134  128  2025-06-09 22-10-06  1446.4  2343.97  -233.489  199.425  14286.3
135  128  2025-06-09 22-10-06  1448  2351.78  -237.418  199.482  14299.1
136  128  2025-06-09 22-10-06  1449.6  2359.55  -241.459  199.54  14311.9
137  128  2025-06-09 22-10-06  1451.2  2367.26  -245.611  199.597  14324.7
138  128  2025-06-09 22-10-06  1452.8  2374.92  -249.873  199.655  14337.5
139  128  2025-06-09 22-10-06  1454.4  2382.53  -254.244  199.713  14350.3
140  128  2025-06-09 22-10-06  1456  2390.07  -258.724  199.77  14363.1
141  128  2025-06-09 22-10-06  1457.6  2397.56  -263.311  199.828  14375.9
142  128  2025-06-09 22-10-06  1459.2  2404.99  -268.006  199.885  14388.7
143  128  2025-06-09 22-10-06  1460.8  2412.45  -1392.66  199.943  14383.8
144  128  2025-06-09 22-10-06  1462.4  2419.94  -1397.29  200  14378.8
145  128  2025-06-09 22-10-06  1464  2427.37  -1402.01  200.058  14391.6
146  128  2025-06-09 22-10-06  1465.6  2434.83  -1406.7  200.115  14386.6
147  128  2025-06-09 22-10-06  1467.2  2442.32  -1411.36  200.173  14381.6
148  128  2025-06-09 22-10-06  1468.8  2449.75  -1416.12  200.231  14394.3
149  128  2025-06-09 22-10-06  1470.4  2457.21  -1420.84  200.288  14389.2
150  128  2025-06-09 22-10-06  1472  2464.7  -1425.52  200.346  14384.2
151  128  2025-06-09 22-10-06  1473.6  2472.22  -1430.16  200.403  14379
152  128  2025-06-09 22-10-06  1475.2  2479.68  -1434.91  200.461  14391.5
153  128  2025-06-09 22-10-06  1476.8  2487.18  -1439.62  200.518  14386.4
154  128  2025-06-09 22-10-06  1478.4  2494.71  -1444.29  200.576  14381.1
155  128  2025-06-09 22-10-06  1480  2502.26  -1448.92  200.633  14375.8
156  128  2025-06-09 22-10-06  1481.6  2509.76  -1453.66  200.691  14388.2
157  128  2025-06-09 22-10-06  1483.2  2517.3  -1458.35  200.749  14382.9
158  128  2025-06-09 22-10-06  1484.8  2524.86  -1463  200.806  14377.5
159  128  2025-06-09 22-10-06  1486.4  2532.37  -1467.76  200.864  14389.9
160  128  2025-06-09 22-10-06  1488  2539.9  -1472.48  200.921  14384.5
161  128  2025-06-09 22-10-06  1489.6  2547.47  -1477.15  200.979  14379.1
162  128  2025-06-09 22-10-06  1491.2  2555.08  -1481.78  201.036  14373.5
163  128  2025-06-09 22-10-06  1492.8  2562.63  -1486.52  201.094  14385.7
164  128  2025-06-09 22-10-06  1494.4  2570.21  -1491.21  201.151  14380.2
165  128  2025-06-09 22-10-06  1496  2577.82  -1495.86  201.209  14374.6
166  128  2025-06-09 22-10-06  1497.6  2585.38  -1500.61  201.267  14386.7
167  128  2025-06-09 22-10-06  1499.2  2592.96  -1505.32  201.324  14381.2
168  128  2025-06-09 22-10-06  1500.8  2600.59  -1509.99  201.382  14375.5
169  128  2025-06-09 22-10-06  1502.4  2608.15  -1514.76  201.439  14387.6
170  128  2025-06-09 22-10-06  1504  2615.76  -1519.49  201.497  14381.9
171  128  2025-06-09 22-10-06  1505.6  2623.39  -1524.17  201.554  14376.2
172  128  2025-06-09 22-10-06  1507.2  2631.06  -1528.8  201.612  14370.4
173  128  2025-06-09 22-10-06  1508.8  2638.67  -1533.54  201.669  14382.3
174  128  2025-06-09 22-10-06  1510.4  2646.32  -1538.23  201.727  14376.6
175  128  2025-06-09 22-10-06  1512  2654  -1542.88  201.785  14370.7
176  128  2025-06-09 22-10-06  1513.6  2661.63  -1547.63  201.842  14382.5
177  128  2025-06-09 22-10-06  1515.2  2669.29  -1552.33  201.9  14376.7
178  128  2025-06-09 22-10-06  1516.8  2676.99  -1556.99  201.957  14370.8
179  128  2025-06-09 22-10-06  1518.4  2684.63  -1561.75  202.015  14382.6
180  128  2025-06-09 22-10-06  1520  2692.3  -1566.46  202.072  14376.7
181  128  2025-06-09 22-10-06  1521.6  2700.02  -1571.12  202.13  14370.7
182  128  2025-06-09 22-10-06  1523.2  2707.67  -1575.89  202.187  14382.4
183  128  2025-06-09 22-10-06  1524.8  2715.37  -1580.61  202.245  14376.4
184  128  2025-06-09 22-10-06  1526.4  2723.09  -1585.28  202.303  14370.4
185  128  2025-06-09 22-10-06  1528  2730.77  -1590.05  202.36  14382
186  128  2025-06-09 22-10-06  1529.6  2738.48  -1594.77  202.418  14376
187  128  2025-06-09 22-10-06  1531.2  2746.22  -1599.45  202.475  14369.9
188  128  2025-06-09 22-10-06  1532.8  2754  -1604.08  202.533  14363.7
189  128  2025-06-09 22-10-06  1534.4  2761.82  -1608.65  202.59  14357.4
190  128  2025-06-09 22-10-06  1536  2769.67  -1613.17  202.504  14351.1
191  128  2025-06-09 22-10-06  1537.6  2777.5  -1617.72  202.562  14354.3
192  128  2025-06-09 22-10-06  1539.2  2785.32  -1622.3  202.619  14357.6
193  128  2025-06-09 22-10-06  1540.8  2793.13  -1626.91  202.677  14360.9
194  128  2025-06-09 22-10-06  1542.4  2800.92  -1631.55  202.734  14364.2
195  128  2025-06-09 22-10-06  1544  2808.71  -1636.22  202.792  14367.5
196  128  2025-06-09 22-10-06  1545.6  2816.48  -1640.92  202.849  14370.9
197  128  2025-06-09 22-10-06  1547.2  2824.24  -1645.66  202.907  14374.2
198  128  2025-06-09 22-10-06  1548.8  2831.99  -1650.42  202.964  14377.6
199  128  2025-06-09 22-10-06  1550.4  14039.7  -1655.22  203.022  14381
200  128  2025-06-09 22-10-06  1552  14047.4  -1660.05  203.08  14384.4
201  128  2025-06-09 22-10-06  1553.6  14055.2  -1664.85  203.137  14379.8
202  128  2025-06-09 22-10-06  1555.2  14063  -1669.6  203.195  14375
203  128  2025-06-09 22-10-06  1556.8  14070.8  -1674.32  203.252  14370.3
204  128  2025-06-09 22-10-06  1558.4  14078.6  -1679  203.31  14365.4
205  128  2025-06-09 22-10-06  1560  14086.5  -1683.64  203.367  14360.5
206  128  2025-06-09 22-10-06  1561.6  14094.4  -1688.25  203.425  14355.5
207  128  2025-06-09 22-10-06  1563.2  14102.3  -1692.81  203.482  14350.5
208  128  2025-06-09 22-10-06  1564.8  14110.3  -1697.33  203.54  14345.4
209  128  2025-06-09 22-10-06  1566.4  14118.3  -1701.8  203.598  14340.2
210  128  2025-06-09 22-10-06  1568  14126.3  -1706.24  203.655  14335
211  128  2025-06-09 22-10-06  1569.6  14134.4  -1710.63  203.713  14329.7
212  128  2025-06-09 22-10-06  1571.2  14142.4  -1714.98  203.77  14324.3
213  128  2025-06-09 22-10-06  1572.8  14150.5  -1719.28  203.828  14318.9
214  128  2025-06-09 22-10-06  1574.4  14158.7  -1723.53  203.885  14313.4
215  128  2025-06-09 22-10-06  1576  14166.9  -1727.74  203.943  14307.9
216  128  2025-06-09 22-10-06  1577.6  14175.1  -1731.9  204  14302.2
217  128  2025-06-09 22-10-06  1579.2  14183.2  -1736.09  203.914  14306.3
218  128  2025-06-09 22-10-06  1580.8  14191.4  -1740.32  203.828  14310.3
219  128  2025-06-09 22-10-06  1582.4  14199.5  -1744.58  203.741  14314.4
220  128  2025-06-09 22-10-06  1584  14207.6  -1748.87  203.655  14318.5
221  128  2025-06-09 22-10-06  1585.6  14215.7  -1753.19  203.569  14322.6
222  128  2025-06-09 22-10-06  1587.2  14223.7  -1757.54  203.482  14326.8
223  128  2025-06-09 22-10-06  1588.8  14231.8  -1761.94  203.54  14331
224  128  2025-06-09 22-10-06  1590.4  14239.8  -1766.37  203.598  14335.3
225  128  2025-06-09 22-10-06  1592  14247.8  -1770.78  203.655  14331.5
226  128  2025-06-09 22-10-06  1593.6  14255.9  -1775.15  203.713  14327.6
227  128  2025-06-09 22-10-06  1595.2  14263.9  -1779.62  203.77  14338.2
228  128  2025-06-09 22-10-06  1596.8  14271.9  -1784.18  203.828  14349
229  128  2025-06-09 22-10-06  1598.4  14279.8  -1788.84  203.885  14359.8
230  128  2025-06-09 22-10-06  1600  14287.7  -1793.6  203.943  14370.7
231  128  2025-06-09 22-10-06  1601.6  14295.6  -1798.31  204  14364
232  128  2025-06-09 22-10-06  1603.2  14303.5  -1802.95  204.058  14357.2
233  128  2025-06-09 22-10-06  1604.8  14311.4  -1807.7  204.116  14368
234  128  2025-06-09 22-10-06  1606.4  14319.3  -1812.39  204.173  14361.2
235  128  2025-06-09 22-10-06  1608  14327.3  -1817.02  204.231  14354.3
236  128  2025-06-09 22-10-06  1609.6  14335.2  -1821.75  204.288  14365.1
237  128  2025-06-09 22-10-06  1611.2  14343.2  -1826.42  204.346  14358.2
238  128  2025-06-09 22-10-06  1612.8  14351.1  -1831.19  204.403  14369
239  128  2025-06-09 22-10-06  1614.4  14359.1  -1835.9  204.461  14362.2
240  128  2025-06-09 22-10-06  1616  14367.1  -1840.55  204.518  14355.2
241  128  2025-06-09 22-10-06  1617.6  14375  -1845.3  204.576  14366
242  128  2025-06-09 22-10-06  1619.2  14383  -1850  204.634  14359.1
243  128  2025-06-09 22-10-06  1620.8  14390.9  -1854.79  204.691  14369.8
244  128  2025-06-09 22-10-06  1622.4  14398.9  -1859.52  204.749  14362.9
245  128  2025-06-09 22-10-06  1624  14406.9  -1864.19  204.806  14355.9
246  128  2025-06-09 22-10-06  1625.6  14414.9  -1868.96  204.864  14366.6
247  128  2025-06-09 22-10-06  1627.2  14422.9  -1873.68  204.921  14359.6
248  128  2025-06-09 22-10-06  1628.8  14431  -1878.33  204.979  14352.6
249  128  2025-06-09 22-10-06  1630.4  14439  -1883.08  205.036  14363.2
250  128  2025-06-09 22-10-06  1632  14447  -1887.77  205.094  14356.2
251  128  2025-06-09 22-10-06  1633.6  14455  -1892.56  205.152  14366.8
252  128  2025-06-09 22-10-06  1635.2  14463  -1897.29  205.209  14359.8
253  128  2025-06-09 22-10-06  1636.8  14471.1  -1901.96  205.267  14352.7
254  128  2025-06-09 22-10-06  1638.4  14479.1  -1906.73  205.324  14363.3
255  128  2025-06-09 22-10-06  1640  14487.2  -1911.43  205.382  14356.2
256  128  2025-06-09 22-10-06  1641.6  14495.2  -1916.23  205.439  14366.8
257  128  2025-06-09 22-10-06  1643.2  14503.3  -1920.98  205.497  14359.8
258  128  2025-06-09 22-10-06  1644.8  14511.4  -1925.66  205.554  14352.6
259  128  2025-06-09 22-10-06  1646.4  14519.4  -1930.44  205.612  14363.2
260  128  2025-06-09 22-10-06  1648  14527.5  -1935.16  205.67  14356
261  128  2025-06-09 22-10-06  1649.6  14535.6  -1939.82  205.727  14348.8
262  128  2025-06-09 22-10-06  1651.2  14543.7  -1944.57  205.785  14359.3
263  128  2025-06-09 22-10-06  1652.8  14551.8  -1949.26  205.842  14352.1
264  128  2025-06-09 22-10-06  1654.4  14559.9  -1954.05  205.9  14362.6
265  128  2025-06-09 22-10-06  1656  14568  -1958.78  205.957  14355.4
266  128  2025-06-09 22-10-06  1657.6  14576.2  -1963.45  206.015  14348.1
267  128  2025-06-09 22-10-06  1659.2  14584.3  -1968.21  206.072  14358.6
268  128  2025-06-09 22-10-06  1660.8  14592.5  -1972.91  206.13  14351.3
269  128  2025-06-09 22-10-06  1662.4  14600.6  -1977.7  206.188  14361.8
270  128  2025-06-09 22-10-06  1664  14608.7  -1982.44  206.245  14354.5
271  128  2025-06-09 22-10-06  1665.6  14616.9  -1987.11  206.303  14347.2
272  128  2025-06-09 22-10-06  1667.2  14625.1  -1991.88  206.36  14357.6
273  128  2025-06-09 22-10-06  1668.8  14633.2  -1996.58  206.418  14350.3
274  128  2025-06-09 22-10-06  1670.4  14641.4  -2001.39  206.475  14360.7
275  128  2025-06-09 22-10-06  1672  14649.6  -2006.13  206.533  14353.4
276  128  2025-06-09 22-10-06  1673.6  14657.8  -2010.8  206.59  14346.1
277  128  2025-06-09 22-10-06  1675.2  14666  -2015.57  206.648  14356.4
278  128  2025-06-09 22-10-06  1676.8  14674.2  -2020.28  206.706  14349.1
279  128  2025-06-09 22-10-06  1678.4  14682.3  -2025.09  206.763  14359.4
280  128  2025-06-09 22-10-06  1680  14690.6  -2029.83  206.821  14352.1
281  128  2025-06-09 22-10-06  1681.6  14698.8  -2034.51  206.878  14344.7
282  128  2025-06-09 22-10-06  1683.2  14707  -2039.28  206.936  14355
283  128  2025-06-09 22-10-06  1684.8  14715.3  -2043.99  206.993  14347.6
284  128  2025-06-09 22-10-06  1686.4  14723.5  -2048.79  207.051  14357.9
285  128  2025-06-09 22-10-06  1688  14731.7  -2053.54  207.108  14350.5
286  128  2025-06-09 22-10-06  1689.6  14740  -2058.21  207.166  14343
287  128  2025-06-09 22-10-06  1691.2  14748.2  -2062.99  207.224  14353.3
288  128  2025-06-09 22-10-06  1692.8  14756.5  -2067.7  207.281  14345.8
289  128  2025-06-09 22-10-06  1694.4  14764.8  -2072.5  207.339  14356.1
290  128  2025-06-09 22-10-06  1696  14773  -2077.24  207.396  14348.7
291  128  2025-06-09 22-10-06  1697.6  14781.4  -2081.91  207.454  14341.2
292  128  2025-06-09 22-10-06  1699.2  14789.6  -2086.68  207.511  14351.4
293  128  2025-06-09 22-10-06  1700.8  14798  -2091.39  207.569  14343.9
294  128  2025-06-09 22-10-06  1702.4  14806.2  -2096.19  207.626  14354.1
295  128  2025-06-09 22-10-06  1704  14814.5  -2100.92  207.684  14346.6
296  128  2025-06-09 22-10-06  1705.6  14822.8  -2105.75  207.742  14356.8
297  128  2025-06-09 22-10-06  1707.2  14831.1  -2110.52  207.799  14349.4
298  128  2025-06-09 22-10-06  1708.8  14839.5  -2115.22  207.857  14341.8
299  128  2025-06-09 22-10-06  1710.4  14847.8  -2120.02  207.914  14352
300  128  2025-06-09 22-10-06  1712  14856.1  -2124.75  207.972  14344.5
301  128  2025-06-09 22-10-06  1713.6  14864.4  -2129.57  208.029  14354.7
302  128  2025-06-09 22-10-06  1715.2  14872.8  -2134.33  208.087  14347.2
303  128  2025-06-09 22-10-06  1716.8  14881.2  -2139.03  208.145  14339.6
304  128  2025-06-09 22-10-06  1718.4  14889.5  -2143.82  208.202  14349.7
305  128  2025-06-09 22-10-06  1720  14897.9  -2148.54  208.26  14342.1
306  128  2025-06-09 22-10-06  1721.6  14906.2  -2153.36  208.317  14352.2
307  128  2025-06-09 22-10-06  1723.2  14914.6  -2158.11  208.375  14344.7
308  128  2025-06-09 22-10-06  1724.8  14923.1  -2162.79  208.432  14337.1
309  128  2025-06-09 22-10-06  1726.4  14931.4  -2167.57  208.49  14347.1
310  128  2025-06-09 22-10-06  1728  14939.9  -2172.29  208.547  14339.5
311  128  2025-06-09 22-10-06  1729.6  14948.2  -2177.1  208.605  14349.6
312  128  2025-06-09 22-10-06  1731.2  14956.7  -2181.84  208.663  14342
313  128  2025-06-09 22-10-06  1732.8  14965  -2186.67  208.72  14352.1
314  128  2025-06-09 22-10-06  1734.4  14973.5  -2191.44  208.778  14344.5
315  128  2025-06-09 22-10-06  1736  14981.9  -2196.15  208.835  14336.8
316  128  2025-06-09 22-10-06  1737.6  14990.3  -2200.94  208.893  14346.9
317  128  2025-06-09 22-10-06  1739.2  14998.8  -2205.67  208.95  14339.2
318  128  2025-06-09 22-10-06  1740.8  15007.2  -2210.5  209.008  14349.3
319  128  2025-06-09 22-10-06  1742.4  15015.7  -2215.26  209.065  14341.6
320  128  2025-06-09 22-10-06  1744  15024.2  -2219.95  209.123  14333.9
321  128  2025-06-09 22-10-06  1745.6  15032.6  -2224.73  209.181  14343.9
322  128  2025-06-09 22-10-06  1747.2  15041.1  -2229.45  209.238  14336.2
323  128  2025-06-09 22-10-06  1748.8  15049.6  -2234.26  209.296  14346.2
324  128  2025-06-09 22-10-06  1750.4  15058.1  -2239  209.353  14338.5
325  128  2025-06-09 22-10-06  1752  15066.6  -2243.84  209.411  14348.5
326  128  2025-06-09 22-10-06  1753.6  15075.1  -2248.61  209.468  14340.9
327  128  2025-06-09 22-10-06  1755.2  15083.6  -2253.31  209.526  14333.1
328  128  2025-06-09 22-10-06  1756.8  15092.1  -2258.11  209.583  14343.1
329  128  2025-06-09 22-10-06  1758.4  15100.6  -2262.84  209.641  14335.4
330  128  2025-06-09 22-10-06  1760  15109.1  -2267.66  209.699  14345.3
331  128  2025-06-09 22-10-06  1761.6  15117.7  -2272.41  209.756  14337.6
332  128  2025-06-09 22-10-06  1763.2  15126.2  -2277.26  209.814  14347.6
333  128  2025-06-09 22-10-06  1764.8  15134.7  -2282.05  209.871  14339.9
334  128  2025-06-09 22-10-06  1766.4  15143.3  -2286.76  209.929  14332.1
335  128  2025-06-09 22-10-06  1768  15151.8  -2291.56  209.986  14342
336  128  2025-06-09 22-10-06  1769.6  15160.4  -2296.3  210.044  14334.3
337  128  2025-06-09 22-10-06  1771.2  15169  -2301.13  210.101  14344.2
338  128  2025-06-09 22-10-06  1772.8  15177.5  -2305.9  210.159  14336.5
339  128  2025-06-09 22-10-06  1774.4  15186.1  -2310.76  210.217  14346.4
340  128  2025-06-09 22-10-06  1776  15194.7  -2315.55  210.274  14338.7
341  128  2025-06-09 22-10-06  1777.6  15203.3  -2320.27  210.332  14330.9
342  128  2025-06-09 22-10-06  1779.2  15211.9  -2325.08  210.389  14340.8
343  128  2025-06-09 22-10-06  1780.8  15220.5  -2329.82  210.447  14333
344  128  2025-06-09 22-10-06  1782.4  15229.1  -2334.66  210.504  14342.9
345  128  2025-06-09 22-10-06  1784  15237.7  -2339.44  210.562  14335.1
346  128  2025-06-09 22-10-06  1785.6  15246.3  -2344.3  210.619  14345
347  128  2025-06-09 22-10-06  1787.2  15254.9  -2349.1  210.677  14337.3
348  128  2025-06-09 22-10-06  1788.8  15263.6  -2353.82  210.735  14329.4
349  128  2025-06-09 22-10-06  1790.4  15272.2  -2358.64  210.792  14339.3
350  128  2025-06-09 22-10-06  1792  15280.9  -2363.39  210.85  14331.5
351  128  2025-06-09 22-10-06  1793.6  15289.5  -2368.24  210.907  14341.3
352  128  2025-06-09 22-10-06  1795.2  15298.2  -2373.01  210.965  14333.5
353  128  2025-06-09 22-10-06  1796.8  15306.8  -2377.88  211.022  14343.4
354  128  2025-06-09 22-10-06  1798.4  15315.4  -2382.68  211.08  14335.6
355  128  2025-06-09 22-10-06  1800  15324.2  -2387.41  211.137  14327.8
356  128  2025-06-09 22-10-06  1801.6  15332.8  -2392.24  211.195  14337.6
357  128  2025-06-09 22-10-06  1803.2  15341.5  -2396.99  211.253  14329.7
358  128  2025-06-09 22-10-06  1804.8  15350.2  -2401.84  211.31  14339.6
359  128  2025-06-09 22-10-06  1806.4  15358.9  -2406.61  211.368  14331.7
360  128  2025-06-09 22-10-06  1808  15367.7  -2411.32  211.425  14323.8
361  128  2025-06-09 22-10-06  1809.6  15376.4  -2416.12  211.483  14333.6
362  128  2025-06-09 22-10-06  1811.2  15385.1  -2420.84  211.54  14325.7
363  128  2025-06-09 22-10-06  1812.8  15393.9  -2425.67  211.598  14335.5
364  128  2025-06-09 22-10-06  1814.4  15402.6  -2430.42  211.655  14327.6
365  128  2025-06-09 22-10-06  1816  15411.3  -2435.27  211.713  14337.4
366  128  2025-06-09 22-10-06  1817.6  15420.1  -2440.04  211.771  14329.5
367  128  2025-06-09 22-10-06  1819.2  15428.8  -2444.91  211.828  14339.3
368  128  2025-06-09 22-10-06  1820.8  15437.6  -2449.71  211.886  14331.5
369  128  2025-06-09 22-10-06  1822.4  15446.4  -2454.44  211.943  14323.6
370  128  2025-06-09 22-10-06  1824  15455.1  -2459.26  212.001  14333.3
371  128  2025-06-09 22-10-06  1825.6  15463.9  -2464.01  212.058  14325.4
372  128  2025-06-09 22-10-06  1827.2  15472.7  -2468.86  212.116  14335.2
373  128  2025-06-09 22-10-06  1828.8  15481.5  -2473.63  212.173  14327.3
374  128  2025-06-09 22-10-06  1830.4  15490.3  -2478.5  212.231  14337.1
375  128  2025-06-09 22-10-06  1832  15499.1  -2483.3  212.289  14329.2
376  128  2025-06-09 22-10-06  1833.6  15507.9  -2488.02  212.346  14321.2
377  128  2025-06-09 22-10-06  1835.2  15516.7  -2492.84  212.404  14330.9
378  128  2025-06-09 22-10-06  1836.8  15525.6  -2497.58  212.461  14323
379  128  2025-06-09 22-10-06  1838.4  15534.4  -2502.42  212.519  14332.7
380  128  2025-06-09 22-10-06  1840  15543.3  -2507.19  212.576  14324.8
381  128  2025-06-09 22-10-06  1841.6  15552.1  -2512.06  212.634  14334.5
382  128  2025-06-09 22-10-06  1843.2  15560.9  -2516.85  212.691  14326.6
383  128  2025-06-09 22-10-06  1844.8  15569.8  -2521.56  212.749  14318.6
384  128  2025-06-09 22-10-06  1846.4  15578.7  -2526.38  212.807  14328.3
385  128  2025-06-09 22-10-06  1848  15587.6  -2531.12  212.864  14320.3
386  128  2025-06-09 22-10-06  1849.6  15596.4  -2535.95  212.922  14330
387  128  2025-06-09 22-10-06  1851.2  15605.4  -2540.71  212.979  14322.1
388  128  2025-06-09 22-10-06  1852.8  15614.2  -2545.57  213.037  14331.8
389  128  2025-06-09 22-10-06  1854.4  15623.1  -2550.35  213.094  14323.9
390  128  2025-06-09 22-10-06  1856  15632  -2555.24  213.152  14333.6
391  128  2025-06-09 22-10-06  1857.6  15640.9  -2560.04  213.209  14325.7
392  128  2025-06-09 22-10-06  1859.2  15649.8  -2564.77  213.267  14317.6
393  128  2025-06-09 22-10-06  1860.8  15658.7  -2569.6  213.325  14327.3
394  128  2025-06-09 22-10-06  1862.4  15667.7  -2574.35  213.382  14319.3
395  128  2025-06-09 22-10-06  1864  15676.6  -2579.2  213.44  14329
396  128  2025-06-09 22-10-06  1865.6  15685.6  -2583.98  213.497  14321
397  128  2025-06-09 22-10-06  1867.2  15694.5  -2588.85  213.555  14330.8
398  128  2025-06-09 22-10-06  1868.8  15703.4  -2593.65  213.612  14322.8
399  128  2025-06-09 22-10-06  1870.4  15712.4  -2598.37  213.67  14314.7
400  128  2025-06-09 22-10-06  1872  15721.4  -2603.19  213.727  14324.4
401  128  2025-06-09 22-10-06  1873.6  15730.4  -2607.93  213.785  14316.4
402  128  2025-06-09 22-10-06  1875.2  15739.4  -2612.77  213.843  14326
403  128  2025-06-09 22-10-06  1876.8  15748.4  -2617.54  213.9  14318
404  128  2025-06-09 22-10-06  1878.4  15757.3  -2622.4  213.958  14327.7
405  128  2025-06-09 22-10-06  1880  15766.3  -2627.19  214.015  14319.7
406  128  2025-06-09 22-10-06  1881.6  15775.3  -2632.07  214.073  14329.4
407  128  2025-06-09 22-10-06  1883.2  15784.3  -2636.88  214.13  14321.4
408  128  2025-06-09 22-10-06  1884.8  15793.4  -2641.61  214.188  14313.3
409  128  2025-06-09 22-10-06  1886.4  15802.4  -2646.44  214.245  14323
410  128  2025-06-09 22-10-06  1888  15811.4  -2651.19  214.303  14314.9
411  128  2025-06-09 22-10-06  1889.6  15820.5  -2656.04  214.361  14324.6
412  128  2025-06-09 22-10-06  1891.2  15829.5  -2660.82  214.418  14316.5
413  128  2025-06-09 22-10-06  1892.8  15838.5  -2665.69  214.476  14326.2
414  128  2025-06-09 22-10-06  1894.4  15847.6  -2670.48  214.533  14318.2
415  128  2025-06-09 22-10-06  1896  15856.6  -2675.38  214.591  14327.9
416  128  2025-06-09 22-10-06  1897.6  15865.7  -2680.19  214.648  14319.9
417  128  2025-06-09 22-10-06  1899.2  15874.8  -2684.94  214.706  14311.8
418  128  2025-06-09 22-10-06  1900.8  15883.9  -2689.77  214.763  14321.4
419  128  2025-06-09 22-10-06  1902.4  15893  -2694.53  214.821  14313.3
420  128  2025-06-09 22-10-06  1904  15902  -2699.39  214.879  14323
421  128  2025-06-09 22-10-06  1905.6  15911.2  -2704.18  214.936  14314.9
422  128  2025-06-09 22-10-06  1907.2  15920.2  -2709.06  214.994  14324.6
423  128  2025-06-09 22-10-06  1908.8  15929.3  -2713.86  215.051  14316.5
424  128  2025-06-09 22-10-06  1910.4  15938.4  -2718.76  215.109  14326.2
425  128  2025-06-09 22-10-06  1912  15947.5  -2723.59  215.166  14318.2
426  128  2025-06-09 22-10-06  1913.6  15956.7  -2728.33  215.224  14310.1
427  128  2025-06-09 22-10-06  1915.2  15965.8  -2733.18  215.281  14319.7
428  128  2025-06-09 22-10-06  1916.8  15975  -2737.95  215.339  14311.6
429  128  2025-06-09 22-10-06  1918.4  15984.1  -2742.81  215.397  14321.2
430  128  2025-06-09 22-10-06  1920  15993.3  -2747.6  215.454  14313.2
431  128  2025-06-09 22-10-06  1921.6  16002.4  -2752.49  215.512  14322.8
432  128  2025-06-09 22-10-06  1923.2  16011.6  -2757.3  215.569  14314.7
433  128  2025-06-09 22-10-06  1924.8  16020.7  -2762.21  215.627  14324.4
434  128  2025-06-09 22-10-06  1926.4  16029.9  -2767.04  215.684  14316.4
435  128  2025-06-09 22-10-06  1928  16039.1  -2771.79  215.742  14308.2
436  128  2025-06-09 22-10-06  1929.6  16048.3  -2776.64  215.799  14317.8
437  128  2025-06-09 22-10-06  1931.2  16057.5  -2781.42  215.857  14309.7
438  128  2025-06-09 22-10-06  1932.8  16066.7  -2786.29  215.915  14319.3
439  128  2025-06-09 22-10-06  1934.4  16075.9  -2791.08  215.972  14311.2
440  128  2025-06-09 22-10-06  1936  16085.1  -2795.97  216.03  14320.9
441  128  2025-06-09 22-10-06  1937.6  16094.3  -2800.79  216.087  14312.8
442  128  2025-06-09 22-10-06  1939.2  16103.5  -2805.7  216.145  14322.4
443  128  2025-06-09 22-10-06  1940.8  16112.7  -2810.54  216.202  14314.4
444  128  2025-06-09 22-10-06  1942.4  16122  -2815.29  216.26  14306.3
445  128  2025-06-09 22-10-06  1944  16131.2  -2820.15  216.317  14315.8
446  128  2025-06-09 22-10-06  1945.6  16140.5  -2824.92  216.375  14307.7
447  128  2025-06-09 22-10-06  1947.2  16149.8  -2829.8  216.433  14317.3
448  128  2025-06-09 22-10-06  1948.8  16159  -14034.6  216.49  14309.2
449  128  2025-06-09 22-10-06  1950.4  16168.3  -14039.5  216.548  14318.8
450  128  2025-06-09 22-10-06  1952  16177.6  -14044.3  216.605  14310.7
451  128  2025-06-09 22-10-06  1953.6  16186.8  -14049.2  216.663  14320.3
452  128  2025-06-09 22-10-06  1955.2  16196.1  -14054.1  216.72  14312.3
453  128  2025-06-09 22-10-06  1956.8  16205.4  -14058.8  216.778  14304.1
454  128  2025-06-09 22-10-06  1958.4  16214.7  -14063.7  216.835  14313.7
455  128  2025-06-09 22-10-06  1960  16224  -14068.5  216.893  14305.6
456  128  2025-06-09 22-10-06  1961.6  16233.3  -14073.3  216.951  14315.1
457  128  2025-06-09 22-10-06  1963.2  16242.7  -14078.1  217.008  14307
458  128  2025-06-09 22-10-06  1964.8  16252  -14083  217.066  14316.6
459  128  2025-06-09 22-10-06  1966.4  16261.3  -14087.9  217.123  14308.5
460  128  2025-06-09 22-10-06  1968  16270.6  -14092.8  217.181  14318.1
461  128  2025-06-09 22-10-06  1969.6  16280  -14097.6  217.238  14310
462  128  2025-06-09 22-10-06  1971.2  16289.4  -14102.4  217.296  14301.9
463  128  2025-06-09 22-10-06  1972.8  16298.7  -14107.2  217.353  14311.4
464  128  2025-06-09 22-10-06  1974.4  16308.1  -14112  217.411  14303.2
465  128  2025-06-09 22-10-06  1976  16317.5  -14116.9  217.469  14312.8
466  128  2025-06-09 22-10-06  1977.6  16326.8  -14121.7  217.526  14304.7
467  128  2025-06-09 22-10-06  1979.2  16336.2  -14126.6  217.584  14314.2
468  128  2025-06-09 22-10-06  1980.8  16345.6  -14131.4  217.641  14306.1
469  128  2025-06-09 22-10-06  1982.4  16355  -14136.3  217.699  14315.7
470  128  2025-06-09 22-10-06  1984  16364.4  -14141.2  217.756  14307.6
471  128  2025-06-09 22-10-06  1985.6  16373.8  -14145.9  217.814  14299.4
472  128  2025-06-09 22-10-06  1987.2  16383.2  -14150.8  217.871  14309
473  128  2025-06-09 22-10-06  1988.8  16392.7  -14155.5  217.929  14300.8
474  128  2025-06-09 22-10-06  1990.4  16402.1  -14160.4  217.987  14310.3
475  128  2025-06-09 22-10-06  1992  16411.5  -14165.2  218.044  14302.2
476  128  2025-06-09 22-10-06  1993.6  16421  -14170.1  218.102  14311.7
477  128  2025-06-09 22-10-06  1995.2  16430.4  -14174.9  218.159  14303.6
478  128  2025-06-09 22-10-06  1996.8  16439.8  -14179.8  218.217  14313.2
479  128  2025-06-09 22-10-06  1998.4  16449.3  -14184.7  218.274  14305.1
480  128  2025-06-09 22-10-06  2000  16458.8  -14189.4  218.332  14296.9
481  128  2025-06-09 22-10-06  2001.6  16468.3  -14194.3  218.389  14306.4
482  128  2025-06-09 22-10-06  2003.2  16477.8  -14199.1  218.447  14298.2
483  128  2025-06-09 22-10-06  2004.8  16487.3  -14203.9  218.505  14307.7
484  128  2025-06-09 22-10-06  2006.4  16496.8  -14208.7  218.562  14299.6
485  128  2025-06-09 22-10-06  2008  16506.3  -14213.6  218.62  14309.1
486  128  2025-06-09 22-10-06  2009.6  16515.8  -14218.4  218.677  14301
487  128  2025-06-09 22-10-06  2011.2  16525.2  -14223.3  218.735  14310.5
488  128  2025-06-09 22-10-06  2012.8  16534.8  -14228.2  218.792  14302.4
489  128  2025-06-09 22-10-06  2014.4  16544.3  -14233.1  218.85  14312
490  128  2025-06-09 22-10-06  2016  16553.8  -14238  218.908  14303.8
491  128  2025-06-09 22-10-06  2017.6  16563.4  -14242.7  218.965  14295.6
492  128  2025-06-09 22-10-06  2019.2  16572.9  -14247.6  219.023  14305.2
493  128  2025-06-09 22-10-06  2020.8  16582.5  -14252.4  219.08  14297
494  128  2025-06-09 22-10-06  2022.4  16592  -14257.3  219.138  14306.5
495  128  2025-06-09 22-10-06  2024  16601.6  -14262.1  219.195  14298.3
496  128  2025-06-09 22-10-06  2025.6  16611.1  -14267  219.253  14307.9
497  128  2025-06-09 22-10-06  2027.2  16620.7  -14271.8  219.31  14299.7
498  128  2025-06-09 22-10-06  2028.8  16630.2  -14276.8  219.368  14309.3
499  128  2025-06-09 22-10-06  2030.4  16639.8  -14281.6  219.426  14301.2
500  128  2025-06-09 22-10-06  2032  16649.5  -14286.4  219.483  14292.9
501  128  2025-06-09 22-10-06  2033.6  16659  -14291.2  219.541  14302.4
502  128  2025-06-09 22-10-06  2035.2  16668.7  -14296  219.598  14294.2
503  128  2025-06-09 22-10-06  2036.8  16678.3  -14300.9  219.656  14303.7
504  128  2025-06-09 22-10-06  2038.4  16687.9  -14305.7  219.713  14295.6
505  128  2025-06-09 22-10-06  2040  16697.5  -14310.6  219.771  14305.1
506  128  2025-06-09 22-10-06  2041.6  16707.2  -14315.4  219.828  14296.9
507  128  2025-06-09 22-10-06  2043.2  16716.8  -14320.3  219.886  14306.5
508  128  2025-06-09 22-10-06  2044.8  16726.4  -14325.2  219.944  14298.3
509  128  2025-06-09 22-10-06  2046.4  16736  -14330.1  220.001  14307.9
510  128  2025-06-09 22-10-06  2048  16745.7  -14335  220.059  14299.7
511  128  2025-06-09 22-10-06  2049.6  16755.4  -14339.8  220.116  14291.5
512  128  2025-06-09 22-10-06  2051.2  16765  -14344.6  220.174  14301
513  128  2025-06-09 22-10-06  2052.8  16774.7  -14349.4  220.231  14292.8
514  128  2025-06-09 22-10-06  2054.4  16784.4  -14354.3  220.289  14302.3
515  128  2025-06-09 22-10-06  2056  16794.1  -14359.2  220.346  14294.2
516  128  2025-06-09 22-10-06  2057.6  16803.7  -14364.1  220.404  14303.7
517  128  2025-06-09 22-10-06  2059.2  16813.4  -14368.9  220.462  14295.5
518  128  2025-06-09 22-10-06  2060.8  16823.1  -14373.8  220.519  14305.1
519  128  2025-06-09 22-10-06  2062.4  16832.8  -14378.7  220.577  14296.9
520  128  2025-06-09 22-10-06  2064  16842.6  -14383.5  220.634  14288.7
521  128  2025-06-09 22-10-06  2065.6  16852.3  -14388.3  220.692  14298.2
522  128  2025-06-09 22-10-06  2067.2  16862.1  -14393.1  220.749  14290
523  128  2025-06-09 22-10-06  2068.8  16871.8  -14398  220.807  14299.4
524  128  2025-06-09 22-10-06  2070.4  16881.6  -14402.8  220.864  14291.2
525  128  2025-06-09 22-10-06  2072  16891.3  -14407.7  220.922  14300.8
526  128  2025-06-09 22-10-06  2073.6  16901  -14412.6  220.98  14292.6
527  128  2025-06-09 22-10-06  2075.2  16910.8  -14417.5  221.037  14302.1
528  128  2025-06-09 22-10-06  2076.8  16920.5  -14422.3  221.095  14293.9
529  128  2025-06-09 22-10-06  2078.4  16930.4  -14427.1  221.152  14285.7
530  128  2025-06-09 22-10-06  2080  16940.1  -14432  221.21  14295.2
531  128  2025-06-09 22-10-06  2081.6  16950  -14436.7  221.267  14286.9
532  128  2025-06-09 22-10-06  2083.2  16959.8  -14441.6  221.325  14296.4
533  128  2025-06-09 22-10-06  2084.8  16969.5  -14446.6  221.239  14306
534  128  2025-06-09 22-10-06  2086.4  16979.2  -14451.6  221.296  14305.9
535  128  2025-06-09 22-10-06  2088  16988.9  -14456.6  221.354  14305.9
536  128  2025-06-09 22-10-06  2089.6  16998.7  -14461.6  221.411  14305.9
537  128  2025-06-09 22-10-06  2091.2  17008.4  -14466.6  221.469  14305.8
538  128  2025-06-09 22-10-06  2092.8  17018.2  -14471.5  221.526  14305.8
539  128  2025-06-09 22-10-06  2094.4  17027.9  -14476.5  221.584  14305.8
540  128  2025-06-09 22-10-06  2096  17037.7  -14481.5  221.641  14305.7
541  128  2025-06-09 22-10-06  2097.6  17047.4  -14486.6  221.699  14313.8
542  128  2025-06-09 22-10-06  2099.2  17057.1  -14491.8  221.757  14321.9
543  128  2025-06-09 22-10-06  2100.8  17066.7  -14497.1  221.814  14330.1
544  128  2025-06-09 22-10-06  2102.4  17076.3  -14502.4  221.872  14338.4
545  128  2025-06-09 22-10-06  2104  17085.9  -14507.8  221.929  14346.8
546  128  2025-06-09 22-10-06  2105.6  17095.4  -14513.4  221.987  14355.2
547  128  2025-06-09 22-10-06  2107.2  17104.8  -14519  222.044  14363.8
548  128  2025-06-09 22-10-06  2108.8  17114.2  -14524.7  222.102  14372.4
549  128  2025-06-09 22-10-06  2110.4  17123.6  -14530.5  222.159  14381.1
550  128  2025-06-09 22-10-06  2112  17132.9  -14536.4  222.217  14389.8
551  128  2025-06-09 22-10-06  2113.6  17142.2  -14542.4  222.275  14398.7
552  128  2025-06-09 22-10-06  2115.2  17151.4  -14548.5  222.332  14407.6
553  128  2025-06-09 22-10-06  2116.8  17160.5  -14554.7  222.39  14416.6
554  128  2025-06-09 22-10-06  2118.4  17169.7  -14560.9  222.303  14416
555  128  2025-06-09 22-10-06  2120  17178.8  -14567  222.217  14415.4
556  128  2025-06-09 22-10-06  2121.6  17187.9  -14573.2  222.131  14414.7
557  128  2025-06-09 22-10-06  2123.2  17197.1  -14579.3  222.044  14414.1
558  128  2025-06-09 22-10-06  2124.8  17206.2  -14585.4  221.958  14413.4
559  128  2025-06-09 22-10-06  2126.4  17215.3  -14591.5  221.872  14412.7
560  128  2025-06-09 22-10-06  2128  17224.5  -14597.6  221.929  14412
561  128  2025-06-09 22-10-06  2129.6  17233.6  -14603.7  221.987  14411.3
562  128  2025-06-09 22-10-06  2131.2  17242.7  -14609.9  222.044  14418.6
563  128  2025-06-09 22-10-06  2132.8  17251.9  -14616  222.102  14411.5
564  128  2025-06-09 22-10-06  2134.4  17261.1  -14622.1  222.159  14404.3
565  128  2025-06-09 22-10-06  2136  17270.4  -14628  222.217  14397
566  128  2025-06-09 22-10-06  2137.6  17279.7  -14633.9  222.275  14389.6
567  128  2025-06-09 22-10-06  2139.2  17289.1  -14639.8  222.332  14382.2
568  128  2025-06-09 22-10-06  2140.8  17298.5  -14645.5  222.39  14374.6
569  128  2025-06-09 22-10-06  2142.4  17308  -14651.2  222.447  14367
570  128  2025-06-09 22-10-06  2144  17317.5  -14656.8  222.505  14359.3
571  128  2025-06-09 22-10-06  2145.6  17327.1  -14662.3  222.562  14351.5
572  128  2025-06-09 22-10-06  2147.2  17336.7  -14667.8  222.62  14343.7
573  128  2025-06-09 22-10-06  2148.8  17346.4  -14673.1  222.677  14335.7
574  128  2025-06-09 22-10-06  2150.4  17356.1  -14678.4  222.735  14327.7
575  128  2025-06-09 22-10-06  2152  17365.9  -14683.6  222.793  14319.6
576  128  2025-06-09 22-10-06  2153.6  17375.7  -14688.7  222.85  14311.5
577  128  2025-06-09 22-10-06  2155.2  17385.6  -14693.8  222.908  14303.2
578  128  2025-06-09 22-10-06  2156.8  17395.5  -14698.7  222.965  14294.9
579  128  2025-06-09 22-10-06  2158.4  17405.5  -14703.5  223.023  14286.4
580  128  2025-06-09 22-10-06  2160  17415.6  -14708.3  223.08  14278
581  128  2025-06-09 22-10-06  2161.6  17425.6  -14713.2  223.138  14287.2
582  128  2025-06-09 22-10-06  2163.2  17435.6  -14717.9  223.195  14278.7
583  128  2025-06-09 22-10-06  2164.8  17445.6  -14722.8  223.253  14287.9
584  128  2025-06-09 22-10-06  2166.4  17455.7  -14727.6  223.311  14279.4
585  128  2025-06-09 22-10-06  2168  17465.8  -14732.3  223.368  14270.9
586  128  2025-06-09 22-10-06  2169.6  17475.8  -14737.1  223.426  14280
587  128  2025-06-09 22-10-06  2171.2  17485.9  -14741.8  223.483  14271.5
588  128  2025-06-09 22-10-06  2172.8  17496  -14746.6  223.541  14280.7
589  128  2025-06-09 22-10-06  2174.4  17506.1  -14751.3  223.598  14272.2
590  128  2025-06-09 22-10-06  2176  17516.2  -14756.1  223.656  14281.3
591  128  2025-06-09 22-10-06  2177.6  17526.3  -14760.9  223.713  14272.8
592  128  2025-06-09 22-10-06  2179.2  17536.4  -14765.7  223.771  14282
593  128  2025-06-09 22-10-06  2180.8  17546.5  -14770.5  223.829  14273.6
594  128  2025-06-09 22-10-06  2182.4  17556.6  -14775.3  223.886  14282.8
595  128  2025-06-09 22-10-06  2184  17566.7  -14780.1  223.944  14274.3
596  128  2025-06-09 22-10-06  2185.6  17576.8  -14784.9  224.001  14283.6
597  128  2025-06-09 22-10-06  2187.2  17586.9  -14789.7  224.059  14275.1
598  128  2025-06-09 22-10-06  2188.8  17597  -14794.6  224.116  14284.4
599  128  2025-06-09 22-10-06  2190.4  17607.2  -14799.3  224.174  14275.9
600  128  2025-06-09 22-10-06  2192  17617.3  -14804.2  224.231  14285.2
601  128  2025-06-09 22-10-06  2193.6  17627.4  -14809  224.289  14276.8
602  128  2025-06-09 22-10-06  2195.2  17637.6  -14813.7  224.347  14268.3
603  128  2025-06-09 22-10-06  2196.8  17647.8  -14818.6  224.404  14277.5
604  128  2025-06-09 22-10-06  2198.4  17658  -14823.3  224.462  14269
605  128  2025-06-09 22-10-06  2200  17668.2  -14828.1  224.519  14278.2
606  128  2025-06-09 22-10-06  2201.6  17678.4  -14832.8  224.577  14269.7
607  128  2025-06-09 22-10-06  2203.2  17688.6  -14837.7  224.634  14279
608  128  2025-06-09 22-10-06  2204.8  17698.8  -14842.4  224.692  14270.5
609  128  2025-06-09 22-10-06  2206.4  17708.9  -14847.3  224.749  14279.8
610  128  2025-06-09 22-10-06  2208  17719.2  -14852  224.807  14271.3
611  128  2025-06-09 22-10-06  2209.6  17729.4  -14856.9  224.865  14280.6
612  128  2025-06-09 22-10-06  2211.2  17739.6  -14861.7  224.922  14272.2
613  128  2025-06-09 22-10-06  2212.8  17749.8  -14866.5  224.98  14281.5
614  128  2025-06-09 22-10-06  2214.4  17760  -14871.3  225.037  14273.1
615  128  2025-06-09 22-10-06  2216  17770.2  -14876.2  225.095  14282.4
616  128  2025-06-09 22-10-06  2217.6  17780.5  -14881  225.152  14274
617  128  2025-06-09 22-10-06  2219.2  17790.8  -14885.7  225.21  14265.5
618  128  2025-06-09 22-10-06  2220.8  17801  -14890.6  225.267  14274.8
619  128  2025-06-09 22-10-06  2222.4  17811.3  -14895.3  225.325  14266.3
620  128  2025-06-09 22-10-06  2224  17821.6  -14900.1  225.383  14275.6
621  128  2025-06-09 22-10-06  2225.6  17831.9  -14904.9  225.44  14267.1
622  128  2025-06-09 22-10-06  2227.2  17842.1  -14909.7  225.498  14276.4
623  128  2025-06-09 22-10-06  2228.8  17852.4  -14914.5  225.555  14268
624  128  2025-06-09 22-10-06  2230.4  17862.7  -14919.3  225.613  14277.2
625  128  2025-06-09 22-10-06  2232  17873  -14924.1  225.67  14268.8
626  128  2025-06-09 22-10-06  2233.6  17883.3  -14929  225.728  14278.1
627  128  2025-06-09 22-10-06  2235.2  17893.6  -14933.7  225.785  14269.8
628  128  2025-06-09 22-10-06  2236.8  17903.9  -14938.6  225.843  14279.1
629  128  2025-06-09 22-10-06  2238.4  17914.2  -14943.4  225.901  14270.7
630  128  2025-06-09 22-10-06  2240  17924.6  -14948.1  225.958  14262.3
631  128  2025-06-09 22-10-06  2241.6  17935  -14953  226.016  14271.5
632  128  2025-06-09 22-10-06  2243.2  17945.3  -14957.7  226.073  14263.1
633  128  2025-06-09 22-10-06  2244.8  17955.7  -14962.5  226.131  14272.3
634  128  2025-06-09 22-10-06  2246.4  17966.1  -14967.2  226.188  14263.9
635  128  2025-06-09 22-10-06  2248  17976.4  -14972.1  226.246  14273.2
636  128  2025-06-09 22-10-06  2249.6  17986.8  -14976.8  226.303  14264.8
637  128  2025-06-09 22-10-06  2251.2  17997.2  -14981.7  226.361  14274.1
638  128  2025-06-09 22-10-06  2252.8  18007.6  -14986.5  226.419  14265.7
639  128  2025-06-09 22-10-06  2254.4  18017.9  -14991.3  226.476  14275
640  128  2025-06-09 22-10-06  2256  18028.3  -14996.1  226.534  14266.7
641  128  2025-06-09 22-10-06  2257.6  18038.7  -15001  226.591  14276
642  128  2025-06-09 22-10-06  2259.2  18049.1  -15005.8  226.649  14267.6
643  128  2025-06-09 22-10-06  2260.8  18059.5  -15010.7  226.706  14277
644  128  2025-06-09 22-10-06  2262.4  18069.9  -15015.5  226.764  14268.6
645  128  2025-06-09 22-10-06  2264  18080.4  -15020.2  226.821  14260.2
646  128  2025-06-09 22-10-06  2265.6  18090.8  -15025  226.879  14269.5
647  128  2025-06-09 22-10-06  2267.2  18101.3  -15029.8  226.937  14261.1
648  128  2025-06-09 22-10-06  2268.8  18111.7  -15034.6  226.994  14270.4
649  128  2025-06-09 22-10-06  2270.4  18122.2  -15039.4  227.052  14262
650  128  2025-06-09 22-10-06  2272  18132.6  -15044.2  227.109  14271.3
651  128  2025-06-09 22-10-06  2273.6  18143.1  -15049  227.167  14263
652  128  2025-06-09 22-10-06  2275.2  18153.6  -15053.9  227.224  14272.3
653  128  2025-06-09 22-10-06  2276.8  18164  -15058.6  227.282  14263.9
654  128  2025-06-09 22-10-06  2278.4  18174.5  -15063.5  227.339  14273.3
655  128  2025-06-09 22-10-06  2280  18185  -15068.3  227.397  14264.9
656  128  2025-06-09 22-10-06  2281.6  18195.5  -15073  227.455  14256.5
657  128  2025-06-09 22-10-06  2283.2  18206  -15077.8  227.512  14265.8
658  128  2025-06-09 22-10-06  2284.8  18216.6  -15082.6  227.57  14257.4
659  128  2025-06-09 22-10-06  2286.4  18227.1  -15087.4  227.627  14266.7
660  128  2025-06-09 22-10-06  2288  18237.6  -15092.1  227.685  14258.3
661  128  2025-06-09 22-10-06  2289.6  18248.2  -15097  227.742  14267.6
662  128  2025-06-09 22-10-06  2291.2  18258.7  -15101.7  227.8  14259.3
663  128  2025-06-09 22-10-06  2292.8  18269.2  -15106.6  227.857  14268.6
664  128  2025-06-09 22-10-06  2294.4  18279.8  -15111.3  227.915  14260.2
665  128  2025-06-09 22-10-06  2296  18290.3  -15116.2  227.973  14269.6
666  128  2025-06-09 22-10-06  2297.6  18300.9  -15121  228.03  14261.2
667  128  2025-06-09 22-10-06  2299.2  18311.4  -15125.9  228.088  14270.6
668  128  2025-06-09 22-10-06  2300.8  18322  -15130.7  228.145  14262.3
669  128  2025-06-09 22-10-06  2302.4  18332.6  -15135.4  228.203  14253.9
670  128  2025-06-09 22-10-06  2304  18343.2  -15140.2  228.26  14263.2
671  128  2025-06-09 22-10-06  2305.6  18353.8  -15144.9  228.318  14254.8
672  128  2025-06-09 22-10-06  2307.2  18364.4  -15149.7  228.375  14264.1
673  128  2025-06-09 22-10-06  2308.8  18375.1  -15154.5  228.433  14255.7
674  128  2025-06-09 22-10-06  2310.4  18385.7  -15159.3  228.491  14265.1
675  128  2025-06-09 22-10-06  2312  18396.3  -15164.1  228.548  14256.7
676  128  2025-06-09 22-10-06  2313.6  18406.9  -15168.9  228.606  14266.1
677  128  2025-06-09 22-10-06  2315.2  18417.6  -15173.7  228.663  14257.7
678  128  2025-06-09 22-10-06  2316.8  18428.2  -15178.6  228.721  14267.1
679  128  2025-06-09 22-10-06  2318.4  18438.8  -15183.3  228.778  14258.8
680  128  2025-06-09 22-10-06  2320  18449.4  -15188.2  228.836  14268.1
681  128  2025-06-09 22-10-06  2321.6  18460.1  -15193  228.893  14259.8
682  128  2025-06-09 22-10-06  2323.2  18470.8  -15197.7  228.951  14251.5
683  128  2025-06-09 22-10-06  2324.8  18481.5  -15202.5  229.009  14260.8
684  128  2025-06-09 22-10-06  2326.4  18492.2  -15207.3  229.066  14252.4
685  128  2025-06-09 22-10-06  2328  18502.8  -15212.1  229.124  14261.7
686  128  2025-06-09 22-10-06  2329.6  18513.6  -15216.8  229.181  14253.4
687  128  2025-06-09 22-10-06  2331.2  18524.2  -15221.7  229.239  14262.7
688  128  2025-06-09 22-10-06  2332.8  18535  -15226.4  229.296  14254.4
689  128  2025-06-09 22-10-06  2334.4  18545.6  -15231.3  229.354  14263.7
690  128  2025-06-09 22-10-06  2336  18556.4  -15236.1  229.411  14255.4
691  128  2025-06-09 22-10-06  2337.6  18567.1  -15240.9  229.469  14264.8
692  128  2025-06-09 22-10-06  2339.2  18577.8  -15245.7  229.527  14256.5
693  128  2025-06-09 22-10-06  2340.8  18588.5  -15250.6  229.584  14265.9
694  128  2025-06-09 22-10-06  2342.4  18599.2  -15255.4  229.642  14257.6
695  128  2025-06-09 22-10-06  2344  18610  -15260.1  229.699  14249.2
696  128  2025-06-09 22-10-06  2345.6  18620.8  -15265  229.757  14258.6
697  128  2025-06-09 22-10-06  2347.2  18631.5  -15269.7  229.814  14250.2
698  128  2025-06-09 22-10-06  2348.8  18642.3  -15274.5  229.872  14259.6
699  128  2025-06-09 22-10-06  2350.4  18653.1  -15279.3  229.93  14251.2
700  128  2025-06-09 22-10-06  2352  18663.8  -15284.1  229.987  14260.6
701  128  2025-06-09 22-10-06  2353.6  18674.6  -15288.9  230.045  14252.3
702  128  2025-06-09 22-10-06  2355.2  18685.4  -15293.7  230.102  14261.6
703  128  2025-06-09 22-10-06  2356.8  18696.2  -15298.5  230.16  14253.3
704  128  2025-06-09 22-10-06  2358.4  18707  -15303.4  230.217  14262.7
705  128  2025-06-09 22-10-06  2360  18717.8  -15308.2  230.275  14254.4
706  128  2025-06-09 22-10-06  2361.6  18728.7  -15312.9  230.332  14246.1
707  128  2025-06-09 22-10-06  2363.2  18739.5  -15317.7  230.39  14255.4
708  128  2025-06-09 22-10-06  2364.8  18750.3  -15322.4  230.448  14247
709  128  2025-06-09 22-10-06  2366.4  18761.2  -15327.2  230.505  14256.4
710  128  2025-06-09 22-10-06  2368  18772  -15332  230.563  14248
711  128  2025-06-09 22-10-06  2369.6  18782.9  -15336.8  230.62  14257.4
712  128  2025-06-09 22-10-06  2371.2  18793.7  -15341.5  230.678  14249.1
713  128  2025-06-09 22-10-06  2372.8  18804.6  -15346.4  230.735  14258.5
714  128  2025-06-09 22-10-06  2374.4  18815.5  -15351.2  230.793  14250.2
715  128  2025-06-09 22-10-06  2376  18826.3  -15356  230.85  14259.6
716  128  2025-06-09 22-10-06  2377.6  18837.2  -15360.8  230.908  14251.3
717  128  2025-06-09 22-10-06  2379.2  18848  -15365.7  230.966  14260.7
718  128  2025-06-09 22-10-06  2380.8  18858.9  -15370.5  231.023  14252.4
719  128  2025-06-09 22-10-06  2382.4  18869.9  -15375.2  231.081  14244
720  128  2025-06-09 22-10-06  2384  18880.8  -15380  231.138  14253.4
721  128  2025-06-09 22-10-06  2385.6  18891.7  -15384.7  231.196  14245.1
722  128  2025-06-09 22-10-06  2387.2  18902.6  -15389.6  231.253  14254.4
723  128  2025-06-09 22-10-06  2388.8  18913.6  -15394.3  231.311  14246.1
724  128  2025-06-09 22-10-06  2390.4  18924.5  -15399.2  231.368  14255.5
725  128  2025-06-09 22-10-06  2392  18935.4  -15403.9  231.426  14247.2
726  128  2025-06-09 22-10-06  2393.6  18946.3  -15408.8  231.484  14256.6
727  128  2025-06-09 22-10-06  2395.2  18957.3  -15413.6  231.541  14248.3
728  128  2025-06-09 22-10-06  2396.8  18968.2  -15418.4  231.599  14257.7
729  128  2025-06-09 22-10-06  2398.4  18979.2  -15423.2  231.656  14249.4
730  128  2025-06-09 22-10-06  2400  18990.2  -15427.9  231.714  14241.1
731  128  2025-06-09 22-10-06  2401.6  19001.2  -15432.7  231.771  14250.4
732  128  2025-06-09 22-10-06  2403.2  19012.2  -15437.4  231.829  14242.1
733  128  2025-06-09 22-10-06  2404.8  19023.2  -15442.2  231.886  14251.4
734  128  2025-06-09 22-10-06  2406.4  19034.2  -15447  231.944  14243.1
735  128  2025-06-09 22-10-06  2408  19045.2  -15451.8  232.002  14252.5
736  128  2025-06-09 22-10-06  2409.6  19056.2  -15456.6  232.059  14244.2
737  128  2025-06-09 22-10-06  2411.2  19067.2  -15461.4  232.117  14253.6
738  128  2025-06-09 22-10-06  2412.8  19078.2  -15466.2  232.174  14245.3
739  128  2025-06-09 22-10-06  2414.4  19089.2  -15471  232.232  14254.7
740  128  2025-06-09 22-10-06  2416  19100.3  -15475.8  232.289  14246.4
741  128  2025-06-09 22-10-06  2417.6  19111.3  -15480.5  232.347  14238.1
742  128  2025-06-09 22-10-06  2419.2  19122.4  -15485.3  232.404  14247.4
743  128  2025-06-09 22-10-06  2420.8  19133.5  -15490  232.462  14239.1
744  128  2025-06-09 22-10-06  2422.4  19144.5  -15494.8  232.52  14248.4
745  128  2025-06-09 22-10-06  2424  19155.6  -15499.5  232.577  14240.1
746  128  2025-06-09 22-10-06  2425.6  19166.7  -15504.3  232.635  14249.5
747  128  2025-06-09 22-10-06  2427.2  19177.8  -15509.1  232.692  14241.2
748  128  2025-06-09 22-10-06  2428.8  19188.8  -15513.9  232.75  14250.6
749  128  2025-06-09 22-10-06  2430.4  19200  -15518.7  232.807  14242.3
750  128  2025-06-09 22-10-06  2432  19211  -15523.5  232.865  14251.7
751  128  2025-06-09 22-10-06  2433.6  19222.1  -15528.3  232.922  14243.4
752  128  2025-06-09 22-10-06  2435.2  19233.2  -15533.2  232.98  14252.8
753  128  2025-06-09 22-10-06  2436.8  19244.3  -15538  233.038  14244.6
754  128  2025-06-09 22-10-06  2438.4  19255.5  -15542.7  233.095  14236.3
755  128  2025-06-09 22-10-06  2440  19266.6  -15547.5  233.153  14245.6
756  128  2025-06-09 22-10-06  2441.6  19277.8  -15552.2  233.21  14237.3
757  128  2025-06-09 22-10-06  2443.2  19288.9  -15557  233.268  14246.7
758  128  2025-06-09 22-10-06  2444.8  19300.1  -15561.7  233.325  14238.4
759  128  2025-06-09 22-10-06  2446.4  19311.2  -15566.5  233.383  14247.8
760  128  2025-06-09 22-10-06  2448  19322.4  -15571.3  233.44  14239.5
761  128  2025-06-09 22-10-06  2449.6  19333.5  -15576.1  233.498  14248.9
762  128  2025-06-09 22-10-06  2451.2  19344.7  -15580.9  233.556  14240.6
763  128  2025-06-09 22-10-06  2452.8  19355.9  -15585.8  233.613  14250
764  128  2025-06-09 22-10-06  2454.4  19367.1  -15590.5  233.671  14241.8
765  128  2025-06-09 22-10-06  2456  19378.3  -15595.2  233.728  14233.4
766  128  2025-06-09 22-10-06  2457.6  19389.5  -15600  233.786  14242.8
767  128  2025-06-09 22-10-06  2459.2  19400.7  -15604.7  233.843  14234.5
768  128  2025-06-09 22-10-06  2460.8  19411.9  -15609.5  233.901  14243.9
769  128  2025-06-09 22-10-06  2462.4  19423.2  -15614.2  233.958  14235.6
770  128  2025-06-09 22-10-06  2464  19434.4  -15619  234.016  14244.9
771  128  2025-06-09 22-10-06  2465.6  19445.6  -15623.8  234.074  14236.7
772  128  2025-06-09 22-10-06  2467.2  19456.9  -15628.6  234.131  14246.1
773  128  2025-06-09 22-10-06  2468.8  19468.1  -15633.4  234.189  14237.8
774  128  2025-06-09 22-10-06  2470.4  19479.3  -15638.2  234.246  14247.2
775  128  2025-06-09 22-10-06  2472  19490.6  -15643  234.304  14239
776  128  2025-06-09 22-10-06  2473.6  19501.9  -15647.7  234.361  14230.6
777  128  2025-06-09 22-10-06  2475.2  19513.2  -15652.4  234.419  14240
778  128  2025-06-09 22-10-06  2476.8  19524.5  -15657.1  234.476  14231.7
779  128  2025-06-09 22-10-06  2478.4  19535.8  -15661.9  234.534  14241
780  128  2025-06-09 22-10-06  2480  19547.1  -15666.6  234.592  14232.7
781  128  2025-06-09 22-10-06  2481.6  19558.4  -15671.4  234.649  14242.1
782  128  2025-06-09 22-10-06  2483.2  19569.7  -15676.2  234.707  14233.8
783  128  2025-06-09 22-10-06  2484.8  19581  -15681  234.764  14243.2
784  128  2025-06-09 22-10-06  2486.4  19592.3  -15685.7  234.822  14235
785  128  2025-06-09 22-10-06  2488  19603.6  -15690.6  234.879  14244.4
786  128  2025-06-09 22-10-06  2489.6  19614.9  -15695.4  234.937  14236.1
787  128  2025-06-09 22-10-06  2491.2  19626.2  -15700.2  234.994  14245.6
788  128  2025-06-09 22-10-06  2492.8  19637.6  -15705  235.052  14237.3
789  128  2025-06-09 22-10-06  2494.4  19649  -15709.7  235.11  14229
790  128  2025-06-09 22-10-06  2496  19660.3  -15714.5  235.167  14238.4
791  128  2025-06-09 22-10-06  2497.6  19671.7  -15719.2  235.225  14230.1
792  128  2025-06-09 22-10-06  2499.2  19683  -15724  235.282  14239.5
793  128  2025-06-09 22-10-06  2500.8  19694.4  -15728.7  235.34  14231.2
794  128  2025-06-09 22-10-06  2502.4  19705.8  -15733.5  235.397  14240.6
795  128  2025-06-09 22-10-06  2504  19717.2  -15738.2  235.455  14232.3
796  128  2025-06-09 22-10-06  2505.6  19728.6  -15743.1  235.512  14241.8
797  128  2025-06-09 22-10-06  2507.2  19740  -15747.8  235.57  14233.5
798  128  2025-06-09 22-10-06  2508.8  19751.3  -15752.7  235.628  14242.9
799  128  2025-06-09 22-10-06  2510.4  19762.7  -15757.5  235.685  14234.7
800  128  2025-06-09 22-10-06  2512  19774.2  -15762.1  235.743  14226.4
801  128  2025-06-09 22-10-06  2513.6  19785.6  -15766.9  235.8  14235.8
802  128  2025-06-09 22-10-06  2515.2  19797.1  -15771.6  235.858  14227.5
803  128  2025-06-09 22-10-06  2516.8  19808.5  -15776.4  235.915  14236.8
804  128  2025-06-09 22-10-06  2518.4  19820  -15781.1  235.973  14228.6
805  128  2025-06-09 22-10-06  2520  19831.4  -15785.9  236.03  14238
806  128  2025-06-09 22-10-06  2521.6  19842.9  -15790.6  236.088  14229.7
807  128  2025-06-09 22-10-06  2523.2  19854.3  -15795.5  236.146  14239.1
808  128  2025-06-09 22-10-06  2524.8  19865.8  -15800.2  236.203  14230.9
809  128  2025-06-09 22-10-06  2526.4  19877.2  -15805.1  236.261  14240.3
810  128  2025-06-09 22-10-06  2528  19888.7  -15809.8  236.318  14232.1
811  128  2025-06-09 22-10-06  2529.6  19900.3  -15814.5  236.376  14223.7
812  128  2025-06-09 22-10-06  2531.2  19911.8  -15819.3  236.433  14233.1
813  128  2025-06-09 22-10-06  2532.8  19923.3  -15823.9  236.491  14224.8
814  128  2025-06-09 22-10-06  2534.4  19934.8  -15828.7  236.548  14234.2
815  128  2025-06-09 22-10-06  2536  19946.3  -15833.4  236.606  14225.9
816  128  2025-06-09 22-10-06  2537.6  19957.8  -15838.2  236.664  14235.3
817  128  2025-06-09 22-10-06  2539.2  19969.4  -15843  236.721  14227.1
818  128  2025-06-09 22-10-06  2540.8  19980.9  -15847.8  236.779  14236.5
819  128  2025-06-09 22-10-06  2542.4  19992.4  -15852.5  236.836  14228.2
820  128  2025-06-09 22-10-06  2544  20003.9  -15857.4  236.894  14237.7
821  128  2025-06-09 22-10-06  2545.6  20015.5  -15862.1  236.951  14229.4
822  128  2025-06-09 22-10-06  2547.2  20027.1  -15866.8  237.009  14221.1
823  128  2025-06-09 22-10-06  2548.8  20038.7  -15871.5  237.066  14230.5
824  128  2025-06-09 22-10-06  2550.4  20050.3  -15876.2  237.124  14222.2
825  128  2025-06-09 22-10-06  2552  20061.8  -15881  237.182  14231.6
826  128  2025-06-09 22-10-06  2553.6  20073.5  -15885.7  237.239  14223.3
827  128  2025-06-09 22-10-06  2555.2  20085  -15890.5  237.297  14232.7
828  128  2025-06-09 22-10-06  2556.8  20096.7  -15895.2  237.354  14224.4
829  128  2025-06-09 22-10-06  2558.4  20108.2  -15900  237.412  14233.8
830  128  2025-06-09 22-10-06  2560  20119.9  -15904.7  237.469  14225.6
831  128  2025-06-09 22-10-06  2561.6  20131.4  -15909.6  237.527  14235
832  128  2025-06-09 22-10-06  2563.2  20143.1  -15914.3  237.584  14226.8
833  128  2025-06-09 22-10-06  2564.8  20154.7  -15918.9  237.642  14218.5
834  128  2025-06-09 22-10-06  2566.4  20166.4  -15923.7  237.7  14227.8
835  128  2025-06-09 22-10-06  2568  20178.1  -15928.3  237.757  14219.5
836  128  2025-06-09 22-10-06  2569.6  20189.7  -15933.1  237.815  14228.9
837  128  2025-06-09 22-10-06  2571.2  20201.4  -15937.8  237.872  14220.6
838  128  2025-06-09 22-10-06  2572.8  20213  -15942.6  237.93  14230
839  128  2025-06-09 22-10-06  2574.4  20224.7  -15947.3  237.987  14221.8
840  128  2025-06-09 22-10-06  2576  20236.4  -15952.1  238.045  14231.2
841  128  2025-06-09 22-10-06  2577.6  20248.1  -15956.8  238.102  14222.9
842  128  2025-06-09 22-10-06  2579.2  20259.7  -15961.6  238.16  14232.4
843  128  2025-06-09 22-10-06  2580.8  20271.4  -15966.4  238.218  14224.1
844  128  2025-06-09 22-10-06  2582.4  20283.1  -15971.2  238.275  14233.6
845  128  2025-06-09 22-10-06  2584  20294.8  -15976  238.333  14225.4
846  128  2025-06-09 22-10-06  2585.6  20306.5  -15980.6  238.39  14217.1
847  128  2025-06-09 22-10-06  2587.2  20318.3  -15985.4  238.448  14226.5
848  128  2025-06-09 22-10-06  2588.8  20330  -15990  238.505  14218.2
849  128  2025-06-09 22-10-06  2590.4  20341.7  -15994.8  238.563  14227.6
850  128  2025-06-09 22-10-06  2592  20353.5  -15999.5  238.62  14219.3
851  128  2025-06-09 22-10-06  2593.6  20365.2  -16004.3  238.678  14228.7
852  128  2025-06-09 22-10-06  2595.2  20377  -16009  238.736  14220.5
853  128  2025-06-09 22-10-06  2596.8  20388.7  -16013.8  238.793  14229.9
854  128  2025-06-09 22-10-06  2598.4  20400.5  -16018.6  238.851  14221.7
855  128  2025-06-09 22-10-06  2600  20412.2  -16023.4  238.908  14231.1
856  128  2025-06-09 22-10-06  2601.6  20424  -16028.2  238.966  14222.9
857  128  2025-06-09 22-10-06  2603.2  20435.8  -16032.8  239.023  14214.6
858  128  2025-06-09 22-10-06  2604.8  20447.6  -16037.6  239.081  14224
859  128  2025-06-09 22-10-06  2606.4  20459.4  -16042.2  239.138  14215.7
860  128  2025-06-09 22-10-06  2608  20471.2  -16047  239.196  14225.1
861  128  2025-06-09 22-10-06  2609.6  20483.1  -16051.7  239.254  14216.8
862  128  2025-06-09 22-10-06  2611.2  20494.8  -16056.5  239.311  14226.3
863  128  2025-06-09 22-10-06  2612.8  20506.7  -16061.2  239.369  14218
864  128  2025-06-09 22-10-06  2614.4  20518.5  -16066  239.426  14227.5
865  128  2025-06-09 22-10-06  2616  20530.3  -16070.7  239.484  14219.2
866  128  2025-06-09 22-10-06  2617.6  20542.1  -16075.5  239.541  14228.7
867  128  2025-06-09 22-10-06  2619.2  20554  -16080.3  239.599  14220.4
868  128  2025-06-09 22-10-06  2620.8  20565.9  -16084.9  239.656  14212.1
869  128  2025-06-09 22-10-06  2622.4  20577.7  -16089.6  239.714  14221.5
870  128  2025-06-09 22-10-06  2624  20589.6  -16094.3  239.772  14213.2
871  128  2025-06-09 22-10-06  2625.6  20601.5  -16099.1  239.829  14222.7
872  128  2025-06-09 22-10-06  2627.2  20613.4  -16103.7  239.887  14214.4
873  128  2025-06-09 22-10-06  2628.8  20625.3  -16108.5  239.944  14223.8
874  128  2025-06-09 22-10-06  2630.4  20637.2  -16113.2  240.002  14215.6
875  128  2025-06-09 22-10-06  2632  20649  -16118  240.059  14225
876  128  2025-06-09 22-10-06  2633.6  20661  -16122.7  240.117  14216.8
877  128  2025-06-09 22-10-06  2635.2  20672.8  -16127.5  240.174  14226.2
878  128  2025-06-09 22-10-06  2636.8  20684.8  -16132.3  240.232  14218
879  128  2025-06-09 22-10-06  2638.4  20696.7  -16136.9  240.29  14209.7
880  128  2025-06-09 22-10-06  2640  20708.6  -16141.6  240.347  14219.1
881  128  2025-06-09 22-10-06  2641.6  20720.6  -16146.3  240.405  14210.8
882  128  2025-06-09 22-10-06  2643.2  20732.6  -16151  240.462  14220.2
883  128  2025-06-09 22-10-06  2644.8  20744.5  -16155.7  240.52  14211.9
884  128  2025-06-09 22-10-06  2646.4  20756.5  -16160.5  240.577  14221.3
885  128  2025-06-09 22-10-06  2648  20768.4  -16165.2  240.635  14213.1
886  128  2025-06-09 22-10-06  2649.6  20780.4  -16170  240.693  14222.5
887  128  2025-06-09 22-10-06  2651.2  20792.4  -16174.7  240.75  14214.3
888  128  2025-06-09 22-10-06  2652.8  20804.3  -16179.5  240.808  14223.7
889  128  2025-06-09 22-10-06  2654.4  20816.3  -16184.2  240.865  14215.5
890  128  2025-06-09 22-10-06  2656  20828.4  -16188.8  240.923  14207.2
891  128  2025-06-09 22-10-06  2657.6  20840.4  -16193.5  240.98  14216.6
892  128  2025-06-09 22-10-06  2659.2  20852.4  -16198.2  241.038  14208.3
893  128  2025-06-09 22-10-06  2660.8  20864.4  -16202.9  241.095  14217.7
894  128  2025-06-09 22-10-06  2662.4  20876.4  -16207.6  241.153  14209.5
895  128  2025-06-09 22-10-06  2664  20888.5  -16212.3  241.211  14218.9
896  128  2025-06-09 22-10-06  2665.6  20900.5  -16217  241.268  14210.6
897  128  2025-06-09 22-10-06  2667.2  20912.5  -16221.8  241.326  14220.1
898  128  2025-06-09 22-10-06  2668.8  20924.6  -16226.5  241.383  14211.8
899  128  2025-06-09 22-10-06  2670.4  20936.6  -16231.3  241.441  14221.3
900  128  2025-06-09 22-10-06  2672  20948.7  -16236  241.498  14213.1
901  128  2025-06-09 22-10-06  2673.6  20960.8  -16240.6  241.556  14204.8
902  128  2025-06-09 22-10-06  2675.2  20972.8  -16245.3  241.613  14214.1
903  128  2025-06-09 22-10-06  2676.8  20985  -16250  241.671  14205.9
904  128  2025-06-09 22-10-06  2678.4  20997  -16254.7  241.729  14215.3
905  128  2025-06-09 22-10-06  2680  21009.2  -16259.3  241.786  14207
906  128  2025-06-09 22-10-06  2681.6  21021.2  -16264.1  241.844  14216.4
907  128  2025-06-09 22-10-06  2683.2  21033.4  -16268.8  241.901  14208.2
908  128  2025-06-09 22-10-06  2684.8  21045.4  -16273.5  241.959  14217.6
909  128  2025-06-09 22-10-06  2686.4  21057.6  -16278.2  242.016  14209.4
910  128  2025-06-09 22-10-06  2688  21069.7  -16283  242.074  14218.8
911  128  2025-06-09 22-10-06  2689.6  21081.8  -16287.7  242.131  14210.6
912  128  2025-06-09 22-10-06  2691.2  21094  -16292.3  242.189  14202.3
913  128  2025-06-09 22-10-06  2692.8  21106.1  -16297  242.247  14211.7
914  128  2025-06-09 22-10-06  2694.4  21118.3  -16301.6  242.304  14203.4
915  128  2025-06-09 22-10-06  2696  21130.5  -16306.4  242.362  14212.8
916  128  2025-06-09 22-10-06  2697.6  21142.6  -16311  242.419  14204.5
917  128  2025-06-09 22-10-06  2699.2  21154.8  -16315.8  242.477  14214
918  128  2025-06-09 22-10-06  2700.8  21167  -16320.4  242.534  14205.7
919  128  2025-06-09 22-10-06  2702.4  21179.2  -16325.2  242.592  14215.1
920  128  2025-06-09 22-10-06  2704  21191.4  -16329.8  242.649  14206.9
921  128  2025-06-09 22-10-06  2705.6  21203.5  -16334.6  242.707  14216.4
922  128  2025-06-09 22-10-06  2707.2  21215.7  -16339.3  242.765  14208.1
923  128  2025-06-09 22-10-06  2708.8  21228  -16343.9  242.822  14199.8
924  128  2025-06-09 22-10-06  2710.4  21240.2  -16348.6  242.88  14209.2
925  128  2025-06-09 22-10-06  2712  21252.4  -16353.2  242.937  14200.9
926  128  2025-06-09 22-10-06  2713.6  21264.7  -16357.9  242.995  14210.3
927  128  2025-06-09 22-10-06  2715.2  21276.9  -16362.5  243.052  14202.1
928  128  2025-06-09 22-10-06  2716.8  21289.2  -16367.3  243.11  14211.5
929  128  2025-06-09 22-10-06  2718.4  21301.4  -16371.9  243.167  14203.2
930  128  2025-06-09 22-10-06  2720  21313.6  -16376.7  243.225  14212.7
931  128  2025-06-09 22-10-06  2721.6  21325.9  -16381.4  243.283  14204.4
932  128  2025-06-09 22-10-06  2723.2  21338.2  -16386.1  243.34  14213.9
933  128  2025-06-09 22-10-06  2724.8  21350.4  -16390.8  243.398  14205.7
934  128  2025-06-09 22-10-06  2726.4  21362.7  -16395.6  243.455  14215.1
935  128  2025-06-09 22-10-06  2728  21375  -16400.3  243.513  14206.9
936  128  2025-06-09 22-10-06  2729.6  21387.3  -16404.9  243.57  14198.6
937  128  2025-06-09 22-10-06  2731.2  21399.6  -16409.6  243.628  14208
938  128  2025-06-09 22-10-06  2732.8  21411.9  -16414.2  243.685  14199.8
939  128  2025-06-09 22-10-06  2734.4  21424.2  -16419  243.743  14209.2
940  128  2025-06-09 22-10-06  2736  21436.5  -16423.6  243.801  14200.9
941  128  2025-06-09 22-10-06  2737.6  21448.8  -16428.4  243.858  14210.4
942  128  2025-06-09 22-10-06  2739.2  21461.2  -16433  243.916  14202.1
943  128  2025-06-09 22-10-06  2740.8  21473.5  -16437.8  243.973  14211.6
944  128  2025-06-09 22-10-06  2742.4  21485.8  -16442.5  244.031  14203.4
945  128  2025-06-09 22-10-06  2744  21498.2  -16447  244.088  14195.1
946  128  2025-06-09 22-10-06  2745.6  21510.6  -16451.7  244.146  14204.5
947  128  2025-06-09 22-10-06  2747.2  21523  -16456.3  244.203  14196.2
948  128  2025-06-09 22-10-06  2748.8  21535.3  -16461  244.261  14205.6
949  128  2025-06-09 22-10-06  2750.4  21547.8  -16465.6  244.319  14197.3
950  128  2025-06-09 22-10-06  2752  21560.1  -16470.3  244.376  14206.7
951  128  2025-06-09 22-10-06  2753.6  21572.5  -16474.9  244.434  14198.5
952  128  2025-06-09 22-10-06  2755.2  21584.9  -16479.7  244.491  14207.9
953  128  2025-06-09 22-10-06  2756.8  21597.3  -16484.3  244.549  14199.7
954  128  2025-06-09 22-10-06  2758.4  21609.7  -16489.1  244.606  14209.1
955  128  2025-06-09 22-10-06  2760  21622.1  -16493.7  244.664  14200.9
956  128  2025-06-09 22-10-06  2761.6  21634.5  -16498.5  244.721  14210.4
957  128  2025-06-09 22-10-06  2763.2  21646.9  -16503.2  244.779  14202.2
958  128  2025-06-09 22-10-06  2764.8  21659.4  -16507.8  244.837  14198.7
959  128  2025-06-09 22-10-06  2766.4  21671.8  -16512.4  244.894  14195.3
960  128  2025-06-09 22-10-06  2768  21684.3  -16517  244.808  14191.8
961  128  2025-06-09 22-10-06  2769.6  21696.8  -16521.5  244.721  14188.2
962  128  2025-06-09 22-10-06  2771.2  21709.3  -16525.9  244.635  14184.7
963  128  2025-06-09 22-10-06  2772.8  21721.8  -16530.3  244.549  14181.1
964  128  2025-06-09 22-10-06  2774.4  21734.3  -16534.6  244.462  14177.4
965  128  2025-06-09 22-10-06  2776  21746.9  -16538.9  244.376  14173.8
966  128  2025-06-09 22-10-06  2777.6  21759.4  -16543.1  244.29  14170.1
967  128  2025-06-09 22-10-06  2779.2  21771.9  -16547.3  244.203  14166.3
968  128  2025-06-09 22-10-06  2780.8  21784.5  -16551.4  244.117  14162.6
969  128  2025-06-09 22-10-06  2782.4  21797.1  -16555.5  244.031  14158.8
970  128  2025-06-09 22-10-06  2784  21809.6  -16559.6  244.088  14164.7
971  128  2025-06-09 22-10-06  2785.6  21822.1  -16563.8  244.146  14170.6
972  128  2025-06-09 22-10-06  2787.2  21834.6  -16568.2  244.06  14176.6
973  128  2025-06-09 22-10-06  2788.8  21847.1  -16572.5  243.973  14182.7
974  128  2025-06-09 22-10-06  2790.4  21859.5  -16577  243.887  14188.8
975  128  2025-06-09 22-10-06  2792  21871.8  -16581.6  243.801  14195
976  128  2025-06-09 22-10-06  2793.6  21884.2  -16586.2  243.714  14201.2
977  128  2025-06-09 22-10-06  2795.2  21896.5  -16590.7  243.628  14196.2
978  128  2025-06-09 22-10-06  2796.8  21908.8  -16595.4  243.542  14202.5
979  128  2025-06-09 22-10-06  2798.4  21921.1  -16600  243.455  14197.5
980  128  2025-06-09 22-10-06  2800  21933.5  -16604.5  243.369  14192.5
981  128  2025-06-09 22-10-06  2801.6  21945.8  -16609  243.283  14198.8
982  128  2025-06-09 22-10-06  2803.2  21958.1  -16613.5  243.196  14193.7
983  128  2025-06-09 22-10-06  2804.8  21970.4  -16618.1  243.11  14200
984  128  2025-06-09 22-10-06  2806.4  21982.7  -16622.7  243.024  14195
985  128  2025-06-09 22-10-06  2808  21994.9  -16627.3  242.937  14201.3
986  128  2025-06-09 22-10-06  2809.6  22007.2  -16631.8  242.851  14196.3
987  128  2025-06-09 22-10-06  2811.2  22019.5  -16636.3  242.765  14191.3
988  128  2025-06-09 22-10-06  2812.8  22031.8  -16640.7  242.678  14189.4
989  128  2025-06-09 22-10-06  2814.4  22044.2  -16644.9  242.765  14173.4
990  128  2025-06-09 22-10-06  2816  22056.6  -16648.9  242.851  14157.4
991  128  2025-06-09 22-10-06  2817.6  22069.2  -16652.7  242.937  14141.4
992  128  2025-06-09 22-10-06  2819.2  22081.8  -16656.3  243.024  14125.4
993  128  2025-06-09 22-10-06  2820.8  22094.4  -16659.7  243.11  14109.4
994  128  2025-06-09 22-10-06  2822.4  22107.2  -16662.8  243.196  14093.4
995  128  2025-06-09 22-10-06  2824  22119.9  -16665.9  243.283  14091.8
996  128  2025-06-09 22-10-06  2825.6  22132.7  -16669  243.369  14090.1
997  128  2025-06-09 22-10-06  2827.2  22145.5  -16672.1  243.455  14088.4
998  128  2025-06-09 22-10-06  2828.8  22158.3  -16675.1  243.542  14086.8
999  128  2025-06-09 22-10-06  2830.4  22171.1  -16678.2  243.628  14085.1
1000  128  2025-06-09 22-10-06  14032  22183.9  -16681.2  243.714  14083.4
