SN    USVID    CurTime    simTime    CurX    CurY    CurVel      CurYaw   
0  128  2025-06-09 22-33-06  0  8  4.89843e-16  192  2672
1  128  2025-06-09 22-33-06  1.6  128.006  9.80038e-16  192.058  2672
2  128  2025-06-09 22-33-06  3.2  136.017  1.47058e-15  192.115  2672
3  128  2025-06-09 22-33-06  4.8  144.035  1.96148e-15  192.173  2672
4  128  2025-06-09 22-33-06  6.4  152.058  2.45274e-15  192.23  2672
5  128  2025-06-09 22-33-06  8  160.086  2.94434e-15  192.288  2672
6  128  2025-06-09 22-33-06  9.6  168.121  3.4363e-15  192.345  2672
7  128  2025-06-09 22-33-06  11.2  176.161  3.92861e-15  192.403  2672
8  128  2025-06-09 22-33-06  12.8  184.207  4.42127e-15  192.46  2672
9  128  2025-06-09 22-33-06  14.4  192.259  4.91428e-15  192.518  2672
10  128  2025-06-09 22-33-06  128  200.317  5.40765e-15  192.576  2672
11  128  2025-06-09 22-33-06  129.6  208.38  5.90137e-15  192.633  2672
12  128  2025-06-09 22-33-06  131.2  216.449  6.39544e-15  192.691  2672
13  128  2025-06-09 22-33-06  132.8  224.524  6.88987e-15  192.748  2672
14  128  2025-06-09 22-33-06  134.4  232.604  7.38464e-15  192.806  2672
15  128  2025-06-09 22-33-06  136  240.691  7.87977e-15  192.863  2672
16  128  2025-06-09 22-33-06  137.6  248.783  8.37525e-15  192.921  2672
17  128  2025-06-09 22-33-06  139.2  256.881  8.87109e-15  192.978  2672
18  128  2025-06-09 22-33-06  140.8  264.984  9.36727e-15  193.036  2672
19  128  2025-06-09 22-33-06  142.4  1393.09  9.86381e-15  193.094  2672
20  128  2025-06-09 22-33-06  144  1401.21  1.03607e-14  193.151  2672
21  128  2025-06-09 22-33-06  145.6  1409.33  1.08579e-14  193.209  2672
22  128  2025-06-09 22-33-06  147.2  1417.46  1.13555e-14  193.266  2672
23  128  2025-06-09 22-33-06  148.8  1425.59  1.18535e-14  193.324  2672
24  128  2025-06-09 22-33-06  150.4  1433.73  1.23518e-14  193.381  2672
25  128  2025-06-09 22-33-06  152  1441.87  1.28504e-14  193.439  2672
26  128  2025-06-09 22-33-06  153.6  1450.02  1.33494e-14  193.496  2672
27  128  2025-06-09 22-33-06  155.2  1458.18  1.38488e-14  193.554  2672
28  128  2025-06-09 22-33-06  156.8  1466.34  1.43485e-14  193.612  2672
29  128  2025-06-09 22-33-06  158.4  1474.5  1.48486e-14  193.669  2672
30  128  2025-06-09 22-33-06  160  1482.68  1.5349e-14  193.727  2672
31  128  2025-06-09 22-33-06  161.6  1490.85  1.58498e-14  193.784  2672
32  128  2025-06-09 22-33-06  163.2  1499.04  1.63509e-14  193.842  2672
33  128  2025-06-09 22-33-06  164.8  1507.23  1.68524e-14  193.899  2672
34  128  2025-06-09 22-33-06  166.4  1515.42  1.73542e-14  193.957  2672
35  128  2025-06-09 22-33-06  168  1523.63  1.78564e-14  194.014  2672
36  128  2025-06-09 22-33-06  169.6  1531.83  1.83589e-14  194.072  2672
37  128  2025-06-09 22-33-06  171.2  1540.05  1.88618e-14  194.13  2672
38  128  2025-06-09 22-33-06  172.8  1548.26  1.9365e-14  194.187  2672
39  128  2025-06-09 22-33-06  174.4  1556.49  1.98686e-14  194.245  2672
40  128  2025-06-09 22-33-06  176  1564.72  2.03725e-14  194.302  2672
41  128  2025-06-09 22-33-06  177.6  1572.96  2.08768e-14  194.36  2672
42  128  2025-06-09 22-33-06  179.2  1581.2  2.13815e-14  194.417  2672
43  128  2025-06-09 22-33-06  180.8  1589.44  2.18865e-14  194.475  2672
44  128  2025-06-09 22-33-06  182.4  1597.7  2.23918e-14  194.532  2672
45  128  2025-06-09 22-33-06  184  1605.96  2.28975e-14  194.59  2672
46  128  2025-06-09 22-33-06  185.6  1614.22  2.34036e-14  194.648  2672
47  128  2025-06-09 22-33-06  187.2  1622.49  2.391e-14  194.705  2672
48  128  2025-06-09 22-33-06  188.8  1630.77  2.44167e-14  194.763  2672
49  128  2025-06-09 22-33-06  190.4  1639.05  2.49238e-14  194.82  2672
50  128  2025-06-09 22-33-06  192  1647.34  2.54313e-14  194.878  2672
51  128  2025-06-09 22-33-06  193.6  1655.63  2.59391e-14  194.935  2672
52  128  2025-06-09 22-33-06  195.2  1663.93  2.64473e-14  194.993  2672
53  128  2025-06-09 22-33-06  196.8  1672.24  2.69558e-14  195.05  2672
54  128  2025-06-09 22-33-06  198.4  1680.55  2.74647e-14  195.108  2672
55  128  2025-06-09 22-33-06  200  1688.86  2.79739e-14  195.166  2672
56  128  2025-06-09 22-33-06  201.6  1697.19  2.84835e-14  195.223  2672
57  128  2025-06-09 22-33-06  203.2  1705.51  2.89934e-14  195.281  2672
58  128  2025-06-09 22-33-06  204.8  1713.85  2.95037e-14  195.338  2672
59  128  2025-06-09 22-33-06  206.4  1722.19  3.00143e-14  195.396  2672
60  128  2025-06-09 22-33-06  208  1730.53  3.05253e-14  195.453  2672
61  128  2025-06-09 22-33-06  209.6  1738.88  3.10367e-14  195.511  2672
62  128  2025-06-09 22-33-06  211.2  1747.24  3.15484e-14  195.568  2672
63  128  2025-06-09 22-33-06  212.8  1755.6  3.20604e-14  195.626  2672
64  128  2025-06-09 22-33-06  214.4  1763.97  3.25728e-14  195.684  2672
65  128  2025-06-09 22-33-06  216  1772.35  3.30855e-14  195.741  2672
66  128  2025-06-09 22-33-06  217.6  1780.73  3.35986e-14  195.799  2672
67  128  2025-06-09 22-33-06  219.2  1789.11  3.41121e-14  195.856  2672
68  128  2025-06-09 22-33-06  220.8  1797.5  3.46259e-14  195.914  2672
69  128  2025-06-09 22-33-06  222.4  1805.9  3.51401e-14  195.971  2672
70  128  2025-06-09 22-33-06  224  1814.3  3.56546e-14  196.029  2672
71  128  2025-06-09 22-33-06  225.6  1822.71  3.61694e-14  196.086  2672
72  128  2025-06-09 22-33-06  227.2  1831.13  3.66847e-14  196.144  2672
73  128  2025-06-09 22-33-06  228.8  1839.55  3.72002e-14  196.202  2672
74  128  2025-06-09 22-33-06  230.4  1847.97  3.77162e-14  196.259  2672
75  128  2025-06-09 22-33-06  232  1856.4  3.82324e-14  196.317  2672
76  128  2025-06-09 22-33-06  233.6  1864.84  3.87491e-14  196.374  2672
77  128  2025-06-09 22-33-06  235.2  1873.28  3.9266e-14  196.432  2672
78  128  2025-06-09 22-33-06  236.8  1881.73  3.97834e-14  196.489  2672
79  128  2025-06-09 22-33-06  238.4  1890.19  4.0301e-14  196.547  2672
80  128  2025-06-09 22-33-06  240  1898.65  4.08191e-14  196.604  2672
81  128  2025-06-09 22-33-06  241.6  1907.11  4.13375e-14  196.662  2672
82  128  2025-06-09 22-33-06  243.2  1915.59  4.18562e-14  196.72  2672
83  128  2025-06-09 22-33-06  244.8  1924.06  4.23753e-14  196.777  2672
84  128  2025-06-09 22-33-06  246.4  1932.55  4.28947e-14  196.835  2672
85  128  2025-06-09 22-33-06  248  1941.04  4.34145e-14  196.892  2672
86  128  2025-06-09 22-33-06  249.6  1949.53  4.39347e-14  196.95  2672
87  128  2025-06-09 22-33-06  251.2  1958.03  4.44552e-14  197.007  2672
88  128  2025-06-09 22-33-06  252.8  1966.54  4.49761e-14  197.065  2672
89  128  2025-06-09 22-33-06  254.4  1975.05  4.54973e-14  197.122  2672
90  128  2025-06-09 22-33-06  256  1983.57  4.60188e-14  197.18  2672
91  128  2025-06-09 22-33-06  257.6  1992.09  4.65407e-14  197.238  2672
92  128  2025-06-09 22-33-06  259.2  2000.62  4.7063e-14  197.295  2672
93  128  2025-06-09 22-33-06  260.8  2009.16  4.75856e-14  197.353  2672
94  128  2025-06-09 22-33-06  262.4  2017.7  4.81086e-14  197.41  2672
95  128  2025-06-09 22-33-06  264  2026.25  4.86319e-14  197.468  2672
96  128  2025-06-09 22-33-06  265.6  2034.8  4.91556e-14  197.525  2672
97  128  2025-06-09 22-33-06  267.2  2043.36  4.96796e-14  197.583  2672
98  128  2025-06-09 22-33-06  268.8  2051.92  5.0204e-14  197.641  2672
99  128  2025-06-09 22-33-06  270.4  2060.49  5.07287e-14  197.698  2672
100  128  2025-06-09 22-33-06  1392  2069.07  5.12538e-14  197.756  2672
101  128  2025-06-09 22-33-06  1393.6  2077.65  5.17792e-14  197.813  2672
102  128  2025-06-09 22-33-06  1395.2  2086.23  5.2305e-14  197.871  2672
103  128  2025-06-09 22-33-06  1396.8  2094.83  5.28312e-14  197.928  2672
104  128  2025-06-09 22-33-06  1398.4  2103.43  5.33577e-14  197.986  2672
105  128  2025-06-09 22-33-06  1400  2112.03  5.38845e-14  198.043  2672
106  128  2025-06-09 22-33-06  1401.6  2120.64  5.44117e-14  198.101  2672
107  128  2025-06-09 22-33-06  1403.2  2129.26  5.49393e-14  198.159  2672
108  128  2025-06-09 22-33-06  1404.8  2137.88  5.54672e-14  198.216  2672
109  128  2025-06-09 22-33-06  1406.4  2146.5  5.59954e-14  198.274  2672
110  128  2025-06-09 22-33-06  1408  2155.14  5.6524e-14  198.331  2672
111  128  2025-06-09 22-33-06  1409.6  2163.78  5.7053e-14  198.389  2672
112  128  2025-06-09 22-33-06  1411.2  2172.42  5.75823e-14  198.446  2672
113  128  2025-06-09 22-33-06  1412.8  2181.07  5.8112e-14  198.504  2672
114  128  2025-06-09 22-33-06  1414.4  2189.73  5.8642e-14  198.561  2672
115  128  2025-06-09 22-33-06  1416  2198.39  5.91724e-14  198.619  2672
116  128  2025-06-09 22-33-06  1417.6  2207.06  5.97031e-14  198.677  2672
117  128  2025-06-09 22-33-06  1419.2  2215.73  6.02342e-14  198.734  2672
118  128  2025-06-09 22-33-06  1420.8  2224.41  6.07656e-14  198.792  2672
119  128  2025-06-09 22-33-06  1422.4  2233.1  6.12974e-14  198.849  2672
120  128  2025-06-09 22-33-06  1424  2241.79  6.18295e-14  198.907  2672
121  128  2025-06-09 22-33-06  1425.6  2250.48  6.2362e-14  198.964  2672
122  128  2025-06-09 22-33-06  1427.2  2259.18  6.28948e-14  199.022  2672
123  128  2025-06-09 22-33-06  1428.8  2267.89  6.3428e-14  199.079  2672
124  128  2025-06-09 22-33-06  1430.4  2276.61  6.39616e-14  199.137  2672
125  128  2025-06-09 22-33-06  1432  2285.33  6.44955e-14  199.195  2672
126  128  2025-06-09 22-33-06  1433.6  2294.05  6.50297e-14  199.252  2672
127  128  2025-06-09 22-33-06  1435.2  2302.78  6.55643e-14  199.31  2672
128  128  2025-06-09 22-33-06  1436.8  2311.52  6.60993e-14  199.367  2672
129  128  2025-06-09 22-33-06  1438.4  2320.26  6.66346e-14  199.425  2672
130  128  2025-06-09 22-33-06  1440  2329.01  6.71702e-14  199.482  2672
131  128  2025-06-09 22-33-06  1441.6  2337.76  6.77062e-14  199.54  2672
132  128  2025-06-09 22-33-06  1443.2  2346.52  6.82426e-14  199.597  2672
133  128  2025-06-09 22-33-06  1444.8  2355.29  6.87793e-14  199.655  2672
134  128  2025-06-09 22-33-06  1446.4  2364.06  6.93164e-14  199.713  2672
135  128  2025-06-09 22-33-06  1448  2372.84  6.98538e-14  199.77  2672
136  128  2025-06-09 22-33-06  1449.6  2381.62  7.03916e-14  199.828  2672
137  128  2025-06-09 22-33-06  1451.2  2390.41  7.09297e-14  199.885  2672
138  128  2025-06-09 22-33-06  1452.8  2399.2  7.14682e-14  199.943  2672
139  128  2025-06-09 22-33-06  1454.4  2408  7.2007e-14  200  2672
140  128  2025-06-09 22-33-06  1456  2416.81  7.25462e-14  200.058  2672
141  128  2025-06-09 22-33-06  1457.6  2425.62  7.30857e-14  200.115  2672
142  128  2025-06-09 22-33-06  1459.2  2434.44  7.36256e-14  200.173  2672
143  128  2025-06-09 22-33-06  1460.8  2443.26  7.41658e-14  200.231  2672
144  128  2025-06-09 22-33-06  1462.4  2452.09  7.47064e-14  200.288  2672
145  128  2025-06-09 22-33-06  1464  2460.92  7.52474e-14  200.346  2672
146  128  2025-06-09 22-33-06  1465.6  2469.76  7.57887e-14  200.403  2672
147  128  2025-06-09 22-33-06  1467.2  2478.61  7.63303e-14  200.461  2672
148  128  2025-06-09 22-33-06  1468.8  2487.46  7.68723e-14  200.518  2672
149  128  2025-06-09 22-33-06  1470.4  2496.32  7.74147e-14  200.576  2672
150  128  2025-06-09 22-33-06  1472  2505.18  7.79574e-14  200.633  2672
151  128  2025-06-09 22-33-06  1473.6  2514.05  7.85004e-14  200.691  2672
152  128  2025-06-09 22-33-06  1475.2  2522.93  7.90438e-14  200.749  2672
153  128  2025-06-09 22-33-06  1476.8  2531.81  7.95876e-14  200.806  2672
154  128  2025-06-09 22-33-06  1478.4  2540.69  8.01317e-14  200.864  2672
155  128  2025-06-09 22-33-06  1480  2549.59  8.06762e-14  200.921  2672
156  128  2025-06-09 22-33-06  1481.6  2558.48  8.1221e-14  200.979  2672
157  128  2025-06-09 22-33-06  1483.2  2567.39  8.17662e-14  201.036  2672
158  128  2025-06-09 22-33-06  1484.8  2576.3  8.23117e-14  201.094  2672
159  128  2025-06-09 22-33-06  1486.4  2585.21  8.28576e-14  201.151  2672
160  128  2025-06-09 22-33-06  1488  2594.13  8.34038e-14  201.209  2672
161  128  2025-06-09 22-33-06  1489.6  2603.06  8.39504e-14  201.267  2672
162  128  2025-06-09 22-33-06  1491.2  2611.99  8.44973e-14  201.324  2672
163  128  2025-06-09 22-33-06  1492.8  2620.93  8.50446e-14  201.382  2672
164  128  2025-06-09 22-33-06  1494.4  2629.87  8.55922e-14  201.439  2672
165  128  2025-06-09 22-33-06  1496  2638.82  8.61402e-14  201.497  2672
166  128  2025-06-09 22-33-06  1497.6  2647.78  8.66886e-14  201.554  2672
167  128  2025-06-09 22-33-06  1499.2  2656.74  8.72373e-14  201.612  2672
168  128  2025-06-09 22-33-06  1500.8  2665.71  8.77863e-14  201.669  2672
169  128  2025-06-09 22-33-06  1502.4  2674.68  8.83357e-14  201.727  2672
170  128  2025-06-09 22-33-06  1504  2683.66  8.88855e-14  201.785  2672
171  128  2025-06-09 22-33-06  1505.6  2692.64  8.94356e-14  201.842  2672
172  128  2025-06-09 22-33-06  1507.2  2701.63  8.9986e-14  201.9  2672
173  128  2025-06-09 22-33-06  1508.8  2710.63  9.05368e-14  201.957  2672
174  128  2025-06-09 22-33-06  1510.4  2719.63  9.1088e-14  202.015  2672
175  128  2025-06-09 22-33-06  1512  2728.64  9.16395e-14  202.072  2672
176  128  2025-06-09 22-33-06  1513.6  2737.65  9.21914e-14  202.13  2672
177  128  2025-06-09 22-33-06  1515.2  2746.67  9.27436e-14  202.187  2672
178  128  2025-06-09 22-33-06  1516.8  2755.69  9.32962e-14  202.245  2672
179  128  2025-06-09 22-33-06  1518.4  2764.72  9.38491e-14  202.303  2672
180  128  2025-06-09 22-33-06  1520  2773.76  9.44024e-14  202.36  2672
181  128  2025-06-09 22-33-06  1521.6  2782.8  9.4956e-14  202.418  2672
182  128  2025-06-09 22-33-06  1523.2  2791.85  9.551e-14  202.475  2672
183  128  2025-06-09 22-33-06  1524.8  2800.9  9.60643e-14  202.533  2672
184  128  2025-06-09 22-33-06  1526.4  2809.96  9.6619e-14  202.59  2672
185  128  2025-06-09 22-33-06  1528  2819.03  9.71741e-14  202.648  2672
186  128  2025-06-09 22-33-06  1529.6  2828.1  9.77295e-14  202.705  2672
187  128  2025-06-09 22-33-06  1531.2  14037.2  9.82852e-14  202.763  2672
188  128  2025-06-09 22-33-06  1532.8  14046.3  9.88413e-14  202.821  2672
189  128  2025-06-09 22-33-06  1534.4  14055.3  9.93978e-14  202.878  2672
190  128  2025-06-09 22-33-06  1536  14064.4  9.99546e-14  202.936  2672
191  128  2025-06-09 22-33-06  1537.6  14073.5  1.00512e-13  202.993  2672
192  128  2025-06-09 22-33-06  1539.2  14082.6  1.01069e-13  203.051  2672
193  128  2025-06-09 22-33-06  1540.8  14091.8  1.01627e-13  203.108  2672
194  128  2025-06-09 22-33-06  1542.4  14100.9  1.02185e-13  203.166  2672
195  128  2025-06-09 22-33-06  1544  14110  1.02744e-13  203.223  2672
196  128  2025-06-09 22-33-06  1545.6  14119.1  1.03303e-13  203.281  2672
197  128  2025-06-09 22-33-06  1547.2  14128.3  1.03862e-13  203.339  2672
198  128  2025-06-09 22-33-06  1548.8  14137.4  1.04422e-13  203.396  2672
199  128  2025-06-09 22-33-06  1550.4  14146.5  1.04982e-13  203.454  2672
200  128  2025-06-09 22-33-06  1552  14155.7  1.05542e-13  203.511  2672
201  128  2025-06-09 22-33-06  1553.6  14164.8  1.06103e-13  203.569  2672
202  128  2025-06-09 22-33-06  1555.2  14174  1.06664e-13  203.626  2672
203  128  2025-06-09 22-33-06  1556.8  14183.2  1.07225e-13  203.684  2672
204  128  2025-06-09 22-33-06  1558.4  14192.3  1.07787e-13  203.741  2672
205  128  2025-06-09 22-33-06  1560  14201.5  1.08349e-13  203.799  2672
206  128  2025-06-09 22-33-06  1561.6  14210.7  1.08911e-13  203.857  2672
207  128  2025-06-09 22-33-06  1563.2  14219.9  1.09474e-13  203.914  2672
208  128  2025-06-09 22-33-06  1564.8  14229.1  1.10037e-13  203.972  2672
209  128  2025-06-09 22-33-06  1566.4  14238.3  1.10601e-13  204.029  2672
210  128  2025-06-09 22-33-06  1568  14247.5  1.11165e-13  204.087  2672
211  128  2025-06-09 22-33-06  1569.6  14256.7  1.11728e-13  204  2672
212  128  2025-06-09 22-33-06  1571.2  14265.9  -0.0811376  204.058  2680.08
213  128  2025-06-09 22-33-06  1572.8  14275.1  -0.244313  204.116  2688.24
214  128  2025-06-09 22-33-06  1574.4  14284.3  -0.490418  204.173  2696.48
215  128  2025-06-09 22-33-06  1576  14293.6  -0.820341  204.231  2704.8
216  128  2025-06-09 22-33-06  1577.6  14302.8  -1.23497  204.288  2713.2
217  128  2025-06-09 22-33-06  1579.2  14312  -1.73516  204.346  2721.68
218  128  2025-06-09 22-33-06  1580.8  14321.2  -2.32181  204.403  2730.24
219  128  2025-06-09 22-33-06  1582.4  14330.4  -2.99576  204.461  2738.88
220  128  2025-06-09 22-33-06  1584  14339.7  -3.75786  204.518  2747.6
221  128  2025-06-09 22-33-06  1585.6  14348.9  -4.60897  204.576  2756.4
222  128  2025-06-09 22-33-06  1587.2  14358.1  -5.54992  204.634  2765.28
223  128  2025-06-09 22-33-06  1588.8  14367.3  -6.58153  204.691  2774.24
224  128  2025-06-09 22-33-06  1590.4  14376.5  -7.70462  204.749  2783.28
225  128  2025-06-09 22-33-06  1592  14385.7  -8.92  204.806  2792.4
226  128  2025-06-09 22-33-06  1593.6  14394.9  -10.1311  204.864  2791.9
227  128  2025-06-09 22-33-06  1595.2  14404.1  -11.3379  204.921  2791.39
228  128  2025-06-09 22-33-06  1596.8  14413.4  -12.5401  204.979  2790.86
229  128  2025-06-09 22-33-06  1598.4  14422.6  -13.7376  205.036  2790.32
230  128  2025-06-09 22-33-06  1600  14431.8  -14.9301  205.094  2789.76
231  128  2025-06-09 22-33-06  1601.6  14441.1  -128.118  205.152  2789.18
232  128  2025-06-09 22-33-06  1603.2  14450.3  -129.3  205.209  2788.59
233  128  2025-06-09 22-33-06  1604.8  14459.6  -130.477  205.267  2787.98
234  128  2025-06-09 22-33-06  1606.4  14468.8  -131.648  205.324  2787.36
235  128  2025-06-09 22-33-06  1608  14478.1  -132.814  205.382  2786.72
236  128  2025-06-09 22-33-06  1609.6  14487.4  -133.973  205.439  2786.06
237  128  2025-06-09 22-33-06  1611.2  14496.6  -135.127  205.497  2785.39
238  128  2025-06-09 22-33-06  1612.8  14505.9  -136.354  205.411  2792.78
239  128  2025-06-09 22-33-06  1614.4  14515.1  -137.655  205.324  2800.24
240  128  2025-06-09 22-33-06  1616  14524.4  -139.031  205.238  2807.76
241  128  2025-06-09 22-33-06  1617.6  14533.6  -140.481  205.152  2815.34
242  128  2025-06-09 22-33-06  1619.2  14542.7  -142.007  205.065  2822.99
243  128  2025-06-09 22-33-06  1620.8  14551.9  -143.609  204.979  2830.7
244  128  2025-06-09 22-33-06  1622.4  14561  -145.287  204.893  14038.5
245  128  2025-06-09 22-33-06  1624  14570.1  -147.041  204.806  14046.3
246  128  2025-06-09 22-33-06  1625.6  14579.2  -148.875  204.864  14054.2
247  128  2025-06-09 22-33-06  1627.2  14588.3  -150.789  204.921  14062.2
248  128  2025-06-09 22-33-06  1628.8  14597.4  -152.783  204.979  14070.2
249  128  2025-06-09 22-33-06  1630.4  14606.5  -154.796  205.036  14071.9
250  128  2025-06-09 22-33-06  1632  14615.6  -156.825  205.094  14073.5
251  128  2025-06-09 22-33-06  1633.6  14624.7  -158.872  205.152  14075.1
252  128  2025-06-09 22-33-06  1635.2  14633.8  -160.937  205.209  14076.8
253  128  2025-06-09 22-33-06  1636.8  14642.9  -163.019  205.267  14078.4
254  128  2025-06-09 22-33-06  1638.4  14652  -165.119  205.324  14080
255  128  2025-06-09 22-33-06  1640  14661  -167.236  205.382  14081.6
256  128  2025-06-09 22-33-06  1641.6  14670.1  -169.37  205.439  14083.3
257  128  2025-06-09 22-33-06  1643.2  14679.2  -171.522  205.497  14084.9
258  128  2025-06-09 22-33-06  1644.8  14688.3  -173.692  205.554  14086.5
259  128  2025-06-09 22-33-06  1646.4  14697.4  -175.879  205.612  14088.2
260  128  2025-06-09 22-33-06  1648  14706.5  -178.083  205.67  14089.8
261  128  2025-06-09 22-33-06  1649.6  14715.7  -180.305  205.727  14091.4
262  128  2025-06-09 22-33-06  1651.2  14724.8  -182.545  205.785  14093.1
263  128  2025-06-09 22-33-06  1652.8  14733.9  -184.803  205.842  14094.7
264  128  2025-06-09 22-33-06  1654.4  14743  -187.078  205.9  14096.3
265  128  2025-06-09 22-33-06  1656  14752.1  -189.37  205.957  14098
266  128  2025-06-09 22-33-06  1657.6  14761.2  -191.68  206.015  14099.6
267  128  2025-06-09 22-33-06  1659.2  14770.3  -194.008  206.072  14101.2
268  128  2025-06-09 22-33-06  1660.8  14779.4  -196.354  206.13  14102.9
269  128  2025-06-09 22-33-06  1662.4  14788.6  -198.717  206.188  14104.5
270  128  2025-06-09 22-33-06  1664  14797.7  -201.098  206.245  14106.1
271  128  2025-06-09 22-33-06  1665.6  14806.8  -203.496  206.303  14107.8
272  128  2025-06-09 22-33-06  1667.2  14815.9  -206.009  206.36  14119.1
273  128  2025-06-09 22-33-06  1668.8  14825  -208.636  206.418  14130.5
274  128  2025-06-09 22-33-06  1670.4  14834  -211.379  206.475  14142
275  128  2025-06-09 22-33-06  1672  14843  -214.238  206.533  14153.6
276  128  2025-06-09 22-33-06  1673.6  14852  -217.214  206.59  14165.4
277  128  2025-06-09 22-33-06  1675.2  14860.9  -220.306  206.648  14177.2
278  128  2025-06-09 22-33-06  1676.8  14869.8  -223.517  206.706  14189.1
279  128  2025-06-09 22-33-06  1678.4  14878.7  -226.846  206.763  14201.1
280  128  2025-06-09 22-33-06  1680  14887.5  -230.294  206.821  14213.2
281  128  2025-06-09 22-33-06  1681.6  14896.3  -233.861  206.878  14225.4
282  128  2025-06-09 22-33-06  1683.2  14905.1  -237.548  206.936  14237.6
283  128  2025-06-09 22-33-06  1684.8  14913.8  -241.355  206.993  14250
284  128  2025-06-09 22-33-06  1686.4  14922.4  -245.283  207.051  14262.5
285  128  2025-06-09 22-33-06  1688  14931.1  -249.332  207.108  14275.1
286  128  2025-06-09 22-33-06  1689.6  14939.6  -253.501  207.166  14287.8
287  128  2025-06-09 22-33-06  1691.2  14948.1  -257.792  207.224  14300.5
288  128  2025-06-09 22-33-06  1692.8  14956.6  -262.204  207.281  14313.3
289  128  2025-06-09 22-33-06  1694.4  14964.9  -266.736  207.339  14326.1
290  128  2025-06-09 22-33-06  1696  14973.3  -271.387  207.396  14338.9
291  128  2025-06-09 22-33-06  1697.6  14981.5  -1396.16  207.454  14351.7
292  128  2025-06-09 22-33-06  1699.2  14989.7  -1401.05  207.511  14364.5
293  128  2025-06-09 22-33-06  1700.8  14997.9  -1406.05  207.569  14377.3
294  128  2025-06-09 22-33-06  1702.4  15006  -1411.17  207.626  14390.1
295  128  2025-06-09 22-33-06  1704  15014.1  -1416.25  207.684  14385.2
296  128  2025-06-09 22-33-06  1705.6  15022.2  -1421.29  207.742  14380.3
297  128  2025-06-09 22-33-06  1707.2  15030.3  -1426.45  207.799  14393
298  128  2025-06-09 22-33-06  1708.8  15038.4  -1431.57  207.857  14388.1
299  128  2025-06-09 22-33-06  1710.4  15046.5  -1436.64  207.914  14383.1
300  128  2025-06-09 22-33-06  1712  15054.7  -1441.67  207.972  14378
301  128  2025-06-09 22-33-06  1713.6  15062.8  -1446.82  208.029  14390.5
302  128  2025-06-09 22-33-06  1715.2  15070.9  -1451.92  208.087  14385.5
303  128  2025-06-09 22-33-06  1716.8  15079.1  -1456.99  208.145  14380.3
304  128  2025-06-09 22-33-06  1718.4  15087.3  -1462  208.202  14375
305  128  2025-06-09 22-33-06  1720  15095.5  -1467.14  208.26  14387.5
306  128  2025-06-09 22-33-06  1721.6  15103.6  -1472.22  208.317  14382.3
307  128  2025-06-09 22-33-06  1723.2  15111.9  -1477.27  208.375  14376.9
308  128  2025-06-09 22-33-06  1724.8  15120  -1482.43  208.432  14389.3
309  128  2025-06-09 22-33-06  1726.4  15128.2  -1487.54  208.49  14384
310  128  2025-06-09 22-33-06  1728  15136.3  -1492.74  208.547  14393.2
311  128  2025-06-09 22-33-06  1729.6  15144.4  -1498.02  208.605  14402.4
312  128  2025-06-09 22-33-06  1731.2  15152.5  -1503.39  208.663  14411.7
313  128  2025-06-09 22-33-06  1732.8  15160.5  -1508.77  208.72  14413
314  128  2025-06-09 22-33-06  1734.4  15168.5  -1514.17  208.778  14414.3
315  128  2025-06-09 22-33-06  1736  15176.5  -1519.57  208.691  14415.5
316  128  2025-06-09 22-33-06  1737.6  15184.5  -1524.98  208.605  14416.8
317  128  2025-06-09 22-33-06  1739.2  15192.5  -1530.39  208.519  14418
318  128  2025-06-09 22-33-06  1740.8  15200.5  -1535.81  208.432  14419.2
319  128  2025-06-09 22-33-06  1742.4  15208.5  -1541.24  208.346  14420.4
320  128  2025-06-09 22-33-06  1744  15216.4  -1546.67  208.26  14421.5
321  128  2025-06-09 22-33-06  1745.6  15224.4  -1552.11  208.173  14422.7
322  128  2025-06-09 22-33-06  1747.2  15232.3  -1557.55  208.087  14423.8
323  128  2025-06-09 22-33-06  1748.8  15240.1  -1563.08  208.145  14434.6
324  128  2025-06-09 22-33-06  1750.4  15247.9  -1568.72  208.202  14445.5
325  128  2025-06-09 22-33-06  1752  15255.7  -1574.45  208.26  14456.5
326  128  2025-06-09 22-33-06  1753.6  15263.3  -1580.27  208.317  14467.6
327  128  2025-06-09 22-33-06  1755.2  15270.9  -1586.2  208.375  14478.7
328  128  2025-06-09 22-33-06  1756.8  15278.5  -1592.21  208.432  14489.9
329  128  2025-06-09 22-33-06  1758.4  15285.9  -1598.33  208.49  14501.1
330  128  2025-06-09 22-33-06  1760  15293.3  -1604.54  208.547  14512.3
331  128  2025-06-09 22-33-06  1761.6  15300.7  -1610.84  208.605  14523.5
332  128  2025-06-09 22-33-06  1763.2  15307.9  -1617.23  208.663  14534.7
333  128  2025-06-09 22-33-06  1764.8  15315.1  -1623.72  208.72  14545.9
334  128  2025-06-09 22-33-06  1766.4  15322.2  -1630.23  208.778  14549.1
335  128  2025-06-09 22-33-06  1768  15329.4  -1636.78  208.835  14552.3
336  128  2025-06-09 22-33-06  1769.6  15336.5  -1643.35  208.893  14555.5
337  128  2025-06-09 22-33-06  1771.2  15343.6  -1649.95  208.95  14558.7
338  128  2025-06-09 22-33-06  1772.8  15350.7  -1656.58  209.008  14561.9
339  128  2025-06-09 22-33-06  1774.4  15357.7  -1663.24  209.065  14565.1
340  128  2025-06-09 22-33-06  1776  15364.8  -1669.93  209.123  14568.3
341  128  2025-06-09 22-33-06  1777.6  15371.7  -1676.71  209.037  14581.1
342  128  2025-06-09 22-33-06  1779.2  15378.6  -1683.59  209.094  14593.9
343  128  2025-06-09 22-33-06  1780.8  15385.5  -1690.44  209.152  14589
344  128  2025-06-09 22-33-06  1782.4  15392.4  -1697.25  209.209  14584
345  128  2025-06-09 22-33-06  1784  15399.4  -1704.03  209.267  14579
346  128  2025-06-09 22-33-06  1785.6  15406.4  -1710.78  209.324  14573.9
347  128  2025-06-09 22-33-06  1787.2  15413.4  -1717.48  209.382  14568.7
348  128  2025-06-09 22-33-06  1788.8  15420.5  -1724.16  209.44  14563.4
349  128  2025-06-09 22-33-06  1790.4  15427.7  -1730.79  209.497  14558
350  128  2025-06-09 22-33-06  1792  15434.9  -1737.39  209.555  14552.6
351  128  2025-06-09 22-33-06  1793.6  15442.1  -1743.94  209.612  14547.1
352  128  2025-06-09 22-33-06  1795.2  15449.4  -1750.46  209.67  14541.5
353  128  2025-06-09 22-33-06  1796.8  15456.7  -1756.93  209.727  14535.8
354  128  2025-06-09 22-33-06  1798.4  15464.1  -1763.36  209.785  14530
355  128  2025-06-09 22-33-06  1800  15471.5  -1769.75  209.842  14524.2
356  128  2025-06-09 22-33-06  1801.6  15478.9  -1776.1  209.9  14518.3
357  128  2025-06-09 22-33-06  1803.2  15486.4  -1782.39  209.958  14512.3
358  128  2025-06-09 22-33-06  1804.8  15494  -1788.65  210.015  14506.2
359  128  2025-06-09 22-33-06  1806.4  15501.6  -1794.85  210.073  14500
360  128  2025-06-09 22-33-06  1808  15509.2  -1801.01  210.13  14493.8
361  128  2025-06-09 22-33-06  1809.6  15516.9  -1807.12  210.188  14487.5
362  128  2025-06-09 22-33-06  1811.2  15524.7  -1813.18  210.245  14481.1
363  128  2025-06-09 22-33-06  1812.8  15532.4  -1819.18  210.303  14474.6
364  128  2025-06-09 22-33-06  1814.4  15540.3  -1825.14  210.36  14468
365  128  2025-06-09 22-33-06  1816  15548.1  -1831.04  210.418  14461.4
366  128  2025-06-09 22-33-06  1817.6  15556.1  -1836.88  210.476  14454.7
367  128  2025-06-09 22-33-06  1819.2  15564  -1842.67  210.533  14447.9
368  128  2025-06-09 22-33-06  1820.8  15572.1  -1848.41  210.591  14441
369  128  2025-06-09 22-33-06  1822.4  15580.1  -1854.08  210.648  14434
370  128  2025-06-09 22-33-06  1824  15588.2  -1859.7  210.706  14427
371  128  2025-06-09 22-33-06  1825.6  15596.4  -1865.26  210.763  14419.9
372  128  2025-06-09 22-33-06  1827.2  15604.6  -1870.76  210.821  14412.7
373  128  2025-06-09 22-33-06  1828.8  15612.9  -1876.19  210.878  14405.4
374  128  2025-06-09 22-33-06  1830.4  15621.2  -1881.56  210.936  14398
375  128  2025-06-09 22-33-06  1832  15629.5  -1886.87  210.994  14390.6
376  128  2025-06-09 22-33-06  1833.6  15637.9  -1892.11  211.051  14383.1
377  128  2025-06-09 22-33-06  1835.2  15646.4  -1897.28  211.109  14375.5
378  128  2025-06-09 22-33-06  1836.8  15654.9  -1902.39  211.166  14367.8
379  128  2025-06-09 22-33-06  1838.4  15663.5  -1907.42  211.224  14360
380  128  2025-06-09 22-33-06  1840  15672.1  -1912.39  211.281  14352.2
381  128  2025-06-09 22-33-06  1841.6  15680.6  -1917.45  211.339  14362.1
382  128  2025-06-09 22-33-06  1843.2  15689.2  -1922.44  211.396  14354.2
383  128  2025-06-09 22-33-06  1844.8  15697.7  -1927.53  211.454  14364.1
384  128  2025-06-09 22-33-06  1846.4  15706.3  -1932.54  211.512  14356.3
385  128  2025-06-09 22-33-06  1848  15715  -1937.49  211.569  14348.4
386  128  2025-06-09 22-33-06  1849.6  15723.6  -1942.53  211.627  14358.2
387  128  2025-06-09 22-33-06  1851.2  15732.2  -1947.5  211.684  14350.4
388  128  2025-06-09 22-33-06  1852.8  15740.8  -1952.56  211.742  14360.2
389  128  2025-06-09 22-33-06  1854.4  15749.4  -1957.55  211.799  14352.3
390  128  2025-06-09 22-33-06  1856  15758  -1962.64  211.857  14362.2
391  128  2025-06-09 22-33-06  1857.6  15766.7  -1967.66  211.914  14354.3
392  128  2025-06-09 22-33-06  1859.2  15775.3  -1972.77  211.972  14364.2
393  128  2025-06-09 22-33-06  1860.8  15783.9  -1977.81  212.03  14356.4
394  128  2025-06-09 22-33-06  1862.4  15792.6  -1982.78  212.087  14348.4
395  128  2025-06-09 22-33-06  1864  15801.2  -1987.85  212.145  14358.2
396  128  2025-06-09 22-33-06  1865.6  15809.9  -1992.85  212.202  14350.4
397  128  2025-06-09 22-33-06  1867.2  15818.6  -1997.94  212.26  14360.2
398  128  2025-06-09 22-33-06  1868.8  15827.2  -2002.95  212.317  14352.3
399  128  2025-06-09 22-33-06  1870.4  15835.9  -2008.07  212.375  14362.1
400  128  2025-06-09 22-33-06  1872  15844.6  -2013.11  212.432  14354.3
401  128  2025-06-09 22-33-06  1873.6  15853.3  -2018.08  212.49  14346.3
402  128  2025-06-09 22-33-06  1875.2  15862  -2023.15  212.548  14356.1
403  128  2025-06-09 22-33-06  1876.8  15870.7  -2028.14  212.605  14348.2
404  128  2025-06-09 22-33-06  1878.4  15879.4  -2033.23  212.663  14357.9
405  128  2025-06-09 22-33-06  1880  15888.1  -2038.25  212.72  14350
406  128  2025-06-09 22-33-06  1881.6  15896.8  -2043.36  212.778  14359.8
407  128  2025-06-09 22-33-06  1883.2  15905.6  -2048.4  212.835  14351.9
408  128  2025-06-09 22-33-06  1884.8  15914.3  -2053.37  212.893  14344
409  128  2025-06-09 22-33-06  1886.4  15923.1  -2058.43  212.95  14353.7
410  128  2025-06-09 22-33-06  1888  15931.9  -2063.42  213.008  14345.7
411  128  2025-06-09 22-33-06  1889.6  15940.6  -2068.51  213.066  14355.5
412  128  2025-06-09 22-33-06  1891.2  15949.4  -2073.52  213.123  14347.6
413  128  2025-06-09 22-33-06  1892.8  15958.1  -2078.63  213.181  14357.3
414  128  2025-06-09 22-33-06  1894.4  15966.9  -2083.67  213.238  14349.4
415  128  2025-06-09 22-33-06  1896  15975.7  -2088.63  213.296  14341.4
416  128  2025-06-09 22-33-06  1897.6  15984.5  -2093.69  213.353  14351.1
417  128  2025-06-09 22-33-06  1899.2  15993.3  -2098.68  213.411  14343.1
418  128  2025-06-09 22-33-06  1900.8  16002.1  -2103.76  213.468  14352.8
419  128  2025-06-09 22-33-06  1902.4  16010.9  -2108.77  213.526  14344.8
420  128  2025-06-09 22-33-06  1904  16019.7  -2113.87  213.584  14354.6
421  128  2025-06-09 22-33-06  1905.6  16028.6  -2118.9  213.641  14346.6
422  128  2025-06-09 22-33-06  1907.2  16037.3  -2124.03  213.699  14356.4
423  128  2025-06-09 22-33-06  1908.8  16046.2  -2129.08  213.756  14348.4
424  128  2025-06-09 22-33-06  1910.4  16055.1  -2134.06  213.814  14340.4
425  128  2025-06-09 22-33-06  1912  16063.9  -2139.14  213.871  14350.1
426  128  2025-06-09 22-33-06  1913.6  16072.8  -2144.14  213.929  14342.1
427  128  2025-06-09 22-33-06  1915.2  16081.6  -2149.23  213.986  14351.8
428  128  2025-06-09 22-33-06  1916.8  16090.5  -2154.26  214.044  14343.8
429  128  2025-06-09 22-33-06  1918.4  16099.3  -2159.38  214.102  14353.5
430  128  2025-06-09 22-33-06  1920  16108.2  -2164.42  214.159  14345.6
431  128  2025-06-09 22-33-06  1921.6  16117.1  -2169.39  214.217  14337.5
432  128  2025-06-09 22-33-06  1923.2  16126  -2174.46  214.274  14347.2
433  128  2025-06-09 22-33-06  1924.8  16134.9  -2179.45  214.332  14339.1
434  128  2025-06-09 22-33-06  1926.4  16143.8  -2184.54  214.389  14348.8
435  128  2025-06-09 22-33-06  1928  16152.8  -2189.55  214.447  14340.8
436  128  2025-06-09 22-33-06  1929.6  16161.7  -2194.66  214.504  14350.4
437  128  2025-06-09 22-33-06  1931.2  16170.6  -2199.7  214.562  14342.4
438  128  2025-06-09 22-33-06  1932.8  16179.5  -2204.83  214.62  14352.1
439  128  2025-06-09 22-33-06  1934.4  16188.4  -2209.89  214.677  14344.2
440  128  2025-06-09 22-33-06  1936  16197.4  -2214.87  214.735  14336.1
441  128  2025-06-09 22-33-06  1937.6  16206.3  -2219.95  214.792  14345.7
442  128  2025-06-09 22-33-06  1939.2  16215.3  -2224.95  214.85  14337.7
443  128  2025-06-09 22-33-06  1940.8  16224.3  -2230.05  214.907  14347.3
444  128  2025-06-09 22-33-06  1942.4  16233.2  -2235.07  214.965  14339.3
445  128  2025-06-09 22-33-06  1944  16242.2  -2240.2  215.022  14349
446  128  2025-06-09 22-33-06  1945.6  16251.2  -2245.24  215.08  14340.9
447  128  2025-06-09 22-33-06  1947.2  16260.2  -2250.21  215.138  14332.8
448  128  2025-06-09 22-33-06  1948.8  16269.2  -2255.28  215.195  14342.4
449  128  2025-06-09 22-33-06  1950.4  16278.2  -2260.27  215.253  14334.4
450  128  2025-06-09 22-33-06  1952  16287.2  -2265.35  215.31  14344
451  128  2025-06-09 22-33-06  1953.6  16296.3  -2270.37  215.368  14335.9
452  128  2025-06-09 22-33-06  1955.2  16305.3  -2275.47  215.425  14345.6
453  128  2025-06-09 22-33-06  1956.8  16314.3  -2280.5  215.483  14337.5
454  128  2025-06-09 22-33-06  1958.4  16323.3  -2285.63  215.54  14347.2
455  128  2025-06-09 22-33-06  1960  16332.3  -2290.69  215.598  14339.1
456  128  2025-06-09 22-33-06  1961.6  16341.4  -2295.66  215.656  14331
457  128  2025-06-09 22-33-06  1963.2  16350.5  -2300.74  215.713  14340.6
458  128  2025-06-09 22-33-06  1964.8  16359.6  -2305.73  215.771  14332.5
459  128  2025-06-09 22-33-06  1966.4  16368.6  -2310.83  215.828  14342.1
460  128  2025-06-09 22-33-06  1968  16377.7  -2315.84  215.886  14334
461  128  2025-06-09 22-33-06  1969.6  16386.8  -2320.96  215.943  14343.6
462  128  2025-06-09 22-33-06  1971.2  16395.8  -2326.16  215.857  14353.3
463  128  2025-06-09 22-33-06  1972.8  16404.8  -2331.37  215.915  14353.5
464  128  2025-06-09 22-33-06  1974.4  16413.7  -2336.59  215.972  14353.6
465  128  2025-06-09 22-33-06  1976  16422.7  -2341.81  216.03  14353.7
466  128  2025-06-09 22-33-06  1977.6  16431.8  -2347.03  216.087  14353.8
467  128  2025-06-09 22-33-06  1979.2  16440.8  -2352.25  216.145  14353.9
468  128  2025-06-09 22-33-06  1980.8  16449.8  -2357.48  216.202  14354
469  128  2025-06-09 22-33-06  1982.4  16458.8  -2362.72  216.26  14354.1
470  128  2025-06-09 22-33-06  1984  16467.8  -2368.04  216.317  14362.3
471  128  2025-06-09 22-33-06  1985.6  16476.7  -2373.44  216.375  14370.6
472  128  2025-06-09 22-33-06  1987.2  16485.6  -2378.92  216.433  14378.9
473  128  2025-06-09 22-33-06  1988.8  16494.4  -2384.49  216.49  14387.4
474  128  2025-06-09 22-33-06  1990.4  16503.2  -2390.15  216.548  14395.9
475  128  2025-06-09 22-33-06  1992  16512  -2395.89  216.605  14404.5
476  128  2025-06-09 22-33-06  1993.6  16520.7  -2401.71  216.663  14413.2
477  128  2025-06-09 22-33-06  1995.2  16529.3  -2407.62  216.72  14421.9
478  128  2025-06-09 22-33-06  1996.8  16537.9  -2413.62  216.778  14430.7
479  128  2025-06-09 22-33-06  1998.4  16546.4  -2419.71  216.835  14439.6
480  128  2025-06-09 22-33-06  2000  16554.9  -2425.88  216.893  14448.6
481  128  2025-06-09 22-33-06  2001.6  16563.3  -2432.14  216.951  14457.7
482  128  2025-06-09 22-33-06  2003.2  16571.7  -2438.48  217.008  14466.9
483  128  2025-06-09 22-33-06  2004.8  16580  -2444.91  217.066  14476.1
484  128  2025-06-09 22-33-06  2006.4  16588.3  -2451.44  217.123  14485.4
485  128  2025-06-09 22-33-06  2008  16596.5  -2457.95  217.037  14485.1
486  128  2025-06-09 22-33-06  2009.6  16604.7  -2464.45  216.951  14484.8
487  128  2025-06-09 22-33-06  2011.2  16613  -2470.95  216.864  14484.4
488  128  2025-06-09 22-33-06  2012.8  16621.2  -2477.44  216.778  14484.1
489  128  2025-06-09 22-33-06  2014.4  16629.4  -2483.92  216.692  14483.7
490  128  2025-06-09 22-33-06  2016  16637.6  -2490.39  216.605  14483.3
491  128  2025-06-09 22-33-06  2017.6  16645.8  -2496.85  216.519  14482.9
492  128  2025-06-09 22-33-06  2019.2  16654.1  -2503.3  216.433  14482.5
493  128  2025-06-09 22-33-06  2020.8  16662.3  -2509.75  216.49  14482.1
494  128  2025-06-09 22-33-06  2022.4  16670.5  -2516.2  216.548  14481.6
495  128  2025-06-09 22-33-06  2024  16678.7  -2522.73  216.605  14489.3
496  128  2025-06-09 22-33-06  2025.6  16686.8  -2529.32  216.663  14496.9
497  128  2025-06-09 22-33-06  2027.2  16695  -2535.86  216.72  14490.1
498  128  2025-06-09 22-33-06  2028.8  16703.2  -2542.34  216.778  14483.3
499  128  2025-06-09 22-33-06  2030.4  16711.5  -2548.76  216.835  14476.3
500  128  2025-06-09 22-33-06  2032  16719.9  -2555.12  216.893  14469.3
501  128  2025-06-09 22-33-06  2033.6  16728.2  -2561.42  216.951  14462.1
502  128  2025-06-09 22-33-06  2035.2  16736.7  -2567.66  217.008  14454.9
503  128  2025-06-09 22-33-06  2036.8  16745.2  -2573.83  217.066  14447.7
504  128  2025-06-09 22-33-06  2038.4  16753.8  -2579.94  217.123  14440.3
505  128  2025-06-09 22-33-06  2040  16762.4  -2585.98  217.181  14432.9
506  128  2025-06-09 22-33-06  2041.6  16771  -2591.95  217.238  14425.3
507  128  2025-06-09 22-33-06  2043.2  16779.7  -2597.85  217.296  14417.7
508  128  2025-06-09 22-33-06  2044.8  16788.5  -2603.69  217.353  14410.1
509  128  2025-06-09 22-33-06  2046.4  16797.3  -2609.45  217.411  14402.3
510  128  2025-06-09 22-33-06  2048  16806.2  -2615.14  217.469  14394.5
511  128  2025-06-09 22-33-06  2049.6  16815.2  -2620.76  217.526  14386.5
512  128  2025-06-09 22-33-06  2051.2  16824.1  -2626.3  217.584  14378.5
513  128  2025-06-09 22-33-06  2052.8  16833.2  -2631.77  217.641  14370.5
514  128  2025-06-09 22-33-06  2054.4  16842.3  -2637.15  217.699  14362.3
515  128  2025-06-09 22-33-06  2056  16851.4  -2642.46  217.756  14354.1
516  128  2025-06-09 22-33-06  2057.6  16860.6  -2647.69  217.814  14345.7
517  128  2025-06-09 22-33-06  2059.2  16869.9  -2652.84  217.871  14337.3
518  128  2025-06-09 22-33-06  2060.8  16879.2  -2657.9  217.929  14328.9
519  128  2025-06-09 22-33-06  2062.4  16888.5  -2662.88  217.987  14320.3
520  128  2025-06-09 22-33-06  2064  16897.9  -2667.95  218.044  14329.4
521  128  2025-06-09 22-33-06  2065.6  16907.2  -2672.94  218.102  14320.9
522  128  2025-06-09 22-33-06  2067.2  16916.6  -2677.85  218.159  14312.3
523  128  2025-06-09 22-33-06  2068.8  16926  -2682.85  218.217  14321.3
524  128  2025-06-09 22-33-06  2070.4  16935.4  -2687.76  218.274  14312.7
525  128  2025-06-09 22-33-06  2072  16944.8  -2692.78  218.332  14321.8
526  128  2025-06-09 22-33-06  2073.6  16954.2  -2697.7  218.389  14313.2
527  128  2025-06-09 22-33-06  2075.2  16963.6  -2702.72  218.447  14322.3
528  128  2025-06-09 22-33-06  2076.8  16973.1  -2707.66  218.505  14313.8
529  128  2025-06-09 22-33-06  2078.4  16982.4  -2712.69  218.562  14322.9
530  128  2025-06-09 22-33-06  2080  16991.9  -2717.64  218.62  14314.3
531  128  2025-06-09 22-33-06  2081.6  17001.3  -2722.68  218.677  14323.5
532  128  2025-06-09 22-33-06  2083.2  17010.7  -2727.64  218.735  14314.9
533  128  2025-06-09 22-33-06  2084.8  17020.2  -2732.69  218.792  14324.1
534  128  2025-06-09 22-33-06  2086.4  17029.6  -2737.66  218.85  14315.5
535  128  2025-06-09 22-33-06  2088  17039  -2742.73  218.908  14324.7
536  128  2025-06-09 22-33-06  2089.6  17048.5  -2747.71  218.965  14316.2
537  128  2025-06-09 22-33-06  2091.2  17057.9  -2752.79  219.023  14325.4
538  128  2025-06-09 22-33-06  2092.8  17067.4  -2757.79  219.08  14316.9
539  128  2025-06-09 22-33-06  2094.4  17076.9  -2762.7  219.138  14308.3
540  128  2025-06-09 22-33-06  2096  17086.4  -2767.7  219.195  14317.4
541  128  2025-06-09 22-33-06  2097.6  17095.9  -2772.62  219.253  14308.9
542  128  2025-06-09 22-33-06  2099.2  17105.4  -2777.64  219.31  14318
543  128  2025-06-09 22-33-06  2100.8  17114.9  -2782.57  219.368  14309.5
544  128  2025-06-09 22-33-06  2102.4  17124.4  -2787.6  219.426  14318.6
545  128  2025-06-09 22-33-06  2104  17134  -2792.54  219.483  14310.1
546  128  2025-06-09 22-33-06  2105.6  17143.5  -2797.58  219.541  14319.2
547  128  2025-06-09 22-33-06  2107.2  17153  -2802.54  219.598  14310.7
548  128  2025-06-09 22-33-06  2108.8  17162.5  -2807.59  219.656  14319.9
549  128  2025-06-09 22-33-06  2110.4  17172.1  -2812.56  219.713  14311.4
550  128  2025-06-09 22-33-06  2112  17181.6  -2817.63  219.771  14320.6
551  128  2025-06-09 22-33-06  2113.6  17191.2  -2822.61  219.828  14312.1
552  128  2025-06-09 22-33-06  2115.2  17200.7  -2827.69  219.886  14321.4
553  128  2025-06-09 22-33-06  2116.8  17210.3  -14032.7  219.944  14312.9
554  128  2025-06-09 22-33-06  2118.4  17219.8  -14037.8  220.001  14322.1
555  128  2025-06-09 22-33-06  2120  17229.4  -14042.8  220.059  14313.7
556  128  2025-06-09 22-33-06  2121.6  17239  -14047.7  220.116  14305.2
557  128  2025-06-09 22-33-06  2123.2  17248.6  -14052.7  220.174  14314.3
558  128  2025-06-09 22-33-06  2124.8  17258.2  -14057.7  220.231  14305.8
559  128  2025-06-09 22-33-06  2126.4  17267.8  -14062.7  220.289  14315
560  128  2025-06-09 22-33-06  2128  17277.4  -14067.6  220.346  14306.5
561  128  2025-06-09 22-33-06  2129.6  17287  -14072.7  220.404  14315.7
562  128  2025-06-09 22-33-06  2131.2  17296.7  -14077.6  220.462  14307.2
563  128  2025-06-09 22-33-06  2132.8  17306.3  -14082.7  220.519  14316.4
564  128  2025-06-09 22-33-06  2134.4  17315.9  -14087.7  220.577  14308
565  128  2025-06-09 22-33-06  2136  17325.5  -14092.7  220.634  14317.2
566  128  2025-06-09 22-33-06  2137.6  17335.2  -14097.7  220.692  14308.8
567  128  2025-06-09 22-33-06  2139.2  17344.8  -14102.8  220.749  14318
568  128  2025-06-09 22-33-06  2140.8  17354.5  -14107.8  220.807  14309.6
569  128  2025-06-09 22-33-06  2142.4  17364.2  -14112.7  220.864  14301.1
570  128  2025-06-09 22-33-06  2144  17373.9  -14117.7  220.922  14310.2
571  128  2025-06-09 22-33-06  2145.6  17383.6  -14122.6  220.98  14301.7
572  128  2025-06-09 22-33-06  2147.2  17393.3  -14127.7  221.037  14310.9
573  128  2025-06-09 22-33-06  2148.8  17403  -14132.6  221.095  14302.5
574  128  2025-06-09 22-33-06  2150.4  17412.7  -14137.6  221.152  14311.7
575  128  2025-06-09 22-33-06  2152  17422.4  -14142.6  221.21  14303.2
576  128  2025-06-09 22-33-06  2153.6  17432.1  -14147.6  221.267  14312.4
577  128  2025-06-09 22-33-06  2155.2  17441.8  -14152.6  221.325  14304
578  128  2025-06-09 22-33-06  2156.8  17451.5  -14157.7  221.382  14313.2
579  128  2025-06-09 22-33-06  2158.4  17461.3  -14162.6  221.44  14304.8
580  128  2025-06-09 22-33-06  2160  17471  -14167.7  221.498  14314.1
581  128  2025-06-09 22-33-06  2161.6  17480.7  -14172.7  221.555  14305.7
582  128  2025-06-09 22-33-06  2163.2  17490.4  -14177.8  221.613  14314.9
583  128  2025-06-09 22-33-06  2164.8  17500.2  -14182.8  221.67  14306.5
584  128  2025-06-09 22-33-06  2166.4  17510  -14187.7  221.728  14298.1
585  128  2025-06-09 22-33-06  2168  17519.8  -14192.7  221.785  14307.3
586  128  2025-06-09 22-33-06  2169.6  17529.6  -14197.7  221.843  14298.8
587  128  2025-06-09 22-33-06  2171.2  17539.3  -14202.7  221.9  14308
588  128  2025-06-09 22-33-06  2172.8  17549.2  -14207.7  221.958  14299.6
589  128  2025-06-09 22-33-06  2174.4  17558.9  -14212.7  222.016  14308.8
590  128  2025-06-09 22-33-06  2176  17568.8  -14217.7  222.073  14300.4
591  128  2025-06-09 22-33-06  2177.6  17578.6  -14222.7  222.131  14309.7
592  128  2025-06-09 22-33-06  2179.2  17588.4  -14227.7  222.188  14301.3
593  128  2025-06-09 22-33-06  2180.8  17598.2  -14232.8  222.246  14310.5
594  128  2025-06-09 22-33-06  2182.4  17608  -14237.8  222.303  14302.1
595  128  2025-06-09 22-33-06  2184  17617.8  -14242.8  222.361  14311.4
596  128  2025-06-09 22-33-06  2185.6  17627.6  -14247.9  222.418  14303.1
597  128  2025-06-09 22-33-06  2187.2  17637.5  -14252.8  222.476  14294.6
598  128  2025-06-09 22-33-06  2188.8  17647.4  -14257.8  222.534  14303.8
599  128  2025-06-09 22-33-06  2190.4  17657.3  -14262.7  222.591  14295.4
600  128  2025-06-09 22-33-06  2192  17667.1  -14267.7  222.649  14304.6
601  128  2025-06-09 22-33-06  2193.6  17677.1  -14272.7  222.706  14296.2
602  128  2025-06-09 22-33-06  2195.2  17686.9  -14277.7  222.764  14305.5
603  128  2025-06-09 22-33-06  2196.8  17696.8  -14282.7  222.821  14297
604  128  2025-06-09 22-33-06  2198.4  17706.7  -14287.7  222.879  14306.3
605  128  2025-06-09 22-33-06  2200  17716.6  -14292.7  222.936  14297.9
606  128  2025-06-09 22-33-06  2201.6  17726.5  -14297.8  222.994  14307.2
607  128  2025-06-09 22-33-06  2203.2  17736.4  -14302.8  223.052  14298.8
608  128  2025-06-09 22-33-06  2204.8  17746.3  -14307.9  223.109  14308.1
609  128  2025-06-09 22-33-06  2206.4  17756.2  -14312.9  223.167  14299.8
610  128  2025-06-09 22-33-06  2208  17766.2  -14317.8  223.224  14291.3
611  128  2025-06-09 22-33-06  2209.6  17776.2  -14322.6  223.282  14282.8
612  128  2025-06-09 22-33-06  2211.2  17786.3  -14327.3  223.339  14274.2
613  128  2025-06-09 22-33-06  2212.8  17796.4  -14332  223.397  14265.5
614  128  2025-06-09 22-33-06  2214.4  17806.6  -14336.5  223.454  14256.7
615  128  2025-06-09 22-33-06  2216  17816.8  -14340.9  223.512  14247.9
616  128  2025-06-09 22-33-06  2217.6  17827.1  -14345.3  223.57  14239
617  128  2025-06-09 22-33-06  2219.2  17837.4  -14349.5  223.627  14230
618  128  2025-06-09 22-33-06  2220.8  17847.8  -14353.7  223.685  14220.9
619  128  2025-06-09 22-33-06  2222.4  17858.2  -14357.7  223.742  14211.7
620  128  2025-06-09 22-33-06  2224  17868.7  -14361.7  223.8  14202.4
621  128  2025-06-09 22-33-06  2225.6  17879.2  -14365.5  223.857  14193.1
622  128  2025-06-09 22-33-06  2227.2  17889.7  -14369.3  223.915  14183.7
623  128  2025-06-09 22-33-06  2228.8  17900.3  -14372.9  223.972  14174.2
624  128  2025-06-09 22-33-06  2230.4  17911  -14376.4  224.03  14164.7
625  128  2025-06-09 22-33-06  2232  17921.6  -14379.8  224.088  14155
626  128  2025-06-09 22-33-06  2233.6  17932.4  -14383.1  224.145  14145.3
627  128  2025-06-09 22-33-06  2235.2  17943.1  -14386.3  224.203  14135.5
628  128  2025-06-09 22-33-06  2236.8  17953.9  -14389.3  224.26  14125.6
629  128  2025-06-09 22-33-06  2238.4  17964.8  -14392.3  224.318  14115.6
630  128  2025-06-09 22-33-06  2240  17975.6  -14395.1  224.375  14105.6
631  128  2025-06-09 22-33-06  2241.6  17986.5  -14397.8  224.433  14095.4
632  128  2025-06-09 22-33-06  2243.2  17997.5  -14400.4  224.49  14085.2
633  128  2025-06-09 22-33-06  2244.8  18008.5  -14402.9  224.548  14074.9
634  128  2025-06-09 22-33-06  2246.4  18019.4  -14405.5  224.606  14082.4
635  128  2025-06-09 22-33-06  2248  18030.4  -14407.9  224.663  14072.1
636  128  2025-06-09 22-33-06  2249.6  18041.4  -14410.4  224.721  14079.5
637  128  2025-06-09 22-33-06  2251.2  18052.4  -14412.8  224.778  14069.2
638  128  2025-06-09 22-33-06  2252.8  18063.4  -14415.3  224.836  14076.7
639  128  2025-06-09 22-33-06  2254.4  18074.4  -14417.9  224.893  14084.2
640  128  2025-06-09 22-33-06  2256  18085.5  -14420.4  224.951  14074.1
641  128  2025-06-09 22-33-06  2257.6  18096.5  -14423  225.008  14081.6
642  128  2025-06-09 22-33-06  2259.2  18107.5  -14425.4  225.066  14071.5
643  128  2025-06-09 22-33-06  2260.8  18118.5  -14427.9  225.124  14079.1
644  128  2025-06-09 22-33-06  2262.4  18129.5  -14430.6  225.181  14086.7
645  128  2025-06-09 22-33-06  2264  18140.6  -14433.1  225.239  14076.7
646  128  2025-06-09 22-33-06  2265.6  18151.6  -14435.7  225.296  14084.4
647  128  2025-06-09 22-33-06  2267.2  18162.7  -14438.2  225.354  14074.4
648  128  2025-06-09 22-33-06  2268.8  18173.7  -14440.7  225.411  14082.1
649  128  2025-06-09 22-33-06  2270.4  18184.8  -14443.2  225.469  14072.1
650  128  2025-06-09 22-33-06  2272  18195.8  -14445.7  225.526  14079.8
651  128  2025-06-09 22-33-06  2273.6  18206.9  -14448.4  225.584  14087.6
652  128  2025-06-09 22-33-06  2275.2  18218  -14450.9  225.642  14077.8
653  128  2025-06-09 22-33-06  2276.8  18229  -14453.5  225.699  14085.6
654  128  2025-06-09 22-33-06  2278.4  18240.1  -14456  225.757  14075.7
655  128  2025-06-09 22-33-06  2280  18251.2  -14458.6  225.814  14083.6
656  128  2025-06-09 22-33-06  2281.6  18262.3  -14461.1  225.872  14073.7
657  128  2025-06-09 22-33-06  2283.2  18273.4  -14463.7  225.929  14081.6
658  128  2025-06-09 22-33-06  2284.8  18284.5  -14466.4  225.987  14089.5
659  128  2025-06-09 22-33-06  2286.4  18295.6  -14469  226.044  14079.8
660  128  2025-06-09 22-33-06  2288  18306.7  -14471.6  226.102  14087.8
661  128  2025-06-09 22-33-06  2289.6  18317.8  -14474.2  226.16  14078.1
662  128  2025-06-09 22-33-06  2291.2  18328.9  -14476.8  226.217  14086
663  128  2025-06-09 22-33-06  2292.8  18340.1  -14479.3  226.275  14076.4
664  128  2025-06-09 22-33-06  2294.4  18351.2  -14482  226.332  14084.4
665  128  2025-06-09 22-33-06  2296  18362.4  -14484.5  226.39  14074.7
666  128  2025-06-09 22-33-06  2297.6  18373.5  -14487.1  226.447  14082.7
667  128  2025-06-09 22-33-06  2299.2  18384.7  -14489.6  226.505  14073
668  128  2025-06-09 22-33-06  2300.8  18395.9  -14492.2  226.562  14081.1
669  128  2025-06-09 22-33-06  2302.4  18407  -14494.8  226.62  14089.2
670  128  2025-06-09 22-33-06  2304  18418.2  -14497.4  226.678  14079.6
671  128  2025-06-09 22-33-06  2305.6  18429.3  -14500.1  226.735  14087.8
672  128  2025-06-09 22-33-06  2307.2  18440.5  -14502.7  226.793  14078.2
673  128  2025-06-09 22-33-06  2308.8  18451.7  -14505.3  226.85  14086.4
674  128  2025-06-09 22-33-06  2310.4  18462.9  -14507.9  226.908  14076.9
675  128  2025-06-09 22-33-06  2312  18474.1  -14510.5  226.965  14085.1
676  128  2025-06-09 22-33-06  2313.6  18485.3  -14513  227.023  14075.6
677  128  2025-06-09 22-33-06  2315.2  18496.5  -14515.7  227.08  14083.7
678  128  2025-06-09 22-33-06  2316.8  18507.7  -14518.2  227.138  14074.3
679  128  2025-06-09 22-33-06  2318.4  18519  -14520.8  227.196  14082.5
680  128  2025-06-09 22-33-06  2320  18530.2  -14523.3  227.253  14073
681  128  2025-06-09 22-33-06  2321.6  18541.4  -14525.9  227.311  14081.2
682  128  2025-06-09 22-33-06  2323.2  18552.7  -14528.6  227.368  14089.5
683  128  2025-06-09 22-33-06  2324.8  18563.9  -14531.2  227.426  14080.2
684  128  2025-06-09 22-33-06  2326.4  18575.1  -14534  227.483  14088.5
685  128  2025-06-09 22-33-06  2328  18586.4  -14536.5  227.541  14079.2
686  128  2025-06-09 22-33-06  2329.6  18597.6  -14539.2  227.598  14087.5
687  128  2025-06-09 22-33-06  2331.2  18608.9  -14541.8  227.656  14078.2
688  128  2025-06-09 22-33-06  2332.8  18620.2  -14544.5  227.714  14086.6
689  128  2025-06-09 22-33-06  2334.4  18631.5  -14547.1  227.771  14077.2
690  128  2025-06-09 22-33-06  2336  18642.7  -14549.7  227.829  14085.6
691  128  2025-06-09 22-33-06  2337.6  18654  -14552.3  227.886  14076.3
692  128  2025-06-09 22-33-06  2339.2  18665.3  -14555  227.944  14084.7
693  128  2025-06-09 22-33-06  2340.8  18676.6  -14557.5  228.001  14075.5
694  128  2025-06-09 22-33-06  2342.4  18687.9  -14560.2  228.059  14083.9
695  128  2025-06-09 22-33-06  2344  18699.3  -14562.7  228.116  14074.6
696  128  2025-06-09 22-33-06  2345.6  18710.6  -14565.4  228.174  14083
697  128  2025-06-09 22-33-06  2347.2  18721.9  -14567.9  228.232  14073.8
698  128  2025-06-09 22-33-06  2348.8  18733.2  -14570.6  228.289  14082.2
699  128  2025-06-09 22-33-06  2350.4  18744.5  -14573.3  228.347  14090.8
700  128  2025-06-09 22-33-06  2352  18755.9  -14575.9  228.404  14081.6
701  128  2025-06-09 22-33-06  2353.6  18767.2  -14578.7  228.462  14090.2
702  128  2025-06-09 22-33-06  2355.2  18778.5  -14581.3  228.519  14081.1
703  128  2025-06-09 22-33-06  2356.8  18789.9  -14584.1  228.577  14089.7
704  128  2025-06-09 22-33-06  2358.4  18801.2  -14586.7  228.634  14080.6
705  128  2025-06-09 22-33-06  2360  18812.6  -14589.4  228.692  14089.2
706  128  2025-06-09 22-33-06  2361.6  18824  -14592.1  228.75  14080.1
707  128  2025-06-09 22-33-06  2363.2  18835.3  -14594.8  228.807  14088.7
708  128  2025-06-09 22-33-06  2364.8  18846.7  -14597.4  228.865  14079.6
709  128  2025-06-09 22-33-06  2366.4  18858.1  -14600.2  228.922  14088.2
710  128  2025-06-09 22-33-06  2368  18869.5  -14602.8  228.98  14079.2
711  128  2025-06-09 22-33-06  2369.6  18880.8  -14605.5  229.037  14087.8
712  128  2025-06-09 22-33-06  2371.2  18892.3  -14608.1  229.095  14078.8
713  128  2025-06-09 22-33-06  2372.8  18903.7  -14610.9  229.152  14087.4
714  128  2025-06-09 22-33-06  2374.4  18915.1  -14613.5  229.21  14078.4
715  128  2025-06-09 22-33-06  2376  18926.5  -14616.2  229.268  14087.1
716  128  2025-06-09 22-33-06  2377.6  18937.9  -14618.8  229.325  14078.1
717  128  2025-06-09 22-33-06  2379.2  18949.3  -14621.5  229.383  14086.8
718  128  2025-06-09 22-33-06  2380.8  18960.8  -14624.2  229.44  14077.8
719  128  2025-06-09 22-33-06  2382.4  18972.2  -14626.9  229.498  14086.5
720  128  2025-06-09 22-33-06  2384  18983.7  -14629.5  229.555  14077.5
721  128  2025-06-09 22-33-06  2385.6  18995.1  -14632.2  229.613  14086.2
722  128  2025-06-09 22-33-06  2387.2  19006.6  -14634.8  229.671  14077.2
723  128  2025-06-09 22-33-06  2388.8  19018  -14637.5  229.728  14086
724  128  2025-06-09 22-33-06  2390.4  19029.5  -14640.2  229.786  14077
725  128  2025-06-09 22-33-06  2392  19041  -14642.9  229.843  14085.8
726  128  2025-06-09 22-33-06  2393.6  19052.5  -14645.5  229.901  14076.9
727  128  2025-06-09 22-33-06  2395.2  19064  -14648.2  229.958  14085.6
728  128  2025-06-09 22-33-06  2396.8  19075.5  -14650.8  230.016  14076.7
729  128  2025-06-09 22-33-06  2398.4  19087  -14653.6  230.073  14085.5
730  128  2025-06-09 22-33-06  2400  19098.5  -14656.2  230.131  14076.6
731  128  2025-06-09 22-33-06  2401.6  19110  -14658.9  230.189  14085.4
732  128  2025-06-09 22-33-06  2403.2  19121.5  -14661.5  230.246  14076.5
733  128  2025-06-09 22-33-06  2404.8  19133  -14664.2  230.304  14085.3
734  128  2025-06-09 22-33-06  2406.4  19144.6  -14666.9  230.361  14076.5
735  128  2025-06-09 22-33-06  2408  19156.1  -14669.6  230.419  14085.3
736  128  2025-06-09 22-33-06  2409.6  19167.7  -14672.2  230.476  14076.5
737  128  2025-06-09 22-33-06  2411.2  19179.2  -14674.9  230.534  14085.3
738  128  2025-06-09 22-33-06  2412.8  19190.8  -14677.6  230.591  14076.5
739  128  2025-06-09 22-33-06  2414.4  19202.3  -14680.3  230.649  14085.3
740  128  2025-06-09 22-33-06  2416  19213.8  -14683.2  230.707  14094.3
741  128  2025-06-09 22-33-06  2417.6  19225.4  -14685.9  230.764  14085.6
742  128  2025-06-09 22-33-06  2419.2  19237  -14688.5  230.822  14076.8
743  128  2025-06-09 22-33-06  2420.8  19248.5  -14691.3  230.879  14085.7
744  128  2025-06-09 22-33-06  2422.4  19260.1  -14693.9  230.937  14076.9
745  128  2025-06-09 22-33-06  2424  19271.7  -14696.7  230.994  14085.8
746  128  2025-06-09 22-33-06  2425.6  19283.3  -14699.3  231.052  14077
747  128  2025-06-09 22-33-06  2427.2  19294.9  -14702.1  231.109  14086
748  128  2025-06-09 22-33-06  2428.8  19306.5  -14704.7  231.167  14077.2
749  128  2025-06-09 22-33-06  2430.4  19318.1  -14707.5  231.225  14086.2
750  128  2025-06-09 22-33-06  2432  19329.7  -14710.1  231.282  14077.4
751  128  2025-06-09 22-33-06  2433.6  19341.4  -14712.9  231.34  14086.4
752  128  2025-06-09 22-33-06  2435.2  19353  -14715.5  231.397  14077.7
753  128  2025-06-09 22-33-06  2436.8  19364.6  -14718.3  231.455  14086.6
754  128  2025-06-09 22-33-06  2438.4  19376.3  -14721  231.512  14077.9
755  128  2025-06-09 22-33-06  2440  19387.9  -14723.7  231.57  14086.9
756  128  2025-06-09 22-33-06  2441.6  19399.6  -14726.4  231.627  14078.2
757  128  2025-06-09 22-33-06  2443.2  19411.2  -14729.2  231.685  14087.2
758  128  2025-06-09 22-33-06  2444.8  19422.9  -14731.9  231.743  14078.6
759  128  2025-06-09 22-33-06  2446.4  19434.5  -14734.7  231.8  14087.6
760  128  2025-06-09 22-33-06  2448  19446.2  -14737.4  231.858  14078.9
761  128  2025-06-09 22-33-06  2449.6  19457.9  -14740.2  231.915  14088
762  128  2025-06-09 22-33-06  2451.2  19469.6  -14742.8  231.973  14079.3
763  128  2025-06-09 22-33-06  2452.8  19481.2  -14745.6  232.03  14088.4
764  128  2025-06-09 22-33-06  2454.4  19493  -14748.3  232.117  14072.4
765  128  2025-06-09 22-33-06  2456  19504.7  -14750.7  232.203  14056.4
766  128  2025-06-09 22-33-06  2457.6  19516.6  -14752.9  232.289  14040.6
767  128  2025-06-09 22-33-06  2459.2  19528.4  -14755  232.376  14039.6
768  128  2025-06-09 22-33-06  2460.8  19540.2  -14757.2  232.462  14038.5
769  128  2025-06-09 22-33-06  2462.4  19552.1  -14759.4  232.548  14037.5
770  128  2025-06-09 22-33-06  2464  19564  -14761.5  232.635  14036.5
771  128  2025-06-09 22-33-06  2465.6  19575.8  -14763.7  232.721  14035.5
772  128  2025-06-09 22-33-06  2467.2  19587.7  -14765.8  232.807  14034.5
773  128  2025-06-09 22-33-06  2468.8  19599.6  -14767.9  232.894  14033.5
774  128  2025-06-09 22-33-06  2470.4  19611.6  -14770  232.98  14032.5
