SN    USVID    CurTime    simTime    CurX    CurY    CurVel      CurYaw   
0  128  2025-06-09 22-15-38  0  8  4.89843e-16  192  2672
1  128  2025-06-09 22-15-38  1.6  128.006  9.80038e-16  192.058  2672
2  128  2025-06-09 22-15-38  3.2  136.017  1.47058e-15  192.115  2672
3  128  2025-06-09 22-15-38  4.8  144.035  1.96148e-15  192.173  2672
4  128  2025-06-09 22-15-38  6.4  152.058  2.45274e-15  192.23  2672
5  128  2025-06-09 22-15-38  8  160.086  2.94434e-15  192.288  2672
6  128  2025-06-09 22-15-38  9.6  168.121  3.4363e-15  192.345  2672
7  128  2025-06-09 22-15-38  11.2  176.161  3.92861e-15  192.403  2672
8  128  2025-06-09 22-15-38  12.8  184.207  4.42127e-15  192.46  2672
9  128  2025-06-09 22-15-38  14.4  192.259  4.91428e-15  192.518  2672
10  128  2025-06-09 22-15-38  128  200.317  5.40765e-15  192.576  2672
11  128  2025-06-09 22-15-38  129.6  208.38  5.90137e-15  192.633  2672
12  128  2025-06-09 22-15-38  131.2  216.449  6.39544e-15  192.691  2672
13  128  2025-06-09 22-15-38  132.8  224.524  6.88987e-15  192.748  2672
14  128  2025-06-09 22-15-38  134.4  232.604  7.38464e-15  192.806  2672
15  128  2025-06-09 22-15-38  136  240.691  7.87977e-15  192.863  2672
16  128  2025-06-09 22-15-38  137.6  248.783  8.37525e-15  192.921  2672
17  128  2025-06-09 22-15-38  139.2  256.881  8.87109e-15  192.978  2672
18  128  2025-06-09 22-15-38  140.8  264.984  9.36727e-15  193.036  2672
19  128  2025-06-09 22-15-38  142.4  1393.09  9.86381e-15  193.094  2672
20  128  2025-06-09 22-15-38  144  1401.21  1.03607e-14  193.151  2672
21  128  2025-06-09 22-15-38  145.6  1409.33  1.08579e-14  193.209  2672
22  128  2025-06-09 22-15-38  147.2  1417.46  1.13555e-14  193.266  2672
23  128  2025-06-09 22-15-38  148.8  1425.59  1.18535e-14  193.324  2672
24  128  2025-06-09 22-15-38  150.4  1433.73  1.23518e-14  193.381  2672
25  128  2025-06-09 22-15-38  152  1441.87  1.28504e-14  193.439  2672
26  128  2025-06-09 22-15-38  153.6  1450.02  1.33494e-14  193.496  2672
27  128  2025-06-09 22-15-38  155.2  1458.18  1.38488e-14  193.554  2672
28  128  2025-06-09 22-15-38  156.8  1466.34  1.43485e-14  193.612  2672
29  128  2025-06-09 22-15-38  158.4  1474.5  1.48486e-14  193.669  2672
30  128  2025-06-09 22-15-38  160  1482.68  1.5349e-14  193.727  2672
31  128  2025-06-09 22-15-38  161.6  1490.85  1.58498e-14  193.784  2672
32  128  2025-06-09 22-15-38  163.2  1499.04  1.63509e-14  193.842  2672
33  128  2025-06-09 22-15-38  164.8  1507.23  1.68524e-14  193.899  2672
34  128  2025-06-09 22-15-38  166.4  1515.42  1.73542e-14  193.957  2672
35  128  2025-06-09 22-15-38  168  1523.63  1.78564e-14  194.014  2672
36  128  2025-06-09 22-15-38  169.6  1531.83  1.83589e-14  194.072  2672
37  128  2025-06-09 22-15-38  171.2  1540.05  1.88618e-14  194.13  2672
38  128  2025-06-09 22-15-38  172.8  1548.26  1.9365e-14  194.187  2672
39  128  2025-06-09 22-15-38  174.4  1556.49  1.98686e-14  194.245  2672
40  128  2025-06-09 22-15-38  176  1564.72  2.03725e-14  194.302  2672
41  128  2025-06-09 22-15-38  177.6  1572.96  2.08768e-14  194.36  2672
42  128  2025-06-09 22-15-38  179.2  1581.2  2.13815e-14  194.417  2672
43  128  2025-06-09 22-15-38  180.8  1589.44  2.18865e-14  194.475  2672
44  128  2025-06-09 22-15-38  182.4  1597.7  2.23918e-14  194.532  2672
45  128  2025-06-09 22-15-38  184  1605.96  2.28975e-14  194.59  2672
46  128  2025-06-09 22-15-38  185.6  1614.22  2.34036e-14  194.648  2672
47  128  2025-06-09 22-15-38  187.2  1622.49  2.391e-14  194.705  2672
48  128  2025-06-09 22-15-38  188.8  1630.77  2.44167e-14  194.763  2672
49  128  2025-06-09 22-15-38  190.4  1639.05  2.49238e-14  194.82  2672
50  128  2025-06-09 22-15-38  192  1647.34  2.54313e-14  194.878  2672
51  128  2025-06-09 22-15-38  193.6  1655.63  2.59391e-14  194.935  2672
52  128  2025-06-09 22-15-38  195.2  1663.93  2.64473e-14  194.993  2672
53  128  2025-06-09 22-15-38  196.8  1672.24  2.69558e-14  195.05  2672
54  128  2025-06-09 22-15-38  198.4  1680.55  2.74647e-14  195.108  2672
55  128  2025-06-09 22-15-38  200  1688.86  2.79739e-14  195.166  2672
56  128  2025-06-09 22-15-38  201.6  1697.19  2.84835e-14  195.223  2672
57  128  2025-06-09 22-15-38  203.2  1705.51  2.89934e-14  195.281  2672
58  128  2025-06-09 22-15-38  204.8  1713.85  2.95037e-14  195.338  2672
59  128  2025-06-09 22-15-38  206.4  1722.19  3.00143e-14  195.396  2672
60  128  2025-06-09 22-15-38  208  1730.53  3.05253e-14  195.453  2672
61  128  2025-06-09 22-15-38  209.6  1738.88  3.10367e-14  195.511  2672
62  128  2025-06-09 22-15-38  211.2  1747.24  3.15484e-14  195.568  2672
63  128  2025-06-09 22-15-38  212.8  1755.6  3.20604e-14  195.626  2672
64  128  2025-06-09 22-15-38  214.4  1763.97  3.25728e-14  195.684  2672
65  128  2025-06-09 22-15-38  216  1772.35  3.30855e-14  195.741  2672
66  128  2025-06-09 22-15-38  217.6  1780.73  3.35986e-14  195.799  2672
67  128  2025-06-09 22-15-38  219.2  1789.11  3.41121e-14  195.856  2672
68  128  2025-06-09 22-15-38  220.8  1797.5  3.46259e-14  195.914  2672
69  128  2025-06-09 22-15-38  222.4  1805.9  3.51401e-14  195.971  2672
70  128  2025-06-09 22-15-38  224  1814.3  3.56546e-14  196.029  2672
71  128  2025-06-09 22-15-38  225.6  1822.71  3.61694e-14  196.086  2672
72  128  2025-06-09 22-15-38  227.2  1831.13  3.66847e-14  196.144  2672
73  128  2025-06-09 22-15-38  228.8  1839.55  3.72002e-14  196.202  2672
74  128  2025-06-09 22-15-38  230.4  1847.97  3.77162e-14  196.259  2672
75  128  2025-06-09 22-15-38  232  1856.4  3.82324e-14  196.317  2672
76  128  2025-06-09 22-15-38  233.6  1864.84  3.87491e-14  196.374  2672
77  128  2025-06-09 22-15-38  235.2  1873.28  3.9266e-14  196.432  2672
78  128  2025-06-09 22-15-38  236.8  1881.73  3.97834e-14  196.489  2672
79  128  2025-06-09 22-15-38  238.4  1890.19  4.0301e-14  196.547  2672
80  128  2025-06-09 22-15-38  240  1898.65  4.08191e-14  196.604  2672
81  128  2025-06-09 22-15-38  241.6  1907.11  4.13375e-14  196.662  2672
82  128  2025-06-09 22-15-38  243.2  1915.59  4.18562e-14  196.72  2672
83  128  2025-06-09 22-15-38  244.8  1924.06  4.23753e-14  196.777  2672
84  128  2025-06-09 22-15-38  246.4  1932.55  4.28947e-14  196.835  2672
85  128  2025-06-09 22-15-38  248  1941.04  4.34145e-14  196.892  2672
86  128  2025-06-09 22-15-38  249.6  1949.53  4.39347e-14  196.95  2672
87  128  2025-06-09 22-15-38  251.2  1958.03  4.44552e-14  197.007  2672
88  128  2025-06-09 22-15-38  252.8  1966.54  4.49761e-14  197.065  2672
89  128  2025-06-09 22-15-38  254.4  1975.05  4.54973e-14  197.122  2672
90  128  2025-06-09 22-15-38  256  1983.57  4.60188e-14  197.18  2672
91  128  2025-06-09 22-15-38  257.6  1992.09  4.65407e-14  197.238  2672
92  128  2025-06-09 22-15-38  259.2  2000.62  4.7063e-14  197.295  2672
93  128  2025-06-09 22-15-38  260.8  2009.16  4.75856e-14  197.353  2672
94  128  2025-06-09 22-15-38  262.4  2017.7  4.81086e-14  197.41  2672
95  128  2025-06-09 22-15-38  264  2026.25  4.86319e-14  197.468  2672
96  128  2025-06-09 22-15-38  265.6  2034.8  4.91556e-14  197.525  2672
97  128  2025-06-09 22-15-38  267.2  2043.36  4.96796e-14  197.583  2672
98  128  2025-06-09 22-15-38  268.8  2051.92  5.0204e-14  197.641  2672
99  128  2025-06-09 22-15-38  270.4  2060.49  5.07287e-14  197.698  2672
100  128  2025-06-09 22-15-38  1392  2069.07  5.12538e-14  197.756  2672
101  128  2025-06-09 22-15-38  1393.6  2077.65  5.17792e-14  197.813  2672
102  128  2025-06-09 22-15-38  1395.2  2086.23  5.2305e-14  197.871  2672
103  128  2025-06-09 22-15-38  1396.8  2094.83  5.28312e-14  197.928  2672
104  128  2025-06-09 22-15-38  1398.4  2103.43  5.33577e-14  197.986  2672
105  128  2025-06-09 22-15-38  1400  2112.03  5.38845e-14  198.043  2672
106  128  2025-06-09 22-15-38  1401.6  2120.64  5.44117e-14  198.101  2672
107  128  2025-06-09 22-15-38  1403.2  2129.26  5.49393e-14  198.159  2672
108  128  2025-06-09 22-15-38  1404.8  2137.88  5.54672e-14  198.216  2672
109  128  2025-06-09 22-15-38  1406.4  2146.5  5.59954e-14  198.274  2672
110  128  2025-06-09 22-15-38  1408  2155.14  5.6524e-14  198.331  2672
111  128  2025-06-09 22-15-38  1409.6  2163.78  5.7053e-14  198.389  2672
112  128  2025-06-09 22-15-38  1411.2  2172.42  5.75823e-14  198.446  2672
113  128  2025-06-09 22-15-38  1412.8  2181.07  5.8112e-14  198.504  2672
114  128  2025-06-09 22-15-38  1414.4  2189.73  5.8642e-14  198.561  2672
115  128  2025-06-09 22-15-38  1416  2198.39  5.91724e-14  198.619  2672
116  128  2025-06-09 22-15-38  1417.6  2207.06  5.97031e-14  198.677  2672
117  128  2025-06-09 22-15-38  1419.2  2215.73  6.02342e-14  198.734  2672
118  128  2025-06-09 22-15-38  1420.8  2224.41  6.07656e-14  198.792  2672
119  128  2025-06-09 22-15-38  1422.4  2233.1  6.12974e-14  198.849  2672
120  128  2025-06-09 22-15-38  1424  2241.79  6.18295e-14  198.907  2672
121  128  2025-06-09 22-15-38  1425.6  2250.48  6.2362e-14  198.964  2672
122  128  2025-06-09 22-15-38  1427.2  2259.18  6.28948e-14  199.022  2672
123  128  2025-06-09 22-15-38  1428.8  2267.89  6.3428e-14  199.079  2672
124  128  2025-06-09 22-15-38  1430.4  2276.61  6.39616e-14  199.137  2672
125  128  2025-06-09 22-15-38  1432  2285.33  6.44955e-14  199.195  2672
126  128  2025-06-09 22-15-38  1433.6  2294.05  6.50297e-14  199.252  2672
127  128  2025-06-09 22-15-38  1435.2  2302.78  6.55643e-14  199.31  2672
128  128  2025-06-09 22-15-38  1436.8  2311.52  6.60993e-14  199.367  2672
129  128  2025-06-09 22-15-38  1438.4  2320.26  6.66346e-14  199.425  2672
130  128  2025-06-09 22-15-38  1440  2329.01  6.71702e-14  199.482  2672
131  128  2025-06-09 22-15-38  1441.6  2337.76  6.77062e-14  199.54  2672
132  128  2025-06-09 22-15-38  1443.2  2346.52  6.82426e-14  199.597  2672
133  128  2025-06-09 22-15-38  1444.8  2355.29  6.87793e-14  199.655  2672
134  128  2025-06-09 22-15-38  1446.4  2364.06  6.93164e-14  199.713  2672
135  128  2025-06-09 22-15-38  1448  2372.84  6.98538e-14  199.77  2672
136  128  2025-06-09 22-15-38  1449.6  2381.62  7.03916e-14  199.828  2672
137  128  2025-06-09 22-15-38  1451.2  2390.41  7.09297e-14  199.885  2672
138  128  2025-06-09 22-15-38  1452.8  2399.2  7.14682e-14  199.943  2672
139  128  2025-06-09 22-15-38  1454.4  2408  7.2007e-14  200  2672
140  128  2025-06-09 22-15-38  1456  2416.81  7.25462e-14  200.058  2672
141  128  2025-06-09 22-15-38  1457.6  2425.62  7.30857e-14  200.115  2672
142  128  2025-06-09 22-15-38  1459.2  2434.44  7.36256e-14  200.173  2672
143  128  2025-06-09 22-15-38  1460.8  2443.26  7.41658e-14  200.231  2672
144  128  2025-06-09 22-15-38  1462.4  2452.09  7.47064e-14  200.288  2672
145  128  2025-06-09 22-15-38  1464  2460.92  7.52474e-14  200.346  2672
146  128  2025-06-09 22-15-38  1465.6  2469.76  7.57887e-14  200.403  2672
147  128  2025-06-09 22-15-38  1467.2  2478.61  7.63303e-14  200.461  2672
148  128  2025-06-09 22-15-38  1468.8  2487.46  7.68723e-14  200.518  2672
149  128  2025-06-09 22-15-38  1470.4  2496.32  7.74147e-14  200.576  2672
150  128  2025-06-09 22-15-38  1472  2505.18  7.79574e-14  200.633  2672
151  128  2025-06-09 22-15-38  1473.6  2514.05  7.85004e-14  200.691  2672
152  128  2025-06-09 22-15-38  1475.2  2522.93  7.90438e-14  200.749  2672
153  128  2025-06-09 22-15-38  1476.8  2531.81  7.95876e-14  200.806  2672
154  128  2025-06-09 22-15-38  1478.4  2540.69  8.01317e-14  200.864  2672
155  128  2025-06-09 22-15-38  1480  2549.59  8.06762e-14  200.921  2672
156  128  2025-06-09 22-15-38  1481.6  2558.48  8.1221e-14  200.979  2672
157  128  2025-06-09 22-15-38  1483.2  2567.39  8.17662e-14  201.036  2672
158  128  2025-06-09 22-15-38  1484.8  2576.3  8.23117e-14  201.094  2672
159  128  2025-06-09 22-15-38  1486.4  2585.21  8.28576e-14  201.151  2672
160  128  2025-06-09 22-15-38  1488  2594.13  8.34038e-14  201.209  2672
161  128  2025-06-09 22-15-38  1489.6  2603.06  8.39504e-14  201.267  2672
162  128  2025-06-09 22-15-38  1491.2  2611.99  8.44973e-14  201.324  2672
163  128  2025-06-09 22-15-38  1492.8  2620.93  8.50446e-14  201.382  2672
164  128  2025-06-09 22-15-38  1494.4  2629.87  8.55922e-14  201.439  2672
165  128  2025-06-09 22-15-38  1496  2638.82  8.61402e-14  201.497  2672
166  128  2025-06-09 22-15-38  1497.6  2647.78  8.66886e-14  201.554  2672
167  128  2025-06-09 22-15-38  1499.2  2656.74  8.72373e-14  201.612  2672
168  128  2025-06-09 22-15-38  1500.8  2665.71  8.77863e-14  201.669  2672
169  128  2025-06-09 22-15-38  1502.4  2674.68  8.83357e-14  201.727  2672
170  128  2025-06-09 22-15-38  1504  2683.66  8.88855e-14  201.785  2672
171  128  2025-06-09 22-15-38  1505.6  2692.64  8.94356e-14  201.842  2672
172  128  2025-06-09 22-15-38  1507.2  2701.63  8.9986e-14  201.9  2672
173  128  2025-06-09 22-15-38  1508.8  2710.63  9.05368e-14  201.957  2672
174  128  2025-06-09 22-15-38  1510.4  2719.63  9.1088e-14  202.015  2672
175  128  2025-06-09 22-15-38  1512  2728.64  9.16395e-14  202.072  2672
176  128  2025-06-09 22-15-38  1513.6  2737.65  9.21914e-14  202.13  2672
177  128  2025-06-09 22-15-38  1515.2  2746.67  9.27436e-14  202.187  2672
178  128  2025-06-09 22-15-38  1516.8  2755.69  9.32962e-14  202.245  2672
179  128  2025-06-09 22-15-38  1518.4  2764.72  9.38491e-14  202.303  2672
180  128  2025-06-09 22-15-38  1520  2773.76  9.44024e-14  202.36  2672
181  128  2025-06-09 22-15-38  1521.6  2782.8  9.4956e-14  202.418  2672
182  128  2025-06-09 22-15-38  1523.2  2791.85  9.551e-14  202.475  2672
183  128  2025-06-09 22-15-38  1524.8  2800.9  9.60643e-14  202.533  2672
184  128  2025-06-09 22-15-38  1526.4  2809.96  9.6619e-14  202.59  2672
185  128  2025-06-09 22-15-38  1528  2819.03  9.71741e-14  202.648  2672
186  128  2025-06-09 22-15-38  1529.6  2828.1  9.77295e-14  202.705  2672
187  128  2025-06-09 22-15-38  1531.2  14037.2  9.82852e-14  202.763  2672
188  128  2025-06-09 22-15-38  1532.8  14046.3  9.88413e-14  202.821  2672
189  128  2025-06-09 22-15-38  1534.4  14055.3  9.93978e-14  202.878  2672
190  128  2025-06-09 22-15-38  1536  14064.4  9.99546e-14  202.936  2672
191  128  2025-06-09 22-15-38  1537.6  14073.5  1.00512e-13  202.993  2672
192  128  2025-06-09 22-15-38  1539.2  14082.6  1.01069e-13  203.051  2672
193  128  2025-06-09 22-15-38  1540.8  14091.8  1.01627e-13  203.108  2672
194  128  2025-06-09 22-15-38  1542.4  14100.9  1.02185e-13  203.166  2672
195  128  2025-06-09 22-15-38  1544  14110  1.02744e-13  203.223  2672
196  128  2025-06-09 22-15-38  1545.6  14119.1  1.03302e-13  203.137  2672
197  128  2025-06-09 22-15-38  1547.2  14128.2  -0.0803767  203.195  2680.08
198  128  2025-06-09 22-15-38  1548.8  14137.3  -0.242022  203.252  2688.24
199  128  2025-06-09 22-15-38  1550.4  14146.5  -0.485823  203.31  2696.48
200  128  2025-06-09 22-15-38  1552  14155.6  -0.812658  203.367  2704.8
201  128  2025-06-09 22-15-38  1553.6  14164.7  -1.2234  203.425  2713.2
202  128  2025-06-09 22-15-38  1555.2  14173.9  -1.71893  203.482  2721.68
203  128  2025-06-09 22-15-38  1556.8  14183  -2.30009  203.54  2730.24
204  128  2025-06-09 22-15-38  1558.4  14192.1  -2.96774  203.598  2738.88
205  128  2025-06-09 22-15-38  1560  14201.3  -3.72274  203.655  2747.6
206  128  2025-06-09 22-15-38  1561.6  14210.4  -4.56591  203.713  2756.4
207  128  2025-06-09 22-15-38  1563.2  14219.5  -5.49808  203.77  2765.28
208  128  2025-06-09 22-15-38  1564.8  14228.7  -6.52009  203.828  2774.24
209  128  2025-06-09 22-15-38  1566.4  14237.8  -7.63272  203.885  2783.28
210  128  2025-06-09 22-15-38  1568  14246.9  -8.8368  203.943  2792.4
211  128  2025-06-09 22-15-38  1569.6  14256  -10.1331  204  2801.6
212  128  2025-06-09 22-15-38  1571.2  14265.1  -11.5224  204.058  2810.88
213  128  2025-06-09 22-15-38  1572.8  14274.2  -12.9092  204.116  2810.54
214  128  2025-06-09 22-15-38  1574.4  14283.3  -14.2934  204.173  2810.19
215  128  2025-06-09 22-15-38  1576  14292.4  -15.6748  204.231  2809.82
216  128  2025-06-09 22-15-38  1577.6  14301.6  -129.053  204.288  2809.44
217  128  2025-06-09 22-15-38  1579.2  14310.7  -130.429  204.346  2809.04
218  128  2025-06-09 22-15-38  1580.8  14319.8  -131.801  204.403  2808.62
219  128  2025-06-09 22-15-38  1582.4  14329  -133.169  204.461  2808.19
220  128  2025-06-09 22-15-38  1584  14338.1  -134.534  204.518  2807.74
221  128  2025-06-09 22-15-38  1585.6  14347.3  -135.895  204.576  2807.28
222  128  2025-06-09 22-15-38  1587.2  14356.5  -137.253  204.634  2806.8
223  128  2025-06-09 22-15-38  1588.8  14365.6  -138.606  204.691  2806.3
224  128  2025-06-09 22-15-38  1590.4  14374.8  -139.954  204.749  2805.79
225  128  2025-06-09 22-15-38  1592  14384  -141.299  204.806  2805.26
226  128  2025-06-09 22-15-38  1593.6  14393.2  -142.639  204.864  2804.72
227  128  2025-06-09 22-15-38  1595.2  14402.3  -144.052  204.777  2812.24
228  128  2025-06-09 22-15-38  1596.8  14411.5  -145.54  204.691  2819.82
229  128  2025-06-09 22-15-38  1598.4  14420.6  -147.103  204.605  2827.47
230  128  2025-06-09 22-15-38  1600  14429.7  -148.742  204.518  14035.2
231  128  2025-06-09 22-15-38  1601.6  14438.8  -150.455  204.432  14043
232  128  2025-06-09 22-15-38  1603.2  14447.9  -152.245  204.346  14050.8
233  128  2025-06-09 22-15-38  1604.8  14456.9  -154.111  204.259  14058.7
234  128  2025-06-09 22-15-38  1606.4  14465.9  -156.054  204.173  14066.7
235  128  2025-06-09 22-15-38  1608  14474.9  -158.073  204.087  14074.7
236  128  2025-06-09 22-15-38  1609.6  14483.9  -160.17  204  14082.8
237  128  2025-06-09 22-15-38  1611.2  14492.8  -162.348  204.058  14091
238  128  2025-06-09 22-15-38  1612.8  14501.7  -164.608  204.116  14099.2
239  128  2025-06-09 22-15-38  1614.4  14510.6  -166.949  204.173  14107.5
240  128  2025-06-09 22-15-38  1616  14519.5  -169.374  204.231  14115.8
241  128  2025-06-09 22-15-38  1617.6  14528.4  -171.881  204.288  14124.2
242  128  2025-06-09 22-15-38  1619.2  14537.3  -174.503  204.346  14136
243  128  2025-06-09 22-15-38  1620.8  14546.1  -177.241  204.403  14147.8
244  128  2025-06-09 22-15-38  1622.4  14554.9  -180.095  204.461  14159.7
245  128  2025-06-09 22-15-38  1624  14563.7  -183.066  204.518  14171.7
246  128  2025-06-09 22-15-38  1625.6  14572.4  -186.154  204.576  14183.8
247  128  2025-06-09 22-15-38  1627.2  14581.1  -189.36  204.634  14196
248  128  2025-06-09 22-15-38  1628.8  14589.7  -192.684  204.691  14208.2
249  128  2025-06-09 22-15-38  1630.4  14598.3  -196.126  204.749  14220.6
250  128  2025-06-09 22-15-38  1632  14606.9  -199.688  204.806  14233.1
251  128  2025-06-09 22-15-38  1633.6  14615.4  -203.37  204.864  14245.7
252  128  2025-06-09 22-15-38  1635.2  14623.9  -207.141  204.921  14255.1
253  128  2025-06-09 22-15-38  1636.8  14632.4  -211.002  204.979  14264.6
254  128  2025-06-09 22-15-38  1638.4  14640.8  -214.955  205.036  14274.2
255  128  2025-06-09 22-15-38  1640  14649.2  -218.997  205.094  14283.8
256  128  2025-06-09 22-15-38  1641.6  14657.6  -223.13  205.152  14293.4
257  128  2025-06-09 22-15-38  1643.2  14665.9  -227.352  205.209  14303
258  128  2025-06-09 22-15-38  1644.8  14674.1  -231.657  205.123  14312.6
259  128  2025-06-09 22-15-38  1646.4  14682.3  -236.045  205.036  14322.2
260  128  2025-06-09 22-15-38  1648  14690.5  -240.514  204.95  14331.8
261  128  2025-06-09 22-15-38  1649.6  14698.6  -245  205.008  14333.4
262  128  2025-06-09 22-15-38  1651.2  14706.8  -249.502  205.065  14334.9
263  128  2025-06-09 22-15-38  1652.8  14714.9  -254.014  204.979  14336.5
264  128  2025-06-09 22-15-38  1654.4  14723  -258.536  204.893  14338
265  128  2025-06-09 22-15-38  1656  14731.1  -263.067  204.806  14339.6
266  128  2025-06-09 22-15-38  1657.6  14739.2  -267.606  204.72  14341.1
267  128  2025-06-09 22-15-38  1659.2  14747.3  -1392.15  204.634  14342.5
268  128  2025-06-09 22-15-38  1660.8  14755.3  -1396.71  204.547  14344
269  128  2025-06-09 22-15-38  1662.4  14763.4  -1401.28  204.461  14345.5
270  128  2025-06-09 22-15-38  1664  14771.4  -1405.85  204.375  14346.9
271  128  2025-06-09 22-15-38  1665.6  14779.4  -1410.43  204.288  14348.3
272  128  2025-06-09 22-15-38  1667.2  14787.4  -1415.03  204.202  14349.7
273  128  2025-06-09 22-15-38  1668.8  14795.4  -1419.62  204.116  14351.1
274  128  2025-06-09 22-15-38  1670.4  14803.3  -1424.32  204.173  14362.2
275  128  2025-06-09 22-15-38  1672  14811.2  -1429.12  204.231  14373.4
276  128  2025-06-09 22-15-38  1673.6  14819  -1434.01  204.288  14384.6
277  128  2025-06-09 22-15-38  1675.2  14826.8  -1439.01  204.346  14395.8
278  128  2025-06-09 22-15-38  1676.8  14834.5  -1444.1  204.403  14407
279  128  2025-06-09 22-15-38  1678.4  14842.1  -1449.29  204.461  14418.2
280  128  2025-06-09 22-15-38  1680  14849.7  -1454.57  204.518  14429.4
281  128  2025-06-09 22-15-38  1681.6  14857.3  -1459.95  204.576  14440.6
282  128  2025-06-09 22-15-38  1683.2  14864.7  -1465.43  204.634  14451.8
283  128  2025-06-09 22-15-38  1684.8  14872.1  -1471  204.691  14463
284  128  2025-06-09 22-15-38  1686.4  14879.5  -1476.66  204.749  14474.2
285  128  2025-06-09 22-15-38  1688  14886.8  -1482.35  204.806  14477.4
286  128  2025-06-09 22-15-38  1689.6  14894.1  -1488.07  204.864  14480.6
287  128  2025-06-09 22-15-38  1691.2  14901.4  -1493.83  204.921  14483.8
288  128  2025-06-09 22-15-38  1692.8  14908.7  -1499.61  204.979  14487
289  128  2025-06-09 22-15-38  1694.4  14916  -1505.41  205.036  14490.2
290  128  2025-06-09 22-15-38  1696  14923.2  -1511.25  205.094  14493.4
291  128  2025-06-09 22-15-38  1697.6  14930.5  -1517.12  205.152  14496.6
292  128  2025-06-09 22-15-38  1699.2  14937.7  -1523.01  205.209  14499.8
293  128  2025-06-09 22-15-38  1700.8  14944.8  -1529  205.123  14512.6
294  128  2025-06-09 22-15-38  1702.4  14951.9  -1535.1  205.18  14525.4
295  128  2025-06-09 22-15-38  1704  14959  -1541.16  205.238  14520.5
296  128  2025-06-09 22-15-38  1705.6  14966.1  -1547.18  205.295  14515.5
297  128  2025-06-09 22-15-38  1707.2  14973.2  -1553.17  205.353  14510.5
298  128  2025-06-09 22-15-38  1708.8  14980.4  -1559.12  205.411  14505.4
299  128  2025-06-09 22-15-38  1710.4  14987.7  -1565.04  205.468  14500.2
300  128  2025-06-09 22-15-38  1712  14995  -1570.91  205.526  14494.9
301  128  2025-06-09 22-15-38  1713.6  15002.3  -1576.75  205.583  14489.5
302  128  2025-06-09 22-15-38  1715.2  15009.6  -1582.55  205.641  14484.1
303  128  2025-06-09 22-15-38  1716.8  15017  -1588.31  205.698  14478.6
304  128  2025-06-09 22-15-38  1718.4  15024.4  -1594.02  205.756  14473
305  128  2025-06-09 22-15-38  1720  15031.9  -1599.69  205.813  14467.3
306  128  2025-06-09 22-15-38  1721.6  15039.4  -1605.32  205.871  14461.5
307  128  2025-06-09 22-15-38  1723.2  15047  -1610.91  205.929  14455.7
308  128  2025-06-09 22-15-38  1724.8  15054.6  -1616.45  205.986  14449.8
309  128  2025-06-09 22-15-38  1726.4  15062.2  -1621.94  206.044  14443.8
310  128  2025-06-09 22-15-38  1728  15069.9  -1627.38  206.101  14437.7
311  128  2025-06-09 22-15-38  1729.6  15077.6  -1632.78  206.159  14431.5
312  128  2025-06-09 22-15-38  1731.2  15085.4  -1638.13  206.216  14425.3
313  128  2025-06-09 22-15-38  1732.8  15093.2  -1643.42  206.274  14419
314  128  2025-06-09 22-15-38  1734.4  15101  -1648.67  206.331  14412.6
315  128  2025-06-09 22-15-38  1736  15108.9  -1653.86  206.389  14406.1
316  128  2025-06-09 22-15-38  1737.6  15116.8  -1659  206.447  14399.5
317  128  2025-06-09 22-15-38  1739.2  15124.8  -1664.09  206.504  14392.9
318  128  2025-06-09 22-15-38  1740.8  15132.8  -1669.12  206.562  14386.2
319  128  2025-06-09 22-15-38  1742.4  15140.8  -1674.09  206.619  14379.4
320  128  2025-06-09 22-15-38  1744  15148.9  -1679.01  206.677  14372.5
321  128  2025-06-09 22-15-38  1745.6  15157  -1683.86  206.734  14365.5
322  128  2025-06-09 22-15-38  1747.2  15165.1  -1688.82  206.792  14376.3
323  128  2025-06-09 22-15-38  1748.8  15173.3  -1693.72  206.849  14369.3
324  128  2025-06-09 22-15-38  1750.4  15181.4  -1698.55  206.907  14362.3
325  128  2025-06-09 22-15-38  1752  15189.5  -1703.49  206.965  14373
326  128  2025-06-09 22-15-38  1753.6  15197.7  -1708.36  207.022  14366
327  128  2025-06-09 22-15-38  1755.2  15205.8  -1713.34  207.08  14376.6
328  128  2025-06-09 22-15-38  1756.8  15213.9  -1718.25  207.137  14369.6
329  128  2025-06-09 22-15-38  1758.4  15222.1  -1723.11  207.195  14362.6
330  128  2025-06-09 22-15-38  1760  15230.3  -1728.06  207.252  14373.2
331  128  2025-06-09 22-15-38  1761.6  15238.4  -1732.95  207.31  14366.1
332  128  2025-06-09 22-15-38  1763.2  15246.7  -1737.78  207.367  14359
333  128  2025-06-09 22-15-38  1764.8  15254.8  -1742.71  207.425  14369.6
334  128  2025-06-09 22-15-38  1766.4  15263  -1747.58  207.483  14362.4
335  128  2025-06-09 22-15-38  1768  15271.2  -1752.55  207.54  14373
336  128  2025-06-09 22-15-38  1769.6  15279.4  -1757.45  207.598  14365.9
337  128  2025-06-09 22-15-38  1771.2  15287.7  -1762.29  207.655  14358.7
338  128  2025-06-09 22-15-38  1772.8  15295.9  -1767.23  207.713  14369.2
339  128  2025-06-09 22-15-38  1774.4  15304.1  -1772.11  207.77  14362.1
340  128  2025-06-09 22-15-38  1776  15312.3  -1777.09  207.828  14372.6
341  128  2025-06-09 22-15-38  1777.6  15320.5  -1782.01  207.885  14365.5
342  128  2025-06-09 22-15-38  1779.2  15328.8  -1786.86  207.943  14358.2
343  128  2025-06-09 22-15-38  1780.8  15337  -1791.81  208.001  14368.7
344  128  2025-06-09 22-15-38  1782.4  15345.3  -1796.7  208.058  14361.5
345  128  2025-06-09 22-15-38  1784  15353.5  -1801.68  208.116  14372
346  128  2025-06-09 22-15-38  1785.6  15361.8  -1806.61  208.173  14364.8
347  128  2025-06-09 22-15-38  1787.2  15370.1  -1811.47  208.231  14357.5
348  128  2025-06-09 22-15-38  1788.8  15378.3  -1816.43  208.288  14367.9
349  128  2025-06-09 22-15-38  1790.4  15386.6  -1821.32  208.346  14360.6
350  128  2025-06-09 22-15-38  1792  15394.9  -1826.32  208.404  14371.1
351  128  2025-06-09 22-15-38  1793.6  15403.2  -1831.25  208.461  14363.8
352  128  2025-06-09 22-15-38  1795.2  15411.5  -1836.11  208.519  14356.5
353  128  2025-06-09 22-15-38  1796.8  15419.8  -1841.08  208.576  14366.8
354  128  2025-06-09 22-15-38  1798.4  15428.1  -1845.98  208.634  14359.5
355  128  2025-06-09 22-15-38  1800  15436.4  -1850.97  208.691  14369.9
356  128  2025-06-09 22-15-38  1801.6  15444.7  -1855.91  208.749  14362.6
357  128  2025-06-09 22-15-38  1803.2  15453.1  -1860.78  208.806  14355.2
358  128  2025-06-09 22-15-38  1804.8  15461.4  -1865.75  208.864  14365.6
359  128  2025-06-09 22-15-38  1806.4  15469.8  -1870.65  208.922  14358.2
360  128  2025-06-09 22-15-38  1808  15478.1  -1875.65  208.979  14368.5
361  128  2025-06-09 22-15-38  1809.6  15486.4  -1880.58  209.037  14361.2
362  128  2025-06-09 22-15-38  1811.2  15494.8  -1885.45  209.094  14353.8
363  128  2025-06-09 22-15-38  1812.8  15503.2  -1890.42  209.152  14364
364  128  2025-06-09 22-15-38  1814.4  15511.6  -1895.33  209.209  14356.6
365  128  2025-06-09 22-15-38  1816  15519.9  -1900.33  209.267  14366.9
366  128  2025-06-09 22-15-38  1817.6  15528.3  -1905.26  209.324  14359.5
367  128  2025-06-09 22-15-38  1819.2  15536.7  -1910.13  209.382  14352.1
368  128  2025-06-09 22-15-38  1820.8  15545.1  -1915.1  209.44  14362.3
369  128  2025-06-09 22-15-38  1822.4  15553.5  -1920  209.497  14354.8
370  128  2025-06-09 22-15-38  1824  15561.9  -1925  209.555  14365.1
371  128  2025-06-09 22-15-38  1825.6  15570.3  -1929.93  209.612  14357.6
372  128  2025-06-09 22-15-38  1827.2  15578.8  -1934.79  209.67  14350.1
373  128  2025-06-09 22-15-38  1828.8  15587.2  -1939.76  209.727  14360.3
374  128  2025-06-09 22-15-38  1830.4  15595.7  -1944.65  209.785  14352.8
375  128  2025-06-09 22-15-38  1832  15604.1  -1949.65  209.842  14363
376  128  2025-06-09 22-15-38  1833.6  15612.6  -1954.57  209.9  14355.5
377  128  2025-06-09 22-15-38  1835.2  15621.1  -1959.43  209.958  14347.9
378  128  2025-06-09 22-15-38  1836.8  15629.5  -1964.39  210.015  14358
379  128  2025-06-09 22-15-38  1838.4  15638  -1969.28  210.073  14350.5
380  128  2025-06-09 22-15-38  1840  15646.5  -1974.27  210.13  14360.6
381  128  2025-06-09 22-15-38  1841.6  15655  -1979.19  210.188  14353.1
382  128  2025-06-09 22-15-38  1843.2  15663.4  -1984.2  210.245  14363.3
383  128  2025-06-09 22-15-38  1844.8  15671.9  -1989.15  210.303  14355.7
384  128  2025-06-09 22-15-38  1846.4  15680.5  -1994.03  210.36  14348.1
385  128  2025-06-09 22-15-38  1848  15689  -1999.01  210.418  14358.2
386  128  2025-06-09 22-15-38  1849.6  15697.5  -2003.92  210.476  14350.7
387  128  2025-06-09 22-15-38  1851.2  15706  -2008.93  210.533  14360.8
388  128  2025-06-09 22-15-38  1852.8  15714.5  -2013.87  210.591  14353.2
389  128  2025-06-09 22-15-38  1854.4  15723.1  -2018.75  210.648  14345.6
390  128  2025-06-09 22-15-38  1856  15731.6  -2023.71  210.706  14355.6
391  128  2025-06-09 22-15-38  1857.6  15740.2  -2028.61  210.763  14348
392  128  2025-06-09 22-15-38  1859.2  15748.7  -2033.61  210.821  14358
393  128  2025-06-09 22-15-38  1860.8  15757.3  -2038.54  210.878  14350.4
394  128  2025-06-09 22-15-38  1862.4  15765.8  -2043.57  210.936  14360.5
395  128  2025-06-09 22-15-38  1864  15774.4  -2048.53  210.994  14352.9
396  128  2025-06-09 22-15-38  1865.6  15783  -2053.41  211.051  14345.2
397  128  2025-06-09 22-15-38  1867.2  15791.6  -2058.4  211.109  14355.2
398  128  2025-06-09 22-15-38  1868.8  15800.2  -2063.32  211.166  14347.6
399  128  2025-06-09 22-15-38  1870.4  15808.7  -2068.33  211.224  14357.6
400  128  2025-06-09 22-15-38  1872  15817.3  -2073.27  211.281  14350
401  128  2025-06-09 22-15-38  1873.6  15826  -2078.15  211.339  14342.2
402  128  2025-06-09 22-15-38  1875.2  15834.6  -2083.12  211.396  14352.2
403  128  2025-06-09 22-15-38  1876.8  15843.3  -2088.02  211.454  14344.5
404  128  2025-06-09 22-15-38  1878.4  15851.9  -2093.02  211.512  14354.5
405  128  2025-06-09 22-15-38  1880  15860.5  -2097.95  211.569  14346.8
406  128  2025-06-09 22-15-38  1881.6  15869.1  -2102.98  211.627  14356.8
407  128  2025-06-09 22-15-38  1883.2  15877.8  -2107.93  211.684  14349.1
408  128  2025-06-09 22-15-38  1884.8  15886.5  -2112.82  211.742  14341.3
409  128  2025-06-09 22-15-38  1886.4  15895.1  -2117.8  211.799  14351.3
410  128  2025-06-09 22-15-38  1888  15903.8  -2122.72  211.857  14343.5
411  128  2025-06-09 22-15-38  1889.6  15912.4  -2127.73  211.914  14353.5
412  128  2025-06-09 22-15-38  1891.2  15921.1  -2132.66  211.972  14345.7
413  128  2025-06-09 22-15-38  1892.8  15929.8  -2137.7  212.03  14355.7
414  128  2025-06-09 22-15-38  1894.4  15938.5  -2142.67  212.087  14348
415  128  2025-06-09 22-15-38  1896  15947.2  -2147.56  212.145  14340.2
416  128  2025-06-09 22-15-38  1897.6  15955.9  -2152.56  212.202  14350.1
417  128  2025-06-09 22-15-38  1899.2  15964.6  -2157.48  212.26  14342.3
418  128  2025-06-09 22-15-38  1900.8  15973.3  -2162.49  212.317  14352.3
419  128  2025-06-09 22-15-38  1902.4  15982  -2167.44  212.375  14344.5
420  128  2025-06-09 22-15-38  1904  15990.7  -2172.49  212.432  14354.4
421  128  2025-06-09 22-15-38  1905.6  15999.5  -2177.46  212.49  14346.7
422  128  2025-06-09 22-15-38  1907.2  16008.2  -2182.36  212.548  14338.9
423  128  2025-06-09 22-15-38  1908.8  16017  -2187.36  212.605  14348.7
424  128  2025-06-09 22-15-38  1910.4  16025.7  -2192.29  212.663  14340.9
425  128  2025-06-09 22-15-38  1912  16034.5  -2197.31  212.72  14350.8
426  128  2025-06-09 22-15-38  1913.6  16043.3  -2202.27  212.778  14343
427  128  2025-06-09 22-15-38  1915.2  16052.1  -2207.15  212.835  14335.2
428  128  2025-06-09 22-15-38  1916.8  16060.9  -2212.13  212.893  14345
429  128  2025-06-09 22-15-38  1918.4  16069.7  -2217.03  212.95  14337.1
430  128  2025-06-09 22-15-38  1920  16078.4  -2222.03  213.008  14347
431  128  2025-06-09 22-15-38  1921.6  16087.3  -2226.96  213.066  14339.1
432  128  2025-06-09 22-15-38  1923.2  16096  -2231.99  213.123  14349
433  128  2025-06-09 22-15-38  1924.8  16104.9  -2236.94  213.181  14341.2
434  128  2025-06-09 22-15-38  1926.4  16113.6  -2242  213.238  14351
435  128  2025-06-09 22-15-38  1928  16122.5  -2246.98  213.296  14343.2
436  128  2025-06-09 22-15-38  1929.6  16131.3  -2251.88  213.353  14335.3
437  128  2025-06-09 22-15-38  1931.2  16140.1  -2256.89  213.411  14345.1
438  128  2025-06-09 22-15-38  1932.8  16149  -2261.82  213.468  14337.3
439  128  2025-06-09 22-15-38  1934.4  16157.8  -2266.85  213.526  14347.1
440  128  2025-06-09 22-15-38  1936  16166.7  -2271.81  213.584  14339.2
441  128  2025-06-09 22-15-38  1937.6  16175.6  -2276.69  213.641  14331.3
442  128  2025-06-09 22-15-38  1939.2  16184.5  -2281.67  213.699  14341.1
443  128  2025-06-09 22-15-38  1940.8  16193.4  -2286.57  213.756  14333.1
444  128  2025-06-09 22-15-38  1942.4  16202.3  -2291.58  213.814  14342.9
445  128  2025-06-09 22-15-38  1944  16211.2  -2296.51  213.871  14335
446  128  2025-06-09 22-15-38  1945.6  16220.1  -2301.53  213.929  14344.8
447  128  2025-06-09 22-15-38  1947.2  16229  -2306.49  213.986  14336.9
448  128  2025-06-09 22-15-38  1948.8  16237.8  -2311.54  214.044  14346.7
449  128  2025-06-09 22-15-38  1950.4  16246.7  -2316.51  214.102  14338.8
450  128  2025-06-09 22-15-38  1952  16255.7  -2321.42  214.159  14330.9
451  128  2025-06-09 22-15-38  1953.6  16264.6  -2326.42  214.217  14340.6
452  128  2025-06-09 22-15-38  1955.2  16273.6  -2331.34  214.274  14332.7
453  128  2025-06-09 22-15-38  1956.8  16282.5  -2336.37  214.332  14342.5
454  128  2025-06-09 22-15-38  1958.4  16291.5  -2341.32  214.389  14334.5
455  128  2025-06-09 22-15-38  1960  16300.4  -2346.37  214.447  14344.3
456  128  2025-06-09 22-15-38  1961.6  16309.3  -2351.34  214.504  14336.4
457  128  2025-06-09 22-15-38  1963.2  16318.4  -2356.24  214.562  14328.4
458  128  2025-06-09 22-15-38  1964.8  16327.3  -2361.23  214.62  14338.1
459  128  2025-06-09 22-15-38  1966.4  16336.3  -2366.15  214.677  14330.2
460  128  2025-06-09 22-15-38  1968  16345.3  -2371.17  214.735  14339.9
461  128  2025-06-09 22-15-38  1969.6  16354.3  -2376.12  214.792  14332
462  128  2025-06-09 22-15-38  1971.2  16363.3  -2381.16  214.85  14341.7
463  128  2025-06-09 22-15-38  1972.8  16372.3  -2386.13  214.907  14333.8
464  128  2025-06-09 22-15-38  1974.4  16381.2  -2391.19  214.965  14343.5
465  128  2025-06-09 22-15-38  1976  16390.3  -2396.18  215.022  14335.6
466  128  2025-06-09 22-15-38  1977.6  16399.3  -2401.1  215.08  14327.6
467  128  2025-06-09 22-15-38  1979.2  16408.3  -2406.11  215.138  14337.3
468  128  2025-06-09 22-15-38  1980.8  16417.4  -2411.05  215.195  14329.3
469  128  2025-06-09 22-15-38  1982.4  16426.4  -2416.08  215.109  14339
470  128  2025-06-09 22-15-38  1984  16435.4  -2421.11  215.166  14339.1
471  128  2025-06-09 22-15-38  1985.6  16444.4  -2426.14  215.224  14339.2
472  128  2025-06-09 22-15-38  1987.2  16453.4  -2431.18  215.281  14339.4
473  128  2025-06-09 22-15-38  1988.8  16462.4  -2436.23  215.339  14339.5
474  128  2025-06-09 22-15-38  1990.4  16471.5  -2441.28  215.397  14339.6
475  128  2025-06-09 22-15-38  1992  16480.5  -2446.33  215.454  14339.7
476  128  2025-06-09 22-15-38  1993.6  16489.5  -2451.38  215.512  14339.8
477  128  2025-06-09 22-15-38  1995.2  16498.5  -2456.52  215.569  14348
478  128  2025-06-09 22-15-38  1996.8  16507.5  -2461.75  215.627  14356.3
479  128  2025-06-09 22-15-38  1998.4  16516.4  -2467.05  215.684  14364.6
480  128  2025-06-09 22-15-38  2000  16525.2  -2472.45  215.742  14373.1
481  128  2025-06-09 22-15-38  2001.6  16534.1  -2477.92  215.799  14381.6
482  128  2025-06-09 22-15-38  2003.2  16542.8  -2483.49  215.857  14390.2
483  128  2025-06-09 22-15-38  2004.8  16551.6  -2489.13  215.915  14398.8
484  128  2025-06-09 22-15-38  2006.4  16560.2  -2494.87  215.972  14407.6
485  128  2025-06-09 22-15-38  2008  16568.8  -2500.69  216.03  14416.4
486  128  2025-06-09 22-15-38  2009.6  16577.4  -2506.6  216.087  14425.3
487  128  2025-06-09 22-15-38  2011.2  16585.9  -2512.59  216.145  14434.3
488  128  2025-06-09 22-15-38  2012.8  16594.4  -2518.68  216.202  14443.4
489  128  2025-06-09 22-15-38  2014.4  16602.8  -2524.85  216.26  14452.5
490  128  2025-06-09 22-15-38  2016  16611.2  -2531.01  216.174  14452.1
491  128  2025-06-09 22-15-38  2017.6  16619.6  -2537.16  216.087  14451.6
492  128  2025-06-09 22-15-38  2019.2  16628  -2543.3  216.001  14451.1
493  128  2025-06-09 22-15-38  2020.8  16636.4  -2549.43  215.915  14450.6
494  128  2025-06-09 22-15-38  2022.4  16644.8  -2555.55  215.828  14450.1
495  128  2025-06-09 22-15-38  2024  16653.1  -2561.66  215.742  14449.5
496  128  2025-06-09 22-15-38  2025.6  16661.5  -2567.77  215.656  14449
497  128  2025-06-09 22-15-38  2027.2  16669.9  -2573.87  215.713  14448.4
498  128  2025-06-09 22-15-38  2028.8  16678.2  -2580.03  215.627  14455.9
499  128  2025-06-09 22-15-38  2030.4  16686.5  -2586.26  215.684  14463.4
500  128  2025-06-09 22-15-38  2032  16694.8  -2592.57  215.742  14471
501  128  2025-06-09 22-15-38  2033.6  16703.1  -2598.82  215.799  14464.2
502  128  2025-06-09 22-15-38  2035.2  16711.4  -2605.01  215.857  14457.2
503  128  2025-06-09 22-15-38  2036.8  16719.8  -2611.13  215.915  14450.2
504  128  2025-06-09 22-15-38  2038.4  16728.2  -2617.2  215.972  14443.1
505  128  2025-06-09 22-15-38  2040  16736.7  -2623.2  216.03  14435.9
506  128  2025-06-09 22-15-38  2041.6  16745.3  -2629.14  216.087  14428.7
507  128  2025-06-09 22-15-38  2043.2  16753.9  -2635.02  216.145  14421.3
508  128  2025-06-09 22-15-38  2044.8  16762.5  -2640.82  216.202  14413.9
509  128  2025-06-09 22-15-38  2046.4  16771.2  -2646.56  216.26  14406.4
510  128  2025-06-09 22-15-38  2048  16780  -2652.23  216.317  14398.8
511  128  2025-06-09 22-15-38  2049.6  16788.8  -2657.83  216.375  14391.1
512  128  2025-06-09 22-15-38  2051.2  16797.7  -2663.36  216.433  14383.4
513  128  2025-06-09 22-15-38  2052.8  16806.6  -2668.82  216.49  14375.6
514  128  2025-06-09 22-15-38  2054.4  16815.5  -2674.2  216.548  14367.7
515  128  2025-06-09 22-15-38  2056  16824.5  -2679.5  216.605  14359.7
516  128  2025-06-09 22-15-38  2057.6  16833.6  -2684.73  216.663  14351.6
517  128  2025-06-09 22-15-38  2059.2  16842.7  -2689.88  216.72  14343.5
518  128  2025-06-09 22-15-38  2060.8  16851.9  -2694.96  216.778  14335.2
519  128  2025-06-09 22-15-38  2062.4  16861.1  -2699.95  216.835  14326.9
520  128  2025-06-09 22-15-38  2064  16870.4  -2704.86  216.893  14318.6
521  128  2025-06-09 22-15-38  2065.6  16879.6  -2709.87  216.951  14327.9
522  128  2025-06-09 22-15-38  2067.2  16888.9  -2714.79  217.008  14319.5
523  128  2025-06-09 22-15-38  2068.8  16898.2  -2719.63  217.066  14311.1
524  128  2025-06-09 22-15-38  2070.4  16907.5  -2724.57  217.123  14320.3
525  128  2025-06-09 22-15-38  2072  16916.8  -2729.43  217.181  14311.9
526  128  2025-06-09 22-15-38  2073.6  16926.1  -2734.38  217.238  14321.1
527  128  2025-06-09 22-15-38  2075.2  16935.4  -2739.25  217.296  14312.7
528  128  2025-06-09 22-15-38  2076.8  16944.7  -2744.21  217.353  14322
529  128  2025-06-09 22-15-38  2078.4  16954.1  -2749.1  217.411  14313.6
530  128  2025-06-09 22-15-38  2080  16963.4  -2754.08  217.469  14322.9
531  128  2025-06-09 22-15-38  2081.6  16972.7  -2758.98  217.526  14314.5
532  128  2025-06-09 22-15-38  2083.2  16982  -2763.97  217.584  14323.8
533  128  2025-06-09 22-15-38  2084.8  16991.4  -2768.89  217.641  14315.5
534  128  2025-06-09 22-15-38  2086.4  17000.7  -2773.9  217.699  14324.8
535  128  2025-06-09 22-15-38  2088  17010  -2778.82  217.756  14316.4
536  128  2025-06-09 22-15-38  2089.6  17019.4  -2783.67  217.814  14308
537  128  2025-06-09 22-15-38  2091.2  17028.8  -2788.61  217.871  14317.3
538  128  2025-06-09 22-15-38  2092.8  17038.2  -2793.47  217.929  14308.8
539  128  2025-06-09 22-15-38  2094.4  17047.6  -2798.43  217.987  14318.1
540  128  2025-06-09 22-15-38  2096  17057  -2803.3  218.044  14309.7
541  128  2025-06-09 22-15-38  2097.6  17066.4  -2808.27  218.102  14319
542  128  2025-06-09 22-15-38  2099.2  17075.8  -2813.16  218.159  14310.6
543  128  2025-06-09 22-15-38  2100.8  17085.2  -2818.15  218.217  14320
544  128  2025-06-09 22-15-38  2102.4  17094.6  -2823.05  218.274  14311.6
545  128  2025-06-09 22-15-38  2104  17104  -2828.05  218.332  14320.9
546  128  2025-06-09 22-15-38  2105.6  17113.4  -14033  218.389  14312.6
547  128  2025-06-09 22-15-38  2107.2  17122.8  -14038  218.447  14321.9
548  128  2025-06-09 22-15-38  2108.8  17132.3  -14042.9  218.505  14313.6
549  128  2025-06-09 22-15-38  2110.4  17141.7  -14047.8  218.562  14305.2
550  128  2025-06-09 22-15-38  2112  17151.2  -14052.7  218.62  14314.4
551  128  2025-06-09 22-15-38  2113.6  17160.7  -14057.6  218.677  14306
552  128  2025-06-09 22-15-38  2115.2  17170.1  -14062.5  218.735  14315.3
553  128  2025-06-09 22-15-38  2116.8  17179.6  -14067.4  218.792  14306.9
554  128  2025-06-09 22-15-38  2118.4  17189.1  -14072.4  218.85  14316.3
555  128  2025-06-09 22-15-38  2120  17198.6  -14077.3  218.908  14307.9
556  128  2025-06-09 22-15-38  2121.6  17208.1  -14082.3  218.965  14317.2
557  128  2025-06-09 22-15-38  2123.2  17217.6  -14087.2  219.023  14308.9
558  128  2025-06-09 22-15-38  2124.8  17227  -14092.2  219.08  14318.2
559  128  2025-06-09 22-15-38  2126.4  17236.5  -14097.1  219.138  14309.9
560  128  2025-06-09 22-15-38  2128  17246  -14102.2  219.195  14319.2
561  128  2025-06-09 22-15-38  2129.6  17255.5  -14107.1  219.253  14310.9
562  128  2025-06-09 22-15-38  2131.2  17265.1  -14112  219.31  14302.5
563  128  2025-06-09 22-15-38  2132.8  17274.6  -14116.9  219.368  14311.8
564  128  2025-06-09 22-15-38  2134.4  17284.2  -14121.8  219.426  14303.4
565  128  2025-06-09 22-15-38  2136  17293.8  -14126.6  219.483  14295
566  128  2025-06-09 22-15-38  2137.6  17303.5  -14131.3  219.541  14286.4
567  128  2025-06-09 22-15-38  2139.2  17313.2  -14135.9  219.598  14277.8
568  128  2025-06-09 22-15-38  2140.8  17323  -14140.4  219.656  14269.1
569  128  2025-06-09 22-15-38  2142.4  17332.8  -14144.8  219.713  14260.3
570  128  2025-06-09 22-15-38  2144  17342.7  -14149.2  219.771  14251.4
571  128  2025-06-09 22-15-38  2145.6  17352.6  -14153.4  219.828  14242.5
572  128  2025-06-09 22-15-38  2147.2  17362.6  -14157.5  219.886  14233.5
573  128  2025-06-09 22-15-38  2148.8  17372.6  -14161.6  219.944  14224.4
574  128  2025-06-09 22-15-38  2150.4  17382.6  -14165.5  220.001  14215.2
575  128  2025-06-09 22-15-38  2152  17392.7  -14169.4  220.059  14205.9
576  128  2025-06-09 22-15-38  2153.6  17402.8  -14173.1  220.116  14196.6
577  128  2025-06-09 22-15-38  2155.2  17413  -14176.8  220.174  14187.2
578  128  2025-06-09 22-15-38  2156.8  17423.3  -14180.3  220.231  14177.6
579  128  2025-06-09 22-15-38  2158.4  17433.5  -14183.8  220.289  14168.1
580  128  2025-06-09 22-15-38  2160  17443.8  -14187.1  220.346  14158.4
581  128  2025-06-09 22-15-38  2161.6  17454.2  -14190.3  220.404  14148.7
582  128  2025-06-09 22-15-38  2163.2  17464.6  -14193.4  220.462  14138.8
583  128  2025-06-09 22-15-38  2164.8  17475  -14196.4  220.519  14128.9
584  128  2025-06-09 22-15-38  2166.4  17485.5  -14199.3  220.577  14118.9
585  128  2025-06-09 22-15-38  2168  17496  -14202.1  220.634  14108.9
586  128  2025-06-09 22-15-38  2169.6  17506.5  -14204.7  220.692  14098.7
587  128  2025-06-09 22-15-38  2171.2  17517  -14207.5  220.749  14106.3
588  128  2025-06-09 22-15-38  2172.8  17527.6  -14210.1  220.807  14096.2
589  128  2025-06-09 22-15-38  2174.4  17538.1  -14212.9  220.864  14103.7
590  128  2025-06-09 22-15-38  2176  17548.7  -14215.7  220.922  14111.4
591  128  2025-06-09 22-15-38  2177.6  17559.2  -14218.4  220.98  14101.4
592  128  2025-06-09 22-15-38  2179.2  17569.8  -14221.2  221.037  14109.1
593  128  2025-06-09 22-15-38  2180.8  17580.3  -14223.8  221.095  14099.1
594  128  2025-06-09 22-15-38  2182.4  17590.9  -14226.6  221.152  14106.8
595  128  2025-06-09 22-15-38  2184  17601.5  -14229.2  221.21  14096.8
596  128  2025-06-09 22-15-38  2185.6  17612.1  -14232  221.267  14104.5
597  128  2025-06-09 22-15-38  2187.2  17622.7  -14234.6  221.325  14094.5
598  128  2025-06-09 22-15-38  2188.8  17633.3  -14237.3  221.382  14102.2
599  128  2025-06-09 22-15-38  2190.4  17643.9  -14239.9  221.44  14092.3
600  128  2025-06-09 22-15-38  2192  17654.5  -14242.6  221.498  14100
601  128  2025-06-09 22-15-38  2193.6  17665.1  -14245.4  221.555  14107.9
602  128  2025-06-09 22-15-38  2195.2  17675.7  -14248.1  221.613  14098
603  128  2025-06-09 22-15-38  2196.8  17686.4  -14250.9  221.67  14105.9
604  128  2025-06-09 22-15-38  2198.4  17697  -14253.5  221.728  14096.1
605  128  2025-06-09 22-15-38  2200  17707.6  -14256.3  221.785  14103.9
606  128  2025-06-09 22-15-38  2201.6  17718.3  -14258.9  221.843  14094.1
607  128  2025-06-09 22-15-38  2203.2  17728.9  -14261.6  221.9  14102
608  128  2025-06-09 22-15-38  2204.8  17739.6  -14264.2  221.958  14092.2
609  128  2025-06-09 22-15-38  2206.4  17750.3  -14267  222.016  14100.1
610  128  2025-06-09 22-15-38  2208  17760.9  -14269.8  222.073  14108.1
611  128  2025-06-09 22-15-38  2209.6  17771.6  -14272.5  222.131  14098.4
612  128  2025-06-09 22-15-38  2211.2  17782.3  -14275.2  222.188  14106.5
613  128  2025-06-09 22-15-38  2212.8  17793  -14277.9  222.246  14096.8
614  128  2025-06-09 22-15-38  2214.4  17803.6  -14280.7  222.303  14104.8
615  128  2025-06-09 22-15-38  2216  17814.3  -14283.3  222.361  14095.2
616  128  2025-06-09 22-15-38  2217.6  17825  -14286.1  222.418  14103.2
617  128  2025-06-09 22-15-38  2219.2  17835.8  -14288.7  222.476  14093.6
618  128  2025-06-09 22-15-38  2220.8  17846.5  -14291.5  222.534  14101.7
619  128  2025-06-09 22-15-38  2222.4  17857.2  -14294.1  222.591  14092
620  128  2025-06-09 22-15-38  2224  17867.9  -14296.8  222.649  14100.1
621  128  2025-06-09 22-15-38  2225.6  17878.6  -14299.7  222.706  14108.3
622  128  2025-06-09 22-15-38  2227.2  17889.4  -14302.4  222.764  14098.8
623  128  2025-06-09 22-15-38  2228.8  17900.1  -14305.2  222.821  14107
624  128  2025-06-09 22-15-38  2230.4  17910.9  -14307.9  222.879  14097.5
625  128  2025-06-09 22-15-38  2232  17921.6  -14310.7  222.936  14105.7
626  128  2025-06-09 22-15-38  2233.6  17932.4  -14313.4  222.994  14096.2
627  128  2025-06-09 22-15-38  2235.2  17943.1  -14316.2  223.052  14104.5
628  128  2025-06-09 22-15-38  2236.8  17953.9  -14318.8  223.109  14095
629  128  2025-06-09 22-15-38  2238.4  17964.7  -14321.6  223.167  14103.2
630  128  2025-06-09 22-15-38  2240  17975.5  -14324.3  223.224  14093.8
631  128  2025-06-09 22-15-38  2241.6  17986.2  -14327  223.282  14102.1
632  128  2025-06-09 22-15-38  2243.2  17997  -14329.7  223.339  14092.6
633  128  2025-06-09 22-15-38  2244.8  18007.8  -14332.4  223.397  14100.9
634  128  2025-06-09 22-15-38  2246.4  18018.7  -14335.1  223.454  14091.5
635  128  2025-06-09 22-15-38  2248  18029.5  -14337.8  223.512  14099.8
636  128  2025-06-09 22-15-38  2249.6  18040.3  -14340.7  223.57  14108.2
637  128  2025-06-09 22-15-38  2251.2  18051.1  -14343.4  223.627  14098.9
638  128  2025-06-09 22-15-38  2252.8  18061.9  -14346.2  223.685  14107.3
639  128  2025-06-09 22-15-38  2254.4  18072.7  -14349  223.742  14098
640  128  2025-06-09 22-15-38  2256  18083.5  -14351.8  223.8  14106.4
641  128  2025-06-09 22-15-38  2257.6  18094.4  -14354.5  223.857  14097.2
642  128  2025-06-09 22-15-38  2259.2  18105.2  -14357.3  223.915  14105.6
643  128  2025-06-09 22-15-38  2260.8  18116.1  -14360.1  223.972  14096.3
644  128  2025-06-09 22-15-38  2262.4  18126.9  -14362.9  224.03  14104.8
645  128  2025-06-09 22-15-38  2264  18137.8  -14365.6  224.088  14095.6
646  128  2025-06-09 22-15-38  2265.6  18148.7  -14368.4  224.145  14104
647  128  2025-06-09 22-15-38  2267.2  18159.6  -14371.1  224.203  14094.8
648  128  2025-06-09 22-15-38  2268.8  18170.4  -14373.9  224.26  14103.3
649  128  2025-06-09 22-15-38  2270.4  18181.3  -14376.6  224.318  14094.1
650  128  2025-06-09 22-15-38  2272  18192.2  -14379.4  224.375  14102.6
651  128  2025-06-09 22-15-38  2273.6  18203.1  -14382.1  224.433  14093.4
652  128  2025-06-09 22-15-38  2275.2  18214  -14384.9  224.49  14101.9
653  128  2025-06-09 22-15-38  2276.8  18225  -14387.5  224.548  14092.7
654  128  2025-06-09 22-15-38  2278.4  18235.9  -14390.3  224.606  14101.3
655  128  2025-06-09 22-15-38  2280  18246.8  -14393.2  224.663  14109.9
656  128  2025-06-09 22-15-38  2281.6  18257.7  -14396  224.721  14100.8
657  128  2025-06-09 22-15-38  2283.2  18268.6  -14398.7  224.778  14091.7
658  128  2025-06-09 22-15-38  2284.8  18279.6  -14401.5  224.836  14100.3
659  128  2025-06-09 22-15-38  2286.4  18290.5  -14404.3  224.893  14108.9
660  128  2025-06-09 22-15-38  2288  18301.4  -14407.1  224.951  14099.9
661  128  2025-06-09 22-15-38  2289.6  18312.4  -14410  225.008  14108.6
662  128  2025-06-09 22-15-38  2291.2  18323.3  -14412.8  225.066  14099.6
663  128  2025-06-09 22-15-38  2292.8  18334.3  -14415.7  225.124  14108.2
664  128  2025-06-09 22-15-38  2294.4  18345.2  -14418.4  225.181  14099.2
665  128  2025-06-09 22-15-38  2296  18356.2  -14421.3  225.239  14108
666  128  2025-06-09 22-15-38  2297.6  18367.2  -14424.1  225.296  14099
667  128  2025-06-09 22-15-38  2299.2  18378.1  -14427  225.354  14107.7
668  128  2025-06-09 22-15-38  2300.8  18389.1  -14429.8  225.411  14098.7
669  128  2025-06-09 22-15-38  2302.4  18400.2  -14432.4  225.469  14089.7
670  128  2025-06-09 22-15-38  2304  18411.2  -14435.2  225.526  14098.4
671  128  2025-06-09 22-15-38  2305.6  18422.2  -14438.1  225.584  14107.1
672  128  2025-06-09 22-15-38  2307.2  18433.2  -14440.9  225.642  14098.2
673  128  2025-06-09 22-15-38  2308.8  18444.2  -14443.7  225.699  14106.9
674  128  2025-06-09 22-15-38  2310.4  18455.2  -14446.5  225.757  14098
675  128  2025-06-09 22-15-38  2312  18466.2  -14449.4  225.814  14106.8
676  128  2025-06-09 22-15-38  2313.6  18477.3  -14452.2  225.872  14097.9
677  128  2025-06-09 22-15-38  2315.2  18488.3  -14455.1  225.929  14106.7
678  128  2025-06-09 22-15-38  2316.8  18499.3  -14457.8  225.987  14097.8
679  128  2025-06-09 22-15-38  2318.4  18510.4  -14460.7  226.044  14106.7
680  128  2025-06-09 22-15-38  2320  18521.4  -14463.5  226.102  14097.8
681  128  2025-06-09 22-15-38  2321.6  18532.5  -14466.4  226.16  14106.6
682  128  2025-06-09 22-15-38  2323.2  18543.6  -14469.2  226.217  14097.8
683  128  2025-06-09 22-15-38  2324.8  18554.6  -14472.1  226.275  14106.6
684  128  2025-06-09 22-15-38  2326.4  18565.7  -14474.9  226.332  14097.8
685  128  2025-06-09 22-15-38  2328  18576.8  -14477.8  226.39  14106.7
686  128  2025-06-09 22-15-38  2329.6  18587.9  -14480.6  226.447  14097.8
687  128  2025-06-09 22-15-38  2331.2  18598.9  -14483.5  226.505  14106.7
688  128  2025-06-09 22-15-38  2332.8  18610  -14486.3  226.562  14097.9
689  128  2025-06-09 22-15-38  2334.4  18621.1  -14489.2  226.62  14106.8
690  128  2025-06-09 22-15-38  2336  18632.3  -14492  226.678  14098
691  128  2025-06-09 22-15-38  2337.6  18643.4  -14494.9  226.735  14106.9
692  128  2025-06-09 22-15-38  2339.2  18654.5  -14497.7  226.793  14098.2
693  128  2025-06-09 22-15-38  2340.8  18665.6  -14500.6  226.85  14107.1
694  128  2025-06-09 22-15-38  2342.4  18676.7  -14503.4  226.908  14098.4
695  128  2025-06-09 22-15-38  2344  18687.9  -14506.3  226.965  14107.3
696  128  2025-06-09 22-15-38  2345.6  18699  -14509.1  227.023  14098.6
697  128  2025-06-09 22-15-38  2347.2  18710.1  -14512  227.08  14107.5
698  128  2025-06-09 22-15-38  2348.8  18721.3  -14514.9  227.138  14098.8
699  128  2025-06-09 22-15-38  2350.4  18732.4  -14517.8  227.196  14107.8
700  128  2025-06-09 22-15-38  2352  18743.6  -14520.6  227.253  14099.1
701  128  2025-06-09 22-15-38  2353.6  18754.8  -14523.6  227.311  14108.1
702  128  2025-06-09 22-15-38  2355.2  18766  -14526.4  227.368  14099.4
703  128  2025-06-09 22-15-38  2356.8  18777.1  -14529.3  227.426  14108.4
704  128  2025-06-09 22-15-38  2358.4  18788.3  -14532.2  227.483  14099.7
705  128  2025-06-09 22-15-38  2360  18799.5  -14535.1  227.541  14108.7
706  128  2025-06-09 22-15-38  2361.6  18810.7  -14538  227.598  14100.1
707  128  2025-06-09 22-15-38  2363.2  18821.9  -14540.9  227.656  14109.1
708  128  2025-06-09 22-15-38  2364.8  18833.1  -14543.8  227.714  14100.5
709  128  2025-06-09 22-15-38  2366.4  18844.3  -14546.7  227.771  14109.5
710  128  2025-06-09 22-15-38  2368  18855.5  -14549.6  227.829  14100.9
711  128  2025-06-09 22-15-38  2369.6  18866.7  -14552.6  227.886  14110
712  128  2025-06-09 22-15-38  2371.2  18877.9  -14555.5  227.944  14101.4
713  128  2025-06-09 22-15-38  2372.8  18889.1  -14558.4  228.001  14110.5
714  128  2025-06-09 22-15-38  2374.4  18900.4  -14561.3  228.059  14101.9
715  128  2025-06-09 22-15-38  2376  18911.6  -14564.3  228.116  14111
716  128  2025-06-09 22-15-38  2377.6  18922.9  -14567.2  228.174  14102.4
717  128  2025-06-09 22-15-38  2379.2  18934.1  -14570.2  228.232  14111.5
718  128  2025-06-09 22-15-38  2380.8  18945.3  -14573.1  228.289  14103
719  128  2025-06-09 22-15-38  2382.4  18956.6  -14576.1  228.347  14112.1
720  128  2025-06-09 22-15-38  2384  18967.8  -14579  228.404  14103.6
721  128  2025-06-09 22-15-38  2385.6  18979.1  -14582  228.462  14112.7
722  128  2025-06-09 22-15-38  2387.2  18990.4  -14585  228.519  14104.2
723  128  2025-06-09 22-15-38  2388.8  19001.6  -14588  228.577  14113.3
724  128  2025-06-09 22-15-38  2390.4  19012.9  -14590.9  228.634  14104.8
725  128  2025-06-09 22-15-38  2392  19024.2  -14594  228.692  14114
726  128  2025-06-09 22-15-38  2393.6  19035.5  -14596.9  228.75  14105.5
727  128  2025-06-09 22-15-38  2395.2  19046.8  -14599.8  228.807  14096.9
728  128  2025-06-09 22-15-38  2396.8  19058.1  -14602.7  228.865  14106.1
729  128  2025-06-09 22-15-38  2398.4  19069.4  -14605.8  228.922  14115.3
730  128  2025-06-09 22-15-38  2400  19080.7  -14608.7  228.98  14106.8
731  128  2025-06-09 22-15-38  2401.6  19092  -14611.8  229.037  14116
732  128  2025-06-09 22-15-38  2403.2  19103.3  -14614.8  229.095  14107.6
733  128  2025-06-09 22-15-38  2404.8  19114.7  -14617.7  229.152  14099.1
734  128  2025-06-09 22-15-38  2406.4  19126  -14620.7  229.21  14108.2
735  128  2025-06-09 22-15-38  2408  19137.4  -14623.5  229.268  14099.7
736  128  2025-06-09 22-15-38  2409.6  19148.7  -14626.5  229.325  14108.9
737  128  2025-06-09 22-15-38  2411.2  19160.1  -14629.4  229.383  14100.4
738  128  2025-06-09 22-15-38  2412.8  19171.5  -14632.4  229.44  14109.6
739  128  2025-06-09 22-15-38  2414.4  19182.9  -14635.3  229.498  14101.1
740  128  2025-06-09 22-15-38  2416  19194.2  -14638.4  229.555  14110.4
741  128  2025-06-09 22-15-38  2417.6  19205.6  -14641.3  229.613  14101.9
742  128  2025-06-09 22-15-38  2419.2  19217  -14644.3  229.671  14111.1
743  128  2025-06-09 22-15-38  2420.8  19228.4  -14647.3  229.728  14102.7
744  128  2025-06-09 22-15-38  2422.4  19239.8  -14650.3  229.786  14111.9
745  128  2025-06-09 22-15-38  2424  19251.2  -14653.2  229.843  14103.5
746  128  2025-06-09 22-15-38  2425.6  19262.6  -14656.3  229.901  14112.8
747  128  2025-06-09 22-15-38  2427.2  19274  -14659.3  229.958  14104.3
748  128  2025-06-09 22-15-38  2428.8  19285.4  -14662.3  230.016  14113.6
749  128  2025-06-09 22-15-38  2430.4  19296.8  -14665.3  230.073  14105.2
750  128  2025-06-09 22-15-38  2432  19308.2  -14668.4  230.131  14114.5
751  128  2025-06-09 22-15-38  2433.6  19319.6  -14671.4  230.189  14106.1
752  128  2025-06-09 22-15-38  2435.2  19331  -14674.5  230.246  14115.4
753  128  2025-06-09 22-15-38  2436.8  19342.5  -14677.5  230.304  14107.1
754  128  2025-06-09 22-15-38  2438.4  19353.9  -14680.6  230.361  14116.4
755  128  2025-06-09 22-15-38  2440  19365.4  -14683.6  230.419  14108
756  128  2025-06-09 22-15-38  2441.6  19376.8  -14686.8  230.476  14117.4
757  128  2025-06-09 22-15-38  2443.2  19388.2  -14689.8  230.534  14109.1
758  128  2025-06-09 22-15-38  2444.8  19399.7  -14692.9  230.591  14118.4
759  128  2025-06-09 22-15-38  2446.4  19411.1  -14696  230.649  14110.1
760  128  2025-06-09 22-15-38  2448  19422.6  -14698.9  230.707  14101.7
761  128  2025-06-09 22-15-38  2449.6  19434.2  -14701.7  230.793  14085.7
762  128  2025-06-09 22-15-38  2451.2  19445.8  -14704.2  230.879  14069.7
763  128  2025-06-09 22-15-38  2452.8  19457.5  -14706.6  230.966  14053.7
764  128  2025-06-09 22-15-38  2454.4  19469.1  -14708.9  231.052  14052.8
765  128  2025-06-09 22-15-38  2456  19480.8  -14711.2  231.138  14051.9
766  128  2025-06-09 22-15-38  2457.6  19492.5  -14713.5  231.225  14051
767  128  2025-06-09 22-15-38  2459.2  19504.2  -14715.8  231.311  14050.2
768  128  2025-06-09 22-15-38  2460.8  19516  -14718.1  231.397  14049.3
769  128  2025-06-09 22-15-38  2462.4  19527.7  -14720.4  231.484  14048.4
770  128  2025-06-09 22-15-38  2464  19539.4  -14722.7  231.57  14047.5
771  128  2025-06-09 22-15-38  2465.6  19551.2  -14724.9  231.656  14046.6
772  128  2025-06-09 22-15-38  2467.2  19562.9  -14727.2  231.743  14045.7
