SN    USVID    CurTime    simTime    CurX    CurY    CurVel      CurYaw   
0  128  2025-06-09 22-06-59  0  8  4.89843e-16  192  2672
1  128  2025-06-09 22-06-59  1.6  128.006  9.80038e-16  192.058  2672
2  128  2025-06-09 22-06-59  3.2  136.017  1.47058e-15  192.115  2672
3  128  2025-06-09 22-06-59  4.8  144.035  1.96148e-15  192.173  2672
4  128  2025-06-09 22-06-59  6.4  152.058  2.45274e-15  192.23  2672
5  128  2025-06-09 22-06-59  8  160.086  2.94434e-15  192.288  2672
6  128  2025-06-09 22-06-59  9.6  168.121  3.4363e-15  192.345  2672
7  128  2025-06-09 22-06-59  11.2  176.161  3.92861e-15  192.403  2672
8  128  2025-06-09 22-06-59  12.8  184.207  4.42127e-15  192.46  2672
9  128  2025-06-09 22-06-59  14.4  192.259  4.91428e-15  192.518  2672
10  128  2025-06-09 22-06-59  128  200.317  5.40765e-15  192.576  2672
11  128  2025-06-09 22-06-59  129.6  208.38  5.90137e-15  192.633  2672
12  128  2025-06-09 22-06-59  131.2  216.449  6.39544e-15  192.691  2672
13  128  2025-06-09 22-06-59  132.8  224.524  6.88987e-15  192.748  2672
14  128  2025-06-09 22-06-59  134.4  232.604  7.38464e-15  192.806  2672
15  128  2025-06-09 22-06-59  136  240.691  7.87977e-15  192.863  2672
16  128  2025-06-09 22-06-59  137.6  248.783  8.37525e-15  192.921  2672
17  128  2025-06-09 22-06-59  139.2  256.881  8.87109e-15  192.978  2672
18  128  2025-06-09 22-06-59  140.8  264.984  9.36727e-15  193.036  2672
19  128  2025-06-09 22-06-59  142.4  1393.09  9.86381e-15  193.094  2672
20  128  2025-06-09 22-06-59  144  1401.21  1.03607e-14  193.151  2672
21  128  2025-06-09 22-06-59  145.6  1409.33  1.08579e-14  193.209  2672
22  128  2025-06-09 22-06-59  147.2  1417.46  1.13555e-14  193.266  2672
23  128  2025-06-09 22-06-59  148.8  1425.59  1.18535e-14  193.324  2672
24  128  2025-06-09 22-06-59  150.4  1433.73  1.23518e-14  193.381  2672
25  128  2025-06-09 22-06-59  152  1441.87  1.28504e-14  193.439  2672
26  128  2025-06-09 22-06-59  153.6  1450.02  1.33494e-14  193.496  2672
27  128  2025-06-09 22-06-59  155.2  1458.18  1.38488e-14  193.554  2672
28  128  2025-06-09 22-06-59  156.8  1466.34  1.43485e-14  193.612  2672
29  128  2025-06-09 22-06-59  158.4  1474.5  1.48486e-14  193.669  2672
30  128  2025-06-09 22-06-59  160  1482.68  1.5349e-14  193.727  2672
31  128  2025-06-09 22-06-59  161.6  1490.85  1.58498e-14  193.784  2672
32  128  2025-06-09 22-06-59  163.2  1499.04  1.63509e-14  193.842  2672
33  128  2025-06-09 22-06-59  164.8  1507.23  1.68524e-14  193.899  2672
34  128  2025-06-09 22-06-59  166.4  1515.42  1.73542e-14  193.957  2672
35  128  2025-06-09 22-06-59  168  1523.63  1.78564e-14  194.014  2672
36  128  2025-06-09 22-06-59  169.6  1531.83  1.83589e-14  194.072  2672
37  128  2025-06-09 22-06-59  171.2  1540.05  1.88618e-14  194.13  2672
38  128  2025-06-09 22-06-59  172.8  1548.26  1.9365e-14  194.187  2672
39  128  2025-06-09 22-06-59  174.4  1556.49  1.98686e-14  194.245  2672
40  128  2025-06-09 22-06-59  176  1564.72  2.03725e-14  194.302  2672
41  128  2025-06-09 22-06-59  177.6  1572.96  2.08768e-14  194.36  2672
42  128  2025-06-09 22-06-59  179.2  1581.2  2.13815e-14  194.417  2672
43  128  2025-06-09 22-06-59  180.8  1589.44  2.18865e-14  194.475  2672
44  128  2025-06-09 22-06-59  182.4  1597.7  2.23918e-14  194.532  2672
45  128  2025-06-09 22-06-59  184  1605.96  2.28975e-14  194.59  2672
46  128  2025-06-09 22-06-59  185.6  1614.22  2.34036e-14  194.648  2672
47  128  2025-06-09 22-06-59  187.2  1622.49  2.391e-14  194.705  2672
48  128  2025-06-09 22-06-59  188.8  1630.77  2.44167e-14  194.763  2672
49  128  2025-06-09 22-06-59  190.4  1639.05  2.49238e-14  194.82  2672
50  128  2025-06-09 22-06-59  192  1647.34  2.54313e-14  194.878  2672
51  128  2025-06-09 22-06-59  193.6  1655.63  2.59391e-14  194.935  2672
52  128  2025-06-09 22-06-59  195.2  1663.93  2.64473e-14  194.993  2672
53  128  2025-06-09 22-06-59  196.8  1672.24  2.69558e-14  195.05  2672
54  128  2025-06-09 22-06-59  198.4  1680.55  2.74647e-14  195.108  2672
55  128  2025-06-09 22-06-59  200  1688.86  2.79739e-14  195.166  2672
56  128  2025-06-09 22-06-59  201.6  1697.19  2.84835e-14  195.223  2672
57  128  2025-06-09 22-06-59  203.2  1705.51  2.89934e-14  195.281  2672
58  128  2025-06-09 22-06-59  204.8  1713.85  2.95037e-14  195.338  2672
59  128  2025-06-09 22-06-59  206.4  1722.19  3.00143e-14  195.396  2672
60  128  2025-06-09 22-06-59  208  1730.53  3.05253e-14  195.453  2672
61  128  2025-06-09 22-06-59  209.6  1738.88  3.10367e-14  195.511  2672
62  128  2025-06-09 22-06-59  211.2  1747.24  3.15484e-14  195.568  2672
63  128  2025-06-09 22-06-59  212.8  1755.6  3.20604e-14  195.626  2672
64  128  2025-06-09 22-06-59  214.4  1763.97  3.25728e-14  195.684  2672
65  128  2025-06-09 22-06-59  216  1772.35  3.30855e-14  195.741  2672
66  128  2025-06-09 22-06-59  217.6  1780.73  3.35986e-14  195.799  2672
67  128  2025-06-09 22-06-59  219.2  1789.11  3.41121e-14  195.856  2672
68  128  2025-06-09 22-06-59  220.8  1797.5  3.46259e-14  195.914  2672
69  128  2025-06-09 22-06-59  222.4  1805.9  3.51401e-14  195.971  2672
70  128  2025-06-09 22-06-59  224  1814.3  3.56546e-14  196.029  2672
71  128  2025-06-09 22-06-59  225.6  1822.71  3.61694e-14  196.086  2672
72  128  2025-06-09 22-06-59  227.2  1831.13  3.66847e-14  196.144  2672
73  128  2025-06-09 22-06-59  228.8  1839.55  3.72002e-14  196.202  2672
74  128  2025-06-09 22-06-59  230.4  1847.97  3.77162e-14  196.259  2672
75  128  2025-06-09 22-06-59  232  1856.4  3.82324e-14  196.317  2672
76  128  2025-06-09 22-06-59  233.6  1864.84  3.87491e-14  196.374  2672
77  128  2025-06-09 22-06-59  235.2  1873.28  3.9266e-14  196.432  2672
78  128  2025-06-09 22-06-59  236.8  1881.73  3.97834e-14  196.489  2672
79  128  2025-06-09 22-06-59  238.4  1890.19  4.0301e-14  196.547  2672
80  128  2025-06-09 22-06-59  240  1898.65  4.08191e-14  196.604  2672
81  128  2025-06-09 22-06-59  241.6  1907.11  4.13375e-14  196.662  2672
82  128  2025-06-09 22-06-59  243.2  1915.59  4.18562e-14  196.72  2672
83  128  2025-06-09 22-06-59  244.8  1924.06  4.23753e-14  196.777  2672
84  128  2025-06-09 22-06-59  246.4  1932.55  4.28947e-14  196.835  2672
85  128  2025-06-09 22-06-59  248  1941.04  4.34145e-14  196.892  2672
86  128  2025-06-09 22-06-59  249.6  1949.53  4.39347e-14  196.95  2672
87  128  2025-06-09 22-06-59  251.2  1958.03  4.44552e-14  197.007  2672
88  128  2025-06-09 22-06-59  252.8  1966.54  4.49761e-14  197.065  2672
89  128  2025-06-09 22-06-59  254.4  1975.05  4.54973e-14  197.122  2672
90  128  2025-06-09 22-06-59  256  1983.57  4.60188e-14  197.18  2672
91  128  2025-06-09 22-06-59  257.6  1992.09  4.65407e-14  197.238  2672
92  128  2025-06-09 22-06-59  259.2  2000.62  4.7063e-14  197.295  2672
93  128  2025-06-09 22-06-59  260.8  2009.16  4.75856e-14  197.353  2672
94  128  2025-06-09 22-06-59  262.4  2017.7  4.81086e-14  197.41  2672
95  128  2025-06-09 22-06-59  264  2026.25  4.86319e-14  197.468  2672
96  128  2025-06-09 22-06-59  265.6  2034.8  4.91556e-14  197.525  2672
97  128  2025-06-09 22-06-59  267.2  2043.36  4.96796e-14  197.583  2672
98  128  2025-06-09 22-06-59  268.8  2051.92  5.0204e-14  197.641  2672
99  128  2025-06-09 22-06-59  270.4  2060.49  5.07287e-14  197.698  2672
100  128  2025-06-09 22-06-59  1392  2069.07  5.12538e-14  197.756  2672
101  128  2025-06-09 22-06-59  1393.6  2077.65  5.17792e-14  197.813  2672
102  128  2025-06-09 22-06-59  1395.2  2086.23  5.2305e-14  197.871  2672
103  128  2025-06-09 22-06-59  1396.8  2094.83  5.28312e-14  197.928  2672
104  128  2025-06-09 22-06-59  1398.4  2103.43  5.33577e-14  197.986  2672
105  128  2025-06-09 22-06-59  1400  2112.03  5.38845e-14  198.043  2672
106  128  2025-06-09 22-06-59  1401.6  2120.64  5.44117e-14  198.101  2672
107  128  2025-06-09 22-06-59  1403.2  2129.26  5.49393e-14  198.159  2672
108  128  2025-06-09 22-06-59  1404.8  2137.88  5.54672e-14  198.216  2672
109  128  2025-06-09 22-06-59  1406.4  2146.5  5.59954e-14  198.274  2672
110  128  2025-06-09 22-06-59  1408  2155.14  5.6524e-14  198.331  2672
111  128  2025-06-09 22-06-59  1409.6  2163.78  5.7053e-14  198.389  2672
112  128  2025-06-09 22-06-59  1411.2  2172.42  5.75823e-14  198.446  2672
113  128  2025-06-09 22-06-59  1412.8  2181.07  5.8112e-14  198.504  2672
114  128  2025-06-09 22-06-59  1414.4  2189.73  5.8642e-14  198.561  2672
115  128  2025-06-09 22-06-59  1416  2198.39  5.91724e-14  198.619  2672
116  128  2025-06-09 22-06-59  1417.6  2207.06  5.97031e-14  198.677  2672
117  128  2025-06-09 22-06-59  1419.2  2215.73  6.02342e-14  198.734  2672
118  128  2025-06-09 22-06-59  1420.8  2224.41  6.07656e-14  198.792  2672
119  128  2025-06-09 22-06-59  1422.4  2233.1  6.12974e-14  198.849  2672
120  128  2025-06-09 22-06-59  1424  2241.79  6.18295e-14  198.907  2672
121  128  2025-06-09 22-06-59  1425.6  2250.48  6.2362e-14  198.964  2672
122  128  2025-06-09 22-06-59  1427.2  2259.18  6.28948e-14  199.022  2672
123  128  2025-06-09 22-06-59  1428.8  2267.89  6.3428e-14  199.079  2672
124  128  2025-06-09 22-06-59  1430.4  2276.61  6.39616e-14  199.137  2672
125  128  2025-06-09 22-06-59  1432  2285.33  6.44955e-14  199.195  2672
126  128  2025-06-09 22-06-59  1433.6  2294.05  6.50297e-14  199.252  2672
127  128  2025-06-09 22-06-59  1435.2  2302.78  6.55643e-14  199.31  2672
128  128  2025-06-09 22-06-59  1436.8  2311.52  6.60993e-14  199.367  2672
129  128  2025-06-09 22-06-59  1438.4  2320.26  6.66346e-14  199.425  2672
130  128  2025-06-09 22-06-59  1440  2329.01  6.71702e-14  199.482  2672
131  128  2025-06-09 22-06-59  1441.6  2337.76  6.77062e-14  199.54  2672
132  128  2025-06-09 22-06-59  1443.2  2346.52  6.82426e-14  199.597  2672
133  128  2025-06-09 22-06-59  1444.8  2355.29  6.87793e-14  199.655  2672
134  128  2025-06-09 22-06-59  1446.4  2364.06  6.93164e-14  199.713  2672
135  128  2025-06-09 22-06-59  1448  2372.84  6.98538e-14  199.77  2672
136  128  2025-06-09 22-06-59  1449.6  2381.62  7.03916e-14  199.828  2672
137  128  2025-06-09 22-06-59  1451.2  2390.41  7.09297e-14  199.885  2672
138  128  2025-06-09 22-06-59  1452.8  2399.2  7.14682e-14  199.943  2672
139  128  2025-06-09 22-06-59  1454.4  2408  7.2007e-14  200  2672
140  128  2025-06-09 22-06-59  1456  2416.81  7.25462e-14  200.058  2672
141  128  2025-06-09 22-06-59  1457.6  2425.62  7.30857e-14  200.115  2672
142  128  2025-06-09 22-06-59  1459.2  2434.44  7.36256e-14  200.173  2672
143  128  2025-06-09 22-06-59  1460.8  2443.26  7.41658e-14  200.231  2672
144  128  2025-06-09 22-06-59  1462.4  2452.09  7.47064e-14  200.288  2672
145  128  2025-06-09 22-06-59  1464  2460.92  7.52474e-14  200.346  2672
146  128  2025-06-09 22-06-59  1465.6  2469.76  7.57887e-14  200.403  2672
147  128  2025-06-09 22-06-59  1467.2  2478.61  7.63303e-14  200.461  2672
148  128  2025-06-09 22-06-59  1468.8  2487.45  7.68714e-14  200.374  2672
149  128  2025-06-09 22-06-59  1470.4  2496.29  -0.0779417  200.432  2680.08
150  128  2025-06-09 22-06-59  1472  2505.14  -0.234693  200.49  2688.24
151  128  2025-06-09 22-06-59  1473.6  2513.99  -0.471117  200.547  2696.48
152  128  2025-06-09 22-06-59  1475.2  2522.84  -0.78807  200.605  2704.8
153  128  2025-06-09 22-06-59  1476.8  2531.7  -1.1864  200.662  2713.2
154  128  2025-06-09 22-06-59  1478.4  2540.56  -1.66696  200.72  2721.68
155  128  2025-06-09 22-06-59  1480  2549.42  -2.23058  200.777  2730.24
156  128  2025-06-09 22-06-59  1481.6  2558.28  -2.8781  200.835  2738.88
157  128  2025-06-09 22-06-59  1483.2  2567.14  -3.61034  200.892  2747.6
158  128  2025-06-09 22-06-59  1484.8  2576  -4.42811  200.95  2756.4
159  128  2025-06-09 22-06-59  1486.4  2584.85  -5.33222  201.008  2765.28
160  128  2025-06-09 22-06-59  1488  2593.7  -6.32348  201.065  2774.24
161  128  2025-06-09 22-06-59  1489.6  2602.55  -7.40266  201.123  2783.28
162  128  2025-06-09 22-06-59  1491.2  2611.39  -8.57056  201.18  2792.4
163  128  2025-06-09 22-06-59  1492.8  2620.22  -9.82793  201.238  2801.6
164  128  2025-06-09 22-06-59  1494.4  2629.05  -11.1755  201.295  2810.88
165  128  2025-06-09 22-06-59  1496  2637.87  -12.6141  201.353  2820.24
166  128  2025-06-09 22-06-59  1497.6  2646.68  -14.1444  201.41  2829.68
167  128  2025-06-09 22-06-59  1499.2  2655.48  -15.7672  201.468  14039.2
168  128  2025-06-09 22-06-59  1500.8  2664.26  -129.483  201.526  14048.8
169  128  2025-06-09 22-06-59  1502.4  2673.04  -131.293  201.583  14058.5
170  128  2025-06-09 22-06-59  1504  2681.8  -133.197  201.641  14068.2
171  128  2025-06-09 22-06-59  1505.6  2690.54  -135.197  201.698  14078.1
172  128  2025-06-09 22-06-59  1507.2  2699.27  -137.292  201.756  14088
173  128  2025-06-09 22-06-59  1508.8  2707.98  -139.484  201.813  14098
174  128  2025-06-09 22-06-59  1510.4  2716.67  -141.773  201.871  14108.1
175  128  2025-06-09 22-06-59  1512  2725.34  -144.159  201.928  14118.2
176  128  2025-06-09 22-06-59  1513.6  2733.99  -146.644  201.986  14128.5
177  128  2025-06-09 22-06-59  1515.2  2742.61  -149.228  202.044  14138.8
178  128  2025-06-09 22-06-59  1516.8  2751.22  -151.911  202.101  14149.2
179  128  2025-06-09 22-06-59  1518.4  2759.79  -154.694  202.159  14159.7
180  128  2025-06-09 22-06-59  1520  2768.34  -157.577  202.216  14170.2
181  128  2025-06-09 22-06-59  1521.6  2776.86  -160.562  202.274  14180.9
182  128  2025-06-09 22-06-59  1523.2  2785.35  -163.648  202.331  14191.6
183  128  2025-06-09 22-06-59  1524.8  2793.81  -166.835  202.389  14202.4
184  128  2025-06-09 22-06-59  1526.4  2802.23  -170.125  202.446  14213.3
185  128  2025-06-09 22-06-59  1528  2810.62  -173.518  202.504  14224.2
186  128  2025-06-09 22-06-59  1529.6  2818.98  -177.013  202.562  14235.3
187  128  2025-06-09 22-06-59  1531.2  2827.29  -180.612  202.619  14246.4
188  128  2025-06-09 22-06-59  1532.8  14035.6  -184.315  202.677  14257.6
189  128  2025-06-09 22-06-59  1534.4  14043.8  -188.121  202.734  14268.8
190  128  2025-06-09 22-06-59  1536  14052  -192.029  202.792  14280
191  128  2025-06-09 22-06-59  1537.6  14060.2  -196.04  202.849  14291.2
192  128  2025-06-09 22-06-59  1539.2  14068.3  -200.153  202.907  14302.4
193  128  2025-06-09 22-06-59  1540.8  14076.3  -204.291  202.821  14305.6
194  128  2025-06-09 22-06-59  1542.4  14084.4  -208.459  202.878  14308.8
195  128  2025-06-09 22-06-59  1544  14092.5  -212.658  202.936  14312
196  128  2025-06-09 22-06-59  1545.6  14100.5  -216.887  202.993  14315.2
197  128  2025-06-09 22-06-59  1547.2  14108.6  -221.148  203.051  14318.4
198  128  2025-06-09 22-06-59  1548.8  14116.6  -225.439  203.108  14321.6
199  128  2025-06-09 22-06-59  1550.4  14124.7  -229.761  203.166  14324.8
200  128  2025-06-09 22-06-59  1552  14132.7  -234.114  203.223  14328
201  128  2025-06-09 22-06-59  1553.6  14140.7  -238.498  203.281  14331.2
202  128  2025-06-09 22-06-59  1555.2  14148.7  -242.912  203.339  14334.4
203  128  2025-06-09 22-06-59  1556.8  14156.7  -247.357  203.396  14337.6
204  128  2025-06-09 22-06-59  1558.4  14164.6  -251.832  203.454  14340.8
205  128  2025-06-09 22-06-59  1560  14172.5  -256.415  203.367  14353.6
206  128  2025-06-09 22-06-59  1561.6  14180.4  -261.11  203.425  14366.4
207  128  2025-06-09 22-06-59  1563.2  14188.2  -265.917  203.482  14379.2
208  128  2025-06-09 22-06-59  1564.8  14195.9  -270.835  203.54  14392
209  128  2025-06-09 22-06-59  1566.4  14203.6  -1395.72  203.598  14387.1
210  128  2025-06-09 22-06-59  1568  14211.4  -1400.56  203.655  14382.2
211  128  2025-06-09 22-06-59  1569.6  14219.1  -1405.51  203.713  14394.9
212  128  2025-06-09 22-06-59  1571.2  14226.9  -1410.42  203.77  14390
213  128  2025-06-09 22-06-59  1572.8  14234.7  -1415.3  203.828  14384.9
214  128  2025-06-09 22-06-59  1574.4  14242.5  -1420.13  203.885  14379.8
215  128  2025-06-09 22-06-59  1576  14250.2  -1425.07  203.943  14392.4
216  128  2025-06-09 22-06-59  1577.6  14258  -1429.98  204  14387.3
217  128  2025-06-09 22-06-59  1579.2  14265.8  -1434.84  204.058  14382.2
218  128  2025-06-09 22-06-59  1580.8  14273.7  -1439.66  204.116  14376.9
219  128  2025-06-09 22-06-59  1582.4  14281.5  -1444.59  204.173  14389.4
220  128  2025-06-09 22-06-59  1584  14289.3  -1449.48  204.231  14384.1
221  128  2025-06-09 22-06-59  1585.6  14297.2  -1454.33  204.288  14378.8
222  128  2025-06-09 22-06-59  1587.2  14304.9  -1459.28  204.346  14391.2
223  128  2025-06-09 22-06-59  1588.8  14312.8  -1464.19  204.403  14385.9
224  128  2025-06-09 22-06-59  1590.4  14320.6  -1469.06  204.461  14380.5
225  128  2025-06-09 22-06-59  1592  14328.5  -1473.89  204.518  14375.1
226  128  2025-06-09 22-06-59  1593.6  14336.4  -1478.82  204.576  14387.3
227  128  2025-06-09 22-06-59  1595.2  14344.2  -1483.71  204.634  14381.9
228  128  2025-06-09 22-06-59  1596.8  14352.1  -1488.56  204.691  14376.4
229  128  2025-06-09 22-06-59  1598.4  14360  -1493.51  204.749  14388.5
230  128  2025-06-09 22-06-59  1600  14367.8  -1498.42  204.806  14383
231  128  2025-06-09 22-06-59  1601.6  14375.8  -1503.29  204.864  14377.4
232  128  2025-06-09 22-06-59  1603.2  14383.6  -1508.26  204.921  14389.6
233  128  2025-06-09 22-06-59  1604.8  14391.5  -1513.19  204.979  14384
234  128  2025-06-09 22-06-59  1606.4  14399.4  -1518.07  205.036  14378.3
235  128  2025-06-09 22-06-59  1608  14407.4  -1522.9  205.094  14372.6
236  128  2025-06-09 22-06-59  1609.6  14415.3  -1527.84  205.152  14384.6
237  128  2025-06-09 22-06-59  1611.2  14423.2  -1532.74  205.209  14378.9
238  128  2025-06-09 22-06-59  1612.8  14431.2  -1537.59  205.267  14373.1
239  128  2025-06-09 22-06-59  1614.4  14439.1  -1542.54  205.324  14385
240  128  2025-06-09 22-06-59  1616  14447  -1547.45  205.382  14379.2
241  128  2025-06-09 22-06-59  1617.6  14455  -1552.31  205.439  14373.3
242  128  2025-06-09 22-06-59  1619.2  14462.9  -1557.27  205.497  14385.2
243  128  2025-06-09 22-06-59  1620.8  14470.9  -1562.19  205.554  14379.3
244  128  2025-06-09 22-06-59  1622.4  14478.9  -1567.06  205.612  14373.4
245  128  2025-06-09 22-06-59  1624  14486.8  -1572.03  205.67  14385.2
246  128  2025-06-09 22-06-59  1625.6  14494.8  -1576.96  205.727  14379.3
247  128  2025-06-09 22-06-59  1627.2  14502.8  -1581.83  205.785  14373.3
248  128  2025-06-09 22-06-59  1628.8  14510.8  -1586.82  205.842  14385
249  128  2025-06-09 22-06-59  1630.4  14518.7  -1591.75  205.9  14379.1
250  128  2025-06-09 22-06-59  1632  14526.8  -1596.63  205.957  14373
251  128  2025-06-09 22-06-59  1633.6  14534.7  -1601.62  206.015  14384.7
252  128  2025-06-09 22-06-59  1635.2  14542.7  -1606.56  206.072  14378.6
253  128  2025-06-09 22-06-59  1636.8  14550.8  -1611.45  206.13  14372.5
254  128  2025-06-09 22-06-59  1638.4  14558.9  -1616.28  206.188  14366.3
255  128  2025-06-09 22-06-59  1640  14566.9  -1621.22  206.245  14377.8
256  128  2025-06-09 22-06-59  1641.6  14575  -1626.11  206.303  14371.6
257  128  2025-06-09 22-06-59  1643.2  14583.1  -1630.95  206.36  14365.4
258  128  2025-06-09 22-06-59  1644.8  14591.1  -1635.89  206.418  14376.8
259  128  2025-06-09 22-06-59  1646.4  14599.2  -1640.78  206.475  14370.6
260  128  2025-06-09 22-06-59  1648  14607.2  -1645.77  206.533  14382
261  128  2025-06-09 22-06-59  1649.6  14615.3  -1650.71  206.59  14375.8
262  128  2025-06-09 22-06-59  1651.2  14623.4  -1655.6  206.648  14369.5
263  128  2025-06-09 22-06-59  1652.8  14631.4  -1660.59  206.706  14380.9
264  128  2025-06-09 22-06-59  1654.4  14639.5  -1665.53  206.763  14374.6
265  128  2025-06-09 22-06-59  1656  14647.7  -1670.42  206.821  14368.3
266  128  2025-06-09 22-06-59  1657.6  14655.7  -1675.4  206.878  14379.6
267  128  2025-06-09 22-06-59  1659.2  14663.8  -1680.34  206.936  14373.2
268  128  2025-06-09 22-06-59  1660.8  14672  -1685.22  206.993  14366.8
269  128  2025-06-09 22-06-59  1662.4  14680.1  -1690.21  207.051  14378.1
270  128  2025-06-09 22-06-59  1664  14688.2  -1695.14  207.108  14371.6
271  128  2025-06-09 22-06-59  1665.6  14696.4  -1700.01  207.166  14365.2
272  128  2025-06-09 22-06-59  1667.2  14704.5  -1704.99  207.224  14376.4
273  128  2025-06-09 22-06-59  1668.8  14712.7  -1709.92  207.281  14369.9
274  128  2025-06-09 22-06-59  1670.4  14720.9  -1714.78  207.339  14363.3
275  128  2025-06-09 22-06-59  1672  14729  -1719.76  207.396  14374.4
276  128  2025-06-09 22-06-59  1673.6  14737.2  -1724.67  207.454  14367.9
277  128  2025-06-09 22-06-59  1675.2  14745.4  -1729.53  207.511  14361.3
278  128  2025-06-09 22-06-59  1676.8  14753.6  -1734.49  207.569  14372.4
279  128  2025-06-09 22-06-59  1678.4  14761.8  -1739.4  207.626  14365.7
280  128  2025-06-09 22-06-59  1680  14770  -1744.24  207.684  14359.1
281  128  2025-06-09 22-06-59  1681.6  14778.2  -1749.19  207.742  14370.1
282  128  2025-06-09 22-06-59  1683.2  14786.5  -1754.09  207.799  14363.4
283  128  2025-06-09 22-06-59  1684.8  14794.6  -1759.08  207.857  14374.4
284  128  2025-06-09 22-06-59  1686.4  14802.9  -1764.02  207.914  14367.8
285  128  2025-06-09 22-06-59  1688  14811.1  -1768.9  207.972  14361
286  128  2025-06-09 22-06-59  1689.6  14819.3  -1773.88  208.029  14372
287  128  2025-06-09 22-06-59  1691.2  14827.6  -1778.8  208.087  14365.3
288  128  2025-06-09 22-06-59  1692.8  14835.9  -1783.67  208.145  14358.5
289  128  2025-06-09 22-06-59  1694.4  14844.1  -1788.64  208.202  14369.4
290  128  2025-06-09 22-06-59  1696  14852.4  -1793.55  208.26  14362.6
291  128  2025-06-09 22-06-59  1697.6  14860.6  -1798.56  208.317  14373.5
292  128  2025-06-09 22-06-59  1699.2  14868.9  -1803.51  208.375  14366.7
293  128  2025-06-09 22-06-59  1700.8  14877.2  -1808.4  208.432  14359.9
294  128  2025-06-09 22-06-59  1702.4  14885.5  -1813.39  208.49  14370.7
295  128  2025-06-09 22-06-59  1704  14893.8  -1818.33  208.547  14363.9
296  128  2025-06-09 22-06-59  1705.6  14902.1  -1823.21  208.605  14357
297  128  2025-06-09 22-06-59  1707.2  14910.4  -1828.18  208.663  14367.8
298  128  2025-06-09 22-06-59  1708.8  14918.7  -1833.1  208.72  14360.9
299  128  2025-06-09 22-06-59  1710.4  14927.1  -1837.96  208.778  14353.9
300  128  2025-06-09 22-06-59  1712  14935.4  -1842.91  208.835  14364.6
301  128  2025-06-09 22-06-59  1713.6  14943.8  -1847.81  208.893  14357.6
302  128  2025-06-09 22-06-59  1715.2  14952.1  -1852.8  208.95  14368.4
303  128  2025-06-09 22-06-59  1716.8  14960.4  -1857.74  209.008  14361.4
304  128  2025-06-09 22-06-59  1718.4  14968.8  -1862.62  209.065  14354.4
305  128  2025-06-09 22-06-59  1720  14977.2  -1867.59  209.123  14365.1
306  128  2025-06-09 22-06-59  1721.6  14985.5  -1872.51  209.181  14358.1
307  128  2025-06-09 22-06-59  1723.2  14993.9  -1877.52  209.238  14368.8
308  128  2025-06-09 22-06-59  1724.8  15002.2  -1882.48  209.296  14361.8
309  128  2025-06-09 22-06-59  1726.4  15010.7  -1887.37  209.353  14354.7
310  128  2025-06-09 22-06-59  1728  15019  -1892.36  209.411  14365.3
311  128  2025-06-09 22-06-59  1729.6  15027.4  -1897.29  209.468  14358.3
312  128  2025-06-09 22-06-59  1731.2  15035.9  -1902.16  209.526  14351.1
313  128  2025-06-09 22-06-59  1732.8  15044.3  -1907.13  209.583  14361.7
314  128  2025-06-09 22-06-59  1734.4  15052.7  -1912.04  209.641  14354.6
315  128  2025-06-09 22-06-59  1736  15061.1  -1917.04  209.699  14365.2
316  128  2025-06-09 22-06-59  1737.6  15069.5  -1921.98  209.756  14358
317  128  2025-06-09 22-06-59  1739.2  15078  -1926.86  209.814  14350.9
318  128  2025-06-09 22-06-59  1740.8  15086.5  -1931.84  209.871  14361.4
319  128  2025-06-09 22-06-59  1742.4  15094.9  -1936.76  209.929  14354.2
320  128  2025-06-09 22-06-59  1744  15103.3  -1941.78  209.986  14364.7
321  128  2025-06-09 22-06-59  1745.6  15111.8  -1946.73  210.044  14357.6
322  128  2025-06-09 22-06-59  1747.2  15120.3  -1951.62  210.101  14350.4
323  128  2025-06-09 22-06-59  1748.8  15128.8  -1956.61  210.159  14360.8
324  128  2025-06-09 22-06-59  1750.4  15137.3  -1961.54  210.217  14353.6
325  128  2025-06-09 22-06-59  1752  15145.7  -1966.56  210.274  14364.1
326  128  2025-06-09 22-06-59  1753.6  15154.2  -1971.52  210.332  14356.9
327  128  2025-06-09 22-06-59  1755.2  15162.7  -1976.42  210.389  14349.6
328  128  2025-06-09 22-06-59  1756.8  15171.2  -1981.42  210.447  14360
329  128  2025-06-09 22-06-59  1758.4  15179.7  -1986.35  210.504  14352.8
330  128  2025-06-09 22-06-59  1760  15188.2  -1991.38  210.562  14363.2
331  128  2025-06-09 22-06-59  1761.6  15196.7  -1996.35  210.619  14355.9
332  128  2025-06-09 22-06-59  1763.2  15205.3  -2001.25  210.677  14348.6
333  128  2025-06-09 22-06-59  1764.8  15213.8  -2006.25  210.735  14359
334  128  2025-06-09 22-06-59  1766.4  15222.4  -2011.19  210.792  14351.7
335  128  2025-06-09 22-06-59  1768  15231  -2016.06  210.85  14344.3
336  128  2025-06-09 22-06-59  1769.6  15239.5  -2021.03  210.907  14354.6
337  128  2025-06-09 22-06-59  1771.2  15248.1  -2025.93  210.965  14347.2
338  128  2025-06-09 22-06-59  1772.8  15256.7  -2030.94  211.022  14357.5
339  128  2025-06-09 22-06-59  1774.4  15265.2  -2035.87  211.08  14350.2
340  128  2025-06-09 22-06-59  1776  15273.8  -2040.91  211.137  14360.5
341  128  2025-06-09 22-06-59  1777.6  15282.4  -2045.88  211.195  14353.2
342  128  2025-06-09 22-06-59  1779.2  15291  -2050.78  211.253  14345.7
343  128  2025-06-09 22-06-59  1780.8  15299.6  -2055.79  211.31  14356
344  128  2025-06-09 22-06-59  1782.4  15308.2  -2060.72  211.368  14348.6
345  128  2025-06-09 22-06-59  1784  15316.8  -2065.76  211.425  14358.9
346  128  2025-06-09 22-06-59  1785.6  15325.4  -2070.73  211.483  14351.5
347  128  2025-06-09 22-06-59  1787.2  15334.1  -2075.63  211.54  14344
348  128  2025-06-09 22-06-59  1788.8  15342.8  -2080.46  211.598  14336.5
349  128  2025-06-09 22-06-59  1790.4  15351.5  -2085.23  211.655  14328.8
350  128  2025-06-09 22-06-59  1792  15360.3  -2089.91  211.569  14321.1
351  128  2025-06-09 22-06-59  1793.6  15369.1  -2094.52  211.483  14313.3
352  128  2025-06-09 22-06-59  1795.2  15377.9  -2099.14  211.54  14315.2
353  128  2025-06-09 22-06-59  1796.8  15386.7  -2103.79  211.598  14317
354  128  2025-06-09 22-06-59  1798.4  15395.5  -2108.46  211.655  14318.8
355  128  2025-06-09 22-06-59  1800  15404.3  -2113.15  211.713  14320.7
356  128  2025-06-09 22-06-59  1801.6  15413.1  -2117.85  211.771  14322.6
357  128  2025-06-09 22-06-59  1803.2  15421.9  -2122.58  211.828  14324.5
358  128  2025-06-09 22-06-59  1804.8  15430.7  -2127.34  211.886  14326.4
359  128  2025-06-09 22-06-59  1806.4  15439.5  -2132.11  211.943  14328.4
360  128  2025-06-09 22-06-59  1808  15448.3  -2136.9  212.001  14330.3
361  128  2025-06-09 22-06-59  1809.6  15457.1  -2141.72  212.058  14332.3
362  128  2025-06-09 22-06-59  1811.2  15465.8  -2146.55  212.116  14334.3
363  128  2025-06-09 22-06-59  1812.8  15474.6  -2151.41  212.173  14336.3
364  128  2025-06-09 22-06-59  1814.4  15483.3  -2156.3  212.231  14338.3
365  128  2025-06-09 22-06-59  1816  15492.1  -2161.12  212.289  14332.2
366  128  2025-06-09 22-06-59  1817.6  15500.9  -2165.89  212.346  14326.1
367  128  2025-06-09 22-06-59  1819.2  15509.8  -2170.6  212.404  14320
368  128  2025-06-09 22-06-59  1820.8  15518.7  -2175.26  212.461  14313.7
369  128  2025-06-09 22-06-59  1822.4  15527.7  -2179.86  212.519  14307.4
370  128  2025-06-09 22-06-59  1824  15536.6  -2184.39  212.576  14301
371  128  2025-06-09 22-06-59  1825.6  15545.6  -2188.87  212.634  14294.6
372  128  2025-06-09 22-06-59  1827.2  15554.7  -2193.29  212.691  14288.1
373  128  2025-06-09 22-06-59  1828.8  15563.8  -2197.64  212.749  14281.6
374  128  2025-06-09 22-06-59  1830.4  15572.9  -2201.93  212.807  14274.9
375  128  2025-06-09 22-06-59  1832  15582.1  -2206.15  212.864  14268.2
376  128  2025-06-09 22-06-59  1833.6  15591.3  -2210.31  212.922  14261.5
377  128  2025-06-09 22-06-59  1835.2  15600.5  -2214.41  212.979  14254.7
378  128  2025-06-09 22-06-59  1836.8  15609.8  -2218.43  213.037  14247.8
379  128  2025-06-09 22-06-59  1838.4  15619.1  -2222.39  213.094  14240.8
380  128  2025-06-09 22-06-59  1840  15628.4  -2226.28  213.152  14233.8
381  128  2025-06-09 22-06-59  1841.6  15637.8  -2230.1  213.209  14226.8
382  128  2025-06-09 22-06-59  1843.2  15647.2  -2233.85  213.267  14219.6
383  128  2025-06-09 22-06-59  1844.8  15656.6  -2237.53  213.325  14212.4
384  128  2025-06-09 22-06-59  1846.4  15666.1  -2241.13  213.382  14205.2
385  128  2025-06-09 22-06-59  1848  15675.6  -2244.66  213.44  14197.8
386  128  2025-06-09 22-06-59  1849.6  15685.1  -2248.12  213.497  14190.4
387  128  2025-06-09 22-06-59  1851.2  15694.7  -2251.5  213.555  14183
388  128  2025-06-09 22-06-59  1852.8  15704.3  -2254.8  213.612  14175.5
389  128  2025-06-09 22-06-59  1854.4  15714  -2258.02  213.67  14167.9
390  128  2025-06-09 22-06-59  1856  15723.6  -2261.17  213.727  14160.2
391  128  2025-06-09 22-06-59  1857.6  15733.4  -2264.24  213.785  14152.5
392  128  2025-06-09 22-06-59  1859.2  15743.1  -2267.22  213.843  14144.8
393  128  2025-06-09 22-06-59  1860.8  15752.9  -2270.12  213.9  14136.9
394  128  2025-06-09 22-06-59  1862.4  15762.7  -2272.95  213.958  14129
395  128  2025-06-09 22-06-59  1864  15772.5  -2275.68  214.015  14121
396  128  2025-06-09 22-06-59  1865.6  15782.3  -2278.34  214.073  14113
397  128  2025-06-09 22-06-59  1867.2  15792.2  -2281  213.986  14114.6
398  128  2025-06-09 22-06-59  1868.8  15802  -2283.69  213.9  14116.2
399  128  2025-06-09 22-06-59  1870.4  15811.8  -2286.38  213.814  14117.9
400  128  2025-06-09 22-06-59  1872  15821.6  -2289.1  213.727  14119.6
401  128  2025-06-09 22-06-59  1873.6  15831.4  -2291.83  213.641  14121.3
402  128  2025-06-09 22-06-59  1875.2  15841.2  -2294.58  213.555  14123.1
403  128  2025-06-09 22-06-59  1876.8  15851  -2297.34  213.468  14124.9
404  128  2025-06-09 22-06-59  1878.4  15860.7  -2300.12  213.382  14126.7
405  128  2025-06-09 22-06-59  1880  15870.5  -2302.92  213.296  14128.6
406  128  2025-06-09 22-06-59  1881.6  15880.2  -2305.73  213.209  14130.4
407  128  2025-06-09 22-06-59  1883.2  15889.9  -2308.57  213.123  14132.4
408  128  2025-06-09 22-06-59  1884.8  15899.6  -2311.42  213.037  14134.3
409  128  2025-06-09 22-06-59  1886.4  15909.3  -2314.29  212.95  14136.3
410  128  2025-06-09 22-06-59  1888  15918.9  -2317.18  212.864  14138.3
411  128  2025-06-09 22-06-59  1889.6  15928.6  -2320.09  212.778  14140.4
412  128  2025-06-09 22-06-59  1891.2  15938.2  -2323.02  212.691  14142.4
413  128  2025-06-09 22-06-59  1892.8  15947.8  -2325.97  212.749  14144.6
414  128  2025-06-09 22-06-59  1894.4  15957.5  -2328.94  212.807  14146.7
415  128  2025-06-09 22-06-59  1896  15967.1  -2331.94  212.864  14148.9
416  128  2025-06-09 22-06-59  1897.6  15976.7  -2334.97  212.922  14151.1
417  128  2025-06-09 22-06-59  1899.2  15986.3  -2338.02  212.979  14153.3
418  128  2025-06-09 22-06-59  1900.8  15996  -2341.09  213.037  14155.6
419  128  2025-06-09 22-06-59  1902.4  16005.6  -2344.2  213.094  14157.9
420  128  2025-06-09 22-06-59  1904  16015.2  -2347.24  213.152  14152.2
421  128  2025-06-09 22-06-59  1905.6  16024.9  -2350.22  213.209  14146.4
422  128  2025-06-09 22-06-59  1907.2  16034.6  -2353.3  213.267  14155.1
423  128  2025-06-09 22-06-59  1908.8  16044.2  -2356.47  213.325  14163.9
424  128  2025-06-09 22-06-59  1910.4  16053.8  -2359.74  213.382  14172.8
425  128  2025-06-09 22-06-59  1912  16063.3  -2363.1  213.44  14181.8
426  128  2025-06-09 22-06-59  1913.6  16072.9  -2366.56  213.497  14190.8
427  128  2025-06-09 22-06-59  1915.2  16082.4  -2370.12  213.555  14200
428  128  2025-06-09 22-06-59  1916.8  16091.9  -2373.77  213.612  14209.3
429  128  2025-06-09 22-06-59  1918.4  16101.3  -2377.53  213.67  14218.7
430  128  2025-06-09 22-06-59  1920  16110.7  -2381.38  213.727  14228.2
431  128  2025-06-09 22-06-59  1921.6  16120.1  -2385.34  213.785  14237.7
432  128  2025-06-09 22-06-59  1923.2  16129.5  -2389.39  213.843  14247.4
433  128  2025-06-09 22-06-59  1924.8  16138.8  -2393.55  213.9  14257.2
434  128  2025-06-09 22-06-59  1926.4  16148  -2397.8  213.958  14267
435  128  2025-06-09 22-06-59  1928  16157.3  -2402.17  214.015  14277
436  128  2025-06-09 22-06-59  1929.6  16166.4  -2406.63  214.073  14287
437  128  2025-06-09 22-06-59  1931.2  16175.6  -2411.2  214.13  14297.2
438  128  2025-06-09 22-06-59  1932.8  16184.7  -2415.87  214.188  14307.4
439  128  2025-06-09 22-06-59  1934.4  16193.7  -2420.65  214.245  14317.7
440  128  2025-06-09 22-06-59  1936  16202.7  -2425.53  214.303  14328.2
441  128  2025-06-09 22-06-59  1937.6  16211.6  -2430.52  214.361  14338.7
442  128  2025-06-09 22-06-59  1939.2  16220.6  -2435.44  214.418  14331.5
443  128  2025-06-09 22-06-59  1940.8  16229.6  -2440.3  214.476  14324.3
444  128  2025-06-09 22-06-59  1942.4  16238.6  -2445.26  214.533  14334.8
445  128  2025-06-09 22-06-59  1944  16247.6  -2450.15  214.591  14327.6
446  128  2025-06-09 22-06-59  1945.6  16256.6  -2455.14  214.648  14338
447  128  2025-06-09 22-06-59  1947.2  16265.6  -2460.07  214.706  14330.8
448  128  2025-06-09 22-06-59  1948.8  16274.7  -2464.93  214.763  14323.6
449  128  2025-06-09 22-06-59  1950.4  16283.7  -2469.9  214.821  14334
450  128  2025-06-09 22-06-59  1952  16292.7  -2474.79  214.879  14326.7
451  128  2025-06-09 22-06-59  1953.6  16301.7  -2479.79  214.936  14337.1
452  128  2025-06-09 22-06-59  1955.2  16310.7  -2484.73  214.994  14329.9
453  128  2025-06-09 22-06-59  1956.8  16319.8  -2489.59  215.051  14322.6
454  128  2025-06-09 22-06-59  1958.4  16328.9  -2494.56  215.109  14332.9
455  128  2025-06-09 22-06-59  1960  16337.9  -2499.46  215.166  14325.6
456  128  2025-06-09 22-06-59  1961.6  16347  -2504.46  215.224  14336
457  128  2025-06-09 22-06-59  1963.2  16356  -2509.4  215.281  14328.7
458  128  2025-06-09 22-06-59  1964.8  16365.2  -2514.26  215.339  14321.3
459  128  2025-06-09 22-06-59  1966.4  16374.2  -2519.23  215.397  14331.6
460  128  2025-06-09 22-06-59  1968  16383.3  -2524.13  215.454  14324.3
461  128  2025-06-09 22-06-59  1969.6  16392.4  -2529.14  215.512  14334.6
462  128  2025-06-09 22-06-59  1971.2  16401.5  -2534.07  215.569  14327.3
463  128  2025-06-09 22-06-59  1972.8  16410.7  -2538.93  215.627  14319.9
464  128  2025-06-09 22-06-59  1974.4  16419.8  -2543.9  215.684  14330.1
465  128  2025-06-09 22-06-59  1976  16428.9  -2548.8  215.742  14322.7
466  128  2025-06-09 22-06-59  1977.6  16438  -2553.8  215.799  14333
467  128  2025-06-09 22-06-59  1979.2  16447  -2558.91  215.857  14343.4
468  128  2025-06-09 22-06-59  1980.8  16456  -2564.12  215.771  14353.9
469  128  2025-06-09 22-06-59  1982.4  16465  -2569.34  215.828  14354.8
470  128  2025-06-09 22-06-59  1984  16474  -2574.57  215.886  14355.6
471  128  2025-06-09 22-06-59  1985.6  16482.9  -2579.81  215.943  14356.5
472  128  2025-06-09 22-06-59  1987.2  16491.9  -2585.06  216.001  14357.4
473  128  2025-06-09 22-06-59  1988.8  16500.9  -2590.33  216.058  14358.3
474  128  2025-06-09 22-06-59  1990.4  16509.9  -2595.6  216.116  14359.2
475  128  2025-06-09 22-06-59  1992  16518.9  -2600.89  216.174  14360
476  128  2025-06-09 22-06-59  1993.6  16527.8  -2606.19  216.231  14360.9
477  128  2025-06-09 22-06-59  1995.2  16536.8  -2611.58  216.289  14369.9
478  128  2025-06-09 22-06-59  1996.8  16545.6  -2617.06  216.346  14378.9
479  128  2025-06-09 22-06-59  1998.4  16554.5  -2622.63  216.404  14388
480  128  2025-06-09 22-06-59  2000  16563.2  -2628.29  216.461  14397.2
481  128  2025-06-09 22-06-59  2001.6  16572  -2634.05  216.519  14406.5
482  128  2025-06-09 22-06-59  2003.2  16580.6  -2639.89  216.576  14415.9
483  128  2025-06-09 22-06-59  2004.8  16589.3  -2645.83  216.634  14425.3
484  128  2025-06-09 22-06-59  2006.4  16597.8  -2651.86  216.692  14434.8
485  128  2025-06-09 22-06-59  2008  16606.3  -2657.99  216.749  14444.4
486  128  2025-06-09 22-06-59  2009.6  16614.7  -2664.2  216.807  14454.1
487  128  2025-06-09 22-06-59  2011.2  16623.1  -2670.51  216.864  14463.9
488  128  2025-06-09 22-06-59  2012.8  16631.4  -2676.92  216.922  14473.7
489  128  2025-06-09 22-06-59  2014.4  16639.7  -2683.41  216.979  14483.6
490  128  2025-06-09 22-06-59  2016  16647.9  -2690  217.037  14493.6
491  128  2025-06-09 22-06-59  2017.6  16656  -2696.68  217.094  14503.7
492  128  2025-06-09 22-06-59  2019.2  16664  -2703.46  217.152  14513.9
493  128  2025-06-09 22-06-59  2020.8  16672  -2710.23  217.066  14514.4
494  128  2025-06-09 22-06-59  2022.4  16680.1  -2717.01  216.979  14514.9
495  128  2025-06-09 22-06-59  2024  16688.1  -2723.78  216.893  14515.5
496  128  2025-06-09 22-06-59  2025.6  16696.1  -2730.55  216.807  14516
497  128  2025-06-09 22-06-59  2027.2  16704.1  -2737.32  216.72  14516.4
498  128  2025-06-09 22-06-59  2028.8  16712  -2744.09  216.634  14516.9
499  128  2025-06-09 22-06-59  2030.4  16720  -2750.86  216.548  14517.3
500  128  2025-06-09 22-06-59  2032  16728  -2757.62  216.461  14517.8
501  128  2025-06-09 22-06-59  2033.6  16735.9  -2764.39  216.519  14518.2
502  128  2025-06-09 22-06-59  2035.2  16743.9  -2771.17  216.576  14518.6
503  128  2025-06-09 22-06-59  2036.8  16751.9  -2777.96  216.634  14519
504  128  2025-06-09 22-06-59  2038.4  16759.9  -2784.7  216.692  14512.9
505  128  2025-06-09 22-06-59  2040  16767.9  -2791.38  216.749  14506.7
506  128  2025-06-09 22-06-59  2041.6  16776.1  -2798.02  216.807  14500.4
507  128  2025-06-09 22-06-59  2043.2  16784.2  -2804.6  216.864  14494.1
508  128  2025-06-09 22-06-59  2044.8  16792.4  -2811.13  216.922  14487.7
509  128  2025-06-09 22-06-59  2046.4  16800.7  -2817.6  216.979  14481.2
510  128  2025-06-09 22-06-59  2048  16809  -2824.02  217.037  14474.6
511  128  2025-06-09 22-06-59  2049.6  16817.4  -2830.38  217.094  14468
512  128  2025-06-09 22-06-59  2051.2  16825.8  -14036.7  217.152  14461.2
513  128  2025-06-09 22-06-59  2052.8  16834.3  -14042.9  217.21  14454.4
514  128  2025-06-09 22-06-59  2054.4  16842.8  -14049.1  217.267  14447.5
515  128  2025-06-09 22-06-59  2056  16851.3  -14055.2  217.325  14440.5
516  128  2025-06-09 22-06-59  2057.6  16860  -14061.3  217.382  14433.5
517  128  2025-06-09 22-06-59  2059.2  16868.6  -14067.3  217.44  14426.4
518  128  2025-06-09 22-06-59  2060.8  16877.4  -14073.2  217.497  14419.1
519  128  2025-06-09 22-06-59  2062.4  16886.1  -14079.1  217.555  14411.8
520  128  2025-06-09 22-06-59  2064  16895  -14084.9  217.612  14404.5
521  128  2025-06-09 22-06-59  2065.6  16903.9  -14090.6  217.67  14397
522  128  2025-06-09 22-06-59  2067.2  16912.8  -14096.3  217.728  14389.5
523  128  2025-06-09 22-06-59  2068.8  16921.8  -14101.8  217.785  14381.9
524  128  2025-06-09 22-06-59  2070.4  16930.8  -14107.4  217.843  14374.2
525  128  2025-06-09 22-06-59  2072  16939.9  -14112.8  217.9  14366.4
526  128  2025-06-09 22-06-59  2073.6  16949  -14118.2  217.958  14358.5
527  128  2025-06-09 22-06-59  2075.2  16958.2  -14123.4  218.015  14350.6
528  128  2025-06-09 22-06-59  2076.8  16967.5  -14128.7  218.073  14342.6
529  128  2025-06-09 22-06-59  2078.4  16976.8  -14133.8  218.13  14334.5
530  128  2025-06-09 22-06-59  2080  16986.1  -14138.8  218.188  14326.3
531  128  2025-06-09 22-06-59  2081.6  16995.5  -14143.8  218.246  14318
532  128  2025-06-09 22-06-59  2083.2  17004.9  -14148.7  218.303  14309.7
533  128  2025-06-09 22-06-59  2084.8  17014.4  -14153.5  218.361  14301.3
534  128  2025-06-09 22-06-59  2086.4  17023.9  -14158.4  218.418  14310.6
535  128  2025-06-09 22-06-59  2088  17033.4  -14163.2  218.476  14302.2
536  128  2025-06-09 22-06-59  2089.6  17042.8  -14168.1  218.533  14311.5
537  128  2025-06-09 22-06-59  2091.2  17052.3  -14172.9  218.591  14303.1
538  128  2025-06-09 22-06-59  2092.8  17061.8  -14177.9  218.648  14312.4
539  128  2025-06-09 22-06-59  2094.4  17071.3  -14182.7  218.706  14304
540  128  2025-06-09 22-06-59  2096  17080.7  -14187.7  218.764  14313.4
541  128  2025-06-09 22-06-59  2097.6  17090.3  -14192.5  218.821  14305
542  128  2025-06-09 22-06-59  2099.2  17099.8  -14197.3  218.879  14296.6
543  128  2025-06-09 22-06-59  2100.8  17109.3  -14202.2  218.936  14305.8
544  128  2025-06-09 22-06-59  2102.4  17118.9  -14207  218.994  14297.4
545  128  2025-06-09 22-06-59  2104  17128.4  -14211.8  219.051  14306.7
546  128  2025-06-09 22-06-59  2105.6  17138  -14216.6  219.109  14298.3
547  128  2025-06-09 22-06-59  2107.2  17147.5  -14221.5  219.167  14307.6
548  128  2025-06-09 22-06-59  2108.8  17157.1  -14226.4  219.224  14299.2
549  128  2025-06-09 22-06-59  2110.4  17166.6  -14231.3  219.282  14308.5
550  128  2025-06-09 22-06-59  2112  17176.2  -14236.1  219.339  14300.2
551  128  2025-06-09 22-06-59  2113.6  17185.8  -14241.1  219.397  14309.5
552  128  2025-06-09 22-06-59  2115.2  17195.4  -14245.9  219.454  14301.1
553  128  2025-06-09 22-06-59  2116.8  17204.9  -14250.8  219.512  14310.5
554  128  2025-06-09 22-06-59  2118.4  17214.5  -14255.7  219.569  14302.1
555  128  2025-06-09 22-06-59  2120  17224.1  -14260.7  219.627  14311.5
556  128  2025-06-09 22-06-59  2121.6  17233.6  -14265.6  219.685  14303.2
557  128  2025-06-09 22-06-59  2123.2  17243.3  -14270.4  219.742  14294.8
558  128  2025-06-09 22-06-59  2124.8  17252.9  -14275.2  219.8  14304.1
559  128  2025-06-09 22-06-59  2126.4  17262.6  -14280.1  219.857  14295.7
560  128  2025-06-09 22-06-59  2128  17272.2  -14285  219.915  14305
561  128  2025-06-09 22-06-59  2129.6  17281.8  -14289.8  219.972  14296.6
562  128  2025-06-09 22-06-59  2131.2  17291.4  -14294.7  220.03  14306
563  128  2025-06-09 22-06-59  2132.8  17301.1  -14299.6  220.087  14297.6
564  128  2025-06-09 22-06-59  2134.4  17310.7  -14304.5  220.145  14307
565  128  2025-06-09 22-06-59  2136  17320.4  -14309.4  220.203  14298.6
566  128  2025-06-09 22-06-59  2137.6  17330  -14314.3  220.26  14308
567  128  2025-06-09 22-06-59  2139.2  17339.7  -14319.2  220.318  14299.7
568  128  2025-06-09 22-06-59  2140.8  17349.4  -14324  220.375  14291.3
569  128  2025-06-09 22-06-59  2142.4  17359.1  -14328.9  220.433  14300.6
570  128  2025-06-09 22-06-59  2144  17368.8  -14333.7  220.49  14292.2
571  128  2025-06-09 22-06-59  2145.6  17378.5  -14338.6  220.548  14301.5
572  128  2025-06-09 22-06-59  2147.2  17388.2  -14343.4  220.605  14293.1
573  128  2025-06-09 22-06-59  2148.8  17397.9  -14348.3  220.663  14302.4
574  128  2025-06-09 22-06-59  2150.4  17407.7  -14353.1  220.721  14294.1
575  128  2025-06-09 22-06-59  2152  17417.4  -14358  220.778  14303.4
576  128  2025-06-09 22-06-59  2153.6  17427.1  -14362.9  220.836  14295.1
577  128  2025-06-09 22-06-59  2155.2  17436.8  -14367.8  220.893  14304.5
578  128  2025-06-09 22-06-59  2156.8  17446.6  -14372.7  220.951  14296.1
579  128  2025-06-09 22-06-59  2158.4  17456.3  -14377.7  221.008  14305.5
580  128  2025-06-09 22-06-59  2160  17466  -14382.6  221.066  14297.2
581  128  2025-06-09 22-06-59  2161.6  17475.8  -14387.3  221.123  14288.8
582  128  2025-06-09 22-06-59  2163.2  17485.6  -14392.2  221.181  14298.1
583  128  2025-06-09 22-06-59  2164.8  17495.4  -14397  221.239  14289.8
584  128  2025-06-09 22-06-59  2166.4  17505.2  -14402  221.296  14299.1
585  128  2025-06-09 22-06-59  2168  17515  -14406.8  221.354  14290.8
586  128  2025-06-09 22-06-59  2169.6  17524.7  -14411.7  221.411  14300.1
587  128  2025-06-09 22-06-59  2171.2  17534.6  -14416.5  221.469  14291.8
588  128  2025-06-09 22-06-59  2172.8  17544.3  -14421.5  221.526  14301.1
589  128  2025-06-09 22-06-59  2174.4  17554.2  -14426.3  221.584  14292.8
590  128  2025-06-09 22-06-59  2176  17563.9  -14431.3  221.641  14302.2
591  128  2025-06-09 22-06-59  2177.6  17573.8  -14436.2  221.699  14293.9
592  128  2025-06-09 22-06-59  2179.2  17583.6  -14441  221.757  14285.5
593  128  2025-06-09 22-06-59  2180.8  17593.5  -14445.8  221.814  14294.8
594  128  2025-06-09 22-06-59  2182.4  17603.4  -14450.6  221.872  14286.4
595  128  2025-06-09 22-06-59  2184  17613.2  -14455.5  221.929  14295.8
596  128  2025-06-09 22-06-59  2185.6  17623.1  -14460.4  221.987  14287.4
597  128  2025-06-09 22-06-59  2187.2  17632.9  -14465.3  222.044  14296.8
598  128  2025-06-09 22-06-59  2188.8  17642.8  -14470.1  222.102  14288.4
599  128  2025-06-09 22-06-59  2190.4  17652.7  -14475  222.159  14297.8
600  128  2025-06-09 22-06-59  2192  17662.6  -14479.9  222.217  14289.5
601  128  2025-06-09 22-06-59  2193.6  17672.4  -14484.8  222.275  14298.8
602  128  2025-06-09 22-06-59  2195.2  17682.3  -14489.7  222.332  14290.5
603  128  2025-06-09 22-06-59  2196.8  17692.2  -14494.7  222.39  14299.9
604  128  2025-06-09 22-06-59  2198.4  17702.1  -14499.6  222.447  14291.6
605  128  2025-06-09 22-06-59  2200  17712.1  -14504.3  222.505  14283.3
606  128  2025-06-09 22-06-59  2201.6  17722  -14509.2  222.562  14292.6
607  128  2025-06-09 22-06-59  2203.2  17731.9  -14514.1  222.62  14284.2
608  128  2025-06-09 22-06-59  2204.8  17741.9  -14519  222.677  14293.6
609  128  2025-06-09 22-06-59  2206.4  17751.8  -14523.8  222.735  14285.2
610  128  2025-06-09 22-06-59  2208  17761.7  -14528.7  222.793  14294.6
611  128  2025-06-09 22-06-59  2209.6  17771.7  -14533.6  222.85  14286.3
612  128  2025-06-09 22-06-59  2211.2  17781.6  -14538.5  222.908  14295.7
613  128  2025-06-09 22-06-59  2212.8  17791.6  -14543.4  222.965  14287.4
614  128  2025-06-09 22-06-59  2214.4  17801.6  -14548.3  223.023  14296.8
615  128  2025-06-09 22-06-59  2216  17811.5  -14553.2  223.08  14288.5
616  128  2025-06-09 22-06-59  2217.6  17821.5  -14558.2  223.138  14297.9
617  128  2025-06-09 22-06-59  2219.2  17831.5  -14563.1  223.195  14289.6
618  128  2025-06-09 22-06-59  2220.8  17841.5  -14567.9  223.253  14281.2
619  128  2025-06-09 22-06-59  2222.4  17851.5  -14572.8  223.311  14290.6
620  128  2025-06-09 22-06-59  2224  17861.5  -14577.6  223.368  14282.3
621  128  2025-06-09 22-06-59  2225.6  17871.5  -14582.5  223.426  14291.6
622  128  2025-06-09 22-06-59  2227.2  17881.6  -14587.4  223.483  14283.3
623  128  2025-06-09 22-06-59  2228.8  17891.6  -14592.3  223.541  14292.7
624  128  2025-06-09 22-06-59  2230.4  17901.6  -14597.2  223.598  14284.4
625  128  2025-06-09 22-06-59  2232  17911.6  -14602.1  223.656  14293.8
626  128  2025-06-09 22-06-59  2233.6  17921.7  -14607  223.713  14285.5
627  128  2025-06-09 22-06-59  2235.2  17931.7  -14612  223.771  14294.9
628  128  2025-06-09 22-06-59  2236.8  17941.7  -14616.8  223.829  14286.6
629  128  2025-06-09 22-06-59  2238.4  17951.8  -14621.6  223.886  14278.3
630  128  2025-06-09 22-06-59  2240  17961.9  -14626.5  223.944  14287.6
631  128  2025-06-09 22-06-59  2241.6  17972  -14631.4  224.001  14279.3
632  128  2025-06-09 22-06-59  2243.2  17982.1  -14636.3  224.059  14288.6
633  128  2025-06-09 22-06-59  2244.8  17992.2  -14641.1  224.116  14280.3
634  128  2025-06-09 22-06-59  2246.4  18002.3  -14646  224.174  14289.7
635  128  2025-06-09 22-06-59  2248  18012.4  -14650.9  224.231  14281.4
636  128  2025-06-09 22-06-59  2249.6  18022.5  -14655.8  224.289  14290.8
637  128  2025-06-09 22-06-59  2251.2  18032.6  -14660.7  224.347  14282.5
638  128  2025-06-09 22-06-59  2252.8  18042.7  -14665.7  224.404  14291.9
639  128  2025-06-09 22-06-59  2254.4  18052.8  -14670.6  224.462  14283.6
640  128  2025-06-09 22-06-59  2256  18063  -14675.3  224.519  14275.3
641  128  2025-06-09 22-06-59  2257.6  18073.1  -14680.2  224.577  14284.6
642  128  2025-06-09 22-06-59  2259.2  18083.3  -14685.1  224.634  14276.3
643  128  2025-06-09 22-06-59  2260.8  18093.5  -14690  224.692  14285.6
644  128  2025-06-09 22-06-59  2262.4  18103.7  -14694.8  224.749  14277.3
645  128  2025-06-09 22-06-59  2264  18113.8  -14699.7  224.807  14286.7
646  128  2025-06-09 22-06-59  2265.6  18124  -14704.6  224.865  14278.4
647  128  2025-06-09 22-06-59  2267.2  18134.1  -14709.5  224.922  14287.8
648  128  2025-06-09 22-06-59  2268.8  18144.3  -14714.4  224.98  14279.5
649  128  2025-06-09 22-06-59  2270.4  18154.5  -14719.3  225.037  14288.9
650  128  2025-06-09 22-06-59  2272  18164.7  -14724.2  225.095  14280.6
651  128  2025-06-09 22-06-59  2273.6  18174.9  -14729.2  225.152  14290
652  128  2025-06-09 22-06-59  2275.2  18185.1  -14734.1  225.21  14281.8
653  128  2025-06-09 22-06-59  2276.8  18195.3  -14738.9  225.267  14273.5
654  128  2025-06-09 22-06-59  2278.4  18205.5  -14743.8  225.325  14282.8
655  128  2025-06-09 22-06-59  2280  18215.8  -14748.6  225.383  14274.5
656  128  2025-06-09 22-06-59  2281.6  18226  -14753.5  225.44  14283.9
657  128  2025-06-09 22-06-59  2283.2  18236.3  -14758.4  225.498  14275.6
658  128  2025-06-09 22-06-59  2284.8  18246.5  -14763.3  225.555  14285
659  128  2025-06-09 22-06-59  2286.4  18256.8  -14768.2  225.613  14276.7
660  128  2025-06-09 22-06-59  2288  18267  -14773.1  225.67  14286.1
661  128  2025-06-09 22-06-59  2289.6  18277.3  -14778  225.728  14277.8
662  128  2025-06-09 22-06-59  2291.2  18287.5  -14783  225.785  14287.2
663  128  2025-06-09 22-06-59  2292.8  18297.8  -14787.9  225.843  14279
664  128  2025-06-09 22-06-59  2294.4  18308.1  -14792.7  225.901  14270.6
665  128  2025-06-09 22-06-59  2296  18318.4  -14797.6  225.958  14280
666  128  2025-06-09 22-06-59  2297.6  18328.8  -14802.4  226.016  14271.7
667  128  2025-06-09 22-06-59  2299.2  18339  -14807.3  226.073  14281.1
668  128  2025-06-09 22-06-59  2300.8  18349.4  -14812.2  226.131  14272.8
669  128  2025-06-09 22-06-59  2302.4  18359.7  -14817.1  226.188  14282.1
670  128  2025-06-09 22-06-59  2304  18370  -14821.9  226.246  14273.9
671  128  2025-06-09 22-06-59  2305.6  18380.3  -14826.9  226.303  14283.3
672  128  2025-06-09 22-06-59  2307.2  18390.7  -14831.8  226.361  14275
673  128  2025-06-09 22-06-59  2308.8  18401  -14836.7  226.419  14284.4
674  128  2025-06-09 22-06-59  2310.4  18411.3  -14841.6  226.476  14276.2
675  128  2025-06-09 22-06-59  2312  18421.7  -14846.4  226.534  14267.8
676  128  2025-06-09 22-06-59  2313.6  18432.1  -14851.3  226.591  14277.2
677  128  2025-06-09 22-06-59  2315.2  18442.5  -14856.1  226.649  14268.9
678  128  2025-06-09 22-06-59  2316.8  18452.9  -14861.1  226.706  14278.2
679  128  2025-06-09 22-06-59  2318.4  18463.3  -14865.9  226.764  14269.9
680  128  2025-06-09 22-06-59  2320  18473.6  -14870.8  226.821  14279.3
681  128  2025-06-09 22-06-59  2321.6  18484.1  -14875.7  226.879  14271
682  128  2025-06-09 22-06-59  2323.2  18494.4  -14880.6  226.937  14280.4
683  128  2025-06-09 22-06-59  2324.8  18504.8  -14885.5  226.994  14272.2
684  128  2025-06-09 22-06-59  2326.4  18515.2  -14890.4  227.052  14281.6
685  128  2025-06-09 22-06-59  2328  18525.7  -14895.3  227.109  14273.3
686  128  2025-06-09 22-06-59  2329.6  18536.1  -14900.1  227.167  14265
687  128  2025-06-09 22-06-59  2331.2  18546.6  -14905  227.224  14274.4
688  128  2025-06-09 22-06-59  2332.8  18557  -14909.8  227.282  14266
689  128  2025-06-09 22-06-59  2334.4  18567.5  -14914.7  227.339  14275.4
690  128  2025-06-09 22-06-59  2336  18578  -14919.5  227.397  14267.1
691  128  2025-06-09 22-06-59  2337.6  18588.4  -14924.5  227.455  14276.5
692  128  2025-06-09 22-06-59  2339.2  18598.9  -14929.3  227.512  14268.2
693  128  2025-06-09 22-06-59  2340.8  18609.3  -14934.3  227.57  14277.6
694  128  2025-06-09 22-06-59  2342.4  18619.8  -14939.1  227.627  14269.4
695  128  2025-06-09 22-06-59  2344  18630.3  -14944.1  227.685  14278.8
696  128  2025-06-09 22-06-59  2345.6  18640.8  -14949  227.742  14270.5
697  128  2025-06-09 22-06-59  2347.2  18651.2  -14953.9  227.8  14280
698  128  2025-06-09 22-06-59  2348.8  18661.7  -14958.8  227.857  14271.7
699  128  2025-06-09 22-06-59  2350.4  18672.3  -14963.6  227.915  14263.4
700  128  2025-06-09 22-06-59  2352  18682.8  -14968.5  227.973  14272.8
701  128  2025-06-09 22-06-59  2353.6  18693.3  -14973.4  228.03  14264.5
702  128  2025-06-09 22-06-59  2355.2  18703.8  -14978.3  228.088  14273.9
703  128  2025-06-09 22-06-59  2356.8  18714.4  -14983.1  228.145  14265.6
704  128  2025-06-09 22-06-59  2358.4  18724.9  -14988.1  228.203  14275
705  128  2025-06-09 22-06-59  2360  18735.5  -14992.9  228.26  14266.7
706  128  2025-06-09 22-06-59  2361.6  18746  -14997.9  228.318  14276.1
707  128  2025-06-09 22-06-59  2363.2  18756.6  -15002.8  228.375  14267.9
708  128  2025-06-09 22-06-59  2364.8  18767.1  -15007.7  228.433  14277.3
709  128  2025-06-09 22-06-59  2366.4  18777.7  -15012.6  228.491  14269.1
710  128  2025-06-09 22-06-59  2368  18788.3  -15017.4  228.548  14260.8
711  128  2025-06-09 22-06-59  2369.6  18798.9  -15022.3  228.606  14270.1
712  128  2025-06-09 22-06-59  2371.2  18809.5  -15027.1  228.663  14261.8
713  128  2025-06-09 22-06-59  2372.8  18820.1  -15032.1  228.721  14271.2
714  128  2025-06-09 22-06-59  2374.4  18830.7  -15036.9  228.778  14262.9
715  128  2025-06-09 22-06-59  2376  18841.3  -15041.8  228.836  14272.4
716  128  2025-06-09 22-06-59  2377.6  18851.9  -15046.7  228.893  14264.1
717  128  2025-06-09 22-06-59  2379.2  18862.5  -15051.7  228.951  14273.5
718  128  2025-06-09 22-06-59  2380.8  18873.2  -15056.5  229.009  14265.2
719  128  2025-06-09 22-06-59  2382.4  18883.8  -15061.5  229.066  14274.7
720  128  2025-06-09 22-06-59  2384  18894.4  -15066.4  229.124  14266.4
721  128  2025-06-09 22-06-59  2385.6  18905.1  -15071.2  229.181  14258.1
722  128  2025-06-09 22-06-59  2387.2  18915.8  -15076.1  229.239  14267.5
723  128  2025-06-09 22-06-59  2388.8  18926.5  -15080.9  229.296  14259.2
724  128  2025-06-09 22-06-59  2390.4  18937.1  -15085.8  229.354  14268.6
725  128  2025-06-09 22-06-59  2392  18947.8  -15090.6  229.411  14260.3
726  128  2025-06-09 22-06-59  2393.6  18958.5  -15095.6  229.469  14269.7
727  128  2025-06-09 22-06-59  2395.2  18969.2  -15100.4  229.527  14261.4
728  128  2025-06-09 22-06-59  2396.8  18979.8  -15105.4  229.584  14270.9
729  128  2025-06-09 22-06-59  2398.4  18990.6  -15110.2  229.642  14262.6
730  128  2025-06-09 22-06-59  2400  19001.2  -15115.2  229.699  14272
731  128  2025-06-09 22-06-59  2401.6  19011.9  -15120.1  229.757  14263.8
732  128  2025-06-09 22-06-59  2403.2  19022.7  -15124.9  229.814  14255.5
733  128  2025-06-09 22-06-59  2404.8  19033.4  -15129.8  229.872  14264.9
734  128  2025-06-09 22-06-59  2406.4  19044.2  -15134.6  229.93  14256.6
735  128  2025-06-09 22-06-59  2408  19054.9  -15139.5  229.987  14266
736  128  2025-06-09 22-06-59  2409.6  19065.7  -15144.3  230.045  14257.7
737  128  2025-06-09 22-06-59  2411.2  19076.4  -15149.2  230.102  14267.1
738  128  2025-06-09 22-06-59  2412.8  19087.2  -15154.1  230.16  14258.8
739  128  2025-06-09 22-06-59  2414.4  19097.9  -15159  230.217  14268.2
740  128  2025-06-09 22-06-59  2416  19108.7  -15163.9  230.275  14260
741  128  2025-06-09 22-06-59  2417.6  19119.5  -15168.9  230.332  14269.4
742  128  2025-06-09 22-06-59  2419.2  19130.2  -15173.7  230.39  14261.2
743  128  2025-06-09 22-06-59  2420.8  19141.1  -15178.5  230.448  14252.8
744  128  2025-06-09 22-06-59  2422.4  19151.9  -15183.4  230.505  14262.2
745  128  2025-06-09 22-06-59  2424  19162.7  -15188.2  230.563  14253.9
746  128  2025-06-09 22-06-59  2425.6  19173.5  -15193.1  230.62  14263.3
747  128  2025-06-09 22-06-59  2427.2  19184.4  -15197.9  230.678  14255
748  128  2025-06-09 22-06-59  2428.8  19195.2  -15202.9  230.735  14264.4
749  128  2025-06-09 22-06-59  2430.4  19206  -15207.7  230.793  14256.2
750  128  2025-06-09 22-06-59  2432  19216.8  -15212.6  230.85  14265.6
751  128  2025-06-09 22-06-59  2433.6  19227.7  -15217.5  230.908  14257.3
752  128  2025-06-09 22-06-59  2435.2  19238.5  -15222.5  230.966  14266.8
753  128  2025-06-09 22-06-59  2436.8  19249.4  -15227.3  231.023  14258.5
754  128  2025-06-09 22-06-59  2438.4  19260.3  -15232.1  231.081  14250.2
755  128  2025-06-09 22-06-59  2440  19271.1  -15237  231.138  14259.6
756  128  2025-06-09 22-06-59  2441.6  19282  -15241.8  231.196  14251.3
757  128  2025-06-09 22-06-59  2443.2  19292.9  -15246.7  231.253  14260.7
758  128  2025-06-09 22-06-59  2444.8  19303.8  -15251.5  231.311  14252.4
759  128  2025-06-09 22-06-59  2446.4  19314.7  -15256.4  231.368  14261.8
760  128  2025-06-09 22-06-59  2448  19325.6  -15261.3  231.426  14253.5
761  128  2025-06-09 22-06-59  2449.6  19336.5  -15266.2  231.484  14262.9
762  128  2025-06-09 22-06-59  2451.2  19347.4  -15271  231.541  14254.7
763  128  2025-06-09 22-06-59  2452.8  19358.3  -15276  231.599  14264.1
764  128  2025-06-09 22-06-59  2454.4  19369.2  -15280.9  231.656  14255.9
765  128  2025-06-09 22-06-59  2456  19380.2  -15285.6  231.714  14247.6
766  128  2025-06-09 22-06-59  2457.6  19391.2  -15290.5  231.771  14256.9
767  128  2025-06-09 22-06-59  2459.2  19402.1  -15295.3  231.829  14248.6
768  128  2025-06-09 22-06-59  2460.8  19413.1  -15300.2  231.886  14258
769  128  2025-06-09 22-06-59  2462.4  19424.1  -15305  231.944  14249.7
770  128  2025-06-09 22-06-59  2464  19435  -15309.9  232.002  14259.2
771  128  2025-06-09 22-06-59  2465.6  19446  -15314.8  232.059  14250.9
772  128  2025-06-09 22-06-59  2467.2  19457  -15319.7  232.117  14260.3
773  128  2025-06-09 22-06-59  2468.8  19468  -15324.5  232.174  14252
774  128  2025-06-09 22-06-59  2470.4  19478.9  -15329.5  232.232  14261.5
775  128  2025-06-09 22-06-59  2472  19489.9  -15334.3  232.289  14253.2
776  128  2025-06-09 22-06-59  2473.6  19501  -15339.1  232.347  14244.9
777  128  2025-06-09 22-06-59  2475.2  19512  -15344  232.404  14254.3
778  128  2025-06-09 22-06-59  2476.8  19523  -15348.8  232.462  14246
779  128  2025-06-09 22-06-59  2478.4  19534.1  -15353.7  232.52  14255.4
780  128  2025-06-09 22-06-59  2480  19545.1  -15358.5  232.577  14247.1
781  128  2025-06-09 22-06-59  2481.6  19556.1  -15363.4  232.635  14256.5
782  128  2025-06-09 22-06-59  2483.2  19567.2  -15368.2  232.692  14248.2
783  128  2025-06-09 22-06-59  2484.8  19578.2  -15373.1  232.75  14257.7
784  128  2025-06-09 22-06-59  2486.4  19589.3  -15378  232.807  14249.4
785  128  2025-06-09 22-06-59  2488  19600.3  -15382.9  232.865  14258.8
786  128  2025-06-09 22-06-59  2489.6  19611.4  -15387.8  232.922  14250.6
787  128  2025-06-09 22-06-59  2491.2  19622.4  -15392.7  232.98  14260.1
788  128  2025-06-09 22-06-59  2492.8  19633.5  -15397.6  233.038  14251.8
789  128  2025-06-09 22-06-59  2494.4  19644.6  -15402.4  233.095  14243.5
790  128  2025-06-09 22-06-59  2496  19655.7  -15407.3  233.153  14252.9
791  128  2025-06-09 22-06-59  2497.6  19666.9  -15412.1  233.21  14244.6
792  128  2025-06-09 22-06-59  2499.2  19677.9  -15417  233.268  14254
793  128  2025-06-09 22-06-59  2500.8  19689.1  -15421.8  233.325  14245.8
794  128  2025-06-09 22-06-59  2502.4  19700.2  -15426.7  233.383  14255.2
795  128  2025-06-09 22-06-59  2504  19711.3  -15431.5  233.44  14246.9
796  128  2025-06-09 22-06-59  2505.6  19722.4  -15436.5  233.498  14256.4
797  128  2025-06-09 22-06-59  2507.2  19733.6  -15441.3  233.556  14248.1
798  128  2025-06-09 22-06-59  2508.8  19744.7  -15446.3  233.613  14257.6
799  128  2025-06-09 22-06-59  2510.4  19755.8  -15451.2  233.671  14249.4
800  128  2025-06-09 22-06-59  2512  19767  -15455.9  233.728  14241.1
801  128  2025-06-09 22-06-59  2513.6  19778.2  -15460.8  233.786  14250.5
802  128  2025-06-09 22-06-59  2515.2  19789.4  -15465.6  233.843  14242.2
803  128  2025-06-09 22-06-59  2516.8  19800.5  -15470.5  233.901  14251.6
804  128  2025-06-09 22-06-59  2518.4  19811.7  -15475.3  233.958  14243.3
805  128  2025-06-09 22-06-59  2520  19822.9  -15480.2  234.016  14252.7
806  128  2025-06-09 22-06-59  2521.6  19834.1  -15485.1  234.074  14244.5
807  128  2025-06-09 22-06-59  2523.2  19845.3  -15490  234.131  14253.9
808  128  2025-06-09 22-06-59  2524.8  19856.5  -15494.8  234.189  14245.7
809  128  2025-06-09 22-06-59  2526.4  19867.7  -15499.8  234.246  14255.1
810  128  2025-06-09 22-06-59  2528  19878.9  -15504.7  234.304  14246.9
811  128  2025-06-09 22-06-59  2529.6  19890.2  -15509.4  234.361  14238.6
812  128  2025-06-09 22-06-59  2531.2  19901.4  -15514.3  234.419  14248
813  128  2025-06-09 22-06-59  2532.8  19912.7  -15519.1  234.476  14239.7
814  128  2025-06-09 22-06-59  2534.4  19923.9  -15524  234.534  14249.1
815  128  2025-06-09 22-06-59  2536  19935.2  -15528.8  234.592  14240.8
816  128  2025-06-09 22-06-59  2537.6  19946.4  -15533.7  234.649  14250.3
817  128  2025-06-09 22-06-59  2539.2  19957.7  -15538.5  234.707  14242
818  128  2025-06-09 22-06-59  2540.8  19968.9  -15543.5  234.764  14251.5
819  128  2025-06-09 22-06-59  2542.4  19980.2  -15548.3  234.822  14243.2
820  128  2025-06-09 22-06-59  2544  19991.5  -15553.3  234.879  14252.7
821  128  2025-06-09 22-06-59  2545.6  20002.8  -15558.1  234.937  14244.4
822  128  2025-06-09 22-06-59  2547.2  20014.1  -15562.9  234.994  14236.1
823  128  2025-06-09 22-06-59  2548.8  20025.4  -15567.8  235.052  14245.5
824  128  2025-06-09 22-06-59  2550.4  20036.8  -15572.5  235.11  14237.2
825  128  2025-06-09 22-06-59  2552  20048.1  -15577.4  235.167  14246.7
826  128  2025-06-09 22-06-59  2553.6  20059.4  -15582.2  235.225  14238.4
827  128  2025-06-09 22-06-59  2555.2  20070.7  -15587.1  235.282  14247.8
828  128  2025-06-09 22-06-59  2556.8  20082.1  -15592  235.34  14239.6
829  128  2025-06-09 22-06-59  2558.4  20093.4  -15596.9  235.397  14249
830  128  2025-06-09 22-06-59  2560  20104.7  -15601.7  235.455  14240.8
831  128  2025-06-09 22-06-59  2561.6  20116.1  -15606.7  235.512  14250.2
832  128  2025-06-09 22-06-59  2563.2  20127.4  -15611.5  235.57  14242
833  128  2025-06-09 22-06-59  2564.8  20138.8  -15616.3  235.628  14233.7
834  128  2025-06-09 22-06-59  2566.4  20150.2  -15621.2  235.685  14243.1
835  128  2025-06-09 22-06-59  2568  20161.6  -15625.9  235.743  14234.8
836  128  2025-06-09 22-06-59  2569.6  20173  -15630.8  235.8  14244.2
837  128  2025-06-09 22-06-59  2571.2  20184.4  -15635.6  235.858  14235.9
838  128  2025-06-09 22-06-59  2572.8  20195.8  -15640.5  235.915  14245.3
839  128  2025-06-09 22-06-59  2574.4  20207.2  -15645.3  235.973  14237.1
840  128  2025-06-09 22-06-59  2576  20218.6  -15650.2  236.03  14246.5
841  128  2025-06-09 22-06-59  2577.6  20230  -15655.1  236.088  14238.3
842  128  2025-06-09 22-06-59  2579.2  20241.4  -15660  236.146  14247.7
843  128  2025-06-09 22-06-59  2580.8  20252.9  -15664.9  236.203  14239.5
844  128  2025-06-09 22-06-59  2582.4  20264.3  -15669.6  236.261  14231.2
845  128  2025-06-09 22-06-59  2584  20275.8  -15674.5  236.318  14240.6
846  128  2025-06-09 22-06-59  2585.6  20287.3  -15679.2  236.376  14232.3
847  128  2025-06-09 22-06-59  2587.2  20298.7  -15684.1  236.433  14241.7
848  128  2025-06-09 22-06-59  2588.8  20310.2  -15688.9  236.491  14233.5
849  128  2025-06-09 22-06-59  2590.4  20321.7  -15693.8  236.548  14242.9
850  128  2025-06-09 22-06-59  2592  20333.2  -15698.6  236.606  14234.6
851  128  2025-06-09 22-06-59  2593.6  20344.6  -15703.5  236.664  14244.1
852  128  2025-06-09 22-06-59  2595.2  20356.1  -15708.4  236.721  14235.8
853  128  2025-06-09 22-06-59  2596.8  20367.6  -15713.3  236.779  14245.3
854  128  2025-06-09 22-06-59  2598.4  20379.1  -15718.1  236.836  14237.1
855  128  2025-06-09 22-06-59  2600  20390.6  -15722.9  236.894  14228.8
856  128  2025-06-09 22-06-59  2601.6  20402.2  -15727.7  236.951  14238.1
857  128  2025-06-09 22-06-59  2603.2  20413.7  -15732.5  237.009  14229.9
858  128  2025-06-09 22-06-59  2604.8  20425.2  -15737.4  237.066  14239.3
859  128  2025-06-09 22-06-59  2606.4  20436.8  -15742.1  237.124  14231
860  128  2025-06-09 22-06-59  2608  20448.3  -15747  237.182  14240.4
861  128  2025-06-09 22-06-59  2609.6  20459.9  -15751.8  237.239  14232.2
862  128  2025-06-09 22-06-59  2611.2  20471.4  -15756.7  237.297  14241.6
863  128  2025-06-09 22-06-59  2612.8  20483  -15761.6  237.354  14233.4
864  128  2025-06-09 22-06-59  2614.4  20494.5  -15766.5  237.412  14242.8
865  128  2025-06-09 22-06-59  2616  20506.1  -15771.3  237.469  14234.6
866  128  2025-06-09 22-06-59  2617.6  20517.7  -15776.1  237.527  14226.3
867  128  2025-06-09 22-06-59  2619.2  20529.3  -15780.9  237.584  14235.7
868  128  2025-06-09 22-06-59  2620.8  20540.9  -15785.7  237.642  14227.4
869  128  2025-06-09 22-06-59  2622.4  20552.5  -15790.5  237.7  14236.8
870  128  2025-06-09 22-06-59  2624  20564.2  -15795.3  237.757  14228.5
871  128  2025-06-09 22-06-59  2625.6  20575.7  -15800.2  237.815  14238
872  128  2025-06-09 22-06-59  2627.2  20587.4  -15805  237.872  14229.7
873  128  2025-06-09 22-06-59  2628.8  20599  -15809.9  237.93  14239.1
874  128  2025-06-09 22-06-59  2630.4  20610.6  -15814.7  237.987  14230.9
875  128  2025-06-09 22-06-59  2632  20622.2  -15819.6  238.045  14240.4
876  128  2025-06-09 22-06-59  2633.6  20633.8  -15824.6  238.102  14245.1
877  128  2025-06-09 22-06-59  2635.2  20645.4  -15829.7  238.16  14249.8
878  128  2025-06-09 22-06-59  2636.8  20656.9  -15834.8  238.218  14254.6
879  128  2025-06-09 22-06-59  2638.4  20668.4  -15840  238.131  14259.5
880  128  2025-06-09 22-06-59  2640  20679.9  -15845.2  238.045  14264.4
881  128  2025-06-09 22-06-59  2641.6  20691.3  -15850.5  237.959  14269.3
882  128  2025-06-09 22-06-59  2643.2  20702.7  -15855.8  237.872  14274.3
883  128  2025-06-09 22-06-59  2644.8  20714.1  -15861.2  237.786  14279.3
884  128  2025-06-09 22-06-59  2646.4  20725.4  -15866.7  237.7  14284.4
885  128  2025-06-09 22-06-59  2648  20736.7  -15872.2  237.613  14289.6
886  128  2025-06-09 22-06-59  2649.6  20748  -15877.7  237.671  14285
887  128  2025-06-09 22-06-59  2651.2  20759.3  -15883.1  237.728  14280.5
888  128  2025-06-09 22-06-59  2652.8  20770.7  -15888.5  237.642  14275.9
889  128  2025-06-09 22-06-59  2654.4  20782.1  -15893.8  237.556  14271.2
890  128  2025-06-09 22-06-59  2656  20793.5  -15899  237.469  14266.5
891  128  2025-06-09 22-06-59  2657.6  20804.9  -15904.2  237.383  14261.8
892  128  2025-06-09 22-06-59  2659.2  20816.3  -15909.3  237.297  14257
893  128  2025-06-09 22-06-59  2660.8  20827.8  -15914.3  237.21  14252.1
894  128  2025-06-09 22-06-59  2662.4  20839.3  -15919.3  237.124  14247.2
895  128  2025-06-09 22-06-59  2664  20850.8  -15924.2  237.038  14242.3
896  128  2025-06-09 22-06-59  2665.6  20862.3  -15929.1  236.951  14237.3
897  128  2025-06-09 22-06-59  2667.2  20873.8  -15933.9  236.865  14232.2
898  128  2025-06-09 22-06-59  2668.8  20885.4  -15938.6  236.779  14227.2
899  128  2025-06-09 22-06-59  2670.4  20896.9  -15943.2  236.692  14222
900  128  2025-06-09 22-06-59  2672  20908.5  -15947.9  236.606  14228.1
901  128  2025-06-09 22-06-59  2673.6  20920  -15952.6  236.52  14223
902  128  2025-06-09 22-06-59  2675.2  20931.5  -15957.3  236.433  14229.2
903  128  2025-06-09 22-06-59  2676.8  20943.1  -15962  236.347  14224.1
904  128  2025-06-09 22-06-59  2678.4  20954.6  -15966.7  236.261  14230.2
905  128  2025-06-09 22-06-59  2680  20966  -15971.5  236.318  14233.2
906  128  2025-06-09 22-06-59  2681.6  20977.5  -15976.3  236.232  14236.2
907  128  2025-06-09 22-06-59  2683.2  20988.9  -15981.1  236.146  14239.3
908  128  2025-06-09 22-06-59  2684.8  21000.3  -15986  236.059  14242.4
909  128  2025-06-09 22-06-59  2686.4  21011.7  -15990.9  235.973  14245.5
910  128  2025-06-09 22-06-59  2688  21023.1  -15995.9  235.887  14248.7
911  128  2025-06-09 22-06-59  2689.6  21034.4  -16000.9  235.8  14251.8
912  128  2025-06-09 22-06-59  2691.2  21045.7  -16005.9  235.714  14255.1
913  128  2025-06-09 22-06-59  2692.8  21057  -16010.9  235.628  14258.3
914  128  2025-06-09 22-06-59  2694.4  21068.2  -16016  235.541  14261.6
915  128  2025-06-09 22-06-59  2696  21079.5  -16021.2  235.455  14264.9
916  128  2025-06-09 22-06-59  2697.6  21090.7  -16026.3  235.369  14268.2
917  128  2025-06-09 22-06-59  2699.2  21101.9  -16031.5  235.282  14271.6
918  128  2025-06-09 22-06-59  2700.8  21113  -16036.8  235.196  14275
919  128  2025-06-09 22-06-59  2702.4  21124.1  -16042  235.11  14278.5
920  128  2025-06-09 22-06-59  2704  21135.2  -16047.4  235.023  14281.9
921  128  2025-06-09 22-06-59  2705.6  21146.3  -16052.7  234.937  14285.4
922  128  2025-06-09 22-06-59  2707.2  21157.3  -16058.1  234.851  14289
923  128  2025-06-09 22-06-59  2708.8  21168.3  -16063.6  234.764  14292.5
924  128  2025-06-09 22-06-59  2710.4  21179.4  -16068.9  234.678  14286.4
925  128  2025-06-09 22-06-59  2712  21190.4  -16074.2  234.735  14280.3
926  128  2025-06-09 22-06-59  2713.6  21201.6  -16079.4  234.793  14274.1
927  128  2025-06-09 22-06-59  2715.2  21212.7  -16084.6  234.851  14267.8
928  128  2025-06-09 22-06-59  2716.8  21223.9  -16089.6  234.908  14261.4
929  128  2025-06-09 22-06-59  2718.4  21235.1  -16094.6  234.966  14255
930  128  2025-06-09 22-06-59  2720  21246.4  -16099.5  235.023  14248.5
931  128  2025-06-09 22-06-59  2721.6  21257.7  -16104.4  235.081  14242
932  128  2025-06-09 22-06-59  2723.2  21269.1  -16109.1  235.138  14235.4
933  128  2025-06-09 22-06-59  2724.8  21280.5  -16113.8  235.196  14228.7
934  128  2025-06-09 22-06-59  2726.4  21292  -16118.3  235.282  14212.7
935  128  2025-06-09 22-06-59  2728  21303.6  -16122.5  235.369  14196.7
936  128  2025-06-09 22-06-59  2729.6  21315.2  -16126.6  235.455  14180.7
937  128  2025-06-09 22-06-59  2731.2  21326.9  -16130.5  235.541  14164.7
938  128  2025-06-09 22-06-59  2732.8  21338.7  -16134.2  235.628  14148.7
939  128  2025-06-09 22-06-59  2734.4  21350.6  -16137.6  235.714  14132.7
940  128  2025-06-09 22-06-59  2736  21362.5  -16141.1  235.8  14131
941  128  2025-06-09 22-06-59  2737.6  21374.4  -16144.5  235.887  14129.2
942  128  2025-06-09 22-06-59  2739.2  21386.3  -16147.9  235.973  14127.5
943  128  2025-06-09 22-06-59  2740.8  21398.3  -16151.3  236.059  14125.7
944  128  2025-06-09 22-06-59  2742.4  21410.2  -16154.7  236.146  14124
945  128  2025-06-09 22-06-59  2744  21422.2  -16158.1  236.232  14122.2
946  128  2025-06-09 22-06-59  2745.6  21434.2  -16161.4  236.318  14120.5
947  128  2025-06-09 22-06-59  2747.2  21446.2  -16164.7  236.405  14118.8
948  128  2025-06-09 22-06-59  2748.8  21458.2  -16168  236.491  14117
949  128  2025-06-09 22-06-59  2750.4  21470.2  -16171.2  236.577  14115.3
