SN    USVID    CurTime    simTime    CurX    CurY    CurVel      CurYaw   
0  128  2025-06-09 22-12-45  0  8  4.89843e-16  192  2672
1  128  2025-06-09 22-12-45  1.6  128.006  9.80038e-16  192.058  2672
2  128  2025-06-09 22-12-45  3.2  136.017  1.47058e-15  192.115  2672
3  128  2025-06-09 22-12-45  4.8  144.035  1.96148e-15  192.173  2672
4  128  2025-06-09 22-12-45  6.4  152.058  2.45274e-15  192.23  2672
5  128  2025-06-09 22-12-45  8  160.086  2.94434e-15  192.288  2672
6  128  2025-06-09 22-12-45  9.6  168.121  3.4363e-15  192.345  2672
7  128  2025-06-09 22-12-45  11.2  176.161  3.92861e-15  192.403  2672
8  128  2025-06-09 22-12-45  12.8  184.207  4.42127e-15  192.46  2672
9  128  2025-06-09 22-12-45  14.4  192.259  4.91428e-15  192.518  2672
10  128  2025-06-09 22-12-45  128  200.317  5.40765e-15  192.576  2672
11  128  2025-06-09 22-12-45  129.6  208.38  5.90137e-15  192.633  2672
12  128  2025-06-09 22-12-45  131.2  216.449  6.39544e-15  192.691  2672
13  128  2025-06-09 22-12-45  132.8  224.524  6.88987e-15  192.748  2672
14  128  2025-06-09 22-12-45  134.4  232.604  7.38464e-15  192.806  2672
15  128  2025-06-09 22-12-45  136  240.691  7.87977e-15  192.863  2672
16  128  2025-06-09 22-12-45  137.6  248.783  8.37525e-15  192.921  2672
17  128  2025-06-09 22-12-45  139.2  256.881  8.87109e-15  192.978  2672
18  128  2025-06-09 22-12-45  140.8  264.984  9.36727e-15  193.036  2672
19  128  2025-06-09 22-12-45  142.4  1393.09  9.86381e-15  193.094  2672
20  128  2025-06-09 22-12-45  144  1401.21  1.03607e-14  193.151  2672
21  128  2025-06-09 22-12-45  145.6  1409.33  1.08579e-14  193.209  2672
22  128  2025-06-09 22-12-45  147.2  1417.46  1.13555e-14  193.266  2672
23  128  2025-06-09 22-12-45  148.8  1425.59  1.18535e-14  193.324  2672
24  128  2025-06-09 22-12-45  150.4  1433.73  1.23518e-14  193.381  2672
25  128  2025-06-09 22-12-45  152  1441.87  1.28504e-14  193.439  2672
26  128  2025-06-09 22-12-45  153.6  1450.02  1.33494e-14  193.496  2672
27  128  2025-06-09 22-12-45  155.2  1458.18  1.38488e-14  193.554  2672
28  128  2025-06-09 22-12-45  156.8  1466.34  1.43485e-14  193.612  2672
29  128  2025-06-09 22-12-45  158.4  1474.5  1.48486e-14  193.669  2672
30  128  2025-06-09 22-12-45  160  1482.68  1.5349e-14  193.727  2672
31  128  2025-06-09 22-12-45  161.6  1490.85  1.58498e-14  193.784  2672
32  128  2025-06-09 22-12-45  163.2  1499.04  1.63509e-14  193.842  2672
33  128  2025-06-09 22-12-45  164.8  1507.23  1.68524e-14  193.899  2672
34  128  2025-06-09 22-12-45  166.4  1515.42  1.73542e-14  193.957  2672
35  128  2025-06-09 22-12-45  168  1523.63  1.78564e-14  194.014  2672
36  128  2025-06-09 22-12-45  169.6  1531.83  1.83589e-14  194.072  2672
37  128  2025-06-09 22-12-45  171.2  1540.05  1.88618e-14  194.13  2672
38  128  2025-06-09 22-12-45  172.8  1548.26  1.9365e-14  194.187  2672
39  128  2025-06-09 22-12-45  174.4  1556.49  1.98686e-14  194.245  2672
40  128  2025-06-09 22-12-45  176  1564.72  2.03725e-14  194.302  2672
41  128  2025-06-09 22-12-45  177.6  1572.96  2.08768e-14  194.36  2672
42  128  2025-06-09 22-12-45  179.2  1581.2  2.13815e-14  194.417  2672
43  128  2025-06-09 22-12-45  180.8  1589.44  2.18865e-14  194.475  2672
44  128  2025-06-09 22-12-45  182.4  1597.7  2.23918e-14  194.532  2672
45  128  2025-06-09 22-12-45  184  1605.96  2.28975e-14  194.59  2672
46  128  2025-06-09 22-12-45  185.6  1614.22  2.34036e-14  194.648  2672
47  128  2025-06-09 22-12-45  187.2  1622.49  2.391e-14  194.705  2672
48  128  2025-06-09 22-12-45  188.8  1630.77  2.44167e-14  194.763  2672
49  128  2025-06-09 22-12-45  190.4  1639.05  2.49238e-14  194.82  2672
50  128  2025-06-09 22-12-45  192  1647.34  2.54313e-14  194.878  2672
51  128  2025-06-09 22-12-45  193.6  1655.63  2.59391e-14  194.935  2672
52  128  2025-06-09 22-12-45  195.2  1663.93  2.64473e-14  194.993  2672
53  128  2025-06-09 22-12-45  196.8  1672.24  2.69558e-14  195.05  2672
54  128  2025-06-09 22-12-45  198.4  1680.55  2.74647e-14  195.108  2672
55  128  2025-06-09 22-12-45  200  1688.86  2.79739e-14  195.166  2672
56  128  2025-06-09 22-12-45  201.6  1697.19  2.84835e-14  195.223  2672
57  128  2025-06-09 22-12-45  203.2  1705.51  2.89934e-14  195.281  2672
58  128  2025-06-09 22-12-45  204.8  1713.85  2.95037e-14  195.338  2672
59  128  2025-06-09 22-12-45  206.4  1722.19  3.00143e-14  195.396  2672
60  128  2025-06-09 22-12-45  208  1730.53  3.05253e-14  195.453  2672
61  128  2025-06-09 22-12-45  209.6  1738.88  3.10367e-14  195.511  2672
62  128  2025-06-09 22-12-45  211.2  1747.24  3.15484e-14  195.568  2672
63  128  2025-06-09 22-12-45  212.8  1755.6  3.20604e-14  195.626  2672
64  128  2025-06-09 22-12-45  214.4  1763.97  3.25728e-14  195.684  2672
65  128  2025-06-09 22-12-45  216  1772.35  3.30855e-14  195.741  2672
66  128  2025-06-09 22-12-45  217.6  1780.73  3.35986e-14  195.799  2672
67  128  2025-06-09 22-12-45  219.2  1789.11  3.41121e-14  195.856  2672
68  128  2025-06-09 22-12-45  220.8  1797.5  3.46259e-14  195.914  2672
69  128  2025-06-09 22-12-45  222.4  1805.9  3.51401e-14  195.971  2672
70  128  2025-06-09 22-12-45  224  1814.3  3.56546e-14  196.029  2672
71  128  2025-06-09 22-12-45  225.6  1822.71  3.61694e-14  196.086  2672
72  128  2025-06-09 22-12-45  227.2  1831.13  3.66847e-14  196.144  2672
73  128  2025-06-09 22-12-45  228.8  1839.55  3.72002e-14  196.202  2672
74  128  2025-06-09 22-12-45  230.4  1847.97  3.77162e-14  196.259  2672
75  128  2025-06-09 22-12-45  232  1856.4  3.82324e-14  196.317  2672
76  128  2025-06-09 22-12-45  233.6  1864.84  3.87491e-14  196.374  2672
77  128  2025-06-09 22-12-45  235.2  1873.28  3.9266e-14  196.432  2672
78  128  2025-06-09 22-12-45  236.8  1881.73  3.97834e-14  196.489  2672
79  128  2025-06-09 22-12-45  238.4  1890.19  4.0301e-14  196.547  2672
80  128  2025-06-09 22-12-45  240  1898.65  4.08191e-14  196.604  2672
81  128  2025-06-09 22-12-45  241.6  1907.11  4.13375e-14  196.662  2672
82  128  2025-06-09 22-12-45  243.2  1915.59  4.18562e-14  196.72  2672
83  128  2025-06-09 22-12-45  244.8  1924.06  4.23753e-14  196.777  2672
84  128  2025-06-09 22-12-45  246.4  1932.55  4.28947e-14  196.835  2672
85  128  2025-06-09 22-12-45  248  1941.04  4.34145e-14  196.892  2672
86  128  2025-06-09 22-12-45  249.6  1949.53  4.39347e-14  196.95  2672
87  128  2025-06-09 22-12-45  251.2  1958.03  4.44552e-14  197.007  2672
88  128  2025-06-09 22-12-45  252.8  1966.54  4.49761e-14  197.065  2672
89  128  2025-06-09 22-12-45  254.4  1975.05  4.54973e-14  197.122  2672
90  128  2025-06-09 22-12-45  256  1983.57  4.60188e-14  197.18  2672
91  128  2025-06-09 22-12-45  257.6  1992.09  4.65407e-14  197.238  2672
92  128  2025-06-09 22-12-45  259.2  2000.62  4.7063e-14  197.295  2672
93  128  2025-06-09 22-12-45  260.8  2009.16  4.75856e-14  197.353  2672
94  128  2025-06-09 22-12-45  262.4  2017.7  4.81086e-14  197.41  2672
95  128  2025-06-09 22-12-45  264  2026.25  4.86319e-14  197.468  2672
96  128  2025-06-09 22-12-45  265.6  2034.8  4.91556e-14  197.525  2672
97  128  2025-06-09 22-12-45  267.2  2043.36  4.96796e-14  197.583  2672
98  128  2025-06-09 22-12-45  268.8  2051.92  5.0204e-14  197.641  2672
99  128  2025-06-09 22-12-45  270.4  2060.49  5.07287e-14  197.698  2672
100  128  2025-06-09 22-12-45  1392  2069.07  5.12538e-14  197.756  2672
101  128  2025-06-09 22-12-45  1393.6  2077.65  5.17792e-14  197.813  2672
102  128  2025-06-09 22-12-45  1395.2  2086.23  5.2305e-14  197.871  2672
103  128  2025-06-09 22-12-45  1396.8  2094.83  5.28312e-14  197.928  2672
104  128  2025-06-09 22-12-45  1398.4  2103.43  5.33577e-14  197.986  2672
105  128  2025-06-09 22-12-45  1400  2112.03  5.38845e-14  198.043  2672
106  128  2025-06-09 22-12-45  1401.6  2120.64  5.44117e-14  198.101  2672
107  128  2025-06-09 22-12-45  1403.2  2129.26  5.49393e-14  198.159  2672
108  128  2025-06-09 22-12-45  1404.8  2137.88  5.54672e-14  198.216  2672
109  128  2025-06-09 22-12-45  1406.4  2146.5  5.59954e-14  198.274  2672
110  128  2025-06-09 22-12-45  1408  2155.14  5.6524e-14  198.331  2672
111  128  2025-06-09 22-12-45  1409.6  2163.78  5.7053e-14  198.389  2672
112  128  2025-06-09 22-12-45  1411.2  2172.42  5.75823e-14  198.446  2672
113  128  2025-06-09 22-12-45  1412.8  2181.07  5.8112e-14  198.504  2672
114  128  2025-06-09 22-12-45  1414.4  2189.73  5.8642e-14  198.561  2672
115  128  2025-06-09 22-12-45  1416  2198.39  5.91724e-14  198.619  2672
116  128  2025-06-09 22-12-45  1417.6  2207.06  5.97031e-14  198.677  2672
117  128  2025-06-09 22-12-45  1419.2  2215.73  6.02342e-14  198.734  2672
118  128  2025-06-09 22-12-45  1420.8  2224.41  6.07656e-14  198.792  2672
119  128  2025-06-09 22-12-45  1422.4  2233.1  6.12974e-14  198.849  2672
120  128  2025-06-09 22-12-45  1424  2241.79  6.18295e-14  198.907  2672
121  128  2025-06-09 22-12-45  1425.6  2250.48  6.2362e-14  198.964  2672
122  128  2025-06-09 22-12-45  1427.2  2259.18  6.28948e-14  199.022  2672
123  128  2025-06-09 22-12-45  1428.8  2267.89  6.3428e-14  199.079  2672
124  128  2025-06-09 22-12-45  1430.4  2276.61  6.39616e-14  199.137  2672
125  128  2025-06-09 22-12-45  1432  2285.33  6.44955e-14  199.195  2672
126  128  2025-06-09 22-12-45  1433.6  2294.05  6.50297e-14  199.252  2672
127  128  2025-06-09 22-12-45  1435.2  2302.78  6.55643e-14  199.31  2672
128  128  2025-06-09 22-12-45  1436.8  2311.52  6.60993e-14  199.367  2672
129  128  2025-06-09 22-12-45  1438.4  2320.26  6.66346e-14  199.425  2672
130  128  2025-06-09 22-12-45  1440  2329.01  6.71702e-14  199.482  2672
131  128  2025-06-09 22-12-45  1441.6  2337.76  6.77062e-14  199.54  2672
132  128  2025-06-09 22-12-45  1443.2  2346.52  6.82426e-14  199.597  2672
133  128  2025-06-09 22-12-45  1444.8  2355.29  6.87793e-14  199.655  2672
134  128  2025-06-09 22-12-45  1446.4  2364.06  6.93164e-14  199.713  2672
135  128  2025-06-09 22-12-45  1448  2372.84  6.98538e-14  199.77  2672
136  128  2025-06-09 22-12-45  1449.6  2381.62  7.03916e-14  199.828  2672
137  128  2025-06-09 22-12-45  1451.2  2390.41  7.09297e-14  199.885  2672
138  128  2025-06-09 22-12-45  1452.8  2399.2  7.14682e-14  199.943  2672
139  128  2025-06-09 22-12-45  1454.4  2408  7.2007e-14  200  2672
140  128  2025-06-09 22-12-45  1456  2416.81  7.25462e-14  200.058  2672
141  128  2025-06-09 22-12-45  1457.6  2425.62  7.30857e-14  200.115  2672
142  128  2025-06-09 22-12-45  1459.2  2434.44  7.36256e-14  200.173  2672
143  128  2025-06-09 22-12-45  1460.8  2443.26  7.41658e-14  200.231  2672
144  128  2025-06-09 22-12-45  1462.4  2452.09  7.47064e-14  200.288  2672
145  128  2025-06-09 22-12-45  1464  2460.92  7.52474e-14  200.346  2672
146  128  2025-06-09 22-12-45  1465.6  2469.76  7.57887e-14  200.403  2672
147  128  2025-06-09 22-12-45  1467.2  2478.61  7.63303e-14  200.461  2672
148  128  2025-06-09 22-12-45  1468.8  2487.46  7.68723e-14  200.518  2672
149  128  2025-06-09 22-12-45  1470.4  2496.32  7.74147e-14  200.576  2672
150  128  2025-06-09 22-12-45  1472  2505.18  7.79574e-14  200.633  2672
151  128  2025-06-09 22-12-45  1473.6  2514.05  7.85004e-14  200.691  2672
152  128  2025-06-09 22-12-45  1475.2  2522.93  7.90438e-14  200.749  2672
153  128  2025-06-09 22-12-45  1476.8  2531.81  7.95876e-14  200.806  2672
154  128  2025-06-09 22-12-45  1478.4  2540.69  8.01317e-14  200.864  2672
155  128  2025-06-09 22-12-45  1480  2549.59  8.06762e-14  200.921  2672
156  128  2025-06-09 22-12-45  1481.6  2558.48  8.1221e-14  200.979  2672
157  128  2025-06-09 22-12-45  1483.2  2567.39  8.17662e-14  201.036  2672
158  128  2025-06-09 22-12-45  1484.8  2576.3  8.23117e-14  201.094  2672
159  128  2025-06-09 22-12-45  1486.4  2585.21  8.28576e-14  201.151  2672
160  128  2025-06-09 22-12-45  1488  2594.13  8.34038e-14  201.209  2672
161  128  2025-06-09 22-12-45  1489.6  2603.06  8.39504e-14  201.267  2672
162  128  2025-06-09 22-12-45  1491.2  2611.99  8.44973e-14  201.324  2672
163  128  2025-06-09 22-12-45  1492.8  2620.93  8.50446e-14  201.382  2672
164  128  2025-06-09 22-12-45  1494.4  2629.87  8.55922e-14  201.439  2672
165  128  2025-06-09 22-12-45  1496  2638.82  8.61402e-14  201.497  2672
166  128  2025-06-09 22-12-45  1497.6  2647.78  8.66886e-14  201.554  2672
167  128  2025-06-09 22-12-45  1499.2  2656.74  8.72373e-14  201.612  2672
168  128  2025-06-09 22-12-45  1500.8  2665.71  8.77863e-14  201.669  2672
169  128  2025-06-09 22-12-45  1502.4  2674.68  8.83357e-14  201.727  2672
170  128  2025-06-09 22-12-45  1504  2683.66  8.88855e-14  201.785  2672
171  128  2025-06-09 22-12-45  1505.6  2692.64  8.94356e-14  201.842  2672
172  128  2025-06-09 22-12-45  1507.2  2701.63  8.9986e-14  201.9  2672
173  128  2025-06-09 22-12-45  1508.8  2710.63  9.05368e-14  201.957  2672
174  128  2025-06-09 22-12-45  1510.4  2719.63  9.1088e-14  202.015  2672
175  128  2025-06-09 22-12-45  1512  2728.64  9.16395e-14  202.072  2672
176  128  2025-06-09 22-12-45  1513.6  2737.65  9.21914e-14  202.13  2672
177  128  2025-06-09 22-12-45  1515.2  2746.67  9.27436e-14  202.187  2672
178  128  2025-06-09 22-12-45  1516.8  2755.69  9.32962e-14  202.245  2672
179  128  2025-06-09 22-12-45  1518.4  2764.72  9.38491e-14  202.303  2672
180  128  2025-06-09 22-12-45  1520  2773.76  9.44024e-14  202.36  2672
181  128  2025-06-09 22-12-45  1521.6  2782.8  9.4956e-14  202.418  2672
182  128  2025-06-09 22-12-45  1523.2  2791.85  9.551e-14  202.475  2672
183  128  2025-06-09 22-12-45  1524.8  2800.9  9.60643e-14  202.533  2672
184  128  2025-06-09 22-12-45  1526.4  2809.96  9.6619e-14  202.59  2672
185  128  2025-06-09 22-12-45  1528  2819.03  9.71741e-14  202.648  2672
186  128  2025-06-09 22-12-45  1529.6  2828.1  9.77295e-14  202.705  2672
187  128  2025-06-09 22-12-45  1531.2  14037.2  9.82852e-14  202.763  2672
188  128  2025-06-09 22-12-45  1532.8  14046.3  9.88413e-14  202.821  2672
189  128  2025-06-09 22-12-45  1534.4  14055.3  9.93978e-14  202.878  2672
190  128  2025-06-09 22-12-45  1536  14064.4  9.99546e-14  202.936  2672
191  128  2025-06-09 22-12-45  1537.6  14073.5  1.00512e-13  202.993  2672
192  128  2025-06-09 22-12-45  1539.2  14082.6  1.01069e-13  203.051  2672
193  128  2025-06-09 22-12-45  1540.8  14091.8  1.01627e-13  203.108  2672
194  128  2025-06-09 22-12-45  1542.4  14100.9  1.02185e-13  203.166  2672
195  128  2025-06-09 22-12-45  1544  14110  1.02744e-13  203.223  2672
196  128  2025-06-09 22-12-45  1545.6  14119.1  1.03303e-13  203.281  2672
197  128  2025-06-09 22-12-45  1547.2  14128.3  1.03862e-13  203.339  2672
198  128  2025-06-09 22-12-45  1548.8  14137.4  1.04422e-13  203.396  2672
199  128  2025-06-09 22-12-45  1550.4  14146.5  1.04982e-13  203.454  2672
200  128  2025-06-09 22-12-45  1552  14155.7  1.05542e-13  203.511  2672
201  128  2025-06-09 22-12-45  1553.6  14164.8  1.06103e-13  203.569  2672
202  128  2025-06-09 22-12-45  1555.2  14174  1.06664e-13  203.626  2672
203  128  2025-06-09 22-12-45  1556.8  14183.2  1.07225e-13  203.684  2672
204  128  2025-06-09 22-12-45  1558.4  14192.3  1.07787e-13  203.741  2672
205  128  2025-06-09 22-12-45  1560  14201.5  1.08349e-13  203.799  2672
206  128  2025-06-09 22-12-45  1561.6  14210.7  1.08911e-13  203.857  2672
207  128  2025-06-09 22-12-45  1563.2  14219.9  1.09474e-13  203.914  2672
208  128  2025-06-09 22-12-45  1564.8  14229.1  1.10037e-13  203.972  2672
209  128  2025-06-09 22-12-45  1566.4  14238.3  1.10601e-13  204.029  2672
210  128  2025-06-09 22-12-45  1568  14247.5  1.11165e-13  204.087  2672
211  128  2025-06-09 22-12-45  1569.6  14256.7  1.11729e-13  204.144  2672
212  128  2025-06-09 22-12-45  1571.2  14266  1.12293e-13  204.202  2672
213  128  2025-06-09 22-12-45  1572.8  14275.2  1.12858e-13  204.259  2672
214  128  2025-06-09 22-12-45  1574.4  14284.4  1.13424e-13  204.317  2672
215  128  2025-06-09 22-12-45  1576  14293.6  1.13989e-13  204.375  2672
216  128  2025-06-09 22-12-45  1577.6  14302.9  1.14555e-13  204.432  2672
217  128  2025-06-09 22-12-45  1579.2  14312.1  1.15121e-13  204.49  2672
218  128  2025-06-09 22-12-45  1580.8  14321.4  1.15688e-13  204.547  2672
219  128  2025-06-09 22-12-45  1582.4  14330.7  1.16255e-13  204.605  2672
220  128  2025-06-09 22-12-45  1584  14339.9  1.16822e-13  204.662  2672
221  128  2025-06-09 22-12-45  1585.6  14349.2  1.1739e-13  204.72  2672
222  128  2025-06-09 22-12-45  1587.2  14358.5  1.17958e-13  204.777  2672
223  128  2025-06-09 22-12-45  1588.8  14367.8  1.18527e-13  204.835  2672
224  128  2025-06-09 22-12-45  1590.4  14377  1.19096e-13  204.893  2672
225  128  2025-06-09 22-12-45  1592  14386.3  1.19665e-13  204.95  2672
226  128  2025-06-09 22-12-45  1593.6  14395.6  1.20234e-13  205.008  2672
227  128  2025-06-09 22-12-45  1595.2  14404.9  1.20804e-13  205.065  2672
228  128  2025-06-09 22-12-45  1596.8  14414.3  1.21374e-13  205.123  2672
229  128  2025-06-09 22-12-45  1598.4  14423.6  1.21945e-13  205.18  2672
230  128  2025-06-09 22-12-45  1600  14432.9  1.22516e-13  205.238  2672
231  128  2025-06-09 22-12-45  1601.6  14442.2  1.23087e-13  205.295  2672
232  128  2025-06-09 22-12-45  1603.2  14451.6  1.23658e-13  205.353  2672
233  128  2025-06-09 22-12-45  1604.8  14460.9  1.2423e-13  205.267  2672
234  128  2025-06-09 22-12-45  1606.4  14470.2  -0.0822537  205.324  2680.08
235  128  2025-06-09 22-12-45  1608  14479.6  -0.247672  205.382  2688.24
236  128  2025-06-09 22-12-45  1609.6  14488.9  -0.497158  205.439  2696.48
237  128  2025-06-09 22-12-45  1611.2  14498.2  -0.831611  205.497  2704.8
238  128  2025-06-09 22-12-45  1612.8  14507.6  -1.25192  205.554  2713.2
239  128  2025-06-09 22-12-45  1614.4  14516.9  -1.75898  205.612  2721.68
240  128  2025-06-09 22-12-45  1616  14526.3  -2.35366  205.67  2730.24
241  128  2025-06-09 22-12-45  1617.6  14535.6  -3.03684  205.727  2738.88
242  128  2025-06-09 22-12-45  1619.2  14545  -3.80938  205.785  2747.6
243  128  2025-06-09 22-12-45  1620.8  14554.3  -4.67213  205.842  2756.4
244  128  2025-06-09 22-12-45  1622.4  14563.7  -5.62594  205.9  2765.28
245  128  2025-06-09 22-12-45  1624  14573  -6.67164  205.957  2774.24
246  128  2025-06-09 22-12-45  1625.6  14582.3  -7.7113  206.015  2773.58
247  128  2025-06-09 22-12-45  1627.2  14591.7  -8.74474  206.072  2772.91
248  128  2025-06-09 22-12-45  1628.8  14601.1  -9.77179  206.13  2772.22
249  128  2025-06-09 22-12-45  1630.4  14610.4  -10.7923  206.188  2771.52
250  128  2025-06-09 22-12-45  1632  14619.8  -11.806  206.245  2770.8
251  128  2025-06-09 22-12-45  1633.6  14629.2  -12.8129  206.303  2770.06
252  128  2025-06-09 22-12-45  1635.2  14638.5  -13.8126  206.36  2769.31
253  128  2025-06-09 22-12-45  1636.8  14647.9  -14.8051  206.418  2768.54
254  128  2025-06-09 22-12-45  1638.4  14657.3  -15.7902  206.475  2767.76
255  128  2025-06-09 22-12-45  1640  14666.7  -128.768  206.533  2766.96
256  128  2025-06-09 22-12-45  1641.6  14676.1  -129.819  206.447  2774.22
257  128  2025-06-09 22-12-45  1643.2  14685.5  -130.944  206.36  2781.55
258  128  2025-06-09 22-12-45  1644.8  14694.8  -132.143  206.274  2788.94
259  128  2025-06-09 22-12-45  1646.4  14704.2  -133.417  206.188  2796.4
260  128  2025-06-09 22-12-45  1648  14713.5  -134.767  206.101  2803.92
261  128  2025-06-09 22-12-45  1649.6  14722.8  -136.192  206.015  2811.5
262  128  2025-06-09 22-12-45  1651.2  14732  -137.693  205.929  2819.15
263  128  2025-06-09 22-12-45  1652.8  14741.3  -139.273  205.986  2826.86
264  128  2025-06-09 22-12-45  1654.4  14750.6  -140.933  206.044  14034.6
265  128  2025-06-09 22-12-45  1656  14759.8  -142.575  206.101  14032.8
266  128  2025-06-09 22-12-45  1657.6  14769.1  -144.232  206.159  14034.1
267  128  2025-06-09 22-12-45  1659.2  14778.4  -145.903  206.216  14035.5
268  128  2025-06-09 22-12-45  1660.8  14787.7  -147.589  206.274  14036.8
269  128  2025-06-09 22-12-45  1662.4  14796.9  -149.289  206.331  14038.2
270  128  2025-06-09 22-12-45  1664  14806.2  -151.004  206.389  14039.5
271  128  2025-06-09 22-12-45  1665.6  14815.5  -152.734  206.447  14040.8
272  128  2025-06-09 22-12-45  1667.2  14824.8  -154.478  206.504  14042.2
273  128  2025-06-09 22-12-45  1668.8  14834.1  -156.237  206.562  14043.5
274  128  2025-06-09 22-12-45  1670.4  14843.4  -158.011  206.619  14044.9
275  128  2025-06-09 22-12-45  1672  14852.7  -159.8  206.677  14046.2
276  128  2025-06-09 22-12-45  1673.6  14862  -161.603  206.734  14047.6
277  128  2025-06-09 22-12-45  1675.2  14871.3  -163.421  206.792  14048.9
278  128  2025-06-09 22-12-45  1676.8  14880.6  -165.254  206.849  14050.3
279  128  2025-06-09 22-12-45  1678.4  14889.9  -167.101  206.907  14051.6
280  128  2025-06-09 22-12-45  1680  14899.2  -168.963  206.965  14052.9
281  128  2025-06-09 22-12-45  1681.6  14908.5  -170.84  207.022  14054.3
282  128  2025-06-09 22-12-45  1683.2  14917.8  -172.732  207.08  14055.6
283  128  2025-06-09 22-12-45  1684.8  14927.2  -174.639  207.137  14057
284  128  2025-06-09 22-12-45  1686.4  14936.5  -176.56  207.195  14058.3
285  128  2025-06-09 22-12-45  1688  14945.8  -178.497  207.252  14059.7
286  128  2025-06-09 22-12-45  1689.6  14955.1  -180.448  207.31  14061
287  128  2025-06-09 22-12-45  1691.2  14964.5  -182.414  207.367  14062.4
288  128  2025-06-09 22-12-45  1692.8  14973.8  -184.395  207.425  14063.7
289  128  2025-06-09 22-12-45  1694.4  14983.1  -186.391  207.483  14065
290  128  2025-06-09 22-12-45  1696  14992.5  -188.401  207.54  14066.4
291  128  2025-06-09 22-12-45  1697.6  15001.8  -190.427  207.598  14067.7
292  128  2025-06-09 22-12-45  1699.2  15011.2  -192.467  207.655  14069.1
293  128  2025-06-09 22-12-45  1700.8  15020.5  -194.523  207.713  14070.4
294  128  2025-06-09 22-12-45  1702.4  15029.9  -196.593  207.77  14071.8
295  128  2025-06-09 22-12-45  1704  15039.2  -198.679  207.828  14073.1
296  128  2025-06-09 22-12-45  1705.6  15048.6  -200.779  207.885  14074.4
297  128  2025-06-09 22-12-45  1707.2  15057.9  -202.894  207.943  14075.8
298  128  2025-06-09 22-12-45  1708.8  15067.3  -205.024  208.001  14077.1
299  128  2025-06-09 22-12-45  1710.4  15076.7  -207.17  208.058  14078.5
300  128  2025-06-09 22-12-45  1712  15086  -209.33  208.116  14079.8
301  128  2025-06-09 22-12-45  1713.6  15095.4  -211.506  208.173  14081.2
302  128  2025-06-09 22-12-45  1715.2  15104.8  -213.696  208.231  14082.5
303  128  2025-06-09 22-12-45  1716.8  15114.1  -215.901  208.288  14083.9
304  128  2025-06-09 22-12-45  1718.4  15123.5  -218.122  208.346  14085.2
305  128  2025-06-09 22-12-45  1720  15132.9  -220.358  208.404  14086.5
306  128  2025-06-09 22-12-45  1721.6  15142.3  -222.608  208.461  14087.9
307  128  2025-06-09 22-12-45  1723.2  15151.6  -224.874  208.519  14089.2
308  128  2025-06-09 22-12-45  1724.8  15161  -227.155  208.576  14090.6
309  128  2025-06-09 22-12-45  1726.4  15170.4  -229.451  208.634  14091.9
310  128  2025-06-09 22-12-45  1728  15179.8  -231.762  208.691  14093.3
311  128  2025-06-09 22-12-45  1729.6  15189.2  -234.088  208.749  14094.6
312  128  2025-06-09 22-12-45  1731.2  15198.6  -236.43  208.806  14096
313  128  2025-06-09 22-12-45  1732.8  15208  -238.787  208.864  14097.3
314  128  2025-06-09 22-12-45  1734.4  15217.4  -241.158  208.922  14098.6
315  128  2025-06-09 22-12-45  1736  15226.8  -243.545  208.979  14100
316  128  2025-06-09 22-12-45  1737.6  15236.2  -245.948  209.037  14101.3
317  128  2025-06-09 22-12-45  1739.2  15245.6  -248.365  209.094  14102.7
318  128  2025-06-09 22-12-45  1740.8  15255  -250.798  209.152  14104
319  128  2025-06-09 22-12-45  1742.4  15264.4  -253.245  209.209  14105.4
320  128  2025-06-09 22-12-45  1744  15273.8  -255.808  209.267  14116.4
321  128  2025-06-09 22-12-45  1745.6  15283.1  -258.486  209.324  14127.5
322  128  2025-06-09 22-12-45  1747.2  15292.5  -261.28  209.382  14138.8
323  128  2025-06-09 22-12-45  1748.8  15301.8  -264.191  209.44  14150.1
324  128  2025-06-09 22-12-45  1750.4  15311  -267.219  209.497  14161.5
325  128  2025-06-09 22-12-45  1752  15320.3  -270.365  209.555  14173
326  128  2025-06-09 22-12-45  1753.6  15329.5  -1393.63  209.612  14184.7
327  128  2025-06-09 22-12-45  1755.2  15338.6  -1397.01  209.67  14196.4
328  128  2025-06-09 22-12-45  1756.8  15347.8  -1400.52  209.727  14208.2
329  128  2025-06-09 22-12-45  1758.4  15356.8  -1404.14  209.785  14220.1
330  128  2025-06-09 22-12-45  1760  15365.9  -1407.89  209.842  14232.1
331  128  2025-06-09 22-12-45  1761.6  15374.9  -1411.75  209.9  14244.2
332  128  2025-06-09 22-12-45  1763.2  15383.8  -1415.74  209.958  14256.4
333  128  2025-06-09 22-12-45  1764.8  15392.7  -1419.85  210.015  14268.7
334  128  2025-06-09 22-12-45  1766.4  15401.6  -1424.08  210.073  14281
335  128  2025-06-09 22-12-45  1768  15410.4  -1428.44  210.13  14293.5
336  128  2025-06-09 22-12-45  1769.6  15419.1  -1432.92  210.188  14306.1
337  128  2025-06-09 22-12-45  1771.2  15427.8  -1437.52  210.245  14318.8
338  128  2025-06-09 22-12-45  1772.8  15436.4  -1442.24  210.303  14331.5
339  128  2025-06-09 22-12-45  1774.4  15445  -1447.09  210.36  14344.3
340  128  2025-06-09 22-12-45  1776  15453.5  -1452.06  210.418  14357.1
341  128  2025-06-09 22-12-45  1777.6  15461.9  -1457.15  210.476  14369.9
342  128  2025-06-09 22-12-45  1779.2  15470.2  -1462.36  210.533  14382.7
343  128  2025-06-09 22-12-45  1780.8  15478.6  -1467.52  210.591  14377.9
344  128  2025-06-09 22-12-45  1782.4  15487  -1472.81  210.648  14390.7
345  128  2025-06-09 22-12-45  1784  15495.3  -1478.06  210.706  14385.8
346  128  2025-06-09 22-12-45  1785.6  15503.7  -1483.26  210.763  14380.8
347  128  2025-06-09 22-12-45  1787.2  15512.1  -1488.42  210.821  14375.8
348  128  2025-06-09 22-12-45  1788.8  15520.5  -1493.7  210.878  14388.4
349  128  2025-06-09 22-12-45  1790.4  15528.9  -1498.94  210.936  14383.4
350  128  2025-06-09 22-12-45  1792  15537.3  -1504.14  210.994  14378.3
351  128  2025-06-09 22-12-45  1793.6  15545.8  -1509.28  211.051  14373.1
352  128  2025-06-09 22-12-45  1795.2  15554.2  -1514.55  211.109  14385.6
353  128  2025-06-09 22-12-45  1796.8  15562.6  -1519.77  211.166  14380.5
354  128  2025-06-09 22-12-45  1798.4  15571.1  -1524.95  211.224  14375.2
355  128  2025-06-09 22-12-45  1800  15579.5  -1530.25  211.281  14387.7
356  128  2025-06-09 22-12-45  1801.6  15587.9  -1535.5  211.339  14382.4
357  128  2025-06-09 22-12-45  1803.2  15596.4  -1540.7  211.396  14377.1
358  128  2025-06-09 22-12-45  1804.8  15604.9  -1545.86  211.454  14371.7
359  128  2025-06-09 22-12-45  1806.4  15613.3  -1551.13  211.512  14384
360  128  2025-06-09 22-12-45  1808  15621.8  -1556.36  211.569  14378.7
361  128  2025-06-09 22-12-45  1809.6  15630.3  -1561.54  211.627  14373.2
362  128  2025-06-09 22-12-45  1811.2  15638.8  -1566.83  211.684  14385.4
363  128  2025-06-09 22-12-45  1812.8  15647.2  -1572.08  211.742  14380
364  128  2025-06-09 22-12-45  1814.4  15655.8  -1577.28  211.799  14374.5
365  128  2025-06-09 22-12-45  1816  15664.3  -1582.43  211.857  14368.9
366  128  2025-06-09 22-12-45  1817.6  15672.8  -1587.7  211.914  14381
367  128  2025-06-09 22-12-45  1819.2  15681.3  -1592.92  211.972  14375.4
368  128  2025-06-09 22-12-45  1820.8  15689.9  -1598.09  212.03  14369.7
369  128  2025-06-09 22-12-45  1822.4  15698.4  -1603.37  212.087  14381.8
370  128  2025-06-09 22-12-45  1824  15706.9  -1608.6  212.145  14376.1
371  128  2025-06-09 22-12-45  1825.6  15715.5  -1613.78  212.202  14370.4
372  128  2025-06-09 22-12-45  1827.2  15724  -1619.08  212.26  14382.4
373  128  2025-06-09 22-12-45  1828.8  15732.6  -1624.33  212.317  14376.6
374  128  2025-06-09 22-12-45  1830.4  15741.2  -1629.53  212.375  14370.8
375  128  2025-06-09 22-12-45  1832  15749.7  -1634.84  212.432  14382.8
376  128  2025-06-09 22-12-45  1833.6  15758.2  -1640.1  212.49  14377
377  128  2025-06-09 22-12-45  1835.2  15766.8  -1645.3  212.548  14371.1
378  128  2025-06-09 22-12-45  1836.8  15775.5  -1650.46  212.605  14365.2
379  128  2025-06-09 22-12-45  1838.4  15784.1  -1655.73  212.663  14376.9
380  128  2025-06-09 22-12-45  1840  15792.7  -1660.94  212.72  14371
381  128  2025-06-09 22-12-45  1841.6  15801.3  -1666.11  212.778  14365
382  128  2025-06-09 22-12-45  1843.2  15809.9  -1671.38  212.835  14376.7
383  128  2025-06-09 22-12-45  1844.8  15818.6  -1676.6  212.893  14370.7
384  128  2025-06-09 22-12-45  1846.4  15827.2  -1681.77  212.95  14364.7
385  128  2025-06-09 22-12-45  1848  15835.8  -1687.05  213.008  14376.3
386  128  2025-06-09 22-12-45  1849.6  15844.5  -1692.28  213.066  14370.3
387  128  2025-06-09 22-12-45  1851.2  15853.2  -1697.45  213.123  14364.1
388  128  2025-06-09 22-12-45  1852.8  15861.8  -1702.73  213.181  14375.7
389  128  2025-06-09 22-12-45  1854.4  15870.5  -1707.96  213.238  14369.6
390  128  2025-06-09 22-12-45  1856  15879.2  -1713.14  213.296  14363.4
391  128  2025-06-09 22-12-45  1857.6  15887.8  -1718.42  213.353  14374.9
392  128  2025-06-09 22-12-45  1859.2  15896.5  -1723.65  213.411  14368.7
393  128  2025-06-09 22-12-45  1860.8  15905.3  -1728.83  213.468  14362.5
394  128  2025-06-09 22-12-45  1862.4  15913.9  -1734.11  213.526  14373.9
395  128  2025-06-09 22-12-45  1864  15922.6  -1739.34  213.584  14367.7
396  128  2025-06-09 22-12-45  1865.6  15931.4  -1744.51  213.641  14361.3
397  128  2025-06-09 22-12-45  1867.2  15940.1  -1749.79  213.699  14372.7
398  128  2025-06-09 22-12-45  1868.8  15948.8  -1755.02  213.756  14366.4
399  128  2025-06-09 22-12-45  1870.4  15957.6  -1760.19  213.814  14360
400  128  2025-06-09 22-12-45  1872  15966.3  -1765.47  213.871  14371.3
401  128  2025-06-09 22-12-45  1873.6  15975  -1770.69  213.929  14365
402  128  2025-06-09 22-12-45  1875.2  15983.8  -1775.85  213.986  14358.5
403  128  2025-06-09 22-12-45  1876.8  15992.6  -1781.12  214.044  14369.8
404  128  2025-06-09 22-12-45  1878.4  16001.4  -1786.34  214.102  14363.3
405  128  2025-06-09 22-12-45  1880  16010.1  -1791.66  214.159  14374.6
406  128  2025-06-09 22-12-45  1881.6  16018.8  -1796.93  214.217  14368.2
407  128  2025-06-09 22-12-45  1883.2  16027.6  -1802.13  214.274  14361.7
408  128  2025-06-09 22-12-45  1884.8  16036.4  -1807.45  214.332  14372.9
409  128  2025-06-09 22-12-45  1886.4  16045.2  -1812.71  214.389  14366.4
410  128  2025-06-09 22-12-45  1888  16054  -1817.91  214.447  14359.9
411  128  2025-06-09 22-12-45  1889.6  16062.8  -1823.21  214.504  14371
412  128  2025-06-09 22-12-45  1891.2  16071.6  -1828.46  214.562  14364.4
413  128  2025-06-09 22-12-45  1892.8  16080.4  -1833.65  214.62  14357.8
414  128  2025-06-09 22-12-45  1894.4  16089.2  -1838.95  214.677  14368.9
415  128  2025-06-09 22-12-45  1896  16098.1  -1844.18  214.735  14362.3
416  128  2025-06-09 22-12-45  1897.6  16106.9  -1849.36  214.792  14355.6
417  128  2025-06-09 22-12-45  1899.2  16115.8  -1854.64  214.85  14366.6
418  128  2025-06-09 22-12-45  1900.8  16124.6  -1859.86  214.907  14359.9
419  128  2025-06-09 22-12-45  1902.4  16133.4  -1865.2  214.965  14371
420  128  2025-06-09 22-12-45  1904  16142.3  -1870.47  215.022  14364.3
421  128  2025-06-09 22-12-45  1905.6  16151.2  -1875.67  215.08  14357.6
422  128  2025-06-09 22-12-45  1907.2  16160  -1880.99  215.138  14368.5
423  128  2025-06-09 22-12-45  1908.8  16168.9  -1886.25  215.195  14361.8
424  128  2025-06-09 22-12-45  1910.4  16177.8  -1891.44  215.253  14355
425  128  2025-06-09 22-12-45  1912  16186.7  -1896.74  215.31  14365.9
426  128  2025-06-09 22-12-45  1913.6  16195.6  -1901.98  215.368  14359.1
427  128  2025-06-09 22-12-45  1915.2  16204.6  -1907.15  215.425  14352.3
428  128  2025-06-09 22-12-45  1916.8  16213.5  -1912.43  215.483  14363.1
429  128  2025-06-09 22-12-45  1918.4  16222.4  -1917.65  215.54  14356.2
430  128  2025-06-09 22-12-45  1920  16231.3  -1922.98  215.598  14367.1
431  128  2025-06-09 22-12-45  1921.6  16240.2  -1928.24  215.656  14360.3
432  128  2025-06-09 22-12-45  1923.2  16249.2  -1933.44  215.713  14353.3
433  128  2025-06-09 22-12-45  1924.8  16258.1  -1938.75  215.771  14364.1
434  128  2025-06-09 22-12-45  1926.4  16267.1  -1943.99  215.828  14357.2
435  128  2025-06-09 22-12-45  1928  16276.1  -1949.17  215.886  14350.3
436  128  2025-06-09 22-12-45  1929.6  16285  -1954.45  215.943  14361
437  128  2025-06-09 22-12-45  1931.2  16294  -1959.67  216.001  14354
438  128  2025-06-09 22-12-45  1932.8  16303  -1965  216.058  14364.8
439  128  2025-06-09 22-12-45  1934.4  16312  -1970.26  216.116  14357.8
440  128  2025-06-09 22-12-45  1936  16321  -1975.46  216.174  14350.8
441  128  2025-06-09 22-12-45  1937.6  16330  -1980.76  216.231  14361.5
442  128  2025-06-09 22-12-45  1939.2  16339  -1986  216.289  14354.4
443  128  2025-06-09 22-12-45  1940.8  16348  -1991.17  216.346  14347.4
444  128  2025-06-09 22-12-45  1942.4  16357  -1996.45  216.404  14358
445  128  2025-06-09 22-12-45  1944  16366.1  -2001.66  216.461  14350.9
446  128  2025-06-09 22-12-45  1945.6  16375.1  -2006.98  216.519  14361.5
447  128  2025-06-09 22-12-45  1947.2  16384.1  -2012.24  216.576  14354.5
448  128  2025-06-09 22-12-45  1948.8  16393.2  -2017.42  216.634  14347.3
449  128  2025-06-09 22-12-45  1950.4  16402.3  -2022.72  216.692  14357.9
450  128  2025-06-09 22-12-45  1952  16411.3  -2027.94  216.749  14350.8
451  128  2025-06-09 22-12-45  1953.6  16420.4  -2033.27  216.807  14361.3
452  128  2025-06-09 22-12-45  1955.2  16429.4  -2038.54  216.864  14354.2
453  128  2025-06-09 22-12-45  1956.8  16438.5  -2043.74  216.922  14347.1
454  128  2025-06-09 22-12-45  1958.4  16447.6  -2049.04  216.979  14357.6
455  128  2025-06-09 22-12-45  1960  16456.7  -2054.28  217.037  14350.4
456  128  2025-06-09 22-12-45  1961.6  16465.9  -2059.44  217.094  14343.2
457  128  2025-06-09 22-12-45  1963.2  16475  -2064.72  217.152  14353.6
458  128  2025-06-09 22-12-45  1964.8  16484.1  -2069.92  217.21  14346.4
459  128  2025-06-09 22-12-45  1966.4  16493.2  -2075.23  217.267  14356.8
460  128  2025-06-09 22-12-45  1968  16502.3  -2080.47  217.325  14349.6
461  128  2025-06-09 22-12-45  1969.6  16511.5  -2085.65  217.382  14342.3
462  128  2025-06-09 22-12-45  1971.2  16520.6  -2090.93  217.44  14352.7
463  128  2025-06-09 22-12-45  1972.8  16529.8  -2096.14  217.497  14345.4
464  128  2025-06-09 22-12-45  1974.4  16538.9  -2101.45  217.555  14355.9
465  128  2025-06-09 22-12-45  1976  16548.1  -2106.7  217.612  14348.6
466  128  2025-06-09 22-12-45  1977.6  16557.3  -2111.87  217.67  14341.2
467  128  2025-06-09 22-12-45  1979.2  16566.5  -2117.16  217.728  14351.6
468  128  2025-06-09 22-12-45  1980.8  16575.7  -2122.37  217.785  14344.3
469  128  2025-06-09 22-12-45  1982.4  16584.8  -2127.69  217.843  14354.6
470  128  2025-06-09 22-12-45  1984  16594  -2132.93  217.9  14347.3
471  128  2025-06-09 22-12-45  1985.6  16603.3  -2138.11  217.958  14339.9
472  128  2025-06-09 22-12-45  1987.2  16612.5  -2143.39  218.015  14350.2
473  128  2025-06-09 22-12-45  1988.8  16621.7  -2148.61  218.073  14342.9
474  128  2025-06-09 22-12-45  1990.4  16630.9  -2153.92  218.13  14353.2
475  128  2025-06-09 22-12-45  1992  16640.1  -2159.17  218.188  14345.8
476  128  2025-06-09 22-12-45  1993.6  16649.4  -2164.35  218.246  14338.4
477  128  2025-06-09 22-12-45  1995.2  16658.6  -2169.63  218.303  14348.6
478  128  2025-06-09 22-12-45  1996.8  16667.9  -2174.84  218.361  14341.2
479  128  2025-06-09 22-12-45  1998.4  16677.1  -2180.15  218.418  14351.5
480  128  2025-06-09 22-12-45  2000  16686.4  -2185.4  218.476  14344.1
481  128  2025-06-09 22-12-45  2001.6  16695.7  -2190.57  218.533  14336.6
482  128  2025-06-09 22-12-45  2003.2  16704.9  -2195.85  218.591  14346.8
483  128  2025-06-09 22-12-45  2004.8  16714.3  -2201.05  218.648  14339.3
484  128  2025-06-09 22-12-45  2006.4  16723.5  -2206.36  218.706  14349.6
485  128  2025-06-09 22-12-45  2008  16732.8  -2211.6  218.764  14342.1
486  128  2025-06-09 22-12-45  2009.6  16742.1  -2216.94  218.821  14352.3
487  128  2025-06-09 22-12-45  2011.2  16751.4  -2222.21  218.879  14344.9
488  128  2025-06-09 22-12-45  2012.8  16760.7  -2227.41  218.936  14337.4
489  128  2025-06-09 22-12-45  2014.4  16770  -2232.72  218.994  14347.6
490  128  2025-06-09 22-12-45  2016  16779.3  -2237.95  219.051  14340
491  128  2025-06-09 22-12-45  2017.6  16788.6  -2243.29  219.109  14350.2
492  128  2025-06-09 22-12-45  2019.2  16798  -2248.55  219.167  14342.8
493  128  2025-06-09 22-12-45  2020.8  16807.3  -2253.74  219.224  14335.2
494  128  2025-06-09 22-12-45  2022.4  16816.7  -2259.04  219.282  14345.3
495  128  2025-06-09 22-12-45  2024  16826  -2264.26  219.339  14337.8
496  128  2025-06-09 22-12-45  2025.6  16835.4  -2269.59  219.397  14347.9
497  128  2025-06-09 22-12-45  2027.2  16844.7  -2274.84  219.454  14340.4
498  128  2025-06-09 22-12-45  2028.8  16854.2  -2280.02  219.512  14332.8
499  128  2025-06-09 22-12-45  2030.4  16863.5  -2285.31  219.569  14342.8
500  128  2025-06-09 22-12-45  2032  16873  -2290.52  219.627  14335.2
501  128  2025-06-09 22-12-45  2033.6  16882.3  -2295.83  219.685  14345.3
502  128  2025-06-09 22-12-45  2035.2  16891.7  -2301.07  219.742  14337.7
503  128  2025-06-09 22-12-45  2036.8  16901.1  -2306.42  219.8  14347.9
504  128  2025-06-09 22-12-45  2038.4  16910.5  -2311.69  219.857  14340.3
505  128  2025-06-09 22-12-45  2040  16920  -2316.89  219.915  14332.6
506  128  2025-06-09 22-12-45  2041.6  16929.4  -2322.19  219.972  14342.7
507  128  2025-06-09 22-12-45  2043.2  16938.8  -2327.42  220.03  14335.1
508  128  2025-06-09 22-12-45  2044.8  16948.2  -2332.76  220.087  14345.1
509  128  2025-06-09 22-12-45  2046.4  16957.7  -2338.01  220.145  14337.5
510  128  2025-06-09 22-12-45  2048  16967.2  -2343.2  220.203  14329.8
511  128  2025-06-09 22-12-45  2049.6  16976.6  -2348.48  220.26  14339.8
512  128  2025-06-09 22-12-45  2051.2  16986.1  -2353.7  220.318  14332.1
513  128  2025-06-09 22-12-45  2052.8  16995.6  -2359.01  220.375  14342.1
514  128  2025-06-09 22-12-45  2054.4  17005  -2364.25  220.433  14334.5
515  128  2025-06-09 22-12-45  2056  17014.5  -2369.6  220.49  14344.5
516  128  2025-06-09 22-12-45  2057.6  17024  -2374.87  220.548  14336.9
517  128  2025-06-09 22-12-45  2059.2  17033.5  -2380.07  220.605  14329.1
518  128  2025-06-09 22-12-45  2060.8  17043  -2385.37  220.663  14339.1
519  128  2025-06-09 22-12-45  2062.4  17052.5  -2390.59  220.721  14331.4
520  128  2025-06-09 22-12-45  2064  17062  -2395.92  220.778  14341.4
521  128  2025-06-09 22-12-45  2065.6  17071.5  -2401.17  220.836  14333.7
522  128  2025-06-09 22-12-45  2067.2  17081.1  -2406.35  220.893  14325.9
523  128  2025-06-09 22-12-45  2068.8  17090.7  -2411.63  220.951  14335.8
524  128  2025-06-09 22-12-45  2070.4  17100.2  -2416.83  221.008  14328.1
525  128  2025-06-09 22-12-45  2072  17109.8  -2422.14  221.066  14338
526  128  2025-06-09 22-12-45  2073.6  17119.3  -2427.37  221.123  14330.3
527  128  2025-06-09 22-12-45  2075.2  17128.9  -2432.7  221.181  14340.2
528  128  2025-06-09 22-12-45  2076.8  17138.4  -2437.96  221.239  14332.5
529  128  2025-06-09 22-12-45  2078.4  17148.1  -2443.14  221.296  14324.7
530  128  2025-06-09 22-12-45  2080  17157.6  -2448.43  221.354  14334.6
531  128  2025-06-09 22-12-45  2081.6  17167.3  -2453.64  221.411  14326.8
532  128  2025-06-09 22-12-45  2083.2  17176.8  -2458.95  221.469  14336.7
533  128  2025-06-09 22-12-45  2084.8  17186.5  -2464.19  221.526  14328.9
534  128  2025-06-09 22-12-45  2086.4  17196  -2469.53  221.584  14338.8
535  128  2025-06-09 22-12-45  2088  17205.6  -2474.79  221.641  14331.1
536  128  2025-06-09 22-12-45  2089.6  17215.3  -2479.98  221.699  14323.2
537  128  2025-06-09 22-12-45  2091.2  17224.9  -2485.27  221.757  14333.1
538  128  2025-06-09 22-12-45  2092.8  17234.6  -2490.48  221.814  14325.2
539  128  2025-06-09 22-12-45  2094.4  17244.2  -2495.8  221.872  14335.1
540  128  2025-06-09 22-12-45  2096  17253.9  -2501.04  221.929  14327.3
541  128  2025-06-09 22-12-45  2097.6  17263.5  -2506.38  221.987  14337.2
542  128  2025-06-09 22-12-45  2099.2  17273.1  -2511.65  222.044  14329.4
543  128  2025-06-09 22-12-45  2100.8  17282.9  -2516.83  222.102  14321.5
544  128  2025-06-09 22-12-45  2102.4  17292.5  -2522.12  222.159  14331.4
545  128  2025-06-09 22-12-45  2104  17302.2  -2527.33  222.217  14323.5
546  128  2025-06-09 22-12-45  2105.6  17311.9  -2532.65  222.275  14333.3
547  128  2025-06-09 22-12-45  2107.2  17321.6  -2537.89  222.332  14325.5
548  128  2025-06-09 22-12-45  2108.8  17331.3  -2543.24  222.39  14335.4
549  128  2025-06-09 22-12-45  2110.4  17341  -2548.5  222.447  14327.5
550  128  2025-06-09 22-12-45  2112  17350.7  -2553.68  222.505  14319.6
551  128  2025-06-09 22-12-45  2113.6  17360.4  -2558.98  222.562  14329.4
552  128  2025-06-09 22-12-45  2115.2  17370.2  -2564.19  222.62  14321.5
553  128  2025-06-09 22-12-45  2116.8  17379.9  -2569.5  222.677  14331.3
554  128  2025-06-09 22-12-45  2118.4  17389.7  -2574.74  222.735  14323.5
555  128  2025-06-09 22-12-45  2120  17399.4  -2580.08  222.793  14333.3
556  128  2025-06-09 22-12-45  2121.6  17409.1  -2585.34  222.85  14325.4
557  128  2025-06-09 22-12-45  2123.2  17418.9  -2590.52  222.908  14317.5
558  128  2025-06-09 22-12-45  2124.8  17428.7  -2595.81  222.965  14327.3
559  128  2025-06-09 22-12-45  2126.4  17438.5  -2601.01  223.023  14319.3
560  128  2025-06-09 22-12-45  2128  17448.2  -2606.33  223.08  14329.1
561  128  2025-06-09 22-12-45  2129.6  17458  -2611.56  223.138  14321.2
562  128  2025-06-09 22-12-45  2131.2  17467.8  -2616.9  223.195  14331
563  128  2025-06-09 22-12-45  2132.8  17477.6  -2622.15  223.253  14323.1
564  128  2025-06-09 22-12-45  2134.4  17487.5  -2627.33  223.311  14315.2
565  128  2025-06-09 22-12-45  2136  17497.3  -2632.61  223.368  14324.9
566  128  2025-06-09 22-12-45  2137.6  17507.1  -2637.8  223.426  14316.9
567  128  2025-06-09 22-12-45  2139.2  17516.9  -2643.11  223.483  14326.7
568  128  2025-06-09 22-12-45  2140.8  17526.8  -2648.33  223.541  14318.7
569  128  2025-06-09 22-12-45  2142.4  17536.6  -2653.66  223.598  14328.5
570  128  2025-06-09 22-12-45  2144  17546.4  -2658.91  223.656  14320.6
571  128  2025-06-09 22-12-45  2145.6  17556.3  -2664.27  223.713  14330.4
572  128  2025-06-09 22-12-45  2147.2  17566.1  -2669.54  223.771  14322.4
573  128  2025-06-09 22-12-45  2148.8  17576  -2674.73  223.829  14314.5
574  128  2025-06-09 22-12-45  2150.4  17585.9  -2680.03  223.886  14324.2
575  128  2025-06-09 22-12-45  2152  17595.8  -2685.24  223.944  14316.2
576  128  2025-06-09 22-12-45  2153.6  17605.6  -2690.56  224.001  14325.9
577  128  2025-06-09 22-12-45  2155.2  17615.5  -2695.8  224.059  14318
578  128  2025-06-09 22-12-45  2156.8  17625.4  -2701.15  224.116  14327.7
579  128  2025-06-09 22-12-45  2158.4  17635.3  -2706.41  224.174  14319.8
580  128  2025-06-09 22-12-45  2160  17645.2  -2711.59  224.231  14311.8
581  128  2025-06-09 22-12-45  2161.6  17655.2  -2716.88  224.289  14321.5
582  128  2025-06-09 22-12-45  2163.2  17665.1  -2722.09  224.347  14313.5
583  128  2025-06-09 22-12-45  2164.8  17675  -2727.4  224.404  14323.2
584  128  2025-06-09 22-12-45  2166.4  17685  -2732.62  224.462  14315.2
585  128  2025-06-09 22-12-45  2168  17694.9  -2737.96  224.519  14324.9
586  128  2025-06-09 22-12-45  2169.6  17704.8  -2743.21  224.577  14316.9
587  128  2025-06-09 22-12-45  2171.2  17714.8  -2748.38  224.634  14308.9
588  128  2025-06-09 22-12-45  2172.8  17724.8  -2753.65  224.692  14318.5
589  128  2025-06-09 22-12-45  2174.4  17734.8  -2758.84  224.749  14310.5
590  128  2025-06-09 22-12-45  2176  17744.8  -2764.14  224.807  14320.1
591  128  2025-06-09 22-12-45  2177.6  17754.8  -2769.35  224.865  14312.1
592  128  2025-06-09 22-12-45  2179.2  17764.7  -2774.67  224.922  14321.8
593  128  2025-06-09 22-12-45  2180.8  17774.8  -2779.91  224.98  14313.8
594  128  2025-06-09 22-12-45  2182.4  17784.7  -2785.25  225.037  14323.5
595  128  2025-06-09 22-12-45  2184  17794.7  -2790.51  225.095  14315.5
596  128  2025-06-09 22-12-45  2185.6  17804.8  -2795.69  225.152  14307.5
597  128  2025-06-09 22-12-45  2187.2  17814.8  -2800.97  225.21  14317.1
598  128  2025-06-09 22-12-45  2188.8  17824.9  -2806.17  225.267  14309
599  128  2025-06-09 22-12-45  2190.4  17834.9  -2811.48  225.325  14318.7
600  128  2025-06-09 22-12-45  2192  17844.9  -2816.7  225.383  14310.7
601  128  2025-06-09 22-12-45  2193.6  17855  -2822.03  225.44  14320.3
602  128  2025-06-09 22-12-45  2195.2  17865  -2827.27  225.498  14312.3
603  128  2025-06-09 22-12-45  2196.8  17875  -14032.6  225.555  14322
604  128  2025-06-09 22-12-45  2198.4  17885.1  -14037.9  225.613  14314
605  128  2025-06-09 22-12-45  2200  17895.2  -14043.1  225.67  14305.9
606  128  2025-06-09 22-12-45  2201.6  17905.3  -14048.4  225.728  14315.5
607  128  2025-06-09 22-12-45  2203.2  17915.4  -14053.6  225.785  14307.5
608  128  2025-06-09 22-12-45  2204.8  17925.5  -14058.9  225.843  14317.1
609  128  2025-06-09 22-12-45  2206.4  17935.6  -14064.1  225.901  14309
610  128  2025-06-09 22-12-45  2208  17945.7  -14069.4  225.958  14318.7
611  128  2025-06-09 22-12-45  2209.6  17955.8  -14074.7  226.016  14310.7
612  128  2025-06-09 22-12-45  2211.2  17965.9  -14080.1  226.073  14320.3
613  128  2025-06-09 22-12-45  2212.8  17976  -14085.3  226.131  14312.3
614  128  2025-06-09 22-12-45  2214.4  17986.2  -14090.5  226.188  14304.2
615  128  2025-06-09 22-12-45  2216  17996.3  -14095.8  226.246  14313.8
616  128  2025-06-09 22-12-45  2217.6  18006.5  -14101  226.303  14305.7
617  128  2025-06-09 22-12-45  2219.2  18016.6  -14106.3  226.361  14315.3
618  128  2025-06-09 22-12-45  2220.8  18026.8  -14111.6  226.419  14307.3
619  128  2025-06-09 22-12-45  2222.4  18036.9  -14116.9  226.476  14316.9
620  128  2025-06-09 22-12-45  2224  18047.1  -14122.2  226.534  14308.9
621  128  2025-06-09 22-12-45  2225.6  18057.3  -14127.3  226.591  14300.7
622  128  2025-06-09 22-12-45  2227.2  18067.5  -14132.6  226.649  14310.3
623  128  2025-06-09 22-12-45  2228.8  18077.7  -14137.8  226.706  14302.2
624  128  2025-06-09 22-12-45  2230.4  18087.9  -14143.1  226.764  14311.8
625  128  2025-06-09 22-12-45  2232  18098.1  -14148.3  226.821  14303.7
626  128  2025-06-09 22-12-45  2233.6  18108.3  -14153.6  226.879  14313.3
627  128  2025-06-09 22-12-45  2235.2  18118.5  -14158.8  226.937  14305.2
628  128  2025-06-09 22-12-45  2236.8  18128.7  -14164.2  226.994  14314.8
629  128  2025-06-09 22-12-45  2238.4  18138.9  -14169.4  227.052  14306.8
630  128  2025-06-09 22-12-45  2240  18149.1  -14174.8  227.109  14316.4
631  128  2025-06-09 22-12-45  2241.6  18159.4  -14180.1  227.167  14308.3
632  128  2025-06-09 22-12-45  2243.2  18169.7  -14185.3  227.224  14300.2
633  128  2025-06-09 22-12-45  2244.8  18179.9  -14190.6  227.282  14309.8
634  128  2025-06-09 22-12-45  2246.4  18190.2  -14195.8  227.339  14301.7
635  128  2025-06-09 22-12-45  2248  18200.4  -14201.1  227.397  14311.2
636  128  2025-06-09 22-12-45  2249.6  18210.7  -14206.3  227.455  14303.2
637  128  2025-06-09 22-12-45  2251.2  18221  -14211.7  227.512  14312.8
638  128  2025-06-09 22-12-45  2252.8  18231.3  -14216.9  227.57  14304.7
639  128  2025-06-09 22-12-45  2254.4  18241.6  -14222.1  227.627  14296.5
640  128  2025-06-09 22-12-45  2256  18251.9  -14227.4  227.685  14306
641  128  2025-06-09 22-12-45  2257.6  18262.2  -14232.5  227.742  14297.9
642  128  2025-06-09 22-12-45  2259.2  18272.5  -14237.8  227.8  14307.5
643  128  2025-06-09 22-12-45  2260.8  18282.9  -14243.1  227.857  14299.3
644  128  2025-06-09 22-12-45  2262.4  18293.2  -14248.4  227.915  14308.9
645  128  2025-06-09 22-12-45  2264  18303.5  -14253.6  227.973  14300.8
646  128  2025-06-09 22-12-45  2265.6  18313.8  -14258.9  228.03  14310.4
647  128  2025-06-09 22-12-45  2267.2  18324.2  -14264.2  228.088  14302.3
648  128  2025-06-09 22-12-45  2268.8  18334.6  -14269.3  228.145  14294.1
649  128  2025-06-09 22-12-45  2270.4  18345  -14274.6  228.203  14303.6
650  128  2025-06-09 22-12-45  2272  18355.4  -14279.8  228.26  14295.5
651  128  2025-06-09 22-12-45  2273.6  18365.7  -14285.1  228.318  14305
652  128  2025-06-09 22-12-45  2275.2  18376.1  -14290.3  228.375  14296.8
653  128  2025-06-09 22-12-45  2276.8  18386.5  -14295.6  228.433  14306.4
654  128  2025-06-09 22-12-45  2278.4  18396.9  -14300.8  228.491  14298.3
655  128  2025-06-09 22-12-45  2280  18407.3  -14306.2  228.548  14307.8
656  128  2025-06-09 22-12-45  2281.6  18417.7  -14311.4  228.606  14299.7
657  128  2025-06-09 22-12-45  2283.2  18428  -14316.8  228.663  14309.3
658  128  2025-06-09 22-12-45  2284.8  18438.5  -14322  228.721  14301.2
659  128  2025-06-09 22-12-45  2286.4  18448.9  -14327.2  228.778  14293
660  128  2025-06-09 22-12-45  2288  18459.3  -14332.5  228.836  14302.6
661  128  2025-06-09 22-12-45  2289.6  18469.8  -14337.7  228.893  14294.4
662  128  2025-06-09 22-12-45  2291.2  18480.2  -14343  228.951  14303.9
663  128  2025-06-09 22-12-45  2292.8  18490.7  -14348.2  229.009  14295.8
664  128  2025-06-09 22-12-45  2294.4  18501.2  -14353.4  229.066  14287.6
665  128  2025-06-09 22-12-45  2296  18511.8  -14358.4  229.124  14279.3
666  128  2025-06-09 22-12-45  2297.6  18522.4  -14363.3  229.181  14270.9
667  128  2025-06-09 22-12-45  2299.2  18533.1  -14368.2  229.239  14262.4
668  128  2025-06-09 22-12-45  2300.8  18543.8  -14372.9  229.296  14253.9
669  128  2025-06-09 22-12-45  2302.4  18554.6  -14377.6  229.21  14245.2
670  128  2025-06-09 22-12-45  2304  18565.4  -14382.1  229.124  14236.5
671  128  2025-06-09 22-12-45  2305.6  18576.2  -14386.5  229.037  14227.8
672  128  2025-06-09 22-12-45  2307.2  18587.1  -14390.8  228.951  14218.9
673  128  2025-06-09 22-12-45  2308.8  18598  -14395.1  228.865  14210
674  128  2025-06-09 22-12-45  2310.4  18608.9  -14399.2  228.778  14200.9
675  128  2025-06-09 22-12-45  2312  18619.9  -14403.3  228.836  14201.5
676  128  2025-06-09 22-12-45  2313.6  18630.8  -14407.4  228.893  14202.1
677  128  2025-06-09 22-12-45  2315.2  18641.8  -14411.5  228.951  14202.8
678  128  2025-06-09 22-12-45  2316.8  18652.7  -14415.6  229.009  14203.4
679  128  2025-06-09 22-12-45  2318.4  18663.6  -14419.8  229.066  14204
680  128  2025-06-09 22-12-45  2320  18674.6  -14424  229.124  14204.7
681  128  2025-06-09 22-12-45  2321.6  18685.5  -14428.1  229.181  14205.4
682  128  2025-06-09 22-12-45  2323.2  18696.5  -14432.3  229.239  14206.1
683  128  2025-06-09 22-12-45  2324.8  18707.5  -14436.5  229.296  14206.8
684  128  2025-06-09 22-12-45  2326.4  18718.4  -14440.7  229.354  14207.6
685  128  2025-06-09 22-12-45  2328  18729.4  -14444.9  229.411  14208.3
686  128  2025-06-09 22-12-45  2329.6  18740.3  -14449.1  229.469  14209.1
687  128  2025-06-09 22-12-45  2331.2  18751.3  -14453.4  229.527  14209.9
688  128  2025-06-09 22-12-45  2332.8  18762.3  -14457.6  229.584  14210.7
689  128  2025-06-09 22-12-45  2334.4  18773.2  -14461.9  229.642  14211.5
690  128  2025-06-09 22-12-45  2336  18784.2  -14466.1  229.699  14212.3
691  128  2025-06-09 22-12-45  2337.6  18795.2  -14470.4  229.757  14213.2
692  128  2025-06-09 22-12-45  2339.2  18806.1  -14474.7  229.814  14214
693  128  2025-06-09 22-12-45  2340.8  18817.1  -14479  229.872  14214.9
694  128  2025-06-09 22-12-45  2342.4  18828.1  -14483.3  229.93  14215.8
695  128  2025-06-09 22-12-45  2344  18839.1  -14487.7  229.987  14216.7
696  128  2025-06-09 22-12-45  2345.6  18850  -14492  230.045  14217.6
697  128  2025-06-09 22-12-45  2347.2  18861  -14496.4  230.102  14218.6
698  128  2025-06-09 22-12-45  2348.8  18872  -14500.7  230.16  14219.6
699  128  2025-06-09 22-12-45  2350.4  18883  -14505.1  230.217  14220.5
700  128  2025-06-09 22-12-45  2352  18893.9  -14509.5  230.275  14221.5
701  128  2025-06-09 22-12-45  2353.6  18904.9  -14514  230.332  14222.5
702  128  2025-06-09 22-12-45  2355.2  18915.9  -14518.4  230.39  14223.6
703  128  2025-06-09 22-12-45  2356.8  18926.9  -14522.8  230.448  14224.6
704  128  2025-06-09 22-12-45  2358.4  18937.9  -14527.3  230.505  14225.6
705  128  2025-06-09 22-12-45  2360  18948.8  -14531.8  230.563  14226.7
706  128  2025-06-09 22-12-45  2361.6  18959.8  -14536.2  230.62  14227.8
707  128  2025-06-09 22-12-45  2363.2  18970.8  -14540.7  230.534  14228.9
708  128  2025-06-09 22-12-45  2364.8  18981.8  -14545.2  230.591  14222
709  128  2025-06-09 22-12-45  2366.4  18992.8  -14549.5  230.649  14214.9
710  128  2025-06-09 22-12-45  2368  19003.9  -14553.8  230.707  14207.8
711  128  2025-06-09 22-12-45  2369.6  19015  -14557.9  230.764  14200.7
712  128  2025-06-09 22-12-45  2371.2  19026.2  -14562  230.822  14193.5
713  128  2025-06-09 22-12-45  2372.8  19037.4  -14566  230.879  14186.2
714  128  2025-06-09 22-12-45  2374.4  19048.6  -14569.9  230.937  14178.8
715  128  2025-06-09 22-12-45  2376  19059.9  -14573.7  230.994  14171.4
716  128  2025-06-09 22-12-45  2377.6  19071.2  -14577.5  231.052  14164
717  128  2025-06-09 22-12-45  2379.2  19082.5  -14581.1  231.109  14156.4
718  128  2025-06-09 22-12-45  2380.8  19093.9  -14584.6  231.167  14148.8
719  128  2025-06-09 22-12-45  2382.4  19105.3  -14588.1  231.225  14141.2
720  128  2025-06-09 22-12-45  2384  19116.8  -14591.4  231.282  14133.4
721  128  2025-06-09 22-12-45  2385.6  19128.3  -14594.7  231.34  14125.6
722  128  2025-06-09 22-12-45  2387.2  19139.8  -14597.9  231.397  14117.8
723  128  2025-06-09 22-12-45  2388.8  19151.3  -14600.9  231.455  14109.9
724  128  2025-06-09 22-12-45  2390.4  19162.9  -14603.9  231.512  14101.9
725  128  2025-06-09 22-12-45  2392  19174.5  -14606.8  231.57  14093.8
726  128  2025-06-09 22-12-45  2393.6  19186.1  -14609.5  231.627  14085.7
727  128  2025-06-09 22-12-45  2395.2  19197.8  -14612.2  231.685  14077.6
728  128  2025-06-09 22-12-45  2396.8  19209.5  -14614.7  231.743  14069.3
729  128  2025-06-09 22-12-45  2398.4  19221.2  -14617.2  231.8  14061
730  128  2025-06-09 22-12-45  2400  19233  -14619.6  231.714  14060.7
731  128  2025-06-09 22-12-45  2401.6  19244.7  -14622.1  231.627  14060.4
732  128  2025-06-09 22-12-45  2403.2  19256.4  -14624.5  231.541  14060.2
733  128  2025-06-09 22-12-45  2404.8  19268.1  -14626.9  231.455  14060
734  128  2025-06-09 22-12-45  2406.4  19279.8  -14629.4  231.368  14059.7
735  128  2025-06-09 22-12-45  2408  19291.5  -14631.6  231.455  14043.7
736  128  2025-06-09 22-12-45  2409.6  19303.3  -14633.6  231.541  2827.73
737  128  2025-06-09 22-12-45  2411.2  19315.1  -14635.4  231.627  2812.33
738  128  2025-06-09 22-12-45  2412.8  19326.9  -14637.2  231.714  2810.09
739  128  2025-06-09 22-12-45  2414.4  19338.8  -14639  231.8  2807.85
740  128  2025-06-09 22-12-45  2416  19350.6  -14640.8  231.886  2805.61
741  128  2025-06-09 22-12-45  2417.6  19362.5  -14642.5  231.973  2803.36
742  128  2025-06-09 22-12-45  2419.2  19374.4  -14644.2  232.059  2801.12
743  128  2025-06-09 22-12-45  2420.8  19386.3  -14645.8  232.145  2798.88
744  128  2025-06-09 22-12-45  2422.4  19398.2  -14647.4  232.232  2796.64
