SN    USVID    CurTime    simTime    CurX    CurY    CurVel      CurYaw   
0  144  2025-06-09 22-10-06  0  2440  14512  192  2672
1  144  2025-06-09 22-10-06  1.6  2448.01  14511.9  192.058  2680.08
2  144  2025-06-09 22-10-06  3.2  2456.02  14511.8  192.115  2688.24
3  144  2025-06-09 22-10-06  4.8  2464.03  14511.6  192.173  2696.48
4  144  2025-06-09 22-10-06  6.4  2472.05  14511.3  192.23  2704.8
5  144  2025-06-09 22-10-06  8  2480.07  14510.9  192.288  2713.2
6  144  2025-06-09 22-10-06  9.6  2488.09  14510.5  192.345  2721.68
7  144  2025-06-09 22-10-06  11.2  2496.12  14510  192.403  2730.24
8  144  2025-06-09 22-10-06  12.8  2504.14  14509.4  192.46  2738.88
9  144  2025-06-09 22-10-06  14.4  2512.16  14508.7  192.518  2747.6
10  144  2025-06-09 22-10-06  128  2520.19  14508  192.576  2756.4
11  144  2025-06-09 22-10-06  129.6  2528.21  14507.2  192.633  2765.28
12  144  2025-06-09 22-10-06  131.2  2536.23  14506.3  192.691  2774.24
13  144  2025-06-09 22-10-06  132.8  2544.25  14505.4  192.748  2775.2
14  144  2025-06-09 22-10-06  134.4  2552.28  14504.4  192.806  2776.16
15  144  2025-06-09 22-10-06  136  2560.31  14503.5  192.863  2777.12
16  144  2025-06-09 22-10-06  137.6  2568.35  14502.6  192.921  2778.08
17  144  2025-06-09 22-10-06  139.2  2576.39  14501.6  192.978  2779.04
18  144  2025-06-09 22-10-06  140.8  2584.44  14500.7  193.036  2780
19  144  2025-06-09 22-10-06  142.4  2592.49  14499.7  193.094  2780.96
20  144  2025-06-09 22-10-06  144  2600.55  14498.8  193.151  2781.92
21  144  2025-06-09 22-10-06  145.6  2608.61  14497.8  193.209  2782.88
22  144  2025-06-09 22-10-06  147.2  2616.68  14496.8  193.266  2783.84
23  144  2025-06-09 22-10-06  148.8  2624.75  14495.8  193.324  2784.8
24  144  2025-06-09 22-10-06  150.4  2632.83  14494.8  193.381  2785.76
25  144  2025-06-09 22-10-06  152  2640.91  14493.8  193.439  2786.72
26  144  2025-06-09 22-10-06  153.6  2648.99  14492.7  193.496  2787.68
27  144  2025-06-09 22-10-06  155.2  2657.08  14491.7  193.554  2788.64
28  144  2025-06-09 22-10-06  156.8  2665.17  14490.7  193.612  2789.6
29  144  2025-06-09 22-10-06  158.4  2673.27  14489.6  193.669  2790.56
30  144  2025-06-09 22-10-06  160  2681.38  14488.6  193.727  2791.52
31  144  2025-06-09 22-10-06  161.6  2689.48  14487.5  193.784  2792.48
32  144  2025-06-09 22-10-06  163.2  2697.6  14486.4  193.842  2793.44
33  144  2025-06-09 22-10-06  164.8  2705.71  14485.3  193.899  2794.4
34  144  2025-06-09 22-10-06  166.4  2713.83  14484.2  193.957  2795.36
35  144  2025-06-09 22-10-06  168  2721.96  14483.1  194.014  2796.32
36  144  2025-06-09 22-10-06  169.6  2730.09  14482  194.072  2797.28
37  144  2025-06-09 22-10-06  171.2  2738.23  14480.9  194.13  2798.24
38  144  2025-06-09 22-10-06  172.8  2746.37  14479.7  194.187  2799.2
39  144  2025-06-09 22-10-06  174.4  2754.51  14478.6  194.245  2800.16
40  144  2025-06-09 22-10-06  176  2762.66  14477.4  194.302  2801.12
41  144  2025-06-09 22-10-06  177.6  2770.81  14476.3  194.36  2802.08
42  144  2025-06-09 22-10-06  179.2  2778.97  14475.1  194.417  2803.04
43  144  2025-06-09 22-10-06  180.8  2787.13  14473.9  194.475  2804
44  144  2025-06-09 22-10-06  182.4  2795.3  14472.7  194.532  2804.96
45  144  2025-06-09 22-10-06  184  2803.47  14471.5  194.59  2805.92
46  144  2025-06-09 22-10-06  185.6  2811.65  14470.3  194.648  2806.88
47  144  2025-06-09 22-10-06  187.2  2819.83  14469.1  194.705  2807.84
48  144  2025-06-09 22-10-06  188.8  2828.01  14467.8  194.763  2808.8
49  144  2025-06-09 22-10-06  190.4  14036.2  14466.6  194.82  2809.76
50  144  2025-06-09 22-10-06  192  14044.4  14465.3  194.878  2810.72
51  144  2025-06-09 22-10-06  193.6  14052.6  14464.1  194.935  2811.68
52  144  2025-06-09 22-10-06  195.2  14060.8  14462.8  194.993  2812.64
53  144  2025-06-09 22-10-06  196.8  14069  14461.5  195.05  2813.6
54  144  2025-06-09 22-10-06  198.4  14077.2  14460.3  195.108  2814.56
55  144  2025-06-09 22-10-06  200  14085.4  14459  195.166  2815.52
56  144  2025-06-09 22-10-06  201.6  14093.6  14457.7  195.223  2816.48
57  144  2025-06-09 22-10-06  203.2  14101.9  14456.3  195.281  2817.44
58  144  2025-06-09 22-10-06  204.8  14110.1  14455  195.338  2818.4
59  144  2025-06-09 22-10-06  206.4  14118.3  14453.7  195.396  2819.36
60  144  2025-06-09 22-10-06  208  14126.6  14452.3  195.453  2820.32
61  144  2025-06-09 22-10-06  209.6  14134.8  14451  195.511  2821.28
62  144  2025-06-09 22-10-06  211.2  14143  14449.6  195.568  2822.24
63  144  2025-06-09 22-10-06  212.8  14151.3  14448.2  195.626  2823.2
64  144  2025-06-09 22-10-06  214.4  14159.5  14446.9  195.684  2824.16
65  144  2025-06-09 22-10-06  216  14167.8  14445.5  195.741  2825.12
66  144  2025-06-09 22-10-06  217.6  14176.1  14444.1  195.799  2826.08
67  144  2025-06-09 22-10-06  219.2  14184.3  14442.7  195.856  2827.04
68  144  2025-06-09 22-10-06  220.8  14192.6  14441.2  195.914  2828
69  144  2025-06-09 22-10-06  222.4  14200.9  14439.8  195.971  2828.96
70  144  2025-06-09 22-10-06  224  14209.2  14438.4  196.029  2829.92
71  144  2025-06-09 22-10-06  225.6  14217.4  14436.9  196.086  2830.88
72  144  2025-06-09 22-10-06  227.2  14225.7  14435.5  196.144  2831.84
73  144  2025-06-09 22-10-06  228.8  14234  14434  196.202  14032.8
74  144  2025-06-09 22-10-06  230.4  14242.3  14432.5  196.259  14033.8
75  144  2025-06-09 22-10-06  232  14250.6  14431  196.317  14034.7
76  144  2025-06-09 22-10-06  233.6  14258.9  14429.5  196.374  14035.7
77  144  2025-06-09 22-10-06  235.2  14267.2  14428  196.432  14036.6
78  144  2025-06-09 22-10-06  236.8  14275.5  14426.5  196.489  14037.6
79  144  2025-06-09 22-10-06  238.4  14283.9  14425  196.547  14038.6
80  144  2025-06-09 22-10-06  240  14292.2  14423.4  196.604  14039.5
81  144  2025-06-09 22-10-06  241.6  14300.5  14421.9  196.662  14040.5
82  144  2025-06-09 22-10-06  243.2  14308.8  14420.3  196.72  14041.4
83  144  2025-06-09 22-10-06  244.8  14317.2  14418.8  196.777  14042.4
84  144  2025-06-09 22-10-06  246.4  14325.5  14417.2  196.835  14043.4
85  144  2025-06-09 22-10-06  248  14333.8  14415.6  196.892  14044.3
86  144  2025-06-09 22-10-06  249.6  14342.2  14414  196.95  14045.3
87  144  2025-06-09 22-10-06  251.2  14350.5  14412.4  197.007  14046.2
88  144  2025-06-09 22-10-06  252.8  14358.9  14410.8  197.065  14047.2
89  144  2025-06-09 22-10-06  254.4  14367.2  14409.1  197.122  14048.2
90  144  2025-06-09 22-10-06  256  14375.6  14407.5  197.18  14049.1
91  144  2025-06-09 22-10-06  257.6  14383.9  14405.9  197.238  14050.1
92  144  2025-06-09 22-10-06  259.2  14392.3  14404.2  197.295  14051
93  144  2025-06-09 22-10-06  260.8  14400.7  14402.5  197.353  14052
94  144  2025-06-09 22-10-06  262.4  14409.1  14400.9  197.41  14053
95  144  2025-06-09 22-10-06  264  14417.4  14399.2  197.468  14053.9
96  144  2025-06-09 22-10-06  265.6  14425.8  14397.5  197.525  14054.9
97  144  2025-06-09 22-10-06  267.2  14434.2  14395.8  197.583  14055.8
98  144  2025-06-09 22-10-06  268.8  14442.6  14394.1  197.641  14056.8
99  144  2025-06-09 22-10-06  270.4  14451  14392.3  197.698  14057.8
100  144  2025-06-09 22-10-06  1392  14459.4  14390.6  197.756  14058.7
101  144  2025-06-09 22-10-06  1393.6  14467.8  14388.9  197.813  14059.7
102  144  2025-06-09 22-10-06  1395.2  14476.2  14387.1  197.871  14060.6
103  144  2025-06-09 22-10-06  1396.8  14484.6  14385.3  197.928  14061.6
104  144  2025-06-09 22-10-06  1398.4  14493  14383.6  197.986  14062.6
105  144  2025-06-09 22-10-06  1400  14501.4  14381.8  198.043  14063.5
106  144  2025-06-09 22-10-06  1401.6  14509.9  14380  198.101  14064.5
107  144  2025-06-09 22-10-06  1403.2  14518.3  14378.2  198.159  14065.4
108  144  2025-06-09 22-10-06  1404.8  14526.7  14376.4  198.216  14066.4
109  144  2025-06-09 22-10-06  1406.4  14535.2  14374.6  198.274  14067.4
110  144  2025-06-09 22-10-06  1408  14543.6  14372.7  198.331  14068.3
111  144  2025-06-09 22-10-06  1409.6  14552  14370.9  198.389  14069.3
112  144  2025-06-09 22-10-06  1411.2  14560.5  14369  198.446  14070.2
113  144  2025-06-09 22-10-06  1412.8  14568.9  14367.2  198.504  14071.2
114  144  2025-06-09 22-10-06  1414.4  14577.4  14365.3  198.561  14072.2
115  144  2025-06-09 22-10-06  1416  14585.8  14363.4  198.619  14073.1
116  144  2025-06-09 22-10-06  1417.6  14594.3  14361.5  198.677  14074.1
117  144  2025-06-09 22-10-06  1419.2  14602.7  14359.6  198.734  14075
118  144  2025-06-09 22-10-06  1420.8  14611.2  14357.7  198.792  14076
119  144  2025-06-09 22-10-06  1422.4  14619.7  14355.8  198.849  14077
120  144  2025-06-09 22-10-06  1424  14628.1  14353.8  198.907  14077.9
121  144  2025-06-09 22-10-06  1425.6  14636.6  14351.9  198.964  14078.9
122  144  2025-06-09 22-10-06  1427.2  14645.1  14349.9  199.022  14079.8
123  144  2025-06-09 22-10-06  1428.8  14653.6  14347.9  199.079  14080.8
124  144  2025-06-09 22-10-06  1430.4  14662.1  14346  199.137  14081.8
125  144  2025-06-09 22-10-06  1432  14670.6  14344  199.195  14082.7
126  144  2025-06-09 22-10-06  1433.6  14679.1  14342  199.252  14083.7
127  144  2025-06-09 22-10-06  1435.2  14687.6  14340  199.31  14084.6
128  144  2025-06-09 22-10-06  1436.8  14696.1  14338  199.367  14085.6
129  144  2025-06-09 22-10-06  1438.4  14704.6  14335.9  199.425  14086.6
130  144  2025-06-09 22-10-06  1440  14713.1  14333.9  199.482  14087.5
131  144  2025-06-09 22-10-06  1441.6  14721.6  14331.8  199.54  14088.5
132  144  2025-06-09 22-10-06  1443.2  14730.1  14329.8  199.597  14089.4
133  144  2025-06-09 22-10-06  1444.8  14738.6  14327.7  199.655  14090.4
134  144  2025-06-09 22-10-06  1446.4  14747.1  14325.6  199.713  14091.4
135  144  2025-06-09 22-10-06  1448  14755.7  14323.6  199.77  14092.3
136  144  2025-06-09 22-10-06  1449.6  14764.2  14321.5  199.828  14093.3
137  144  2025-06-09 22-10-06  1451.2  14772.7  14319.3  199.885  14094.2
138  144  2025-06-09 22-10-06  1452.8  14781.2  14317.2  199.943  14095.2
139  144  2025-06-09 22-10-06  1454.4  14789.8  14315.1  200  14096.2
140  144  2025-06-09 22-10-06  1456  14798.3  14313  200.058  14097.1
141  144  2025-06-09 22-10-06  1457.6  14806.9  14310.8  200.115  14098.1
142  144  2025-06-09 22-10-06  1459.2  14815.4  14308.6  200.173  14099
143  144  2025-06-09 22-10-06  1460.8  14824  14306.5  200.231  14100
144  144  2025-06-09 22-10-06  1462.4  14832.5  14304.3  200.288  14101
145  144  2025-06-09 22-10-06  1464  14841.1  14302.1  200.346  14101.9
146  144  2025-06-09 22-10-06  1465.6  14849.6  14299.9  200.403  14102.9
147  144  2025-06-09 22-10-06  1467.2  14858.2  14297.7  200.461  14103.8
148  144  2025-06-09 22-10-06  1468.8  14866.8  14295.5  200.518  14104.8
149  144  2025-06-09 22-10-06  1470.4  14875.4  14293.2  200.576  14105.8
150  144  2025-06-09 22-10-06  1472  14883.9  14291  200.633  14106.7
151  144  2025-06-09 22-10-06  1473.6  14892.5  14288.7  200.691  14107.7
152  144  2025-06-09 22-10-06  1475.2  14901.1  14286.5  200.749  14108.6
153  144  2025-06-09 22-10-06  1476.8  14909.7  14284.2  200.806  14109.6
154  144  2025-06-09 22-10-06  1478.4  14918.3  14281.9  200.864  14110.6
155  144  2025-06-09 22-10-06  1480  14926.8  14279.6  200.921  14111.5
156  144  2025-06-09 22-10-06  1481.6  14935.4  14277.3  200.979  14112.5
157  144  2025-06-09 22-10-06  1483.2  14944  14275  201.036  14113.4
158  144  2025-06-09 22-10-06  1484.8  14952.6  14272.6  201.094  14114.4
159  144  2025-06-09 22-10-06  1486.4  14961.2  14270.3  201.151  14115.4
160  144  2025-06-09 22-10-06  1488  14969.8  14268  201.209  14116.3
161  144  2025-06-09 22-10-06  1489.6  14978.5  14265.6  201.267  14117.3
162  144  2025-06-09 22-10-06  1491.2  14987.1  14263.2  201.324  14118.2
163  144  2025-06-09 22-10-06  1492.8  14995.7  14260.8  201.382  14119.2
164  144  2025-06-09 22-10-06  1494.4  15004.3  14258.5  201.439  14120.2
165  144  2025-06-09 22-10-06  1496  15012.9  14256.1  201.497  14121.1
166  144  2025-06-09 22-10-06  1497.6  15021.5  14253.6  201.554  14122.1
167  144  2025-06-09 22-10-06  1499.2  15030.2  14251.2  201.612  14123
168  144  2025-06-09 22-10-06  1500.8  15038.8  14248.8  201.669  14124
169  144  2025-06-09 22-10-06  1502.4  15047.4  14246.3  201.727  14125
170  144  2025-06-09 22-10-06  1504  15056.1  14243.9  201.785  14125.9
171  144  2025-06-09 22-10-06  1505.6  15064.7  14241.4  201.842  14126.9
172  144  2025-06-09 22-10-06  1507.2  15073.4  14238.9  201.9  14127.8
173  144  2025-06-09 22-10-06  1508.8  15082  14236.5  201.957  14128.8
174  144  2025-06-09 22-10-06  1510.4  15090.6  14234  202.015  14129.8
175  144  2025-06-09 22-10-06  1512  15099.3  14231.4  202.072  14130.7
176  144  2025-06-09 22-10-06  1513.6  15108  14228.9  202.13  14131.7
177  144  2025-06-09 22-10-06  1515.2  15116.6  14226.4  202.187  14132.6
178  144  2025-06-09 22-10-06  1516.8  15125.3  14223.9  202.245  14133.6
179  144  2025-06-09 22-10-06  1518.4  15133.9  14221.3  202.303  14134.6
180  144  2025-06-09 22-10-06  1520  15142.6  14218.7  202.36  14135.5
181  144  2025-06-09 22-10-06  1521.6  15151.3  14216.2  202.418  14136.5
182  144  2025-06-09 22-10-06  1523.2  15159.9  14213.6  202.475  14137.4
183  144  2025-06-09 22-10-06  1524.8  15168.6  14211  202.533  14138.4
184  144  2025-06-09 22-10-06  1526.4  15177.3  14208.4  202.59  14139.4
185  144  2025-06-09 22-10-06  1528  15186  14205.8  202.648  14140.3
186  144  2025-06-09 22-10-06  1529.6  15194.6  14203.1  202.705  14141.3
187  144  2025-06-09 22-10-06  1531.2  15203.3  14200.5  202.763  14142.2
188  144  2025-06-09 22-10-06  1532.8  15212  14197.9  202.821  14143.2
189  144  2025-06-09 22-10-06  1534.4  15220.7  14195.2  202.878  14144.2
190  144  2025-06-09 22-10-06  1536  15229.4  14192.5  202.936  14145.1
191  144  2025-06-09 22-10-06  1537.6  15238.1  14189.9  202.993  14146.1
192  144  2025-06-09 22-10-06  1539.2  15246.8  14187.2  203.051  14147
193  144  2025-06-09 22-10-06  1540.8  15255.5  14184.5  203.108  14148
194  144  2025-06-09 22-10-06  1542.4  15264.2  14181.8  203.166  14149
195  144  2025-06-09 22-10-06  1544  15272.9  14179  203.223  14149.9
196  144  2025-06-09 22-10-06  1545.6  15281.6  14176.3  203.281  14150.9
197  144  2025-06-09 22-10-06  1547.2  15290.3  14173.5  203.339  14151.8
198  144  2025-06-09 22-10-06  1548.8  15299  14170.8  203.396  14152.8
199  144  2025-06-09 22-10-06  1550.4  15307.8  14168  203.454  14153.8
200  144  2025-06-09 22-10-06  1552  15316.5  14165.2  203.511  14154.7
201  144  2025-06-09 22-10-06  1553.6  15325.2  14162.5  203.569  14155.7
202  144  2025-06-09 22-10-06  1555.2  15333.9  14159.7  203.626  14156.6
203  144  2025-06-09 22-10-06  1556.8  15342.7  14156.8  203.684  14157.6
204  144  2025-06-09 22-10-06  1558.4  15351.4  14154  203.741  14158.6
205  144  2025-06-09 22-10-06  1560  15360.1  14151.2  203.799  14159.5
206  144  2025-06-09 22-10-06  1561.6  15368.8  14148.4  203.857  14160.5
207  144  2025-06-09 22-10-06  1563.2  15377.6  14145.5  203.914  14161.4
208  144  2025-06-09 22-10-06  1564.8  15386.3  14142.6  203.972  14162.4
209  144  2025-06-09 22-10-06  1566.4  15395.1  14139.8  204.029  14163.4
210  144  2025-06-09 22-10-06  1568  15403.8  14136.9  204.087  14164.3
211  144  2025-06-09 22-10-06  1569.6  15412.6  14134  204.144  14165.3
212  144  2025-06-09 22-10-06  1571.2  15421.3  14131.1  204.202  14166.2
213  144  2025-06-09 22-10-06  1572.8  15430.1  14128.1  204.259  14167.2
214  144  2025-06-09 22-10-06  1574.4  15438.8  14125.2  204.317  14168.2
215  144  2025-06-09 22-10-06  1576  15447.6  14122.3  204.375  14169.1
216  144  2025-06-09 22-10-06  1577.6  15456.3  14119.3  204.432  14170.1
217  144  2025-06-09 22-10-06  1579.2  15465.1  14116.4  204.49  14171
218  144  2025-06-09 22-10-06  1580.8  15473.9  14113.4  204.547  14172
219  144  2025-06-09 22-10-06  1582.4  15482.6  14110.4  204.605  14173
220  144  2025-06-09 22-10-06  1584  15491.4  14107.4  204.662  14173.9
221  144  2025-06-09 22-10-06  1585.6  15500.2  14104.4  204.72  14174.9
222  144  2025-06-09 22-10-06  1587.2  15508.9  14101.4  204.777  14175.8
223  144  2025-06-09 22-10-06  1588.8  15517.7  14098.3  204.835  14176.8
224  144  2025-06-09 22-10-06  1590.4  15526.5  14095.3  204.893  14177.8
225  144  2025-06-09 22-10-06  1592  15535.3  14092.2  204.95  14178.7
226  144  2025-06-09 22-10-06  1593.6  15544  14089.2  205.008  14179.7
227  144  2025-06-09 22-10-06  1595.2  15552.8  14086.1  205.065  14180.6
228  144  2025-06-09 22-10-06  1596.8  15561.6  14083  205.123  14181.6
229  144  2025-06-09 22-10-06  1598.4  15570.4  14079.9  205.18  14182.6
230  144  2025-06-09 22-10-06  1600  15579.2  14076.8  205.238  14183.5
231  144  2025-06-09 22-10-06  1601.6  15588  14073.7  205.295  14184.5
232  144  2025-06-09 22-10-06  1603.2  15596.8  14070.6  205.353  14185.4
233  144  2025-06-09 22-10-06  1604.8  15605.6  14067.4  205.411  14186.4
234  144  2025-06-09 22-10-06  1606.4  15614.4  14064.3  205.468  14187.4
235  144  2025-06-09 22-10-06  1608  15623.2  14061.1  205.526  14188.3
236  144  2025-06-09 22-10-06  1609.6  15632  14057.9  205.583  14189.3
237  144  2025-06-09 22-10-06  1611.2  15640.8  14054.8  205.641  14190.2
238  144  2025-06-09 22-10-06  1612.8  15649.6  14051.6  205.698  14191.2
239  144  2025-06-09 22-10-06  1614.4  15658.4  14048.4  205.756  14192.2
240  144  2025-06-09 22-10-06  1616  15667.2  14045.1  205.813  14193.1
241  144  2025-06-09 22-10-06  1617.6  15676  14041.9  205.871  14194.1
242  144  2025-06-09 22-10-06  1619.2  15684.8  14038.7  205.929  14195
243  144  2025-06-09 22-10-06  1620.8  15693.7  14035.4  205.986  14196
244  144  2025-06-09 22-10-06  1622.4  15702.5  14032.1  206.044  14197
245  144  2025-06-09 22-10-06  1624  15711.3  2828.87  206.101  14197.9
246  144  2025-06-09 22-10-06  1625.6  15720.1  2825.58  206.159  14198.9
247  144  2025-06-09 22-10-06  1627.2  15729  2822.28  206.216  14199.8
248  144  2025-06-09 22-10-06  1628.8  15737.8  2818.97  206.274  14200.8
249  144  2025-06-09 22-10-06  1630.4  15746.6  2815.65  206.331  14201.8
250  144  2025-06-09 22-10-06  1632  15755.4  2812.32  206.389  14202.7
251  144  2025-06-09 22-10-06  1633.6  15764.3  2808.98  206.447  14203.7
252  144  2025-06-09 22-10-06  1635.2  15773.1  2805.62  206.504  14204.6
253  144  2025-06-09 22-10-06  1636.8  15782  2802.26  206.562  14205.6
254  144  2025-06-09 22-10-06  1638.4  15790.8  2798.88  206.619  14206.6
255  144  2025-06-09 22-10-06  1640  15799.6  2795.49  206.677  14207.5
256  144  2025-06-09 22-10-06  1641.6  15808.5  2792.09  206.734  14208.5
257  144  2025-06-09 22-10-06  1643.2  15817.3  2788.68  206.792  14209.4
258  144  2025-06-09 22-10-06  1644.8  15826.2  2785.26  206.849  14210.4
259  144  2025-06-09 22-10-06  1646.4  15835  2781.83  206.907  14211.4
260  144  2025-06-09 22-10-06  1648  15843.9  2778.38  206.965  14212.3
261  144  2025-06-09 22-10-06  1649.6  15852.7  2774.93  207.022  14213.3
262  144  2025-06-09 22-10-06  1651.2  15861.6  2771.46  207.08  14214.2
263  144  2025-06-09 22-10-06  1652.8  15870.4  2767.98  207.137  14215.2
264  144  2025-06-09 22-10-06  1654.4  15879.3  2764.49  207.195  14216.2
265  144  2025-06-09 22-10-06  1656  15888.1  2760.99  207.252  14217.1
266  144  2025-06-09 22-10-06  1657.6  15897  2757.47  207.31  14218.1
267  144  2025-06-09 22-10-06  1659.2  15905.9  2753.95  207.367  14219
268  144  2025-06-09 22-10-06  1660.8  15914.7  2750.41  207.425  14220
269  144  2025-06-09 22-10-06  1662.4  15923.6  2746.87  207.483  14220.9
270  144  2025-06-09 22-10-06  1664  15932.4  2743.31  207.54  14221.9
271  144  2025-06-09 22-10-06  1665.6  15941.3  2739.74  207.598  14222.9
272  144  2025-06-09 22-10-06  1667.2  15950.2  2736.16  207.655  14223.8
273  144  2025-06-09 22-10-06  1668.8  15959.1  2732.56  207.713  14224.8
274  144  2025-06-09 22-10-06  1670.4  15967.9  2728.96  207.77  14225.7
275  144  2025-06-09 22-10-06  1672  15976.8  2725.34  207.828  14226.7
276  144  2025-06-09 22-10-06  1673.6  15985.7  2721.71  207.885  14227.7
277  144  2025-06-09 22-10-06  1675.2  15994.6  2718.08  207.943  14228.6
278  144  2025-06-09 22-10-06  1676.8  16003.4  2714.43  208.001  14229.6
279  144  2025-06-09 22-10-06  1678.4  16012.3  2710.76  208.058  14230.5
280  144  2025-06-09 22-10-06  1680  16021.2  2707.09  208.116  14231.5
281  144  2025-06-09 22-10-06  1681.6  16030.1  2703.4  208.173  14232.5
282  144  2025-06-09 22-10-06  1683.2  16039  2699.71  208.231  14233.4
283  144  2025-06-09 22-10-06  1684.8  16047.9  2696  208.288  14234.4
284  144  2025-06-09 22-10-06  1686.4  16056.7  2692.28  208.346  14235.3
285  144  2025-06-09 22-10-06  1688  16065.6  2688.55  208.404  14236.3
286  144  2025-06-09 22-10-06  1689.6  16074.5  2684.81  208.461  14237.3
287  144  2025-06-09 22-10-06  1691.2  16083.4  2681.05  208.519  14238.2
288  144  2025-06-09 22-10-06  1692.8  16092.3  2677.29  208.576  14239.2
289  144  2025-06-09 22-10-06  1694.4  16101.2  2673.51  208.634  14240.1
290  144  2025-06-09 22-10-06  1696  16110.1  2669.72  208.691  14241.1
291  144  2025-06-09 22-10-06  1697.6  16119  2665.92  208.749  14242.1
292  144  2025-06-09 22-10-06  1699.2  16127.9  2662.11  208.806  14243
293  144  2025-06-09 22-10-06  1700.8  16136.8  2658.29  208.864  14244
294  144  2025-06-09 22-10-06  1702.4  16145.7  2654.45  208.922  14244.9
295  144  2025-06-09 22-10-06  1704  16154.6  2650.6  208.979  14245.9
296  144  2025-06-09 22-10-06  1705.6  16163.5  2646.75  209.037  14246.9
297  144  2025-06-09 22-10-06  1707.2  16172.4  2642.88  209.094  14247.8
298  144  2025-06-09 22-10-06  1708.8  16181.3  2638.99  209.152  14248.8
299  144  2025-06-09 22-10-06  1710.4  16190.2  2635.1  209.209  14249.7
300  144  2025-06-09 22-10-06  1712  16199.1  2631.2  209.267  14250.7
301  144  2025-06-09 22-10-06  1713.6  16208  2627.28  209.324  14251.7
302  144  2025-06-09 22-10-06  1715.2  16216.9  2623.35  209.382  14252.6
303  144  2025-06-09 22-10-06  1716.8  16225.9  2619.41  209.44  14253.6
304  144  2025-06-09 22-10-06  1718.4  16234.8  2615.46  209.497  14254.5
305  144  2025-06-09 22-10-06  1720  16243.7  2611.5  209.555  14255.5
306  144  2025-06-09 22-10-06  1721.6  16252.6  2607.52  209.612  14256.5
307  144  2025-06-09 22-10-06  1723.2  16261.5  2603.54  209.67  14257.4
308  144  2025-06-09 22-10-06  1724.8  16270.4  2599.54  209.727  14258.4
309  144  2025-06-09 22-10-06  1726.4  16279.4  2595.53  209.785  14259.3
310  144  2025-06-09 22-10-06  1728  16288.3  2591.51  209.842  14260.3
311  144  2025-06-09 22-10-06  1729.6  16297.2  2587.47  209.9  14261.3
312  144  2025-06-09 22-10-06  1731.2  16306.1  2583.43  209.958  14262.2
313  144  2025-06-09 22-10-06  1732.8  16315  2579.37  210.015  14263.2
314  144  2025-06-09 22-10-06  1734.4  16324  2575.3  210.073  14264.1
315  144  2025-06-09 22-10-06  1736  16332.9  2571.22  210.13  14265.1
316  144  2025-06-09 22-10-06  1737.6  16341.8  2567.13  210.188  14266.1
317  144  2025-06-09 22-10-06  1739.2  16350.7  2563.03  210.245  14267
318  144  2025-06-09 22-10-06  1740.8  16359.7  2558.91  210.303  14268
319  144  2025-06-09 22-10-06  1742.4  16368.6  2554.78  210.36  14268.9
320  144  2025-06-09 22-10-06  1744  16377.5  2550.65  210.418  14269.9
321  144  2025-06-09 22-10-06  1745.6  16386.5  2546.49  210.476  14270.9
322  144  2025-06-09 22-10-06  1747.2  16395.4  2542.33  210.533  14271.8
323  144  2025-06-09 22-10-06  1748.8  16404.3  2538.16  210.591  14272.8
324  144  2025-06-09 22-10-06  1750.4  16413.2  2533.97  210.648  14273.7
325  144  2025-06-09 22-10-06  1752  16422.2  2529.77  210.706  14274.7
326  144  2025-06-09 22-10-06  1753.6  16431.1  2525.56  210.763  14275.7
327  144  2025-06-09 22-10-06  1755.2  16440.1  2521.34  210.821  14276.6
328  144  2025-06-09 22-10-06  1756.8  16449  2517.11  210.878  14277.6
329  144  2025-06-09 22-10-06  1758.4  16457.9  2512.86  210.936  14278.5
330  144  2025-06-09 22-10-06  1760  16466.9  2508.61  210.994  14279.5
331  144  2025-06-09 22-10-06  1761.6  16475.8  2504.34  211.051  14280.5
332  144  2025-06-09 22-10-06  1763.2  16484.7  2500.06  211.109  14281.4
333  144  2025-06-09 22-10-06  1764.8  16493.7  2495.77  211.166  14282.4
334  144  2025-06-09 22-10-06  1766.4  16502.6  2491.46  211.224  14283.3
335  144  2025-06-09 22-10-06  1768  16511.6  2487.14  211.281  14284.3
336  144  2025-06-09 22-10-06  1769.6  16520.5  2482.82  211.339  14285.3
337  144  2025-06-09 22-10-06  1771.2  16529.4  2478.48  211.396  14286.2
338  144  2025-06-09 22-10-06  1772.8  16538.4  2474.12  211.454  14287.2
339  144  2025-06-09 22-10-06  1774.4  16547.3  2469.76  211.512  14288.1
340  144  2025-06-09 22-10-06  1776  16556.3  2465.39  211.569  14289.1
341  144  2025-06-09 22-10-06  1777.6  16565.2  2461  211.627  14290.1
342  144  2025-06-09 22-10-06  1779.2  16574.2  2456.6  211.684  14291
343  144  2025-06-09 22-10-06  1780.8  16583.1  2452.19  211.742  14292
344  144  2025-06-09 22-10-06  1782.4  16592.1  2447.76  211.799  14292.9
345  144  2025-06-09 22-10-06  1784  16601  2443.33  211.857  14293.9
346  144  2025-06-09 22-10-06  1785.6  16609.9  2438.88  211.914  14294.9
347  144  2025-06-09 22-10-06  1787.2  16618.9  2434.42  211.972  14295.8
348  144  2025-06-09 22-10-06  1788.8  16627.8  2429.95  212.03  14296.8
349  144  2025-06-09 22-10-06  1790.4  16636.8  2425.47  212.087  14297.7
350  144  2025-06-09 22-10-06  1792  16645.7  2420.97  212.145  14298.7
351  144  2025-06-09 22-10-06  1793.6  16654.7  2416.47  212.202  14299.7
352  144  2025-06-09 22-10-06  1795.2  16663.6  2411.95  212.26  14300.6
353  144  2025-06-09 22-10-06  1796.8  16672.6  2407.42  212.317  14301.6
354  144  2025-06-09 22-10-06  1798.4  16681.5  2402.87  212.375  14302.5
355  144  2025-06-09 22-10-06  1800  16690.5  2398.32  212.432  14303.5
356  144  2025-06-09 22-10-06  1801.6  16699.4  2393.75  212.49  14304.5
357  144  2025-06-09 22-10-06  1803.2  16708.4  2389.17  212.548  14305.4
358  144  2025-06-09 22-10-06  1804.8  16717.3  2384.58  212.605  14306.4
359  144  2025-06-09 22-10-06  1806.4  16726.3  2379.98  212.663  14307.3
360  144  2025-06-09 22-10-06  1808  16735.3  2375.37  212.72  14308.3
361  144  2025-06-09 22-10-06  1809.6  16744.2  2370.74  212.778  14309.3
362  144  2025-06-09 22-10-06  1811.2  16753.2  2366.1  212.835  14310.2
363  144  2025-06-09 22-10-06  1812.8  16762.1  2361.45  212.893  14311.2
364  144  2025-06-09 22-10-06  1814.4  16771.1  2356.79  212.95  14312.1
365  144  2025-06-09 22-10-06  1816  16780  2352.11  213.008  14313.1
366  144  2025-06-09 22-10-06  1817.6  16789  2347.43  213.066  14314.1
367  144  2025-06-09 22-10-06  1819.2  16797.9  2342.73  213.123  14315
368  144  2025-06-09 22-10-06  1820.8  16806.9  2338.02  213.181  14316
369  144  2025-06-09 22-10-06  1822.4  16815.8  2333.29  213.238  14316.9
370  144  2025-06-09 22-10-06  1824  16824.8  2328.56  213.296  14317.9
371  144  2025-06-09 22-10-06  1825.6  16833.7  2323.81  213.353  14318.9
372  144  2025-06-09 22-10-06  1827.2  16842.7  2319.05  213.411  14319.8
373  144  2025-06-09 22-10-06  1828.8  16851.7  2314.28  213.468  14320.8
374  144  2025-06-09 22-10-06  1830.4  16860.6  2309.5  213.526  14321.7
375  144  2025-06-09 22-10-06  1832  16869.6  2304.7  213.584  14322.7
376  144  2025-06-09 22-10-06  1833.6  16878.5  2299.89  213.641  14323.7
377  144  2025-06-09 22-10-06  1835.2  16887.5  2295.07  213.699  14324.6
378  144  2025-06-09 22-10-06  1836.8  16896.4  2290.24  213.756  14325.6
379  144  2025-06-09 22-10-06  1838.4  16905.4  2285.4  213.814  14326.5
380  144  2025-06-09 22-10-06  1840  16914.3  2280.54  213.871  14327.5
381  144  2025-06-09 22-10-06  1841.6  16923.3  2275.67  213.929  14328.5
382  144  2025-06-09 22-10-06  1843.2  16932.3  2270.79  213.986  14329.4
383  144  2025-06-09 22-10-06  1844.8  16941.2  2265.9  214.044  14330.4
384  144  2025-06-09 22-10-06  1846.4  16950.2  2261  214.102  14331.3
385  144  2025-06-09 22-10-06  1848  16959.1  2256.08  214.159  14332.3
386  144  2025-06-09 22-10-06  1849.6  16968.1  2251.15  214.217  14333.3
387  144  2025-06-09 22-10-06  1851.2  16977  2246.21  214.274  14334.2
388  144  2025-06-09 22-10-06  1852.8  16986  2241.26  214.332  14335.2
389  144  2025-06-09 22-10-06  1854.4  16994.9  2236.29  214.389  14336.1
390  144  2025-06-09 22-10-06  1856  17003.9  2231.31  214.447  14337.1
391  144  2025-06-09 22-10-06  1857.6  17012.8  2226.32  214.504  14338.1
392  144  2025-06-09 22-10-06  1859.2  17021.8  2221.32  214.562  14339
393  144  2025-06-09 22-10-06  1860.8  17030.8  2216.31  214.62  14340
394  144  2025-06-09 22-10-06  1862.4  17039.7  2211.28  214.677  14340.9
395  144  2025-06-09 22-10-06  1864  17048.7  2206.24  214.735  14341.9
396  144  2025-06-09 22-10-06  1865.6  17057.6  2201.19  214.792  14342.9
397  144  2025-06-09 22-10-06  1867.2  17066.6  2196.13  214.85  14343.8
398  144  2025-06-09 22-10-06  1868.8  17075.5  2191.05  214.907  14344.8
399  144  2025-06-09 22-10-06  1870.4  17084.5  2185.97  214.965  14345.7
400  144  2025-06-09 22-10-06  1872  17093.4  2180.87  215.022  14346.7
401  144  2025-06-09 22-10-06  1873.6  17102.4  2175.76  215.08  14347.7
402  144  2025-06-09 22-10-06  1875.2  17111.3  2170.63  215.138  14348.6
403  144  2025-06-09 22-10-06  1876.8  17120.3  2165.5  215.195  14349.6
404  144  2025-06-09 22-10-06  1878.4  17129.2  2160.35  215.253  14350.5
405  144  2025-06-09 22-10-06  1880  17138.2  2155.19  215.31  14351.5
406  144  2025-06-09 22-10-06  1881.6  17147.1  2150.01  215.368  14352.5
407  144  2025-06-09 22-10-06  1883.2  17156.1  2144.83  215.425  14353.4
408  144  2025-06-09 22-10-06  1884.8  17165  2139.63  215.483  14354.4
409  144  2025-06-09 22-10-06  1886.4  17174  2134.42  215.54  14355.3
410  144  2025-06-09 22-10-06  1888  17182.9  2129.2  215.598  14356.3
411  144  2025-06-09 22-10-06  1889.6  17191.9  2123.97  215.656  14357.3
412  144  2025-06-09 22-10-06  1891.2  17200.8  2118.72  215.713  14358.2
413  144  2025-06-09 22-10-06  1892.8  17209.8  2113.46  215.771  14359.2
414  144  2025-06-09 22-10-06  1894.4  17218.7  2108.19  215.828  14360.1
415  144  2025-06-09 22-10-06  1896  17227.6  2102.91  215.886  14361.1
416  144  2025-06-09 22-10-06  1897.6  17236.6  2097.61  215.943  14362.1
417  144  2025-06-09 22-10-06  1899.2  17245.5  2092.3  216.001  14363
418  144  2025-06-09 22-10-06  1900.8  17254.5  2086.98  216.058  14364
419  144  2025-06-09 22-10-06  1902.4  17263.4  2081.65  216.116  14364.9
420  144  2025-06-09 22-10-06  1904  17272.4  2076.3  216.174  14365.9
421  144  2025-06-09 22-10-06  1905.6  17281.3  2070.95  216.231  14366.9
422  144  2025-06-09 22-10-06  1907.2  17290.2  2065.58  216.289  14367.8
423  144  2025-06-09 22-10-06  1908.8  17299.2  2060.2  216.346  14368.8
424  144  2025-06-09 22-10-06  1910.4  17308.1  2054.8  216.404  14369.7
425  144  2025-06-09 22-10-06  1912  17317.1  2049.39  216.461  14370.7
426  144  2025-06-09 22-10-06  1913.6  17326  2043.98  216.519  14371.7
427  144  2025-06-09 22-10-06  1915.2  17334.9  2038.54  216.576  14372.6
428  144  2025-06-09 22-10-06  1916.8  17343.9  2033.1  216.634  14373.6
429  144  2025-06-09 22-10-06  1918.4  17352.8  2027.64  216.692  14374.5
430  144  2025-06-09 22-10-06  1920  17361.7  2022.18  216.749  14375.5
431  144  2025-06-09 22-10-06  1921.6  17370.7  2016.7  216.807  14376.5
432  144  2025-06-09 22-10-06  1923.2  17379.6  2011.2  216.864  14377.4
433  144  2025-06-09 22-10-06  1924.8  17388.5  2005.7  216.922  14378.4
434  144  2025-06-09 22-10-06  1926.4  17397.4  2000.09  216.979  14389
435  144  2025-06-09 22-10-06  1928  17406.2  1994.37  217.037  14399.8
436  144  2025-06-09 22-10-06  1929.6  17415  1988.54  217.094  14410.6
437  144  2025-06-09 22-10-06  1931.2  17423.6  1982.61  217.152  14421.6
438  144  2025-06-09 22-10-06  1932.8  17432.3  1976.57  217.21  14432.6
439  144  2025-06-09 22-10-06  1934.4  17440.8  1970.42  217.267  14443.8
440  144  2025-06-09 22-10-06  1936  17449.3  1964.16  217.325  14455
441  144  2025-06-09 22-10-06  1937.6  17457.7  1957.8  217.382  14466.3
442  144  2025-06-09 22-10-06  1939.2  17466  1951.33  217.44  14477.7
443  144  2025-06-09 22-10-06  1940.8  17474.2  1944.75  217.497  14489.3
444  144  2025-06-09 22-10-06  1942.4  17482.4  1938.06  217.555  14500.9
445  144  2025-06-09 22-10-06  1944  17490.5  1931.27  217.612  14512.6
446  144  2025-06-09 22-10-06  1945.6  17498.5  1924.37  217.67  14524.4
447  144  2025-06-09 22-10-06  1947.2  17506.4  1917.36  217.728  14536.3
448  144  2025-06-09 22-10-06  1948.8  17514.2  1910.25  217.785  14548.3
449  144  2025-06-09 22-10-06  1950.4  17522  1903.02  217.843  14560.4
450  144  2025-06-09 22-10-06  1952  17529.6  1895.7  217.9  14572.6
451  144  2025-06-09 22-10-06  1953.6  17537.2  1888.26  217.958  14584.9
452  144  2025-06-09 22-10-06  1955.2  17544.6  1880.72  218.015  14597.3
453  144  2025-06-09 22-10-06  1956.8  17552  1873.08  218.073  14609.7
454  144  2025-06-09 22-10-06  1958.4  17559.2  1865.33  218.13  14622.3
455  144  2025-06-09 22-10-06  1960  17566.4  1857.48  218.188  14635
456  144  2025-06-09 22-10-06  1961.6  17573.4  1849.52  218.246  14647.8
457  144  2025-06-09 22-10-06  1963.2  17580.5  1841.6  218.303  14642.8
458  144  2025-06-09 22-10-06  1964.8  17587.5  1833.58  218.361  14655.6
459  144  2025-06-09 22-10-06  1966.4  17594.5  1825.58  218.418  14650.7
460  144  2025-06-09 22-10-06  1968  17601.6  1817.63  218.476  14645.8
461  144  2025-06-09 22-10-06  1969.6  17608.7  1809.7  218.533  14640.7
462  144  2025-06-09 22-10-06  1971.2  17615.7  1801.68  218.591  14653.3
463  144  2025-06-09 22-10-06  1972.8  17622.8  1793.69  218.648  14648.3
464  144  2025-06-09 22-10-06  1974.4  17629.9  1785.74  218.706  14643.2
465  144  2025-06-09 22-10-06  1976  17637.1  1777.82  218.764  14638
466  144  2025-06-09 22-10-06  1977.6  17644.1  1769.8  218.821  14650.5
467  144  2025-06-09 22-10-06  1979.2  17651.2  1761.81  218.879  14645.3
468  144  2025-06-09 22-10-06  1980.8  17658.4  1753.87  218.936  14640
469  144  2025-06-09 22-10-06  1982.4  17665.4  1745.82  218.994  14652.5
470  144  2025-06-09 22-10-06  1984  17672.5  1737.81  219.051  14647.2
471  144  2025-06-09 22-10-06  1985.6  17679.7  1729.83  219.109  14641.9
472  144  2025-06-09 22-10-06  1987.2  17686.9  1721.9  219.167  14636.5
473  144  2025-06-09 22-10-06  1988.8  17694  1713.86  219.224  14648.8
474  144  2025-06-09 22-10-06  1990.4  17701.1  1705.86  219.282  14643.4
475  144  2025-06-09 22-10-06  1992  17708.3  1697.9  219.339  14637.9
476  144  2025-06-09 22-10-06  1993.6  17715.6  1689.98  219.397  14632.4
477  144  2025-06-09 22-10-06  1995.2  17722.8  1681.96  219.454  14644.5
478  144  2025-06-09 22-10-06  1996.8  17730  1673.98  219.512  14639
479  144  2025-06-09 22-10-06  1998.4  17737.2  1666.04  219.569  14633.3
480  144  2025-06-09 22-10-06  2000  17744.4  1658  219.627  14645.4
481  144  2025-06-09 22-10-06  2001.6  17751.6  1649.99  219.685  14639.8
482  144  2025-06-09 22-10-06  2003.2  17758.8  1642.03  219.742  14634.1
483  144  2025-06-09 22-10-06  2004.8  17766.1  1634.12  219.8  14628.4
484  144  2025-06-09 22-10-06  2006.4  17773.4  1626.1  219.857  14640.3
485  144  2025-06-09 22-10-06  2008  17780.6  1618.12  219.915  14634.6
486  144  2025-06-09 22-10-06  2009.6  17788  1610.19  219.972  14628.8
487  144  2025-06-09 22-10-06  2011.2  17795.2  1602.15  220.03  14640.6
488  144  2025-06-09 22-10-06  2012.8  17802.5  1594.16  220.087  14634.8
489  144  2025-06-09 22-10-06  2014.4  17809.8  1586.21  220.145  14628.9
490  144  2025-06-09 22-10-06  2016  17817  1578.17  220.203  14640.7
491  144  2025-06-09 22-10-06  2017.6  17824.3  1570.16  220.26  14634.9
492  144  2025-06-09 22-10-06  2019.2  17831.7  1562.2  220.318  14628.9
493  144  2025-06-09 22-10-06  2020.8  17839.1  1554.28  220.375  14622.9
494  144  2025-06-09 22-10-06  2022.4  17846.4  1546.27  220.433  14634.5
495  144  2025-06-09 22-10-06  2024  17853.7  1538.3  220.49  14628.5
496  144  2025-06-09 22-10-06  2025.6  17861.1  1530.37  220.548  14622.4
497  144  2025-06-09 22-10-06  2027.2  17868.5  1522.35  220.605  14634
498  144  2025-06-09 22-10-06  2028.8  17875.8  1514.37  220.663  14628
499  144  2025-06-09 22-10-06  2030.4  17883.3  1506.44  220.721  14621.8
500  144  2025-06-09 22-10-06  2032  17890.6  1498.4  220.778  14633.3
501  144  2025-06-09 22-10-06  2033.6  17898  1490.42  220.836  14627.2
502  144  2025-06-09 22-10-06  2035.2  17905.4  1482.48  220.893  14621
503  144  2025-06-09 22-10-06  2036.8  17912.8  1474.44  220.951  14632.4
504  144  2025-06-09 22-10-06  2038.4  17920.2  1466.45  221.008  14626.2
505  144  2025-06-09 22-10-06  2040  17927.7  1458.51  221.066  14619.9
506  144  2025-06-09 22-10-06  2041.6  17935.1  1450.47  221.123  14631.3
507  144  2025-06-09 22-10-06  2043.2  17942.5  1442.48  221.181  14625.1
508  144  2025-06-09 22-10-06  2044.8  17950  1434.53  221.239  14618.7
509  144  2025-06-09 22-10-06  2046.4  17957.4  1426.49  221.296  14630.1
510  144  2025-06-09 22-10-06  2048  17964.9  1418.49  221.354  14623.7
511  144  2025-06-09 22-10-06  2049.6  17972.4  1410.54  221.411  14617.3
512  144  2025-06-09 22-10-06  2051.2  17980  1402.65  221.469  14610.8
513  144  2025-06-09 22-10-06  2052.8  17987.5  1394.65  221.526  14622
514  144  2025-06-09 22-10-06  2054.4  17995  266.708  221.584  14615.5
515  144  2025-06-09 22-10-06  2056  18002.5  258.667  221.641  14626.8
516  144  2025-06-09 22-10-06  2057.6  18010  250.674  221.699  14620.3
517  144  2025-06-09 22-10-06  2059.2  18017.5  242.731  221.757  14613.7
518  144  2025-06-09 22-10-06  2060.8  18025  234.693  221.814  14624.9
519  144  2025-06-09 22-10-06  2062.4  18032.6  226.704  221.872  14618.4
520  144  2025-06-09 22-10-06  2064  18040.2  218.765  221.929  14611.8
521  144  2025-06-09 22-10-06  2065.6  18047.7  210.73  221.987  14622.8
522  144  2025-06-09 22-10-06  2067.2  18055.3  202.746  222.044  14616.3
523  144  2025-06-09 22-10-06  2068.8  18062.9  194.812  222.102  14609.6
524  144  2025-06-09 22-10-06  2070.4  18070.4  186.784  222.159  14620.6
525  144  2025-06-09 22-10-06  2072  18078  178.806  222.217  14614
526  144  2025-06-09 22-10-06  2073.6  18085.7  170.88  222.275  14607.2
527  144  2025-06-09 22-10-06  2075.2  18093.3  162.859  222.332  14618.2
528  144  2025-06-09 22-10-06  2076.8  18100.9  154.889  222.39  14611.5
529  144  2025-06-09 22-10-06  2078.4  18108.6  146.972  222.447  14604.7
530  144  2025-06-09 22-10-06  2080  18116.2  138.96  222.505  14615.6
531  144  2025-06-09 22-10-06  2081.6  18123.9  131.001  222.562  14608.8
532  144  2025-06-09 22-10-06  2083.2  18131.6  11.0946  222.62  14601.9
533  144  2025-06-09 22-10-06  2084.8  18139.3  3.09351  222.677  14612.7
534  144  2025-06-09 22-10-06  2086.4  18147  -4.85435  222.735  14605.9
535  144  2025-06-09 22-10-06  2088  18154.8  -12.7478  222.793  14599
536  144  2025-06-09 22-10-06  2089.6  18162.5  -132.736  222.85  14609.7
537  144  2025-06-09 22-10-06  2091.2  18170.2  -140.671  222.908  14602.8
538  144  2025-06-09 22-10-06  2092.8  18177.9  -148.7  222.965  14613.6
539  144  2025-06-09 22-10-06  2094.4  18185.6  -156.675  223.023  14606.7
540  144  2025-06-09 22-10-06  2096  18193.4  -164.596  223.08  14599.7
541  144  2025-06-09 22-10-06  2097.6  18201.1  -172.611  223.138  14610.4
542  144  2025-06-09 22-10-06  2099.2  18208.8  -180.571  223.195  14603.5
543  144  2025-06-09 22-10-06  2100.8  18216.7  -188.476  223.253  14596.4
544  144  2025-06-09 22-10-06  2102.4  18224.4  -196.476  223.311  14607.1
545  144  2025-06-09 22-10-06  2104  18232.2  -204.42  223.368  14600.1
546  144  2025-06-09 22-10-06  2105.6  18240.1  -212.307  223.426  14593
547  144  2025-06-09 22-10-06  2107.2  18247.9  -220.289  223.483  14603.6
548  144  2025-06-09 22-10-06  2108.8  18255.7  -228.214  223.541  14596.5
549  144  2025-06-09 22-10-06  2110.4  18263.5  -236.234  223.598  14607.1
550  144  2025-06-09 22-10-06  2112  18271.3  -244.198  223.656  14600
551  144  2025-06-09 22-10-06  2113.6  18279.2  -252.105  223.713  14592.9
552  144  2025-06-09 22-10-06  2115.2  18287  -260.106  223.771  14603.4
553  144  2025-06-09 22-10-06  2116.8  18294.9  -268.05  223.829  14596.3
554  144  2025-06-09 22-10-06  2118.4  18302.8  -1395.94  223.886  14589.1
555  144  2025-06-09 22-10-06  2120  18310.7  -1403.92  223.944  14599.5
556  144  2025-06-09 22-10-06  2121.6  18318.6  -1411.84  224.001  14592.3
557  144  2025-06-09 22-10-06  2123.2  18326.4  -1419.86  224.059  14602.8
558  144  2025-06-09 22-10-06  2124.8  18334.3  -1427.82  224.116  14595.6
559  144  2025-06-09 22-10-06  2126.4  18342.3  -1435.72  224.174  14588.4
560  144  2025-06-09 22-10-06  2128  18350.1  -1443.71  224.231  14598.8
561  144  2025-06-09 22-10-06  2129.6  18358.1  -1451.65  224.289  14591.6
562  144  2025-06-09 22-10-06  2131.2  18366.1  -1459.52  224.347  14584.2
563  144  2025-06-09 22-10-06  2132.8  18374  -1467.49  224.404  14594.6
564  144  2025-06-09 22-10-06  2134.4  18382  -1475.41  224.462  14587.3
565  144  2025-06-09 22-10-06  2136  18389.9  -1483.41  224.519  14597.7
566  144  2025-06-09 22-10-06  2137.6  18397.9  -1491.36  224.577  14590.4
567  144  2025-06-09 22-10-06  2139.2  18405.9  -1499.24  224.634  14583
568  144  2025-06-09 22-10-06  2140.8  18413.9  -1507.22  224.692  14593.3
569  144  2025-06-09 22-10-06  2142.4  18421.9  -1515.14  224.749  14586
570  144  2025-06-09 22-10-06  2144  18429.9  -1523.16  224.807  14596.3
571  144  2025-06-09 22-10-06  2145.6  18437.9  -1531.11  224.865  14589
572  144  2025-06-09 22-10-06  2147.2  18445.9  -1539  224.922  14581.5
573  144  2025-06-09 22-10-06  2148.8  18453.9  -1546.99  224.98  14591.8
574  144  2025-06-09 22-10-06  2150.4  18462  -1554.92  225.037  14584.4
575  144  2025-06-09 22-10-06  2152  18470.1  -1562.78  225.095  14576.9
576  144  2025-06-09 22-10-06  2153.6  18478.2  -1570.74  225.152  14587.1
577  144  2025-06-09 22-10-06  2155.2  18486.3  -1578.64  225.21  14579.6
578  144  2025-06-09 22-10-06  2156.8  18494.3  -1586.63  225.267  14589.9
579  144  2025-06-09 22-10-06  2158.4  18502.4  -1594.56  225.325  14582.4
580  144  2025-06-09 22-10-06  2160  18510.6  -1602.42  225.383  14574.9
581  144  2025-06-09 22-10-06  2161.6  18518.6  -1610.38  225.44  14585
582  144  2025-06-09 22-10-06  2163.2  18526.8  -1618.28  225.498  14577.5
583  144  2025-06-09 22-10-06  2164.8  18534.9  -1626.27  225.555  14587.7
584  144  2025-06-09 22-10-06  2166.4  18543  -1634.2  225.613  14580.2
585  144  2025-06-09 22-10-06  2168  18551.2  -1642.07  225.67  14572.6
586  144  2025-06-09 22-10-06  2169.6  18559.3  -1650.03  225.728  14582.7
587  144  2025-06-09 22-10-06  2171.2  18567.5  -1657.93  225.785  14575.2
588  144  2025-06-09 22-10-06  2172.8  18575.6  -1665.92  225.843  14585.3
589  144  2025-06-09 22-10-06  2174.4  18583.8  -1673.84  225.901  14577.7
590  144  2025-06-09 22-10-06  2176  18592.1  -1681.71  225.958  14570.1
591  144  2025-06-09 22-10-06  2177.6  18600.2  -1689.66  226.016  14580.2
592  144  2025-06-09 22-10-06  2179.2  18608.5  -1697.56  226.073  14572.5
593  144  2025-06-09 22-10-06  2180.8  18616.6  -1705.54  226.131  14582.6
594  144  2025-06-09 22-10-06  2182.4  18624.8  -1713.47  226.188  14575
595  144  2025-06-09 22-10-06  2184  18633.1  -1721.33  226.246  14567.3
596  144  2025-06-09 22-10-06  2185.6  18641.3  -1729.28  226.303  14577.4
597  144  2025-06-09 22-10-06  2187.2  18649.6  -1737.17  226.361  14569.7
598  144  2025-06-09 22-10-06  2188.8  18657.8  -1745.15  226.419  14579.7
599  144  2025-06-09 22-10-06  2190.4  18666.1  -1753.06  226.476  14572.1
600  144  2025-06-09 22-10-06  2192  18674.4  -1760.92  226.534  14564.4
601  144  2025-06-09 22-10-06  2193.6  18682.7  -1768.86  226.591  14574.3
602  144  2025-06-09 22-10-06  2195.2  18691  -1776.74  226.649  14566.6
603  144  2025-06-09 22-10-06  2196.8  18699.3  -1784.71  226.706  14576.6
604  144  2025-06-09 22-10-06  2198.4  18707.6  -1792.62  226.764  14568.9
605  144  2025-06-09 22-10-06  2200  18715.8  -1800.62  226.821  14578.9
606  144  2025-06-09 22-10-06  2201.6  18724.1  -1808.56  226.879  14571.2
607  144  2025-06-09 22-10-06  2203.2  18732.5  -1816.43  226.937  14563.5
608  144  2025-06-09 22-10-06  2204.8  18740.8  -1824.4  226.994  14573.4
609  144  2025-06-09 22-10-06  2206.4  18749.1  -1832.29  227.052  14565.6
610  144  2025-06-09 22-10-06  2208  18757.4  -1840.29  227.109  14575.6
611  144  2025-06-09 22-10-06  2209.6  18765.8  -1848.21  227.167  14567.9
612  144  2025-06-09 22-10-06  2211.2  18774.2  -1856.07  227.224  14560.1
613  144  2025-06-09 22-10-06  2212.8  18782.6  -1864.02  227.282  14570
614  144  2025-06-09 22-10-06  2214.4  18791  -1871.91  227.339  14562.2
615  144  2025-06-09 22-10-06  2216  18799.3  -1879.89  227.397  14572.1
616  144  2025-06-09 22-10-06  2217.6  18807.7  -1887.8  227.455  14564.3
617  144  2025-06-09 22-10-06  2219.2  18816.2  -1895.65  227.512  14556.4
618  144  2025-06-09 22-10-06  2220.8  18824.6  -1903.59  227.57  14566.3
619  144  2025-06-09 22-10-06  2222.4  18833.1  -1911.46  227.627  14558.4
620  144  2025-06-09 22-10-06  2224  18841.5  -1919.43  227.685  14568.3
621  144  2025-06-09 22-10-06  2225.6  18849.9  -1927.32  227.742  14560.5
622  144  2025-06-09 22-10-06  2227.2  18858.3  -1935.32  227.8  14570.3
623  144  2025-06-09 22-10-06  2228.8  18866.7  -1943.24  227.857  14562.5
624  144  2025-06-09 22-10-06  2230.4  18875.3  -1951.1  227.915  14554.6
625  144  2025-06-09 22-10-06  2232  18883.7  -1959.05  227.973  14564.4
626  144  2025-06-09 22-10-06  2233.6  18892.2  -1966.93  228.03  14556.6
627  144  2025-06-09 22-10-06  2235.2  18900.7  -1974.9  228.088  14566.4
628  144  2025-06-09 22-10-06  2236.8  18909.2  -1982.81  228.145  14558.5
629  144  2025-06-09 22-10-06  2238.4  18917.7  -1990.65  228.203  14550.6
630  144  2025-06-09 22-10-06  2240  18926.2  -1998.58  228.26  14560.4
631  144  2025-06-09 22-10-06  2241.6  18934.8  -2006.44  228.318  14552.4
632  144  2025-06-09 22-10-06  2243.2  18943.3  -2014.4  228.375  14562.2
633  144  2025-06-09 22-10-06  2244.8  18951.9  -2022.29  228.433  14554.3
634  144  2025-06-09 22-10-06  2246.4  18960.4  -2030.27  228.491  14564.1
635  144  2025-06-09 22-10-06  2248  18968.9  -2038.19  228.548  14556.2
636  144  2025-06-09 22-10-06  2249.6  18977.5  -2046.03  228.606  14548.3
637  144  2025-06-09 22-10-06  2251.2  18986.1  -2053.97  228.663  14558
638  144  2025-06-09 22-10-06  2252.8  18994.7  -2061.83  228.721  14550
639  144  2025-06-09 22-10-06  2254.4  19003.3  -2069.72  228.778  14551.7
640  144  2025-06-09 22-10-06  2256  19011.9  -2077.63  228.836  14553.4
641  144  2025-06-09 22-10-06  2257.6  19020.5  -2085.55  228.893  14555.1
642  144  2025-06-09 22-10-06  2259.2  19029.1  -2093.5  228.951  14556.8
643  144  2025-06-09 22-10-06  2260.8  19037.7  -2101.46  229.009  14558.5
644  144  2025-06-09 22-10-06  2262.4  19046.2  -2109.45  229.066  14560.3
645  144  2025-06-09 22-10-06  2264  19054.9  -2117.38  229.124  14553.9
646  144  2025-06-09 22-10-06  2265.6  19063.5  -2125.26  229.181  14547.6
647  144  2025-06-09 22-10-06  2267.2  19072.3  -2133.07  229.239  14541.1
648  144  2025-06-09 22-10-06  2268.8  19081.1  -2140.83  229.296  14534.6
649  144  2025-06-09 22-10-06  2270.4  19089.9  -2148.53  229.354  14528
650  144  2025-06-09 22-10-06  2272  19098.8  -2156.17  229.411  14521.4
651  144  2025-06-09 22-10-06  2273.6  19107.8  -2163.75  229.469  14514.7
652  144  2025-06-09 22-10-06  2275.2  19116.9  -2171.26  229.527  14507.9
653  144  2025-06-09 22-10-06  2276.8  19125.9  -2178.8  229.44  14510.8
654  144  2025-06-09 22-10-06  2278.4  19134.8  -2186.36  229.354  14513.7
655  144  2025-06-09 22-10-06  2280  19143.8  -2193.94  229.268  14516.6
656  144  2025-06-09 22-10-06  2281.6  19152.7  -2201.56  229.325  14519.6
657  144  2025-06-09 22-10-06  2283.2  19161.7  -2209.12  229.383  14514.5
658  144  2025-06-09 22-10-06  2284.8  19170.6  -2216.79  229.44  14523.9
659  144  2025-06-09 22-10-06  2286.4  19179.4  -2224.55  229.498  14533.4
660  144  2025-06-09 22-10-06  2288  19188.1  -2232.41  229.555  14543
661  144  2025-06-09 22-10-06  2289.6  19197  -2240.19  229.613  14534.9
662  144  2025-06-09 22-10-06  2291.2  19205.7  -2248.07  229.671  14544.5
663  144  2025-06-09 22-10-06  2292.8  19214.5  -2255.87  229.728  14536.4
664  144  2025-06-09 22-10-06  2294.4  19223.2  -2263.77  229.786  14546.1
665  144  2025-06-09 22-10-06  2296  19232.1  -2271.6  229.843  14538
666  144  2025-06-09 22-10-06  2297.6  19240.8  -2279.53  229.901  14547.7
667  144  2025-06-09 22-10-06  2299.2  19249.6  -2287.38  229.958  14539.6
668  144  2025-06-09 22-10-06  2300.8  19258.5  -2295.15  230.016  14531.5
669  144  2025-06-09 22-10-06  2302.4  19267.3  -2303.03  230.073  14541.1
670  144  2025-06-09 22-10-06  2304  19276.1  -2310.83  230.131  14533
671  144  2025-06-09 22-10-06  2305.6  19284.9  -2318.72  230.189  14542.6
672  144  2025-06-09 22-10-06  2307.2  19293.8  -2326.54  230.246  14534.5
673  144  2025-06-09 22-10-06  2308.8  19302.6  -2334.46  230.304  14544.2
674  144  2025-06-09 22-10-06  2310.4  19311.5  -2342.3  230.361  14536.1
675  144  2025-06-09 22-10-06  2312  19320.4  -2350.07  230.419  14528
676  144  2025-06-09 22-10-06  2313.6  19329.3  -2357.94  230.476  14537.5
677  144  2025-06-09 22-10-06  2315.2  19338.2  -2365.73  230.534  14529.4
678  144  2025-06-09 22-10-06  2316.8  19347  -2373.61  230.591  14538.9
679  144  2025-06-09 22-10-06  2318.4  19356  -2381.43  230.649  14530.8
680  144  2025-06-09 22-10-06  2320  19364.8  -2389.33  230.707  14540.4
681  144  2025-06-09 22-10-06  2321.6  19373.8  -2397.17  230.764  14532.3
682  144  2025-06-09 22-10-06  2323.2  19382.8  -2404.93  230.822  14524.1
683  144  2025-06-09 22-10-06  2324.8  19391.7  -2412.78  230.879  14533.7
684  144  2025-06-09 22-10-06  2326.4  19400.7  -2420.56  230.937  14525.5
685  144  2025-06-09 22-10-06  2328  19409.6  -2428.43  230.994  14535
686  144  2025-06-09 22-10-06  2329.6  19418.6  -2436.23  231.052  14526.9
687  144  2025-06-09 22-10-06  2331.2  19427.5  -2444.13  231.109  14536.4
688  144  2025-06-09 22-10-06  2332.8  19436.5  -2451.95  231.167  14528.3
689  144  2025-06-09 22-10-06  2334.4  19445.4  -2459.87  231.225  14537.9
690  144  2025-06-09 22-10-06  2336  19454.4  -2467.71  231.282  14529.8
691  144  2025-06-09 22-10-06  2337.6  19463.5  -2475.48  231.34  14521.6
692  144  2025-06-09 22-10-06  2339.2  19472.4  -2483.34  231.397  14531.1
693  144  2025-06-09 22-10-06  2340.8  19481.5  -2491.13  231.455  14522.9
694  144  2025-06-09 22-10-06  2342.4  19490.5  -2499.01  231.512  14532.4
695  144  2025-06-09 22-10-06  2344  19499.5  -2506.82  231.57  14524.3
696  144  2025-06-09 22-10-06  2345.6  19508.5  -2514.73  231.627  14533.8
697  144  2025-06-09 22-10-06  2347.2  19517.6  -2522.56  231.685  14525.7
698  144  2025-06-09 22-10-06  2348.8  19526.7  -2530.31  231.743  14517.4
699  144  2025-06-09 22-10-06  2350.4  19535.8  -2538.16  231.8  14526.9
700  144  2025-06-09 22-10-06  2352  19544.9  -2545.93  231.858  14518.7
701  144  2025-06-09 22-10-06  2353.6  19553.9  -2553.8  231.915  14528.2
702  144  2025-06-09 22-10-06  2355.2  19563  -2561.59  231.973  14520
703  144  2025-06-09 22-10-06  2356.8  19572.1  -2569.48  232.03  14529.5
704  144  2025-06-09 22-10-06  2358.4  19581.2  -2577.29  232.088  14521.3
705  144  2025-06-09 22-10-06  2360  19590.4  -2585.02  232.145  14513.1
706  144  2025-06-09 22-10-06  2361.6  19599.5  -2592.85  232.203  14522.5
707  144  2025-06-09 22-10-06  2363.2  19608.7  -2600.61  232.261  14514.3
708  144  2025-06-09 22-10-06  2364.8  19617.8  -2608.46  232.318  14523.7
709  144  2025-06-09 22-10-06  2366.4  19627  -2616.23  232.376  14515.5
710  144  2025-06-09 22-10-06  2368  19636.1  -2624.1  232.433  14525
711  144  2025-06-09 22-10-06  2369.6  19645.3  -2631.9  232.491  14516.8
712  144  2025-06-09 22-10-06  2371.2  19654.4  -2639.79  232.548  14526.3
713  144  2025-06-09 22-10-06  2372.8  19663.6  -2647.6  232.606  14518.1
714  144  2025-06-09 22-10-06  2374.4  19672.9  -2655.33  232.663  14509.8
715  144  2025-06-09 22-10-06  2376  19682.1  -2663.17  232.721  14519.2
716  144  2025-06-09 22-10-06  2377.6  19691.3  -2670.92  232.779  14511
717  144  2025-06-09 22-10-06  2379.2  19700.5  -2678.77  232.836  14520.4
718  144  2025-06-09 22-10-06  2380.8  19709.8  -2686.54  232.894  14512.2
719  144  2025-06-09 22-10-06  2382.4  19719  -2694.41  232.951  14521.6
720  144  2025-06-09 22-10-06  2384  19728.2  -2702.21  233.009  14513.4
721  144  2025-06-09 22-10-06  2385.6  19737.4  -2710.1  233.066  14522.9
722  144  2025-06-09 22-10-06  2387.2  19746.7  -2717.91  233.124  14514.7
723  144  2025-06-09 22-10-06  2388.8  19756  -2725.64  233.181  14506.4
724  144  2025-06-09 22-10-06  2390.4  19765.3  -2733.47  233.239  14515.8
725  144  2025-06-09 22-10-06  2392  19774.6  -2741.23  233.297  14507.5
726  144  2025-06-09 22-10-06  2393.6  19783.8  -2749.08  233.354  14516.9
727  144  2025-06-09 22-10-06  2395.2  19793.2  -2756.85  233.412  14508.7
728  144  2025-06-09 22-10-06  2396.8  19802.4  -2764.72  233.469  14518.1
729  144  2025-06-09 22-10-06  2398.4  19811.7  -2772.51  233.527  14509.9
730  144  2025-06-09 22-10-06  2400  19821.2  -2780.21  233.584  14501.6
731  144  2025-06-09 22-10-06  2401.6  19830.5  -2788.02  233.642  14510.9
732  144  2025-06-09 22-10-06  2403.2  19839.9  -2795.75  233.699  14502.6
733  144  2025-06-09 22-10-06  2404.8  19849.2  -2803.58  233.757  14512
734  144  2025-06-09 22-10-06  2406.4  19858.6  -2811.32  233.815  14503.7
735  144  2025-06-09 22-10-06  2408  19867.9  -2819.17  233.872  14513.1
736  144  2025-06-09 22-10-06  2409.6  19877.3  -2826.93  233.93  14504.9
737  144  2025-06-09 22-10-06  2411.2  19886.7  -14034.8  233.987  14514.3
738  144  2025-06-09 22-10-06  2412.8  19896.1  -14042.6  234.045  14506
739  144  2025-06-09 22-10-06  2414.4  19905.5  -14050.3  234.102  14497.7
740  144  2025-06-09 22-10-06  2416  19914.9  -14058.1  234.16  14507.1
741  144  2025-06-09 22-10-06  2417.6  19924.4  -14065.8  234.217  14498.7
742  144  2025-06-09 22-10-06  2419.2  19933.8  -14073.6  234.275  14508.1
743  144  2025-06-09 22-10-06  2420.8  19943.3  -14081.4  234.333  14499.8
744  144  2025-06-09 22-10-06  2422.4  19952.7  -14089.2  234.39  14509.2
745  144  2025-06-09 22-10-06  2424  19962.2  -14097  234.448  14500.9
746  144  2025-06-09 22-10-06  2425.6  19971.6  -14104.8  234.505  14510.3
747  144  2025-06-09 22-10-06  2427.2  19981  -14112.6  234.563  14502
748  144  2025-06-09 22-10-06  2428.8  19990.6  -14120.3  234.62  14493.7
749  144  2025-06-09 22-10-06  2430.4  20000.1  -14128.1  234.678  14503
750  144  2025-06-09 22-10-06  2432  20009.6  -14135.8  234.735  14494.7
751  144  2025-06-09 22-10-06  2433.6  20019.1  -14143.6  234.793  14504.1
752  144  2025-06-09 22-10-06  2435.2  20028.6  -14151.3  234.851  14495.7
753  144  2025-06-09 22-10-06  2436.8  20038.1  -14159.2  234.908  14505.1
754  144  2025-06-09 22-10-06  2438.4  20047.7  -14166.9  234.966  14496.8
755  144  2025-06-09 22-10-06  2440  20057.1  -14174.7  235.023  14506.2
756  144  2025-06-09 22-10-06  2441.6  20066.7  -14182.5  235.081  14497.9
757  144  2025-06-09 22-10-06  2443.2  20076.3  -14190.2  235.138  14489.6
758  144  2025-06-09 22-10-06  2444.8  20085.8  -14198  235.196  14498.9
759  144  2025-06-09 22-10-06  2446.4  20095.5  -14205.7  235.253  14490.5
760  144  2025-06-09 22-10-06  2448  20105  -14213.5  235.311  14499.9
761  144  2025-06-09 22-10-06  2449.6  20114.6  -14221.2  235.369  14491.5
762  144  2025-06-09 22-10-06  2451.2  20124.2  -14229  235.426  14500.9
763  144  2025-06-09 22-10-06  2452.8  20133.8  -14236.8  235.484  14492.6
764  144  2025-06-09 22-10-06  2454.4  20143.4  -14244.6  235.541  14502
765  144  2025-06-09 22-10-06  2456  20153  -14252.3  235.599  14493.6
766  144  2025-06-09 22-10-06  2457.6  20162.7  -14260  235.656  14485.3
767  144  2025-06-09 22-10-06  2459.2  20172.3  -14267.8  235.714  14494.6
768  144  2025-06-09 22-10-06  2460.8  20182  -14275.5  235.771  14486.2
769  144  2025-06-09 22-10-06  2462.4  20191.7  -14283.3  235.829  14495.5
770  144  2025-06-09 22-10-06  2464  20201.4  -14291  235.887  14487.2
771  144  2025-06-09 22-10-06  2465.6  20211  -14298.8  235.944  14496.5
772  144  2025-06-09 22-10-06  2467.2  20220.7  -14306.5  236.002  14488.2
773  144  2025-06-09 22-10-06  2468.8  20230.3  -14314.3  236.059  14497.6
774  144  2025-06-09 22-10-06  2470.4  20240  -14322  236.117  14489.2
775  144  2025-06-09 22-10-06  2472  20249.8  -14329.7  236.174  14480.8
776  144  2025-06-09 22-10-06  2473.6  20259.5  -14337.5  236.232  14490.1
777  144  2025-06-09 22-10-06  2475.2  20269.3  -14345.1  236.289  14481.7
778  144  2025-06-09 22-10-06  2476.8  20279  -14352.9  236.347  14491.1
779  144  2025-06-09 22-10-06  2478.4  20288.8  -14360.6  236.405  14482.7
780  144  2025-06-09 22-10-06  2480  20298.5  -14368.4  236.462  14492
781  144  2025-06-09 22-10-06  2481.6  20308.3  -14376.1  236.52  14483.7
782  144  2025-06-09 22-10-06  2483.2  20318  -14383.9  236.577  14493
783  144  2025-06-09 22-10-06  2484.8  20327.7  -14391.6  236.635  14484.7
784  144  2025-06-09 22-10-06  2486.4  20337.5  -14399.4  236.692  14494
785  144  2025-06-09 22-10-06  2488  20347.2  -14407.2  236.75  14485.7
786  144  2025-06-09 22-10-06  2489.6  20357.1  -14414.8  236.807  14477.3
787  144  2025-06-09 22-10-06  2491.2  20366.9  -14422.6  236.865  14486.6
788  144  2025-06-09 22-10-06  2492.8  20376.7  -14430.3  236.923  14478.2
789  144  2025-06-09 22-10-06  2494.4  20386.5  -14438  236.98  14487.5
790  144  2025-06-09 22-10-06  2496  20396.4  -14445.7  237.038  14479.2
791  144  2025-06-09 22-10-06  2497.6  20406.2  -14453.5  237.095  14488.5
792  144  2025-06-09 22-10-06  2499.2  20416  -14461.2  237.153  14480.1
793  144  2025-06-09 22-10-06  2500.8  20425.8  -14469  237.21  14489.5
794  144  2025-06-09 22-10-06  2502.4  20435.7  -14476.8  237.268  14481.2
795  144  2025-06-09 22-10-06  2504  20445.6  -14484.4  237.325  14472.7
796  144  2025-06-09 22-10-06  2505.6  20455.5  -14492.1  237.383  14482
797  144  2025-06-09 22-10-06  2507.2  20465.4  -14499.8  237.441  14473.6
798  144  2025-06-09 22-10-06  2508.8  20475.3  -14507.6  237.498  14482.9
799  144  2025-06-09 22-10-06  2510.4  20485.2  -14515.2  237.556  14474.5
800  144  2025-06-09 22-10-06  2512  20495.1  -14523  237.613  14483.8
801  144  2025-06-09 22-10-06  2513.6  20505  -14530.7  237.671  14475.5
802  144  2025-06-09 22-10-06  2515.2  20514.9  -14538.5  237.728  14484.8
803  144  2025-06-09 22-10-06  2516.8  20524.8  -14546.2  237.786  14476.4
804  144  2025-06-09 22-10-06  2518.4  20534.9  -14553.8  237.843  14468
805  144  2025-06-09 22-10-06  2520  20544.8  -14561.5  237.901  14477.3
806  144  2025-06-09 22-10-06  2521.6  20554.8  -14569.2  237.959  14468.9
807  144  2025-06-09 22-10-06  2523.2  20564.8  -14576.9  238.016  14478.1
808  144  2025-06-09 22-10-06  2524.8  20574.8  -14584.6  238.074  14469.7
809  144  2025-06-09 22-10-06  2526.4  20584.7  -14592.3  238.131  14479
810  144  2025-06-09 22-10-06  2528  20594.8  -14600  238.189  14470.7
811  144  2025-06-09 22-10-06  2529.6  20604.7  -14607.7  238.246  14480
812  144  2025-06-09 22-10-06  2531.2  20614.7  -14615.4  238.304  14471.6
813  144  2025-06-09 22-10-06  2532.8  20624.7  -14623.2  238.361  14480.9
814  144  2025-06-09 22-10-06  2534.4  20634.7  -14630.9  238.419  14472.6
815  144  2025-06-09 22-10-06  2536  20644.8  -14638.5  238.477  14464.1
816  144  2025-06-09 22-10-06  2537.6  20654.8  -14646.3  238.534  14473.4
817  144  2025-06-09 22-10-06  2539.2  20664.9  -14653.9  238.592  14465
818  144  2025-06-09 22-10-06  2540.8  20675  -14661.6  238.649  14474.3
819  144  2025-06-09 22-10-06  2542.4  20685.1  -14669.3  238.707  14465.9
820  144  2025-06-09 22-10-06  2544  20695.1  -14677  238.764  14475.2
821  144  2025-06-09 22-10-06  2545.6  20705.2  -14684.7  238.822  14466.8
822  144  2025-06-09 22-10-06  2547.2  20715.2  -14692.4  238.879  14476.1
823  144  2025-06-09 22-10-06  2548.8  20725.3  -14700.1  238.937  14467.7
824  144  2025-06-09 22-10-06  2550.4  20735.5  -14707.7  238.995  14459.3
825  144  2025-06-09 22-10-06  2552  20745.6  -14715.4  239.052  14468.5
826  144  2025-06-09 22-10-06  2553.6  20755.8  -14723  239.11  14460.1
827  144  2025-06-09 22-10-06  2555.2  20765.9  -14730.7  239.167  14469.4
828  144  2025-06-09 22-10-06  2556.8  20776.1  -14738.4  239.225  14460.9
829  144  2025-06-09 22-10-06  2558.4  20786.2  -14746.1  239.282  14470.2
830  144  2025-06-09 22-10-06  2560  20796.4  -14753.7  239.34  14461.8
831  144  2025-06-09 22-10-06  2561.6  20806.5  -14761.5  239.397  14471.1
832  144  2025-06-09 22-10-06  2563.2  20816.7  -14769.1  239.455  14462.7
833  144  2025-06-09 22-10-06  2564.8  20826.8  -14776.9  239.513  14472
834  144  2025-06-09 22-10-06  2566.4  20837  -14784.6  239.57  14463.7
835  144  2025-06-09 22-10-06  2568  20847.3  -14792.1  239.628  14455.2
836  144  2025-06-09 22-10-06  2569.6  20857.5  -14799.8  239.685  14464.5
837  144  2025-06-09 22-10-06  2571.2  20867.7  -14807.4  239.743  14456
838  144  2025-06-09 22-10-06  2572.8  20877.9  -14815.1  239.8  14465.3
839  144  2025-06-09 22-10-06  2574.4  20888.2  -14822.8  239.858  14456.9
840  144  2025-06-09 22-10-06  2576  20898.4  -14830.5  239.915  14466.2
841  144  2025-06-09 22-10-06  2577.6  20908.7  -14838.1  239.973  14457.8
842  144  2025-06-09 22-10-06  2579.2  20918.9  -14845.8  240.031  14467.1
843  144  2025-06-09 22-10-06  2580.8  20929.2  -14853.5  240.088  14458.7
844  144  2025-06-09 22-10-06  2582.4  20939.5  -14861.1  240.146  14450.2
845  144  2025-06-09 22-10-06  2584  20949.8  -14868.7  240.203  14459.5
846  144  2025-06-09 22-10-06  2585.6  20960.1  -14876.3  240.261  14451
847  144  2025-06-09 22-10-06  2587.2  20970.4  -14884  240.318  14460.3
848  144  2025-06-09 22-10-06  2588.8  20980.8  -14891.6  240.376  14451.8
849  144  2025-06-09 22-10-06  2590.4  20991  -14899.3  240.434  14461.1
850  144  2025-06-09 22-10-06  2592  21001.4  -14906.9  240.491  14452.7
851  144  2025-06-09 22-10-06  2593.6  21011.7  -14914.6  240.549  14462
852  144  2025-06-09 22-10-06  2595.2  21022  -14922.2  240.606  14453.6
853  144  2025-06-09 22-10-06  2596.8  21032.3  -14929.9  240.664  14462.8
854  144  2025-06-09 22-10-06  2598.4  21042.7  -14937.6  240.721  14454.5
855  144  2025-06-09 22-10-06  2600  21053.1  -14945.1  240.779  14446
856  144  2025-06-09 22-10-06  2601.6  21063.5  -14952.8  240.836  14455.2
857  144  2025-06-09 22-10-06  2603.2  21073.9  -14960.3  240.894  14446.8
858  144  2025-06-09 22-10-06  2604.8  21084.3  -14968  240.952  14456
859  144  2025-06-09 22-10-06  2606.4  21094.7  -14975.6  241.009  14447.6
860  144  2025-06-09 22-10-06  2608  21105.1  -14983.3  241.067  14456.9
861  144  2025-06-09 22-10-06  2609.6  21115.5  -14990.9  241.124  14448.4
862  144  2025-06-09 22-10-06  2611.2  21125.9  -14998.6  241.182  14457.7
863  144  2025-06-09 22-10-06  2612.8  21136.4  -15006.2  241.239  14449.3
864  144  2025-06-09 22-10-06  2614.4  21146.7  -15013.9  241.297  14458.6
865  144  2025-06-09 22-10-06  2616  21157.2  -15021.5  241.354  14450.2
866  144  2025-06-09 22-10-06  2617.6  21167.7  -15029.1  241.412  14441.8
867  144  2025-06-09 22-10-06  2619.2  21178.1  -15036.7  241.47  14451
868  144  2025-06-09 22-10-06  2620.8  21188.7  -15044.3  241.527  14442.6
869  144  2025-06-09 22-10-06  2622.4  21199.1  -15051.9  241.585  14451.8
870  144  2025-06-09 22-10-06  2624  21209.6  -15059.5  241.642  14443.4
871  144  2025-06-09 22-10-06  2625.6  21220.1  -15067.2  241.7  14452.6
872  144  2025-06-09 22-10-06  2627.2  21230.6  -15074.7  241.757  14444.2
873  144  2025-06-09 22-10-06  2628.8  21241.1  -15082.4  241.815  14453.5
874  144  2025-06-09 22-10-06  2630.4  21251.6  -15090  241.872  14445.1
875  144  2025-06-09 22-10-06  2632  21262.2  -15097.5  241.93  14436.6
876  144  2025-06-09 22-10-06  2633.6  21272.8  -15105.2  241.988  14445.8
877  144  2025-06-09 22-10-06  2635.2  21283.4  -15112.7  242.045  14437.4
878  144  2025-06-09 22-10-06  2636.8  21293.9  -15120.3  242.103  14446.6
879  144  2025-06-09 22-10-06  2638.4  21304.5  -15127.9  242.16  14438.2
880  144  2025-06-09 22-10-06  2640  21315.1  -15135.5  242.218  14447.4
881  144  2025-06-09 22-10-06  2641.6  21325.7  -15143.1  242.275  14439
882  144  2025-06-09 22-10-06  2643.2  21336.2  -15150.7  242.333  14448.2
883  144  2025-06-09 22-10-06  2644.8  21346.8  -15158.3  242.39  14439.8
884  144  2025-06-09 22-10-06  2646.4  21357.4  -15166  242.448  14449.1
885  144  2025-06-09 22-10-06  2648  21368  -15173.6  242.506  14440.7
886  144  2025-06-09 22-10-06  2649.6  21378.7  -15181  242.563  14432.2
887  144  2025-06-09 22-10-06  2651.2  21389.3  -15188.6  242.621  14441.4
888  144  2025-06-09 22-10-06  2652.8  21400  -15196.2  242.678  14433
889  144  2025-06-09 22-10-06  2654.4  21410.6  -15203.8  242.736  14442.2
890  144  2025-06-09 22-10-06  2656  21421.3  -15211.3  242.793  14433.8
891  144  2025-06-09 22-10-06  2657.6  21432  -15218.9  242.851  14443
892  144  2025-06-09 22-10-06  2659.2  21442.7  -15226.5  242.908  14434.6
893  144  2025-06-09 22-10-06  2660.8  21453.3  -15234.1  242.966  14443.8
894  144  2025-06-09 22-10-06  2662.4  21464  -15241.7  243.024  14435.4
895  144  2025-06-09 22-10-06  2664  21474.6  -15249.3  243.081  14444.7
896  144  2025-06-09 22-10-06  2665.6  21485.3  -15256.9  243.139  14436.3
897  144  2025-06-09 22-10-06  2667.2  21496.1  -15264.4  243.196  14427.8
898  144  2025-06-09 22-10-06  2668.8  21506.8  -15272  243.254  14437
899  144  2025-06-09 22-10-06  2670.4  21517.6  -15279.5  243.311  14428.6
900  144  2025-06-09 22-10-06  2672  21528.3  -15287.1  243.369  14437.8
901  144  2025-06-09 22-10-06  2673.6  21539.1  -15294.6  243.426  14429.4
902  144  2025-06-09 22-10-06  2675.2  21549.8  -15302.2  243.484  14438.6
903  144  2025-06-09 22-10-06  2676.8  21560.6  -15309.7  243.542  14430.2
904  144  2025-06-09 22-10-06  2678.4  21571.3  -15317.4  243.599  14439.4
905  144  2025-06-09 22-10-06  2680  21582.1  -15324.9  243.657  14431
906  144  2025-06-09 22-10-06  2681.6  21592.8  -15332.5  243.714  14440.3
907  144  2025-06-09 22-10-06  2683.2  21603.6  -15340.1  243.772  14431.9
908  144  2025-06-09 22-10-06  2684.8  21614.5  -15347.6  243.829  14423.4
909  144  2025-06-09 22-10-06  2686.4  21625.3  -15355.1  243.887  14432.6
910  144  2025-06-09 22-10-06  2688  21636.2  -15362.6  243.944  14424.2
911  144  2025-06-09 22-10-06  2689.6  21647  -15370.2  244.002  14433.4
912  144  2025-06-09 22-10-06  2691.2  21657.9  -15377.7  244.06  14425
913  144  2025-06-09 22-10-06  2692.8  21668.7  -15385.3  244.117  14434.2
914  144  2025-06-09 22-10-06  2694.4  21679.5  -15392.8  244.175  14425.8
915  144  2025-06-09 22-10-06  2696  21690.3  -15400.4  244.232  14435
916  144  2025-06-09 22-10-06  2697.6  21701.2  -15407.9  244.29  14426.6
917  144  2025-06-09 22-10-06  2699.2  21712  -15415.6  244.347  14435.9
918  144  2025-06-09 22-10-06  2700.8  21722.9  -15423.1  244.405  14427.5
919  144  2025-06-09 22-10-06  2702.4  21733.9  -15430.6  244.462  14419
920  144  2025-06-09 22-10-06  2704  21744.8  -15438.1  244.52  14428.2
921  144  2025-06-09 22-10-06  2705.6  21755.7  -15445.6  244.578  14419.8
922  144  2025-06-09 22-10-06  2707.2  21766.6  -15453.2  244.635  14429
923  144  2025-06-09 22-10-06  2708.8  21777.6  -15460.6  244.693  14420.6
924  144  2025-06-09 22-10-06  2710.4  21788.5  -15468.2  244.75  14429.8
925  144  2025-06-09 22-10-06  2712  21799.4  -15475.7  244.808  14421.4
926  144  2025-06-09 22-10-06  2713.6  21810.3  -15483.3  244.865  14430.6
927  144  2025-06-09 22-10-06  2715.2  21821.3  -15490.8  244.923  14422.2
928  144  2025-06-09 22-10-06  2716.8  21832.2  -15498.4  244.98  14431.5
929  144  2025-06-09 22-10-06  2718.4  21843.2  -15506  245.038  14423.1
930  144  2025-06-09 22-10-06  2720  21854.2  -15513.4  245.096  14414.6
931  144  2025-06-09 22-10-06  2721.6  21865.2  -15520.9  245.153  14423.8
932  144  2025-06-09 22-10-06  2723.2  21876.2  -15528.4  245.211  14415.4
933  144  2025-06-09 22-10-06  2724.8  21887.2  -15535.9  245.268  14424.6
934  144  2025-06-09 22-10-06  2726.4  21898.3  -15543.4  245.326  14416.2
935  144  2025-06-09 22-10-06  2728  21909.2  -15551  245.383  14425.4
936  144  2025-06-09 22-10-06  2729.6  21920.3  -15558.4  245.441  14417
937  144  2025-06-09 22-10-06  2731.2  21931.3  -15566  245.498  14426.2
938  144  2025-06-09 22-10-06  2732.8  21942.3  -15573.5  245.556  14417.8
939  144  2025-06-09 22-10-06  2734.4  21953.5  -15580.9  245.614  14409.3
940  144  2025-06-09 22-10-06  2736  21964.5  -15588.4  245.671  14418.5
941  144  2025-06-09 22-10-06  2737.6  21975.7  -15595.8  245.729  14410
942  144  2025-06-09 22-10-06  2739.2  21986.7  -15603.3  245.786  14419.3
943  144  2025-06-09 22-10-06  2740.8  21997.9  -15610.8  245.844  14410.8
944  144  2025-06-09 22-10-06  2742.4  22008.9  -15618.3  245.901  14420
945  144  2025-06-09 22-10-06  2744  22020.1  -15625.7  245.959  14411.6
946  144  2025-06-09 22-10-06  2745.6  22031.2  -15633.3  246.016  14420.8
947  144  2025-06-09 22-10-06  2747.2  22042.3  -15640.7  246.074  14412.4
948  144  2025-06-09 22-10-06  2748.8  22053.4  -15648.3  246.132  14421.7
949  144  2025-06-09 22-10-06  2750.4  22064.5  -15655.8  246.189  14413.2
950  144  2025-06-09 22-10-06  2752  22075.7  -15663.1  246.247  14404.8
951  144  2025-06-09 22-10-06  2753.6  22086.9  -15670.6  246.304  14414
952  144  2025-06-09 22-10-06  2755.2  22098.1  -15678  246.362  14405.5
953  144  2025-06-09 22-10-06  2756.8  22109.3  -15685.5  246.419  14414.7
954  144  2025-06-09 22-10-06  2758.4  22120.5  -15692.9  246.477  14406.2
955  144  2025-06-09 22-10-06  2760  22131.7  -15700.4  246.534  14415.5
956  144  2025-06-09 22-10-06  2761.6  22142.9  -15707.8  246.592  14407
957  144  2025-06-09 22-10-06  2763.2  22154.1  -15715.4  246.65  14416.3
958  144  2025-06-09 22-10-06  2764.8  22165.3  -15722.8  246.707  14407.8
959  144  2025-06-09 22-10-06  2766.4  22176.4  -15730.4  246.765  14417.1
960  144  2025-06-09 22-10-06  2768  22187.7  -15737.8  246.822  14408.7
961  144  2025-06-09 22-10-06  2769.6  22199  -15745.2  246.88  14400.2
962  144  2025-06-09 22-10-06  2771.2  22210.2  -15752.6  246.937  14409.4
963  144  2025-06-09 22-10-06  2772.8  22221.6  -15760  246.995  14400.9
964  144  2025-06-09 22-10-06  2774.4  22232.8  -15767.5  247.052  14410.1
965  144  2025-06-09 22-10-06  2776  22244.1  -15774.8  247.11  14401.6
966  144  2025-06-09 22-10-06  2777.6  22255.4  -15782.3  247.168  14410.9
967  144  2025-06-09 22-10-06  2779.2  22266.7  -15789.7  247.225  14402.4
968  144  2025-06-09 22-10-06  2780.8  22277.9  -15797.3  247.283  14411.7
969  144  2025-06-09 22-10-06  2782.4  22289.3  -15804.7  247.34  14403.2
970  144  2025-06-09 22-10-06  2784  22300.5  -15812.2  247.398  14412.5
971  144  2025-06-09 22-10-06  2785.6  22311.8  -15819.6  247.455  14404.1
972  144  2025-06-09 22-10-06  2787.2  22323.2  -15826.9  247.513  14395.6
973  144  2025-06-09 22-10-06  2788.8  22334.6  -15834.4  247.57  14404.8
974  144  2025-06-09 22-10-06  2790.4  22346  -15841.7  247.628  14396.3
975  144  2025-06-09 22-10-06  2792  22357.3  -15849.2  247.686  14405.5
976  144  2025-06-09 22-10-06  2793.6  22368.7  -15856.5  247.743  14397.1
977  144  2025-06-09 22-10-06  2795.2  22380.1  -15864  247.801  14406.3
978  144  2025-06-09 22-10-06  2796.8  22391.5  -15871.4  247.858  14397.9
979  144  2025-06-09 22-10-06  2798.4  22402.8  -15878.9  247.916  14407.1
980  144  2025-06-09 22-10-06  2800  22414.2  -15886.3  247.973  14398.7
981  144  2025-06-09 22-10-06  2801.6  22425.6  -15893.8  248.031  14407.9
982  144  2025-06-09 22-10-06  2803.2  22437  -15901.2  248.088  14399.5
983  144  2025-06-09 22-10-06  2804.8  22448.5  -15908.5  248.146  14391
984  144  2025-06-09 22-10-06  2806.4  22459.9  -15915.9  248.204  14400.2
985  144  2025-06-09 22-10-06  2808  22471.4  -15923.2  248.261  14391.7
986  144  2025-06-09 22-10-06  2809.6  22482.8  -15930.7  248.319  14401
987  144  2025-06-09 22-10-06  2811.2  22494.3  -15938  248.376  14392.5
988  144  2025-06-09 22-10-06  2812.8  22505.7  -15945.4  248.434  14401.7
989  144  2025-06-09 22-10-06  2814.4  22517.2  -15952.8  248.491  14393.3
990  144  2025-06-09 22-10-06  2816  22528.7  -15960.3  248.549  14402.5
991  144  2025-06-09 22-10-06  2817.6  22540.2  -15967.6  248.606  14394.1
992  144  2025-06-09 22-10-06  2819.2  22551.6  -15975.1  248.664  14403.4
993  144  2025-06-09 22-10-06  2820.8  22563.1  -15982.5  248.722  14394.9
994  144  2025-06-09 22-10-06  2822.4  22574.6  -15990  248.779  14404.2
995  144  2025-06-09 22-10-06  2824  22586.1  -15997.4  248.837  14395.8
996  144  2025-06-09 22-10-06  2825.6  22597.6  -16004.7  248.894  14387.3
997  144  2025-06-09 22-10-06  2827.2  22609.2  -16012.1  248.952  14396.6
998  144  2025-06-09 22-10-06  2828.8  22620.7  -16019.4  249.009  14388.1
999  144  2025-06-09 22-10-06  2830.4  22632.3  -16026.9  249.067  14397.3
1000  144  2025-06-09 22-10-06  14032  22643.9  -16034.2  249.124  14388.9
