SN    USVID    CurTime    simTime    CurX    CurY    CurVel      CurYaw   
0  144  2025-06-09 22-17-57  0  2440  14512  192  2672
1  144  2025-06-09 22-17-57  1.6  2448.01  14511.9  192.058  2680.08
2  144  2025-06-09 22-17-57  3.2  2456.02  14511.8  192.115  2688.24
3  144  2025-06-09 22-17-57  4.8  2464.03  14511.6  192.173  2696.48
4  144  2025-06-09 22-17-57  6.4  2472.05  14511.3  192.23  2704.8
5  144  2025-06-09 22-17-57  8  2480.07  14510.9  192.288  2713.2
6  144  2025-06-09 22-17-57  9.6  2488.09  14510.5  192.345  2721.68
7  144  2025-06-09 22-17-57  11.2  2496.12  14510  192.403  2730.24
8  144  2025-06-09 22-17-57  12.8  2504.14  14509.4  192.46  2738.88
9  144  2025-06-09 22-17-57  14.4  2512.16  14508.7  192.518  2747.6
10  144  2025-06-09 22-17-57  128  2520.19  14508  192.576  2756.4
11  144  2025-06-09 22-17-57  129.6  2528.21  14507.2  192.633  2765.28
12  144  2025-06-09 22-17-57  131.2  2536.23  14506.3  192.691  2774.24
13  144  2025-06-09 22-17-57  132.8  2544.25  14505.4  192.748  2775.2
14  144  2025-06-09 22-17-57  134.4  2552.28  14504.4  192.806  2776.16
15  144  2025-06-09 22-17-57  136  2560.31  14503.5  192.863  2777.12
16  144  2025-06-09 22-17-57  137.6  2568.35  14502.6  192.921  2778.08
17  144  2025-06-09 22-17-57  139.2  2576.39  14501.6  192.978  2779.04
18  144  2025-06-09 22-17-57  140.8  2584.44  14500.7  193.036  2780
19  144  2025-06-09 22-17-57  142.4  2592.49  14499.7  193.094  2780.96
20  144  2025-06-09 22-17-57  144  2600.55  14498.8  193.151  2781.92
21  144  2025-06-09 22-17-57  145.6  2608.61  14497.8  193.209  2782.88
22  144  2025-06-09 22-17-57  147.2  2616.68  14496.8  193.266  2783.84
23  144  2025-06-09 22-17-57  148.8  2624.75  14495.8  193.324  2784.8
24  144  2025-06-09 22-17-57  150.4  2632.83  14494.8  193.381  2785.76
25  144  2025-06-09 22-17-57  152  2640.91  14493.8  193.439  2786.72
26  144  2025-06-09 22-17-57  153.6  2648.99  14492.7  193.496  2787.68
27  144  2025-06-09 22-17-57  155.2  2657.08  14491.7  193.554  2788.64
28  144  2025-06-09 22-17-57  156.8  2665.17  14490.7  193.612  2789.6
29  144  2025-06-09 22-17-57  158.4  2673.27  14489.6  193.669  2790.56
30  144  2025-06-09 22-17-57  160  2681.38  14488.6  193.727  2791.52
31  144  2025-06-09 22-17-57  161.6  2689.48  14487.5  193.784  2792.48
32  144  2025-06-09 22-17-57  163.2  2697.6  14486.4  193.842  2793.44
33  144  2025-06-09 22-17-57  164.8  2705.71  14485.3  193.899  2794.4
34  144  2025-06-09 22-17-57  166.4  2713.83  14484.2  193.957  2795.36
35  144  2025-06-09 22-17-57  168  2721.96  14483.1  194.014  2796.32
36  144  2025-06-09 22-17-57  169.6  2730.09  14482  194.072  2797.28
37  144  2025-06-09 22-17-57  171.2  2738.23  14480.9  194.13  2798.24
38  144  2025-06-09 22-17-57  172.8  2746.37  14479.7  194.187  2799.2
39  144  2025-06-09 22-17-57  174.4  2754.51  14478.6  194.245  2800.16
40  144  2025-06-09 22-17-57  176  2762.66  14477.4  194.302  2801.12
41  144  2025-06-09 22-17-57  177.6  2770.81  14476.3  194.36  2802.08
42  144  2025-06-09 22-17-57  179.2  2778.97  14475.1  194.417  2803.04
43  144  2025-06-09 22-17-57  180.8  2787.13  14473.9  194.475  2804
44  144  2025-06-09 22-17-57  182.4  2795.3  14472.7  194.532  2804.96
45  144  2025-06-09 22-17-57  184  2803.47  14471.5  194.59  2805.92
46  144  2025-06-09 22-17-57  185.6  2811.65  14470.3  194.648  2806.88
47  144  2025-06-09 22-17-57  187.2  2819.83  14469.1  194.705  2807.84
48  144  2025-06-09 22-17-57  188.8  2828.01  14467.8  194.763  2808.8
49  144  2025-06-09 22-17-57  190.4  14036.2  14466.6  194.82  2809.76
50  144  2025-06-09 22-17-57  192  14044.4  14465.3  194.878  2810.72
51  144  2025-06-09 22-17-57  193.6  14052.6  14464.1  194.935  2811.68
52  144  2025-06-09 22-17-57  195.2  14060.8  14462.8  194.993  2812.64
53  144  2025-06-09 22-17-57  196.8  14069  14461.5  195.05  2813.6
54  144  2025-06-09 22-17-57  198.4  14077.2  14460.3  195.108  2814.56
55  144  2025-06-09 22-17-57  200  14085.4  14459  195.166  2815.52
56  144  2025-06-09 22-17-57  201.6  14093.6  14457.7  195.223  2816.48
57  144  2025-06-09 22-17-57  203.2  14101.9  14456.3  195.281  2817.44
58  144  2025-06-09 22-17-57  204.8  14110.1  14455  195.338  2818.4
59  144  2025-06-09 22-17-57  206.4  14118.3  14453.7  195.396  2819.36
60  144  2025-06-09 22-17-57  208  14126.6  14452.3  195.453  2820.32
61  144  2025-06-09 22-17-57  209.6  14134.8  14451  195.511  2821.28
62  144  2025-06-09 22-17-57  211.2  14143  14449.6  195.568  2822.24
63  144  2025-06-09 22-17-57  212.8  14151.3  14448.2  195.626  2823.2
64  144  2025-06-09 22-17-57  214.4  14159.5  14446.9  195.684  2824.16
65  144  2025-06-09 22-17-57  216  14167.8  14445.5  195.741  2825.12
66  144  2025-06-09 22-17-57  217.6  14176.1  14444.1  195.799  2826.08
67  144  2025-06-09 22-17-57  219.2  14184.3  14442.7  195.856  2827.04
68  144  2025-06-09 22-17-57  220.8  14192.6  14441.2  195.914  2828
69  144  2025-06-09 22-17-57  222.4  14200.9  14439.8  195.971  2828.96
70  144  2025-06-09 22-17-57  224  14209.2  14438.4  196.029  2829.92
71  144  2025-06-09 22-17-57  225.6  14217.4  14436.9  196.086  2830.88
72  144  2025-06-09 22-17-57  227.2  14225.7  14435.5  196.144  2831.84
73  144  2025-06-09 22-17-57  228.8  14234  14434  196.202  14032.8
74  144  2025-06-09 22-17-57  230.4  14242.3  14432.5  196.259  14033.8
75  144  2025-06-09 22-17-57  232  14250.6  14431  196.317  14034.7
76  144  2025-06-09 22-17-57  233.6  14258.9  14429.5  196.374  14035.7
77  144  2025-06-09 22-17-57  235.2  14267.2  14428  196.432  14036.6
78  144  2025-06-09 22-17-57  236.8  14275.5  14426.5  196.489  14037.6
79  144  2025-06-09 22-17-57  238.4  14283.9  14425  196.547  14038.6
80  144  2025-06-09 22-17-57  240  14292.2  14423.4  196.604  14039.5
81  144  2025-06-09 22-17-57  241.6  14300.5  14421.9  196.662  14040.5
82  144  2025-06-09 22-17-57  243.2  14308.8  14420.3  196.72  14041.4
83  144  2025-06-09 22-17-57  244.8  14317.2  14418.8  196.777  14042.4
84  144  2025-06-09 22-17-57  246.4  14325.5  14417.2  196.835  14043.4
85  144  2025-06-09 22-17-57  248  14333.8  14415.6  196.892  14044.3
86  144  2025-06-09 22-17-57  249.6  14342.2  14414  196.95  14045.3
87  144  2025-06-09 22-17-57  251.2  14350.5  14412.4  197.007  14046.2
88  144  2025-06-09 22-17-57  252.8  14358.9  14410.8  197.065  14047.2
89  144  2025-06-09 22-17-57  254.4  14367.2  14409.1  197.122  14048.2
90  144  2025-06-09 22-17-57  256  14375.6  14407.5  197.18  14049.1
91  144  2025-06-09 22-17-57  257.6  14383.9  14405.9  197.238  14050.1
92  144  2025-06-09 22-17-57  259.2  14392.3  14404.2  197.295  14051
93  144  2025-06-09 22-17-57  260.8  14400.7  14402.5  197.353  14052
94  144  2025-06-09 22-17-57  262.4  14409.1  14400.9  197.41  14053
95  144  2025-06-09 22-17-57  264  14417.4  14399.2  197.468  14053.9
96  144  2025-06-09 22-17-57  265.6  14425.8  14397.5  197.525  14054.9
97  144  2025-06-09 22-17-57  267.2  14434.2  14395.8  197.583  14055.8
98  144  2025-06-09 22-17-57  268.8  14442.6  14394.1  197.641  14056.8
99  144  2025-06-09 22-17-57  270.4  14451  14392.3  197.698  14057.8
100  144  2025-06-09 22-17-57  1392  14459.4  14390.6  197.756  14058.7
101  144  2025-06-09 22-17-57  1393.6  14467.8  14388.9  197.813  14059.7
102  144  2025-06-09 22-17-57  1395.2  14476.2  14387.1  197.871  14060.6
103  144  2025-06-09 22-17-57  1396.8  14484.6  14385.3  197.928  14061.6
104  144  2025-06-09 22-17-57  1398.4  14493  14383.6  197.986  14062.6
105  144  2025-06-09 22-17-57  1400  14501.4  14381.8  198.043  14063.5
106  144  2025-06-09 22-17-57  1401.6  14509.9  14380  198.101  14064.5
107  144  2025-06-09 22-17-57  1403.2  14518.3  14378.2  198.159  14065.4
108  144  2025-06-09 22-17-57  1404.8  14526.7  14376.4  198.216  14066.4
109  144  2025-06-09 22-17-57  1406.4  14535.2  14374.6  198.274  14067.4
110  144  2025-06-09 22-17-57  1408  14543.6  14372.7  198.331  14068.3
111  144  2025-06-09 22-17-57  1409.6  14552  14370.9  198.389  14069.3
112  144  2025-06-09 22-17-57  1411.2  14560.5  14369  198.446  14070.2
113  144  2025-06-09 22-17-57  1412.8  14568.9  14367.2  198.504  14071.2
114  144  2025-06-09 22-17-57  1414.4  14577.4  14365.3  198.561  14072.2
115  144  2025-06-09 22-17-57  1416  14585.8  14363.4  198.619  14073.1
116  144  2025-06-09 22-17-57  1417.6  14594.3  14361.5  198.677  14074.1
117  144  2025-06-09 22-17-57  1419.2  14602.7  14359.6  198.734  14075
118  144  2025-06-09 22-17-57  1420.8  14611.2  14357.7  198.792  14076
119  144  2025-06-09 22-17-57  1422.4  14619.7  14355.8  198.849  14077
120  144  2025-06-09 22-17-57  1424  14628.1  14353.8  198.907  14077.9
121  144  2025-06-09 22-17-57  1425.6  14636.6  14351.9  198.964  14078.9
122  144  2025-06-09 22-17-57  1427.2  14645.1  14349.9  199.022  14079.8
123  144  2025-06-09 22-17-57  1428.8  14653.6  14347.9  199.079  14080.8
124  144  2025-06-09 22-17-57  1430.4  14662.1  14346  199.137  14081.8
125  144  2025-06-09 22-17-57  1432  14670.6  14344  199.195  14082.7
126  144  2025-06-09 22-17-57  1433.6  14679.1  14342  199.252  14083.7
127  144  2025-06-09 22-17-57  1435.2  14687.6  14340  199.31  14084.6
128  144  2025-06-09 22-17-57  1436.8  14696.1  14338  199.367  14085.6
129  144  2025-06-09 22-17-57  1438.4  14704.6  14335.9  199.425  14086.6
130  144  2025-06-09 22-17-57  1440  14713.1  14333.9  199.482  14087.5
131  144  2025-06-09 22-17-57  1441.6  14721.6  14331.8  199.54  14088.5
132  144  2025-06-09 22-17-57  1443.2  14730.1  14329.8  199.597  14089.4
133  144  2025-06-09 22-17-57  1444.8  14738.6  14327.7  199.655  14090.4
134  144  2025-06-09 22-17-57  1446.4  14747.1  14325.6  199.713  14091.4
135  144  2025-06-09 22-17-57  1448  14755.7  14323.6  199.77  14092.3
136  144  2025-06-09 22-17-57  1449.6  14764.2  14321.5  199.828  14093.3
137  144  2025-06-09 22-17-57  1451.2  14772.7  14319.3  199.885  14094.2
138  144  2025-06-09 22-17-57  1452.8  14781.2  14317.2  199.943  14095.2
139  144  2025-06-09 22-17-57  1454.4  14789.8  14315.1  200  14096.2
140  144  2025-06-09 22-17-57  1456  14798.3  14313  200.058  14097.1
141  144  2025-06-09 22-17-57  1457.6  14806.9  14310.8  200.115  14098.1
142  144  2025-06-09 22-17-57  1459.2  14815.4  14308.6  200.173  14099
143  144  2025-06-09 22-17-57  1460.8  14824  14306.5  200.231  14100
144  144  2025-06-09 22-17-57  1462.4  14832.5  14304.3  200.288  14101
145  144  2025-06-09 22-17-57  1464  14841.1  14302.1  200.346  14101.9
146  144  2025-06-09 22-17-57  1465.6  14849.6  14299.9  200.403  14102.9
147  144  2025-06-09 22-17-57  1467.2  14858.2  14297.7  200.461  14103.8
148  144  2025-06-09 22-17-57  1468.8  14866.8  14295.5  200.518  14104.8
149  144  2025-06-09 22-17-57  1470.4  14875.4  14293.2  200.576  14105.8
150  144  2025-06-09 22-17-57  1472  14883.9  14291  200.633  14106.7
151  144  2025-06-09 22-17-57  1473.6  14892.5  14288.7  200.691  14107.7
152  144  2025-06-09 22-17-57  1475.2  14901.1  14286.5  200.749  14108.6
153  144  2025-06-09 22-17-57  1476.8  14909.7  14284.2  200.806  14109.6
154  144  2025-06-09 22-17-57  1478.4  14918.3  14281.9  200.864  14110.6
155  144  2025-06-09 22-17-57  1480  14926.8  14279.6  200.921  14111.5
156  144  2025-06-09 22-17-57  1481.6  14935.4  14277.3  200.979  14112.5
157  144  2025-06-09 22-17-57  1483.2  14944  14275  201.036  14113.4
158  144  2025-06-09 22-17-57  1484.8  14952.6  14272.6  201.094  14114.4
159  144  2025-06-09 22-17-57  1486.4  14961.2  14270.3  201.151  14115.4
160  144  2025-06-09 22-17-57  1488  14969.8  14268  201.209  14116.3
161  144  2025-06-09 22-17-57  1489.6  14978.5  14265.6  201.267  14117.3
162  144  2025-06-09 22-17-57  1491.2  14987.1  14263.2  201.324  14118.2
163  144  2025-06-09 22-17-57  1492.8  14995.7  14260.8  201.382  14119.2
164  144  2025-06-09 22-17-57  1494.4  15004.3  14258.5  201.439  14120.2
165  144  2025-06-09 22-17-57  1496  15012.9  14256.1  201.497  14121.1
166  144  2025-06-09 22-17-57  1497.6  15021.5  14253.6  201.554  14122.1
167  144  2025-06-09 22-17-57  1499.2  15030.2  14251.2  201.612  14123
168  144  2025-06-09 22-17-57  1500.8  15038.8  14248.8  201.669  14124
169  144  2025-06-09 22-17-57  1502.4  15047.4  14246.3  201.727  14125
170  144  2025-06-09 22-17-57  1504  15056.1  14243.9  201.785  14125.9
171  144  2025-06-09 22-17-57  1505.6  15064.7  14241.4  201.842  14126.9
172  144  2025-06-09 22-17-57  1507.2  15073.4  14238.9  201.9  14127.8
173  144  2025-06-09 22-17-57  1508.8  15082  14236.5  201.957  14128.8
174  144  2025-06-09 22-17-57  1510.4  15090.6  14234  202.015  14129.8
175  144  2025-06-09 22-17-57  1512  15099.3  14231.4  202.072  14130.7
176  144  2025-06-09 22-17-57  1513.6  15108  14228.9  202.13  14131.7
177  144  2025-06-09 22-17-57  1515.2  15116.6  14226.4  202.187  14132.6
178  144  2025-06-09 22-17-57  1516.8  15125.3  14223.9  202.245  14133.6
179  144  2025-06-09 22-17-57  1518.4  15133.9  14221.3  202.303  14134.6
180  144  2025-06-09 22-17-57  1520  15142.6  14218.7  202.36  14135.5
181  144  2025-06-09 22-17-57  1521.6  15151.3  14216.2  202.418  14136.5
182  144  2025-06-09 22-17-57  1523.2  15159.9  14213.6  202.475  14137.4
183  144  2025-06-09 22-17-57  1524.8  15168.6  14211  202.533  14138.4
184  144  2025-06-09 22-17-57  1526.4  15177.3  14208.4  202.59  14139.4
185  144  2025-06-09 22-17-57  1528  15186  14205.8  202.648  14140.3
186  144  2025-06-09 22-17-57  1529.6  15194.6  14203.1  202.705  14141.3
187  144  2025-06-09 22-17-57  1531.2  15203.3  14200.5  202.763  14142.2
188  144  2025-06-09 22-17-57  1532.8  15212  14197.9  202.821  14143.2
189  144  2025-06-09 22-17-57  1534.4  15220.7  14195.2  202.878  14144.2
190  144  2025-06-09 22-17-57  1536  15229.4  14192.5  202.936  14145.1
191  144  2025-06-09 22-17-57  1537.6  15238.1  14189.9  202.993  14146.1
192  144  2025-06-09 22-17-57  1539.2  15246.8  14187.2  203.051  14147
193  144  2025-06-09 22-17-57  1540.8  15255.5  14184.5  203.108  14148
194  144  2025-06-09 22-17-57  1542.4  15264.2  14181.8  203.166  14149
195  144  2025-06-09 22-17-57  1544  15272.9  14179  203.223  14149.9
196  144  2025-06-09 22-17-57  1545.6  15281.6  14176.3  203.281  14150.9
197  144  2025-06-09 22-17-57  1547.2  15290.3  14173.5  203.339  14151.8
198  144  2025-06-09 22-17-57  1548.8  15299  14170.8  203.396  14152.8
199  144  2025-06-09 22-17-57  1550.4  15307.8  14168  203.454  14153.8
200  144  2025-06-09 22-17-57  1552  15316.5  14165.2  203.511  14154.7
201  144  2025-06-09 22-17-57  1553.6  15325.2  14162.5  203.569  14155.7
202  144  2025-06-09 22-17-57  1555.2  15333.9  14159.7  203.626  14156.6
203  144  2025-06-09 22-17-57  1556.8  15342.7  14156.8  203.684  14157.6
204  144  2025-06-09 22-17-57  1558.4  15351.4  14154  203.741  14158.6
205  144  2025-06-09 22-17-57  1560  15360.1  14151.2  203.799  14159.5
206  144  2025-06-09 22-17-57  1561.6  15368.8  14148.4  203.857  14160.5
207  144  2025-06-09 22-17-57  1563.2  15377.6  14145.5  203.914  14161.4
208  144  2025-06-09 22-17-57  1564.8  15386.3  14142.6  203.972  14162.4
209  144  2025-06-09 22-17-57  1566.4  15395.1  14139.8  204.029  14163.4
210  144  2025-06-09 22-17-57  1568  15403.8  14136.9  204.087  14164.3
211  144  2025-06-09 22-17-57  1569.6  15412.6  14134  204.144  14165.3
212  144  2025-06-09 22-17-57  1571.2  15421.3  14131.1  204.202  14166.2
213  144  2025-06-09 22-17-57  1572.8  15430.1  14128.1  204.259  14167.2
214  144  2025-06-09 22-17-57  1574.4  15438.8  14125.2  204.317  14168.2
215  144  2025-06-09 22-17-57  1576  15447.6  14122.3  204.375  14169.1
216  144  2025-06-09 22-17-57  1577.6  15456.3  14119.3  204.432  14170.1
217  144  2025-06-09 22-17-57  1579.2  15465.1  14116.4  204.49  14171
218  144  2025-06-09 22-17-57  1580.8  15473.9  14113.4  204.547  14172
219  144  2025-06-09 22-17-57  1582.4  15482.6  14110.4  204.605  14173
220  144  2025-06-09 22-17-57  1584  15491.4  14107.4  204.662  14173.9
221  144  2025-06-09 22-17-57  1585.6  15500.2  14104.4  204.72  14174.9
222  144  2025-06-09 22-17-57  1587.2  15508.9  14101.4  204.777  14175.8
223  144  2025-06-09 22-17-57  1588.8  15517.7  14098.3  204.835  14176.8
224  144  2025-06-09 22-17-57  1590.4  15526.5  14095.3  204.893  14177.8
225  144  2025-06-09 22-17-57  1592  15535.3  14092.2  204.95  14178.7
226  144  2025-06-09 22-17-57  1593.6  15544  14089.2  205.008  14179.7
227  144  2025-06-09 22-17-57  1595.2  15552.8  14086.1  205.065  14180.6
228  144  2025-06-09 22-17-57  1596.8  15561.6  14083  205.123  14181.6
229  144  2025-06-09 22-17-57  1598.4  15570.4  14079.9  205.18  14182.6
230  144  2025-06-09 22-17-57  1600  15579.2  14076.8  205.238  14183.5
231  144  2025-06-09 22-17-57  1601.6  15588  14073.7  205.295  14184.5
232  144  2025-06-09 22-17-57  1603.2  15596.8  14070.6  205.353  14185.4
233  144  2025-06-09 22-17-57  1604.8  15605.6  14067.4  205.411  14186.4
234  144  2025-06-09 22-17-57  1606.4  15614.4  14064.3  205.468  14187.4
235  144  2025-06-09 22-17-57  1608  15623.2  14061.1  205.526  14188.3
236  144  2025-06-09 22-17-57  1609.6  15632  14057.9  205.583  14189.3
237  144  2025-06-09 22-17-57  1611.2  15640.8  14054.8  205.641  14190.2
238  144  2025-06-09 22-17-57  1612.8  15649.6  14051.6  205.698  14191.2
239  144  2025-06-09 22-17-57  1614.4  15658.4  14048.4  205.756  14192.2
240  144  2025-06-09 22-17-57  1616  15667.2  14045.1  205.813  14193.1
241  144  2025-06-09 22-17-57  1617.6  15676  14041.9  205.871  14194.1
242  144  2025-06-09 22-17-57  1619.2  15684.8  14038.7  205.929  14195
243  144  2025-06-09 22-17-57  1620.8  15693.7  14035.4  205.986  14196
244  144  2025-06-09 22-17-57  1622.4  15702.5  14032.1  206.044  14197
245  144  2025-06-09 22-17-57  1624  15711.3  2828.87  206.101  14197.9
246  144  2025-06-09 22-17-57  1625.6  15720.1  2825.58  206.159  14198.9
247  144  2025-06-09 22-17-57  1627.2  15729  2822.28  206.216  14199.8
248  144  2025-06-09 22-17-57  1628.8  15737.8  2818.97  206.274  14200.8
249  144  2025-06-09 22-17-57  1630.4  15746.6  2815.65  206.331  14201.8
250  144  2025-06-09 22-17-57  1632  15755.4  2812.32  206.389  14202.7
251  144  2025-06-09 22-17-57  1633.6  15764.3  2808.98  206.447  14203.7
252  144  2025-06-09 22-17-57  1635.2  15773.1  2805.62  206.504  14204.6
253  144  2025-06-09 22-17-57  1636.8  15782  2802.26  206.562  14205.6
254  144  2025-06-09 22-17-57  1638.4  15790.8  2798.88  206.619  14206.6
255  144  2025-06-09 22-17-57  1640  15799.6  2795.49  206.677  14207.5
256  144  2025-06-09 22-17-57  1641.6  15808.5  2792.09  206.734  14208.5
257  144  2025-06-09 22-17-57  1643.2  15817.3  2788.68  206.792  14209.4
258  144  2025-06-09 22-17-57  1644.8  15826.2  2785.26  206.849  14210.4
259  144  2025-06-09 22-17-57  1646.4  15835  2781.83  206.907  14211.4
260  144  2025-06-09 22-17-57  1648  15843.9  2778.38  206.965  14212.3
261  144  2025-06-09 22-17-57  1649.6  15852.7  2774.93  207.022  14213.3
262  144  2025-06-09 22-17-57  1651.2  15861.6  2771.46  207.08  14214.2
263  144  2025-06-09 22-17-57  1652.8  15870.4  2767.98  207.137  14215.2
264  144  2025-06-09 22-17-57  1654.4  15879.3  2764.49  207.195  14216.2
265  144  2025-06-09 22-17-57  1656  15888.1  2760.99  207.252  14217.1
266  144  2025-06-09 22-17-57  1657.6  15897  2757.47  207.31  14218.1
267  144  2025-06-09 22-17-57  1659.2  15905.9  2753.95  207.367  14219
268  144  2025-06-09 22-17-57  1660.8  15914.7  2750.41  207.425  14220
269  144  2025-06-09 22-17-57  1662.4  15923.6  2746.87  207.483  14220.9
270  144  2025-06-09 22-17-57  1664  15932.4  2743.31  207.54  14221.9
271  144  2025-06-09 22-17-57  1665.6  15941.3  2739.74  207.598  14222.9
272  144  2025-06-09 22-17-57  1667.2  15950.2  2736.16  207.655  14223.8
273  144  2025-06-09 22-17-57  1668.8  15959.1  2732.56  207.713  14224.8
274  144  2025-06-09 22-17-57  1670.4  15967.9  2728.96  207.77  14225.7
275  144  2025-06-09 22-17-57  1672  15976.8  2725.34  207.828  14226.7
276  144  2025-06-09 22-17-57  1673.6  15985.7  2721.71  207.885  14227.7
277  144  2025-06-09 22-17-57  1675.2  15994.6  2718.08  207.943  14228.6
278  144  2025-06-09 22-17-57  1676.8  16003.4  2714.43  208.001  14229.6
279  144  2025-06-09 22-17-57  1678.4  16012.3  2710.76  208.058  14230.5
280  144  2025-06-09 22-17-57  1680  16021.2  2707.09  208.116  14231.5
281  144  2025-06-09 22-17-57  1681.6  16030.1  2703.4  208.173  14232.5
282  144  2025-06-09 22-17-57  1683.2  16039  2699.71  208.231  14233.4
283  144  2025-06-09 22-17-57  1684.8  16047.9  2696  208.288  14234.4
284  144  2025-06-09 22-17-57  1686.4  16056.7  2692.28  208.346  14235.3
285  144  2025-06-09 22-17-57  1688  16065.6  2688.55  208.404  14236.3
286  144  2025-06-09 22-17-57  1689.6  16074.5  2684.81  208.461  14237.3
287  144  2025-06-09 22-17-57  1691.2  16083.4  2681.05  208.519  14238.2
288  144  2025-06-09 22-17-57  1692.8  16092.3  2677.29  208.576  14239.2
289  144  2025-06-09 22-17-57  1694.4  16101.2  2673.51  208.634  14240.1
290  144  2025-06-09 22-17-57  1696  16110.1  2669.72  208.691  14241.1
291  144  2025-06-09 22-17-57  1697.6  16119  2665.92  208.749  14242.1
292  144  2025-06-09 22-17-57  1699.2  16127.9  2662.11  208.806  14243
293  144  2025-06-09 22-17-57  1700.8  16136.8  2658.29  208.864  14244
294  144  2025-06-09 22-17-57  1702.4  16145.7  2654.45  208.922  14244.9
295  144  2025-06-09 22-17-57  1704  16154.6  2650.6  208.979  14245.9
296  144  2025-06-09 22-17-57  1705.6  16163.5  2646.75  209.037  14246.9
297  144  2025-06-09 22-17-57  1707.2  16172.4  2642.88  209.094  14247.8
298  144  2025-06-09 22-17-57  1708.8  16181.3  2638.99  209.152  14248.8
299  144  2025-06-09 22-17-57  1710.4  16190.2  2635.1  209.209  14249.7
300  144  2025-06-09 22-17-57  1712  16199.1  2631.2  209.267  14250.7
301  144  2025-06-09 22-17-57  1713.6  16208  2627.28  209.324  14251.7
302  144  2025-06-09 22-17-57  1715.2  16216.9  2623.35  209.382  14252.6
303  144  2025-06-09 22-17-57  1716.8  16225.9  2619.41  209.44  14253.6
304  144  2025-06-09 22-17-57  1718.4  16234.8  2615.46  209.497  14254.5
305  144  2025-06-09 22-17-57  1720  16243.7  2611.5  209.555  14255.5
306  144  2025-06-09 22-17-57  1721.6  16252.6  2607.52  209.612  14256.5
307  144  2025-06-09 22-17-57  1723.2  16261.5  2603.54  209.67  14257.4
308  144  2025-06-09 22-17-57  1724.8  16270.4  2599.54  209.727  14258.4
309  144  2025-06-09 22-17-57  1726.4  16279.4  2595.53  209.785  14259.3
310  144  2025-06-09 22-17-57  1728  16288.3  2591.51  209.842  14260.3
311  144  2025-06-09 22-17-57  1729.6  16297.2  2587.47  209.9  14261.3
312  144  2025-06-09 22-17-57  1731.2  16306.1  2583.43  209.958  14262.2
313  144  2025-06-09 22-17-57  1732.8  16315  2579.37  210.015  14263.2
314  144  2025-06-09 22-17-57  1734.4  16324  2575.3  210.073  14264.1
315  144  2025-06-09 22-17-57  1736  16332.9  2571.22  210.13  14265.1
316  144  2025-06-09 22-17-57  1737.6  16341.8  2567.13  210.188  14266.1
317  144  2025-06-09 22-17-57  1739.2  16350.7  2563.03  210.245  14267
318  144  2025-06-09 22-17-57  1740.8  16359.7  2558.91  210.303  14268
319  144  2025-06-09 22-17-57  1742.4  16368.6  2554.78  210.36  14268.9
320  144  2025-06-09 22-17-57  1744  16377.5  2550.65  210.418  14269.9
321  144  2025-06-09 22-17-57  1745.6  16386.5  2546.49  210.476  14270.9
322  144  2025-06-09 22-17-57  1747.2  16395.4  2542.33  210.533  14271.8
323  144  2025-06-09 22-17-57  1748.8  16404.3  2538.16  210.591  14272.8
324  144  2025-06-09 22-17-57  1750.4  16413.2  2533.97  210.648  14273.7
325  144  2025-06-09 22-17-57  1752  16422.2  2529.77  210.706  14274.7
326  144  2025-06-09 22-17-57  1753.6  16431.1  2525.56  210.763  14275.7
327  144  2025-06-09 22-17-57  1755.2  16440.1  2521.34  210.821  14276.6
328  144  2025-06-09 22-17-57  1756.8  16449  2517.11  210.878  14277.6
329  144  2025-06-09 22-17-57  1758.4  16457.9  2512.86  210.936  14278.5
330  144  2025-06-09 22-17-57  1760  16466.9  2508.61  210.994  14279.5
331  144  2025-06-09 22-17-57  1761.6  16475.8  2504.34  211.051  14280.5
332  144  2025-06-09 22-17-57  1763.2  16484.7  2500.06  211.109  14281.4
333  144  2025-06-09 22-17-57  1764.8  16493.7  2495.77  211.166  14282.4
334  144  2025-06-09 22-17-57  1766.4  16502.6  2491.46  211.224  14283.3
335  144  2025-06-09 22-17-57  1768  16511.6  2487.14  211.281  14284.3
336  144  2025-06-09 22-17-57  1769.6  16520.5  2482.82  211.339  14285.3
337  144  2025-06-09 22-17-57  1771.2  16529.4  2478.48  211.396  14286.2
338  144  2025-06-09 22-17-57  1772.8  16538.4  2474.12  211.454  14287.2
339  144  2025-06-09 22-17-57  1774.4  16547.3  2469.76  211.512  14288.1
340  144  2025-06-09 22-17-57  1776  16556.3  2465.39  211.569  14289.1
341  144  2025-06-09 22-17-57  1777.6  16565.2  2461  211.627  14290.1
342  144  2025-06-09 22-17-57  1779.2  16574.2  2456.6  211.684  14291
343  144  2025-06-09 22-17-57  1780.8  16583.1  2452.19  211.742  14292
344  144  2025-06-09 22-17-57  1782.4  16592.1  2447.76  211.799  14292.9
345  144  2025-06-09 22-17-57  1784  16601  2443.33  211.857  14293.9
346  144  2025-06-09 22-17-57  1785.6  16609.9  2438.88  211.914  14294.9
347  144  2025-06-09 22-17-57  1787.2  16618.9  2434.42  211.972  14295.8
348  144  2025-06-09 22-17-57  1788.8  16627.8  2429.95  212.03  14296.8
349  144  2025-06-09 22-17-57  1790.4  16636.8  2425.47  212.087  14297.7
350  144  2025-06-09 22-17-57  1792  16645.7  2420.97  212.145  14298.7
351  144  2025-06-09 22-17-57  1793.6  16654.7  2416.47  212.202  14299.7
352  144  2025-06-09 22-17-57  1795.2  16663.6  2411.95  212.26  14300.6
353  144  2025-06-09 22-17-57  1796.8  16672.6  2407.42  212.317  14301.6
354  144  2025-06-09 22-17-57  1798.4  16681.5  2402.87  212.375  14302.5
355  144  2025-06-09 22-17-57  1800  16690.5  2398.32  212.432  14303.5
356  144  2025-06-09 22-17-57  1801.6  16699.4  2393.75  212.49  14304.5
357  144  2025-06-09 22-17-57  1803.2  16708.4  2389.17  212.548  14305.4
358  144  2025-06-09 22-17-57  1804.8  16717.3  2384.58  212.605  14306.4
359  144  2025-06-09 22-17-57  1806.4  16726.3  2379.98  212.663  14307.3
360  144  2025-06-09 22-17-57  1808  16735.3  2375.37  212.72  14308.3
361  144  2025-06-09 22-17-57  1809.6  16744.2  2370.74  212.778  14309.3
362  144  2025-06-09 22-17-57  1811.2  16753.2  2366.1  212.835  14310.2
363  144  2025-06-09 22-17-57  1812.8  16762.1  2361.45  212.893  14311.2
364  144  2025-06-09 22-17-57  1814.4  16771.1  2356.79  212.95  14312.1
365  144  2025-06-09 22-17-57  1816  16780  2352.11  213.008  14313.1
366  144  2025-06-09 22-17-57  1817.6  16789  2347.43  213.066  14314.1
367  144  2025-06-09 22-17-57  1819.2  16797.9  2342.73  213.123  14315
368  144  2025-06-09 22-17-57  1820.8  16806.9  2338.02  213.181  14316
369  144  2025-06-09 22-17-57  1822.4  16815.8  2333.29  213.238  14316.9
370  144  2025-06-09 22-17-57  1824  16824.8  2328.56  213.296  14317.9
371  144  2025-06-09 22-17-57  1825.6  16833.7  2323.81  213.353  14318.9
372  144  2025-06-09 22-17-57  1827.2  16842.7  2319.05  213.411  14319.8
373  144  2025-06-09 22-17-57  1828.8  16851.7  2314.28  213.468  14320.8
374  144  2025-06-09 22-17-57  1830.4  16860.6  2309.5  213.526  14321.7
375  144  2025-06-09 22-17-57  1832  16869.6  2304.7  213.584  14322.7
376  144  2025-06-09 22-17-57  1833.6  16878.5  2299.89  213.641  14323.7
377  144  2025-06-09 22-17-57  1835.2  16887.5  2295.07  213.699  14324.6
378  144  2025-06-09 22-17-57  1836.8  16896.4  2290.24  213.756  14325.6
379  144  2025-06-09 22-17-57  1838.4  16905.4  2285.4  213.814  14326.5
380  144  2025-06-09 22-17-57  1840  16914.3  2280.54  213.871  14327.5
381  144  2025-06-09 22-17-57  1841.6  16923.3  2275.67  213.929  14328.5
382  144  2025-06-09 22-17-57  1843.2  16932.3  2270.79  213.986  14329.4
383  144  2025-06-09 22-17-57  1844.8  16941.2  2265.9  214.044  14330.4
384  144  2025-06-09 22-17-57  1846.4  16950.2  2261  214.102  14331.3
385  144  2025-06-09 22-17-57  1848  16959.1  2256.08  214.159  14332.3
386  144  2025-06-09 22-17-57  1849.6  16968.1  2251.15  214.217  14333.3
387  144  2025-06-09 22-17-57  1851.2  16977  2246.21  214.274  14334.2
388  144  2025-06-09 22-17-57  1852.8  16986  2241.26  214.332  14335.2
389  144  2025-06-09 22-17-57  1854.4  16994.9  2236.29  214.389  14336.1
390  144  2025-06-09 22-17-57  1856  17003.9  2231.31  214.447  14337.1
391  144  2025-06-09 22-17-57  1857.6  17012.8  2226.32  214.504  14338.1
392  144  2025-06-09 22-17-57  1859.2  17021.8  2221.32  214.562  14339
393  144  2025-06-09 22-17-57  1860.8  17030.8  2216.31  214.62  14340
394  144  2025-06-09 22-17-57  1862.4  17039.7  2211.28  214.677  14340.9
395  144  2025-06-09 22-17-57  1864  17048.7  2206.24  214.735  14341.9
396  144  2025-06-09 22-17-57  1865.6  17057.6  2201.19  214.792  14342.9
397  144  2025-06-09 22-17-57  1867.2  17066.6  2196.13  214.85  14343.8
398  144  2025-06-09 22-17-57  1868.8  17075.5  2191.05  214.907  14344.8
399  144  2025-06-09 22-17-57  1870.4  17084.5  2185.97  214.965  14345.7
400  144  2025-06-09 22-17-57  1872  17093.4  2180.87  215.022  14346.7
401  144  2025-06-09 22-17-57  1873.6  17102.4  2175.76  215.08  14347.7
402  144  2025-06-09 22-17-57  1875.2  17111.3  2170.63  215.138  14348.6
403  144  2025-06-09 22-17-57  1876.8  17120.3  2165.5  215.195  14349.6
404  144  2025-06-09 22-17-57  1878.4  17129.2  2160.35  215.253  14350.5
405  144  2025-06-09 22-17-57  1880  17138.2  2155.19  215.31  14351.5
406  144  2025-06-09 22-17-57  1881.6  17147.1  2150.01  215.368  14352.5
407  144  2025-06-09 22-17-57  1883.2  17156.1  2144.83  215.425  14353.4
408  144  2025-06-09 22-17-57  1884.8  17165  2139.63  215.483  14354.4
409  144  2025-06-09 22-17-57  1886.4  17174  2134.42  215.54  14355.3
410  144  2025-06-09 22-17-57  1888  17182.9  2129.2  215.598  14356.3
411  144  2025-06-09 22-17-57  1889.6  17191.9  2123.97  215.656  14357.3
412  144  2025-06-09 22-17-57  1891.2  17200.8  2118.72  215.713  14358.2
413  144  2025-06-09 22-17-57  1892.8  17209.8  2113.46  215.771  14359.2
414  144  2025-06-09 22-17-57  1894.4  17218.7  2108.19  215.828  14360.1
415  144  2025-06-09 22-17-57  1896  17227.6  2102.91  215.886  14361.1
416  144  2025-06-09 22-17-57  1897.6  17236.6  2097.61  215.943  14362.1
417  144  2025-06-09 22-17-57  1899.2  17245.5  2092.3  216.001  14363
418  144  2025-06-09 22-17-57  1900.8  17254.5  2086.98  216.058  14364
419  144  2025-06-09 22-17-57  1902.4  17263.4  2081.65  216.116  14364.9
420  144  2025-06-09 22-17-57  1904  17272.4  2076.3  216.174  14365.9
421  144  2025-06-09 22-17-57  1905.6  17281.3  2070.95  216.231  14366.9
422  144  2025-06-09 22-17-57  1907.2  17290.2  2065.58  216.289  14367.8
423  144  2025-06-09 22-17-57  1908.8  17299.2  2060.2  216.346  14368.8
424  144  2025-06-09 22-17-57  1910.4  17308.1  2054.8  216.404  14369.7
425  144  2025-06-09 22-17-57  1912  17317.1  2049.39  216.461  14370.7
426  144  2025-06-09 22-17-57  1913.6  17326  2043.98  216.519  14371.7
427  144  2025-06-09 22-17-57  1915.2  17334.9  2038.54  216.576  14372.6
428  144  2025-06-09 22-17-57  1916.8  17343.9  2033.1  216.634  14373.6
429  144  2025-06-09 22-17-57  1918.4  17352.8  2027.64  216.692  14374.5
430  144  2025-06-09 22-17-57  1920  17361.7  2022.18  216.749  14375.5
431  144  2025-06-09 22-17-57  1921.6  17370.7  2016.7  216.807  14376.5
432  144  2025-06-09 22-17-57  1923.2  17379.6  2011.2  216.864  14377.4
433  144  2025-06-09 22-17-57  1924.8  17388.5  2005.7  216.922  14378.4
434  144  2025-06-09 22-17-57  1926.4  17397.4  2000.09  216.979  14389
435  144  2025-06-09 22-17-57  1928  17406.2  1994.37  217.037  14399.8
436  144  2025-06-09 22-17-57  1929.6  17415  1988.54  217.094  14410.6
437  144  2025-06-09 22-17-57  1931.2  17423.6  1982.61  217.152  14421.6
438  144  2025-06-09 22-17-57  1932.8  17432.3  1976.57  217.21  14432.6
439  144  2025-06-09 22-17-57  1934.4  17440.8  1970.42  217.267  14443.8
440  144  2025-06-09 22-17-57  1936  17449.3  1964.16  217.325  14455
441  144  2025-06-09 22-17-57  1937.6  17457.7  1957.8  217.382  14466.3
442  144  2025-06-09 22-17-57  1939.2  17466  1951.33  217.44  14477.7
443  144  2025-06-09 22-17-57  1940.8  17474.2  1944.75  217.497  14489.3
444  144  2025-06-09 22-17-57  1942.4  17482.4  1938.06  217.555  14500.9
445  144  2025-06-09 22-17-57  1944  17490.5  1931.27  217.612  14512.6
446  144  2025-06-09 22-17-57  1945.6  17498.5  1924.37  217.67  14524.4
447  144  2025-06-09 22-17-57  1947.2  17506.4  1917.36  217.728  14536.3
448  144  2025-06-09 22-17-57  1948.8  17514.2  1910.25  217.785  14548.3
449  144  2025-06-09 22-17-57  1950.4  17522  1903.02  217.843  14560.4
450  144  2025-06-09 22-17-57  1952  17529.6  1895.7  217.9  14572.6
451  144  2025-06-09 22-17-57  1953.6  17537.2  1888.26  217.958  14584.9
452  144  2025-06-09 22-17-57  1955.2  17544.6  1880.72  218.015  14597.3
453  144  2025-06-09 22-17-57  1956.8  17552  1873.08  218.073  14609.7
454  144  2025-06-09 22-17-57  1958.4  17559.2  1865.33  218.13  14622.3
455  144  2025-06-09 22-17-57  1960  17566.4  1857.48  218.188  14635
456  144  2025-06-09 22-17-57  1961.6  17573.4  1849.52  218.246  14647.8
457  144  2025-06-09 22-17-57  1963.2  17580.5  1841.6  218.303  14642.8
458  144  2025-06-09 22-17-57  1964.8  17587.5  1833.58  218.361  14655.6
459  144  2025-06-09 22-17-57  1966.4  17594.5  1825.58  218.418  14650.7
460  144  2025-06-09 22-17-57  1968  17601.6  1817.63  218.476  14645.8
461  144  2025-06-09 22-17-57  1969.6  17608.7  1809.7  218.533  14640.7
462  144  2025-06-09 22-17-57  1971.2  17615.7  1801.68  218.591  14653.3
463  144  2025-06-09 22-17-57  1972.8  17622.8  1793.69  218.648  14648.3
464  144  2025-06-09 22-17-57  1974.4  17629.9  1785.74  218.706  14643.2
465  144  2025-06-09 22-17-57  1976  17637.1  1777.82  218.764  14638
466  144  2025-06-09 22-17-57  1977.6  17644.1  1769.8  218.821  14650.5
467  144  2025-06-09 22-17-57  1979.2  17651.2  1761.81  218.879  14645.3
468  144  2025-06-09 22-17-57  1980.8  17658.4  1753.87  218.936  14640
469  144  2025-06-09 22-17-57  1982.4  17665.4  1745.82  218.994  14652.5
470  144  2025-06-09 22-17-57  1984  17672.5  1737.81  219.051  14647.2
471  144  2025-06-09 22-17-57  1985.6  17679.7  1729.83  219.109  14641.9
472  144  2025-06-09 22-17-57  1987.2  17686.9  1721.9  219.167  14636.5
473  144  2025-06-09 22-17-57  1988.8  17694  1713.86  219.224  14648.8
474  144  2025-06-09 22-17-57  1990.4  17701.1  1705.86  219.282  14643.4
475  144  2025-06-09 22-17-57  1992  17708.3  1697.9  219.339  14637.9
476  144  2025-06-09 22-17-57  1993.6  17715.6  1689.98  219.397  14632.4
477  144  2025-06-09 22-17-57  1995.2  17722.8  1681.96  219.454  14644.5
478  144  2025-06-09 22-17-57  1996.8  17730  1673.98  219.512  14639
479  144  2025-06-09 22-17-57  1998.4  17737.2  1666.04  219.569  14633.3
480  144  2025-06-09 22-17-57  2000  17744.4  1658  219.627  14645.4
481  144  2025-06-09 22-17-57  2001.6  17751.6  1649.99  219.685  14639.8
482  144  2025-06-09 22-17-57  2003.2  17758.8  1642.03  219.742  14634.1
483  144  2025-06-09 22-17-57  2004.8  17766.1  1634.12  219.8  14628.4
484  144  2025-06-09 22-17-57  2006.4  17773.4  1626.1  219.857  14640.3
485  144  2025-06-09 22-17-57  2008  17780.6  1618.12  219.915  14634.6
486  144  2025-06-09 22-17-57  2009.6  17788  1610.19  219.972  14628.8
487  144  2025-06-09 22-17-57  2011.2  17795.2  1602.15  220.03  14640.6
488  144  2025-06-09 22-17-57  2012.8  17802.5  1594.16  220.087  14634.8
489  144  2025-06-09 22-17-57  2014.4  17809.8  1586.21  220.145  14628.9
490  144  2025-06-09 22-17-57  2016  17817  1578.17  220.203  14640.7
491  144  2025-06-09 22-17-57  2017.6  17824.3  1570.16  220.26  14634.9
492  144  2025-06-09 22-17-57  2019.2  17831.7  1562.2  220.318  14628.9
493  144  2025-06-09 22-17-57  2020.8  17839.1  1554.28  220.375  14622.9
494  144  2025-06-09 22-17-57  2022.4  17846.4  1546.27  220.433  14634.5
495  144  2025-06-09 22-17-57  2024  17853.7  1538.3  220.49  14628.5
496  144  2025-06-09 22-17-57  2025.6  17861.1  1530.37  220.548  14622.4
497  144  2025-06-09 22-17-57  2027.2  17868.5  1522.35  220.605  14634
498  144  2025-06-09 22-17-57  2028.8  17875.8  1514.37  220.663  14628
499  144  2025-06-09 22-17-57  2030.4  17883.3  1506.44  220.721  14621.8
500  144  2025-06-09 22-17-57  2032  17890.6  1498.4  220.778  14633.3
501  144  2025-06-09 22-17-57  2033.6  17898  1490.42  220.836  14627.2
502  144  2025-06-09 22-17-57  2035.2  17905.4  1482.48  220.893  14621
503  144  2025-06-09 22-17-57  2036.8  17912.8  1474.44  220.951  14632.4
504  144  2025-06-09 22-17-57  2038.4  17920.2  1466.45  221.008  14626.2
505  144  2025-06-09 22-17-57  2040  17927.7  1458.51  221.066  14619.9
506  144  2025-06-09 22-17-57  2041.6  17935.1  1450.47  221.123  14631.3
507  144  2025-06-09 22-17-57  2043.2  17942.5  1442.48  221.181  14625.1
508  144  2025-06-09 22-17-57  2044.8  17950  1434.53  221.239  14618.7
509  144  2025-06-09 22-17-57  2046.4  17957.4  1426.49  221.296  14630.1
510  144  2025-06-09 22-17-57  2048  17964.9  1418.49  221.354  14623.7
511  144  2025-06-09 22-17-57  2049.6  17972.4  1410.54  221.411  14617.3
512  144  2025-06-09 22-17-57  2051.2  17980  1402.65  221.469  14610.8
513  144  2025-06-09 22-17-57  2052.8  17987.5  1394.65  221.526  14622
514  144  2025-06-09 22-17-57  2054.4  17995  266.708  221.584  14615.5
515  144  2025-06-09 22-17-57  2056  18002.5  258.667  221.641  14626.8
516  144  2025-06-09 22-17-57  2057.6  18010  250.674  221.699  14620.3
517  144  2025-06-09 22-17-57  2059.2  18017.5  242.731  221.757  14613.7
518  144  2025-06-09 22-17-57  2060.8  18025  234.693  221.814  14624.9
519  144  2025-06-09 22-17-57  2062.4  18032.6  226.704  221.872  14618.4
520  144  2025-06-09 22-17-57  2064  18040.2  218.765  221.929  14611.8
521  144  2025-06-09 22-17-57  2065.6  18047.7  210.73  221.987  14622.8
522  144  2025-06-09 22-17-57  2067.2  18055.3  202.746  222.044  14616.3
523  144  2025-06-09 22-17-57  2068.8  18062.9  194.812  222.102  14609.6
524  144  2025-06-09 22-17-57  2070.4  18070.4  186.784  222.159  14620.6
525  144  2025-06-09 22-17-57  2072  18078  178.806  222.217  14614
526  144  2025-06-09 22-17-57  2073.6  18085.7  170.88  222.275  14607.2
527  144  2025-06-09 22-17-57  2075.2  18093.3  162.859  222.332  14618.2
528  144  2025-06-09 22-17-57  2076.8  18100.9  154.889  222.39  14611.5
529  144  2025-06-09 22-17-57  2078.4  18108.6  146.972  222.447  14604.7
530  144  2025-06-09 22-17-57  2080  18116.2  138.96  222.505  14615.6
531  144  2025-06-09 22-17-57  2081.6  18123.9  131.001  222.562  14608.8
532  144  2025-06-09 22-17-57  2083.2  18131.6  11.0946  222.62  14601.9
533  144  2025-06-09 22-17-57  2084.8  18139.3  3.09351  222.677  14612.7
534  144  2025-06-09 22-17-57  2086.4  18147  -4.85435  222.735  14605.9
535  144  2025-06-09 22-17-57  2088  18154.8  -12.7478  222.793  14599
536  144  2025-06-09 22-17-57  2089.6  18162.5  -132.736  222.85  14609.7
537  144  2025-06-09 22-17-57  2091.2  18170.2  -140.671  222.908  14602.8
538  144  2025-06-09 22-17-57  2092.8  18177.9  -148.7  222.965  14613.6
539  144  2025-06-09 22-17-57  2094.4  18185.6  -156.675  223.023  14606.7
540  144  2025-06-09 22-17-57  2096  18193.4  -164.596  223.08  14599.7
541  144  2025-06-09 22-17-57  2097.6  18201.1  -172.611  223.138  14610.4
542  144  2025-06-09 22-17-57  2099.2  18208.8  -180.571  223.195  14603.5
543  144  2025-06-09 22-17-57  2100.8  18216.7  -188.476  223.253  14596.4
544  144  2025-06-09 22-17-57  2102.4  18224.4  -196.476  223.311  14607.1
545  144  2025-06-09 22-17-57  2104  18232.2  -204.42  223.368  14600.1
546  144  2025-06-09 22-17-57  2105.6  18240.1  -212.307  223.426  14593
547  144  2025-06-09 22-17-57  2107.2  18247.9  -220.289  223.483  14603.6
548  144  2025-06-09 22-17-57  2108.8  18255.7  -228.214  223.541  14596.5
549  144  2025-06-09 22-17-57  2110.4  18263.5  -236.234  223.598  14607.1
550  144  2025-06-09 22-17-57  2112  18271.3  -244.198  223.656  14600
551  144  2025-06-09 22-17-57  2113.6  18279.2  -252.105  223.713  14592.9
552  144  2025-06-09 22-17-57  2115.2  18287  -260.106  223.771  14603.4
553  144  2025-06-09 22-17-57  2116.8  18294.9  -268.05  223.829  14596.3
554  144  2025-06-09 22-17-57  2118.4  18302.8  -1395.94  223.886  14589.1
555  144  2025-06-09 22-17-57  2120  18310.7  -1403.92  223.944  14599.5
556  144  2025-06-09 22-17-57  2121.6  18318.6  -1411.84  224.001  14592.3
557  144  2025-06-09 22-17-57  2123.2  18326.4  -1419.86  224.059  14602.8
558  144  2025-06-09 22-17-57  2124.8  18334.3  -1427.82  224.116  14595.6
559  144  2025-06-09 22-17-57  2126.4  18342.3  -1435.72  224.174  14588.4
560  144  2025-06-09 22-17-57  2128  18350.1  -1443.71  224.231  14598.8
561  144  2025-06-09 22-17-57  2129.6  18358.1  -1451.65  224.289  14591.6
562  144  2025-06-09 22-17-57  2131.2  18366.1  -1459.52  224.347  14584.2
563  144  2025-06-09 22-17-57  2132.8  18374  -1467.49  224.404  14594.6
564  144  2025-06-09 22-17-57  2134.4  18382  -1475.41  224.462  14587.3
565  144  2025-06-09 22-17-57  2136  18389.9  -1483.41  224.519  14597.7
566  144  2025-06-09 22-17-57  2137.6  18397.9  -1491.36  224.577  14590.4
567  144  2025-06-09 22-17-57  2139.2  18405.9  -1499.24  224.634  14583
568  144  2025-06-09 22-17-57  2140.8  18413.9  -1507.22  224.692  14593.3
569  144  2025-06-09 22-17-57  2142.4  18421.9  -1515.14  224.749  14586
570  144  2025-06-09 22-17-57  2144  18429.9  -1523.16  224.807  14596.3
571  144  2025-06-09 22-17-57  2145.6  18437.9  -1531.11  224.865  14589
572  144  2025-06-09 22-17-57  2147.2  18445.9  -1539  224.922  14581.5
573  144  2025-06-09 22-17-57  2148.8  18453.9  -1546.99  224.98  14591.8
574  144  2025-06-09 22-17-57  2150.4  18462  -1554.92  225.037  14584.4
575  144  2025-06-09 22-17-57  2152  18470.1  -1562.78  225.095  14576.9
576  144  2025-06-09 22-17-57  2153.6  18478.2  -1570.74  225.152  14587.1
577  144  2025-06-09 22-17-57  2155.2  18486.3  -1578.64  225.21  14579.6
578  144  2025-06-09 22-17-57  2156.8  18494.3  -1586.63  225.267  14589.9
579  144  2025-06-09 22-17-57  2158.4  18502.4  -1594.56  225.325  14582.4
580  144  2025-06-09 22-17-57  2160  18510.6  -1602.42  225.383  14574.9
581  144  2025-06-09 22-17-57  2161.6  18518.6  -1610.38  225.44  14585
582  144  2025-06-09 22-17-57  2163.2  18526.8  -1618.28  225.498  14577.5
583  144  2025-06-09 22-17-57  2164.8  18534.9  -1626.27  225.555  14587.7
584  144  2025-06-09 22-17-57  2166.4  18543  -1634.2  225.613  14580.2
585  144  2025-06-09 22-17-57  2168  18551.2  -1642.07  225.67  14572.6
586  144  2025-06-09 22-17-57  2169.6  18559.3  -1650.03  225.728  14582.7
587  144  2025-06-09 22-17-57  2171.2  18567.5  -1657.93  225.785  14575.2
588  144  2025-06-09 22-17-57  2172.8  18575.6  -1665.92  225.843  14585.3
589  144  2025-06-09 22-17-57  2174.4  18583.8  -1673.84  225.901  14577.7
590  144  2025-06-09 22-17-57  2176  18592.1  -1681.71  225.958  14570.1
591  144  2025-06-09 22-17-57  2177.6  18600.2  -1689.66  226.016  14580.2
592  144  2025-06-09 22-17-57  2179.2  18608.5  -1697.56  226.073  14572.5
593  144  2025-06-09 22-17-57  2180.8  18616.6  -1705.54  226.131  14582.6
594  144  2025-06-09 22-17-57  2182.4  18624.8  -1713.47  226.188  14575
595  144  2025-06-09 22-17-57  2184  18633.1  -1721.33  226.246  14567.3
596  144  2025-06-09 22-17-57  2185.6  18641.3  -1729.28  226.303  14577.4
597  144  2025-06-09 22-17-57  2187.2  18649.6  -1737.17  226.361  14569.7
598  144  2025-06-09 22-17-57  2188.8  18657.8  -1745.15  226.419  14579.7
599  144  2025-06-09 22-17-57  2190.4  18666.1  -1753.06  226.476  14572.1
600  144  2025-06-09 22-17-57  2192  18674.4  -1760.92  226.534  14564.4
601  144  2025-06-09 22-17-57  2193.6  18682.7  -1768.86  226.591  14574.3
602  144  2025-06-09 22-17-57  2195.2  18691  -1776.74  226.649  14566.6
603  144  2025-06-09 22-17-57  2196.8  18699.3  -1784.71  226.706  14576.6
604  144  2025-06-09 22-17-57  2198.4  18707.6  -1792.62  226.764  14568.9
605  144  2025-06-09 22-17-57  2200  18715.8  -1800.62  226.821  14578.9
606  144  2025-06-09 22-17-57  2201.6  18724.1  -1808.56  226.879  14571.2
607  144  2025-06-09 22-17-57  2203.2  18732.5  -1816.43  226.937  14563.5
608  144  2025-06-09 22-17-57  2204.8  18740.8  -1824.4  226.994  14573.4
609  144  2025-06-09 22-17-57  2206.4  18749.1  -1832.29  227.052  14565.6
610  144  2025-06-09 22-17-57  2208  18757.4  -1840.29  227.109  14575.6
611  144  2025-06-09 22-17-57  2209.6  18765.8  -1848.21  227.167  14567.9
612  144  2025-06-09 22-17-57  2211.2  18774.2  -1856.07  227.224  14560.1
613  144  2025-06-09 22-17-57  2212.8  18782.6  -1864.02  227.282  14570
614  144  2025-06-09 22-17-57  2214.4  18791  -1871.91  227.339  14562.2
615  144  2025-06-09 22-17-57  2216  18799.3  -1879.89  227.397  14572.1
616  144  2025-06-09 22-17-57  2217.6  18807.7  -1887.8  227.455  14564.3
617  144  2025-06-09 22-17-57  2219.2  18816.2  -1895.65  227.512  14556.4
618  144  2025-06-09 22-17-57  2220.8  18824.6  -1903.59  227.57  14566.3
619  144  2025-06-09 22-17-57  2222.4  18833.1  -1911.46  227.627  14558.4
620  144  2025-06-09 22-17-57  2224  18841.5  -1919.43  227.685  14568.3
621  144  2025-06-09 22-17-57  2225.6  18849.9  -1927.32  227.742  14560.5
622  144  2025-06-09 22-17-57  2227.2  18858.3  -1935.32  227.8  14570.3
623  144  2025-06-09 22-17-57  2228.8  18866.7  -1943.24  227.857  14562.5
624  144  2025-06-09 22-17-57  2230.4  18875.3  -1951.1  227.915  14554.6
625  144  2025-06-09 22-17-57  2232  18883.7  -1959.05  227.973  14564.4
626  144  2025-06-09 22-17-57  2233.6  18892.2  -1966.93  228.03  14556.6
627  144  2025-06-09 22-17-57  2235.2  18900.7  -1974.9  228.088  14566.4
628  144  2025-06-09 22-17-57  2236.8  18909.2  -1982.81  228.145  14558.5
629  144  2025-06-09 22-17-57  2238.4  18917.7  -1990.65  228.203  14550.6
630  144  2025-06-09 22-17-57  2240  18926.2  -1998.58  228.26  14560.4
631  144  2025-06-09 22-17-57  2241.6  18934.8  -2006.44  228.318  14552.4
632  144  2025-06-09 22-17-57  2243.2  18943.3  -2014.4  228.375  14562.2
633  144  2025-06-09 22-17-57  2244.8  18951.9  -2022.29  228.433  14554.3
634  144  2025-06-09 22-17-57  2246.4  18960.4  -2030.27  228.491  14564.1
635  144  2025-06-09 22-17-57  2248  18968.9  -2038.19  228.548  14556.2
636  144  2025-06-09 22-17-57  2249.6  18977.5  -2046.03  228.606  14548.3
637  144  2025-06-09 22-17-57  2251.2  18986.1  -2053.97  228.663  14558
638  144  2025-06-09 22-17-57  2252.8  18994.7  -2061.83  228.721  14550
639  144  2025-06-09 22-17-57  2254.4  19003.3  -2069.8  228.778  14559.8
640  144  2025-06-09 22-17-57  2256  19011.9  -2077.69  228.836  14551.8
641  144  2025-06-09 22-17-57  2257.6  19020.6  -2085.51  228.893  14543.8
642  144  2025-06-09 22-17-57  2259.2  19029.2  -2093.42  228.951  14553.5
643  144  2025-06-09 22-17-57  2260.8  19037.9  -2101.27  229.009  14545.5
644  144  2025-06-09 22-17-57  2262.4  19046.5  -2109.21  229.066  14555.2
645  144  2025-06-09 22-17-57  2264  19055.1  -2117.07  229.124  14547.2
646  144  2025-06-09 22-17-57  2265.6  19063.7  -2125.04  229.181  14556.9
647  144  2025-06-09 22-17-57  2267.2  19072.4  -2132.93  229.239  14549
648  144  2025-06-09 22-17-57  2268.8  19081.1  -2140.75  229.296  14540.9
649  144  2025-06-09 22-17-57  2270.4  19089.8  -2148.66  229.354  14550.6
650  144  2025-06-09 22-17-57  2272  19098.5  -2156.5  229.411  14542.5
651  144  2025-06-09 22-17-57  2273.6  19107.2  -2164.44  229.469  14552.2
652  144  2025-06-09 22-17-57  2275.2  19115.9  -2172.31  229.527  14544.2
653  144  2025-06-09 22-17-57  2276.8  19124.6  -2180.27  229.584  14553.9
654  144  2025-06-09 22-17-57  2278.4  19133.3  -2188.16  229.642  14545.9
655  144  2025-06-09 22-17-57  2280  19142.1  -2195.97  229.699  14537.8
656  144  2025-06-09 22-17-57  2281.6  19150.8  -2203.89  229.757  14547.4
657  144  2025-06-09 22-17-57  2283.2  19159.6  -2211.72  229.814  14539.3
658  144  2025-06-09 22-17-57  2284.8  19168.4  -2219.66  229.872  14549
659  144  2025-06-09 22-17-57  2286.4  19177.1  -2227.52  229.93  14540.9
660  144  2025-06-09 22-17-57  2288  19185.9  -2235.48  229.987  14550.6
661  144  2025-06-09 22-17-57  2289.6  19194.6  -2243.36  230.045  14542.5
662  144  2025-06-09 22-17-57  2291.2  19203.5  -2251.17  230.102  14534.4
663  144  2025-06-09 22-17-57  2292.8  19212.3  -2259.08  230.16  14544
664  144  2025-06-09 22-17-57  2294.4  19221.1  -2266.91  230.217  14535.9
665  144  2025-06-09 22-17-57  2296  19229.9  -2274.84  230.275  14545.5
666  144  2025-06-09 22-17-57  2297.6  19238.8  -2282.69  230.332  14537.4
667  144  2025-06-09 22-17-57  2299.2  19247.5  -2290.65  230.39  14547
668  144  2025-06-09 22-17-57  2300.8  19256.4  -2298.52  230.448  14539
669  144  2025-06-09 22-17-57  2302.4  19265.3  -2306.33  230.505  14530.8
670  144  2025-06-09 22-17-57  2304  19274.1  -2314.22  230.563  14540.4
671  144  2025-06-09 22-17-57  2305.6  19283.1  -2322.05  230.62  14532.3
672  144  2025-06-09 22-17-57  2307.2  19291.9  -2329.97  230.678  14541.8
673  144  2025-06-09 22-17-57  2308.8  19300.8  -2337.81  230.735  14533.7
674  144  2025-06-09 22-17-57  2310.4  19309.6  -2345.76  230.793  14543.3
675  144  2025-06-09 22-17-57  2312  19318.6  -2353.62  230.85  14535.2
676  144  2025-06-09 22-17-57  2313.6  19327.5  -2361.41  230.908  14527
677  144  2025-06-09 22-17-57  2315.2  19336.4  -2369.3  230.966  14536.5
678  144  2025-06-09 22-17-57  2316.8  19345.4  -2377.11  231.023  14528.4
679  144  2025-06-09 22-17-57  2318.4  19354.3  -2385.02  231.081  14537.9
680  144  2025-06-09 22-17-57  2320  19363.3  -2392.86  231.138  14529.8
681  144  2025-06-09 22-17-57  2321.6  19372.2  -2400.79  231.196  14539.3
682  144  2025-06-09 22-17-57  2323.2  19381.2  -2408.64  231.253  14531.2
683  144  2025-06-09 22-17-57  2324.8  19390.2  -2416.42  231.311  14523
684  144  2025-06-09 22-17-57  2326.4  19399.2  -2424.3  231.368  14532.5
685  144  2025-06-09 22-17-57  2328  19408.2  -2432.09  231.426  14524.3
686  144  2025-06-09 22-17-57  2329.6  19417.2  -2439.99  231.484  14533.8
687  144  2025-06-09 22-17-57  2331.2  19426.2  -2447.81  231.541  14525.6
688  144  2025-06-09 22-17-57  2332.8  19435.4  -2455.55  231.599  14517.4
689  144  2025-06-09 22-17-57  2334.4  19444.5  -2463.2  231.512  14509
690  144  2025-06-09 22-17-57  2336  19453.7  -2470.87  231.57  14510.3
691  144  2025-06-09 22-17-57  2337.6  19462.9  -2478.56  231.627  14511.6
692  144  2025-06-09 22-17-57  2339.2  19472  -2486.26  231.685  14512.9
693  144  2025-06-09 22-17-57  2340.8  19481.2  -2493.98  231.743  14514.2
694  144  2025-06-09 22-17-57  2342.4  19490.3  -2501.72  231.8  14515.6
695  144  2025-06-09 22-17-57  2344  19499.5  -2509.47  231.858  14516.9
696  144  2025-06-09 22-17-57  2345.6  19508.6  -2517.24  231.915  14518.3
697  144  2025-06-09 22-17-57  2347.2  19517.8  -2524.95  231.973  14511.6
698  144  2025-06-09 22-17-57  2348.8  19527.1  -2532.59  232.03  14504.9
699  144  2025-06-09 22-17-57  2350.4  19536.4  -2540.17  232.088  14498.1
700  144  2025-06-09 22-17-57  2352  19545.8  -2547.68  232.145  14491.2
701  144  2025-06-09 22-17-57  2353.6  19555.2  -2555.13  232.203  14484.2
702  144  2025-06-09 22-17-57  2355.2  19564.7  -2562.5  232.261  14477.2
703  144  2025-06-09 22-17-57  2356.8  19574.2  -2569.81  232.318  14470.2
704  144  2025-06-09 22-17-57  2358.4  19583.9  -2577.04  232.376  14463
705  144  2025-06-09 22-17-57  2360  19593.6  -2584.2  232.433  14455.8
706  144  2025-06-09 22-17-57  2361.6  19603.2  -2591.38  232.347  14458.3
707  144  2025-06-09 22-17-57  2363.2  19612.8  -2598.59  232.261  14460.7
708  144  2025-06-09 22-17-57  2364.8  19622.4  -2605.81  232.174  14463.2
709  144  2025-06-09 22-17-57  2366.4  19632  -2613.06  232.088  14465.7
710  144  2025-06-09 22-17-57  2368  19641.6  -2620.32  232.002  14468.3
711  144  2025-06-09 22-17-57  2369.6  19651.1  -2627.62  232.059  14470.9
712  144  2025-06-09 22-17-57  2371.2  19660.7  -2634.86  231.973  14465.4
713  144  2025-06-09 22-17-57  2372.8  19670.3  -2642.04  232.03  14459.9
714  144  2025-06-09 22-17-57  2374.4  19679.8  -2649.32  232.088  14468.9
715  144  2025-06-09 22-17-57  2376  19689.3  -2656.69  232.145  14478
716  144  2025-06-09 22-17-57  2377.6  19698.7  -2664.17  232.203  14487.2
717  144  2025-06-09 22-17-57  2379.2  19708.1  -2671.74  232.261  14496.5
718  144  2025-06-09 22-17-57  2380.8  19717.4  -2679.41  232.318  14505.9
719  144  2025-06-09 22-17-57  2382.4  19726.5  -2687.18  232.376  14515.3
720  144  2025-06-09 22-17-57  2384  19735.8  -2694.88  232.433  14507.1
721  144  2025-06-09 22-17-57  2385.6  19745  -2702.67  232.491  14516.6
722  144  2025-06-09 22-17-57  2387.2  19754.3  -2710.38  232.548  14508.4
723  144  2025-06-09 22-17-57  2388.8  19763.5  -2718.19  232.606  14517.9
724  144  2025-06-09 22-17-57  2390.4  19772.7  -2725.92  232.663  14509.7
725  144  2025-06-09 22-17-57  2392  19781.9  -2733.76  232.721  14519.3
726  144  2025-06-09 22-17-57  2393.6  19791.2  -2741.51  232.779  14511.1
727  144  2025-06-09 22-17-57  2395.2  19800.5  -2749.19  232.836  14502.9
728  144  2025-06-09 22-17-57  2396.8  19809.8  -2756.96  232.894  14512.3
729  144  2025-06-09 22-17-57  2398.4  19819.1  -2764.65  232.951  14504.1
730  144  2025-06-09 22-17-57  2400  19828.3  -2772.45  233.009  14513.6
731  144  2025-06-09 22-17-57  2401.6  19837.7  -2780.16  233.066  14505.4
732  144  2025-06-09 22-17-57  2403.2  19846.9  -2787.98  233.124  14514.8
733  144  2025-06-09 22-17-57  2404.8  19856.3  -2795.71  233.181  14506.7
734  144  2025-06-09 22-17-57  2406.4  19865.5  -2803.55  233.239  14516.2
735  144  2025-06-09 22-17-57  2408  19874.8  -2811.3  233.297  14508
736  144  2025-06-09 22-17-57  2409.6  19884.2  -2818.98  233.354  14499.7
737  144  2025-06-09 22-17-57  2411.2  19893.6  -2826.75  233.412  14509.2
738  144  2025-06-09 22-17-57  2412.8  19903  -14034.4  233.469  14500.9
739  144  2025-06-09 22-17-57  2414.4  19912.3  -14042.2  233.527  14510.4
740  144  2025-06-09 22-17-57  2416  19921.7  -14050  233.584  14502.2
741  144  2025-06-09 22-17-57  2417.6  19931  -14057.8  233.642  14511.6
742  144  2025-06-09 22-17-57  2419.2  19940.4  -14065.5  233.699  14503.4
743  144  2025-06-09 22-17-57  2420.8  19949.7  -14073.3  233.757  14512.9
744  144  2025-06-09 22-17-57  2422.4  19959.1  -14081.1  233.815  14504.7
745  144  2025-06-09 22-17-57  2424  19968.6  -14088.8  233.872  14496.4
746  144  2025-06-09 22-17-57  2425.6  19978  -14096.6  233.93  14505.9
747  144  2025-06-09 22-17-57  2427.2  19987.4  -14104.2  233.987  14497.6
748  144  2025-06-09 22-17-57  2428.8  19996.8  -14112  234.045  14507.1
749  144  2025-06-09 22-17-57  2430.4  20006.3  -14119.8  234.102  14498.8
750  144  2025-06-09 22-17-57  2432  20015.7  -14127.6  234.16  14508.3
751  144  2025-06-09 22-17-57  2433.6  20025.1  -14135.3  234.217  14500
752  144  2025-06-09 22-17-57  2435.2  20034.7  -14142.9  234.275  14491.7
753  144  2025-06-09 22-17-57  2436.8  20044.1  -14150.7  234.333  14501.1
754  144  2025-06-09 22-17-57  2438.4  20053.7  -14158.4  234.39  14492.8
755  144  2025-06-09 22-17-57  2440  20063.2  -14166.1  234.448  14502.3
756  144  2025-06-09 22-17-57  2441.6  20072.7  -14173.8  234.505  14494
757  144  2025-06-09 22-17-57  2443.2  20082.1  -14181.6  234.563  14503.4
758  144  2025-06-09 22-17-57  2444.8  20091.7  -14189.3  234.62  14495.2
759  144  2025-06-09 22-17-57  2446.4  20101.1  -14197.1  234.678  14504.6
760  144  2025-06-09 22-17-57  2448  20110.7  -14204.9  234.735  14496.4
761  144  2025-06-09 22-17-57  2449.6  20120.3  -14212.5  234.793  14488
762  144  2025-06-09 22-17-57  2451.2  20129.8  -14220.3  234.851  14497.4
763  144  2025-06-09 22-17-57  2452.8  20139.4  -14227.9  234.908  14489.1
764  144  2025-06-09 22-17-57  2454.4  20149  -14235.7  234.966  14498.5
765  144  2025-06-09 22-17-57  2456  20158.6  -14243.4  235.023  14490.2
766  144  2025-06-09 22-17-57  2457.6  20168.1  -14251.1  235.081  14499.6
767  144  2025-06-09 22-17-57  2459.2  20177.7  -14258.8  235.138  14491.3
768  144  2025-06-09 22-17-57  2460.8  20187.3  -14266.7  235.196  14500.8
769  144  2025-06-09 22-17-57  2462.4  20196.9  -14274.4  235.253  14492.5
770  144  2025-06-09 22-17-57  2464  20206.5  -14282  235.311  14484.2
771  144  2025-06-09 22-17-57  2465.6  20216.2  -14289.7  235.369  14493.5
772  144  2025-06-09 22-17-57  2467.2  20225.8  -14297.4  235.426  14485.2
773  144  2025-06-09 22-17-57  2468.8  20235.4  -14305.2  235.484  14494.6
774  144  2025-06-09 22-17-57  2470.4  20245.1  -14312.8  235.541  14486.3
775  144  2025-06-09 22-17-57  2472  20254.7  -14320.6  235.599  14495.7
776  144  2025-06-09 22-17-57  2473.6  20264.4  -14328.3  235.656  14487.4
777  144  2025-06-09 22-17-57  2475.2  20274  -14336.1  235.714  14496.8
778  144  2025-06-09 22-17-57  2476.8  20283.7  -14343.8  235.771  14488.5
779  144  2025-06-09 22-17-57  2478.4  20293.5  -14351.4  235.829  14480.2
780  144  2025-06-09 22-17-57  2480  20303.2  -14359.2  235.887  14489.5
781  144  2025-06-09 22-17-57  2481.6  20312.9  -14366.8  235.944  14481.2
782  144  2025-06-09 22-17-57  2483.2  20322.6  -14374.5  236.002  14490.5
783  144  2025-06-09 22-17-57  2484.8  20332.3  -14382.2  236.059  14482.2
784  144  2025-06-09 22-17-57  2486.4  20342  -14390  236.117  14491.6
785  144  2025-06-09 22-17-57  2488  20351.8  -14397.6  236.174  14483.3
786  144  2025-06-09 22-17-57  2489.6  20361.5  -14405.4  236.232  14492.7
787  144  2025-06-09 22-17-57  2491.2  20371.2  -14413.1  236.289  14484.4
788  144  2025-06-09 22-17-57  2492.8  20381.1  -14420.7  236.347  14476
789  144  2025-06-09 22-17-57  2494.4  20390.8  -14428.5  236.405  14485.4
790  144  2025-06-09 22-17-57  2496  20400.7  -14436.1  236.462  14477
791  144  2025-06-09 22-17-57  2497.6  20410.4  -14443.8  236.52  14486.4
792  144  2025-06-09 22-17-57  2499.2  20420.2  -14451.5  236.577  14478
793  144  2025-06-09 22-17-57  2500.8  20430  -14459.2  236.635  14487.4
794  144  2025-06-09 22-17-57  2502.4  20439.8  -14466.9  236.692  14479.1
795  144  2025-06-09 22-17-57  2504  20449.6  -14474.7  236.75  14488.4
796  144  2025-06-09 22-17-57  2505.6  20459.4  -14482.3  236.807  14480.1
797  144  2025-06-09 22-17-57  2507.2  20469.3  -14489.9  236.865  14471.7
798  144  2025-06-09 22-17-57  2508.8  20479.2  -14497.6  236.923  14481.1
799  144  2025-06-09 22-17-57  2510.4  20489.1  -14505.3  236.98  14472.7
800  144  2025-06-09 22-17-57  2512  20498.9  -14513  237.038  14482
801  144  2025-06-09 22-17-57  2513.6  20508.8  -14520.6  237.095  14473.7
802  144  2025-06-09 22-17-57  2515.2  20518.7  -14528.4  237.153  14483
803  144  2025-06-09 22-17-57  2516.8  20528.6  -14536  237.21  14474.7
804  144  2025-06-09 22-17-57  2518.4  20538.4  -14543.8  237.268  14484
805  144  2025-06-09 22-17-57  2520  20548.3  -14551.4  237.325  14475.7
806  144  2025-06-09 22-17-57  2521.6  20558.2  -14559.2  237.383  14485.1
807  144  2025-06-09 22-17-57  2523.2  20568.1  -14566.9  237.441  14476.8
808  144  2025-06-09 22-17-57  2524.8  20578.1  -14574.5  237.498  14468.4
809  144  2025-06-09 22-17-57  2526.4  20588  -14582.2  237.556  14477.7
810  144  2025-06-09 22-17-57  2528  20598  -14589.8  237.613  14469.3
811  144  2025-06-09 22-17-57  2529.6  20607.9  -14597.5  237.671  14478.7
812  144  2025-06-09 22-17-57  2531.2  20617.9  -14605.2  237.728  14470.3
813  144  2025-06-09 22-17-57  2532.8  20627.8  -14612.9  237.786  14479.7
814  144  2025-06-09 22-17-57  2534.4  20637.8  -14620.6  237.843  14471.3
815  144  2025-06-09 22-17-57  2536  20647.7  -14628.3  237.901  14480.7
816  144  2025-06-09 22-17-57  2537.6  20657.7  -14636  237.959  14472.4
817  144  2025-06-09 22-17-57  2539.2  20667.7  -14643.6  238.016  14464
818  144  2025-06-09 22-17-57  2540.8  20677.7  -14651.3  238.074  14473.3
819  144  2025-06-09 22-17-57  2542.4  20687.8  -14658.9  238.131  14464.9
820  144  2025-06-09 22-17-57  2544  20697.8  -14666.6  238.189  14474.2
821  144  2025-06-09 22-17-57  2545.6  20707.9  -14674.2  238.246  14465.8
822  144  2025-06-09 22-17-57  2547.2  20717.9  -14681.9  238.304  14475.2
823  144  2025-06-09 22-17-57  2548.8  20727.9  -14689.6  238.361  14466.8
824  144  2025-06-09 22-17-57  2550.4  20737.9  -14697.3  238.419  14476.1
825  144  2025-06-09 22-17-57  2552  20748  -14704.9  238.477  14467.8
826  144  2025-06-09 22-17-57  2553.6  20758.1  -14712.5  238.534  14459.4
827  144  2025-06-09 22-17-57  2555.2  20768.2  -14720.2  238.592  14468.7
828  144  2025-06-09 22-17-57  2556.8  20778.3  -14727.8  238.649  14460.3
829  144  2025-06-09 22-17-57  2558.4  20788.4  -14735.4  238.707  14469.6
830  144  2025-06-09 22-17-57  2560  20798.6  -14743  238.764  14461.2
831  144  2025-06-09 22-17-57  2561.6  20808.6  -14750.8  238.822  14470.5
832  144  2025-06-09 22-17-57  2563.2  20818.8  -14758.4  238.879  14462.1
833  144  2025-06-09 22-17-57  2564.8  20828.9  -14766.1  238.937  14471.5
834  144  2025-06-09 22-17-57  2566.4  20839  -14773.7  238.995  14463.1
835  144  2025-06-09 22-17-57  2568  20849.2  -14781.3  239.052  14454.7
836  144  2025-06-09 22-17-57  2569.6  20859.4  -14788.9  239.11  14463.9
837  144  2025-06-09 22-17-57  2571.2  20869.6  -14796.5  239.167  14455.5
838  144  2025-06-09 22-17-57  2572.8  20879.8  -14804.1  239.225  14464.8
839  144  2025-06-09 22-17-57  2574.4  20890  -14811.7  239.282  14456.4
840  144  2025-06-09 22-17-57  2576  20900.2  -14819.4  239.34  14465.7
841  144  2025-06-09 22-17-57  2577.6  20910.4  -14827  239.397  14457.3
842  144  2025-06-09 22-17-57  2579.2  20920.5  -14834.7  239.455  14466.6
843  144  2025-06-09 22-17-57  2580.8  20930.8  -14842.3  239.513  14458.3
844  144  2025-06-09 22-17-57  2582.4  20940.9  -14850  239.57  14467.6
845  144  2025-06-09 22-17-57  2584  20951.2  -14857.6  239.628  14459.2
846  144  2025-06-09 22-17-57  2585.6  20961.5  -14865.2  239.685  14450.8
847  144  2025-06-09 22-17-57  2587.2  20971.7  -14872.8  239.743  14460.1
848  144  2025-06-09 22-17-57  2588.8  20982  -14880.4  239.8  14451.6
849  144  2025-06-09 22-17-57  2590.4  20992.3  -14888  239.858  14460.9
850  144  2025-06-09 22-17-57  2592  21002.6  -14895.6  239.915  14452.5
851  144  2025-06-09 22-17-57  2593.6  21012.8  -14903.3  239.973  14461.8
852  144  2025-06-09 22-17-57  2595.2  21023.1  -14910.9  240.031  14453.4
853  144  2025-06-09 22-17-57  2596.8  21033.4  -14918.6  240.088  14462.8
854  144  2025-06-09 22-17-57  2598.4  21043.7  -14926.2  240.146  14454.4
855  144  2025-06-09 22-17-57  2600  21054.1  -14933.7  240.203  14445.9
856  144  2025-06-09 22-17-57  2601.6  21064.4  -14941.3  240.261  14455.2
857  144  2025-06-09 22-17-57  2603.2  21074.8  -14948.8  240.318  14446.8
858  144  2025-06-09 22-17-57  2604.8  21085.1  -14956.5  240.376  14456
859  144  2025-06-09 22-17-57  2606.4  21095.5  -14964  240.434  14447.6
860  144  2025-06-09 22-17-57  2608  21105.8  -14971.7  240.491  14456.9
861  144  2025-06-09 22-17-57  2609.6  21116.2  -14979.2  240.549  14448.5
862  144  2025-06-09 22-17-57  2611.2  21126.5  -14986.9  240.606  14457.8
863  144  2025-06-09 22-17-57  2612.8  21136.9  -14994.5  240.664  14449.4
864  144  2025-06-09 22-17-57  2614.4  21147.2  -15002.2  240.721  14458.7
865  144  2025-06-09 22-17-57  2616  21157.6  -15009.8  240.779  14450.3
866  144  2025-06-09 22-17-57  2617.6  21168.1  -15017.3  240.836  14441.9
867  144  2025-06-09 22-17-57  2619.2  21178.5  -15024.9  240.894  14451.1
868  144  2025-06-09 22-17-57  2620.8  21189  -15032.4  240.952  14442.7
869  144  2025-06-09 22-17-57  2622.4  21199.4  -15040  241.009  14452
870  144  2025-06-09 22-17-57  2624  21209.9  -15047.6  241.067  14443.6
871  144  2025-06-09 22-17-57  2625.6  21220.3  -15055.2  241.124  14452.8
872  144  2025-06-09 22-17-57  2627.2  21230.8  -15062.7  241.182  14444.4
873  144  2025-06-09 22-17-57  2628.8  21241.2  -15070.4  241.239  14453.7
874  144  2025-06-09 22-17-57  2630.4  21251.7  -15078  241.297  14445.3
875  144  2025-06-09 22-17-57  2632  21262.1  -15085.7  241.354  14454.7
876  144  2025-06-09 22-17-57  2633.6  21272.5  -15093.2  241.412  14446.3
877  144  2025-06-09 22-17-57  2635.2  21283.1  -15100.7  241.47  14437.8
878  144  2025-06-09 22-17-57  2636.8  21293.6  -15108.3  241.527  14447.1
879  144  2025-06-09 22-17-57  2638.4  21304.2  -15115.9  241.585  14438.7
880  144  2025-06-09 22-17-57  2640  21314.6  -15123.5  241.642  14447.9
881  144  2025-06-09 22-17-57  2641.6  21325.2  -15131  241.7  14439.5
882  144  2025-06-09 22-17-57  2643.2  21335.7  -15138.6  241.757  14448.8
883  144  2025-06-09 22-17-57  2644.8  21346.3  -15146.2  241.815  14440.4
884  144  2025-06-09 22-17-57  2646.4  21356.8  -15153.8  241.872  14449.7
885  144  2025-06-09 22-17-57  2648  21367.3  -15161.4  241.93  14441.3
886  144  2025-06-09 22-17-57  2649.6  21378  -15168.9  241.988  14432.8
887  144  2025-06-09 22-17-57  2651.2  21388.5  -15176.4  242.045  14442.1
888  144  2025-06-09 22-17-57  2652.8  21399.2  -15183.9  242.103  14433.6
889  144  2025-06-09 22-17-57  2654.4  21409.7  -15191.5  242.16  14442.9
890  144  2025-06-09 22-17-57  2656  21420.4  -15199  242.218  14434.4
891  144  2025-06-09 22-17-57  2657.6  21431  -15206.6  242.275  14443.7
892  144  2025-06-09 22-17-57  2659.2  21441.6  -15214.1  242.333  14435.3
893  144  2025-06-09 22-17-57  2660.8  21452.2  -15221.7  242.39  14444.6
894  144  2025-06-09 22-17-57  2662.4  21462.8  -15229.3  242.448  14436.2
895  144  2025-06-09 22-17-57  2664  21473.4  -15236.9  242.506  14445.5
896  144  2025-06-09 22-17-57  2665.6  21484.1  -15244.5  242.563  14437.1
897  144  2025-06-09 22-17-57  2667.2  21494.8  -15251.9  242.621  14428.6
898  144  2025-06-09 22-17-57  2668.8  21505.5  -15259.5  242.678  14437.8
899  144  2025-06-09 22-17-57  2670.4  21516.2  -15266.9  242.736  14429.4
900  144  2025-06-09 22-17-57  2672  21526.9  -15274.5  242.793  14438.6
901  144  2025-06-09 22-17-57  2673.6  21537.6  -15282  242.851  14430.2
902  144  2025-06-09 22-17-57  2675.2  21548.3  -15289.6  242.908  14439.5
903  144  2025-06-09 22-17-57  2676.8  21559  -15297.1  242.966  14431.1
904  144  2025-06-09 22-17-57  2678.4  21569.7  -15304.7  243.024  14440.3
905  144  2025-06-09 22-17-57  2680  21580.4  -15312.2  243.081  14431.9
906  144  2025-06-09 22-17-57  2681.6  21591.1  -15319.9  243.139  14441.2
907  144  2025-06-09 22-17-57  2683.2  21601.8  -15327.4  243.196  14432.8
908  144  2025-06-09 22-17-57  2684.8  21612.6  -15334.8  243.254  14424.4
909  144  2025-06-09 22-17-57  2686.4  21623.4  -15342.4  243.311  14433.6
910  144  2025-06-09 22-17-57  2688  21634.2  -15349.8  243.369  14425.2
911  144  2025-06-09 22-17-57  2689.6  21644.9  -15357.4  243.426  14434.4
912  144  2025-06-09 22-17-57  2691.2  21655.7  -15364.9  243.484  14426
913  144  2025-06-09 22-17-57  2692.8  21666.5  -15372.5  243.542  14435.2
914  144  2025-06-09 22-17-57  2694.4  21677.3  -15380  243.599  14426.8
915  144  2025-06-09 22-17-57  2696  21688.1  -15387.6  243.657  14436.1
916  144  2025-06-09 22-17-57  2697.6  21698.9  -15395.1  243.714  14427.7
917  144  2025-06-09 22-17-57  2699.2  21709.6  -15402.7  243.772  14437
918  144  2025-06-09 22-17-57  2700.8  21720.5  -15410.2  243.829  14428.6
919  144  2025-06-09 22-17-57  2702.4  21731.4  -15417.6  243.887  14420.2
920  144  2025-06-09 22-17-57  2704  21742.2  -15425.2  243.944  14429.4
921  144  2025-06-09 22-17-57  2705.6  21753.1  -15432.6  244.002  14420.9
922  144  2025-06-09 22-17-57  2707.2  21763.9  -15440.2  244.06  14430.2
923  144  2025-06-09 22-17-57  2708.8  21774.8  -15447.6  244.117  14421.8
924  144  2025-06-09 22-17-57  2710.4  21785.7  -15455.2  244.175  14431
925  144  2025-06-09 22-17-57  2712  21796.6  -15462.7  244.232  14422.6
926  144  2025-06-09 22-17-57  2713.6  21807.4  -15470.2  244.29  14431.9
927  144  2025-06-09 22-17-57  2715.2  21818.3  -15477.7  244.347  14423.5
928  144  2025-06-09 22-17-57  2716.8  21829.3  -15485.1  244.405  14415
929  144  2025-06-09 22-17-57  2718.4  21840.2  -15492.6  244.462  14424.2
930  144  2025-06-09 22-17-57  2720  21851.2  -15500  244.52  14415.8
931  144  2025-06-09 22-17-57  2721.6  21862.1  -15507.6  244.578  14425
932  144  2025-06-09 22-17-57  2723.2  21873.1  -15515  244.635  14416.5
933  144  2025-06-09 22-17-57  2724.8  21884  -15522.5  244.693  14425.8
934  144  2025-06-09 22-17-57  2726.4  21895  -15530  244.75  14417.4
935  144  2025-06-09 22-17-57  2728  21906  -15537.5  244.808  14426.6
936  144  2025-06-09 22-17-57  2729.6  21917  -15545  244.865  14418.2
937  144  2025-06-09 22-17-57  2731.2  21927.9  -15552.5  244.923  14427.5
938  144  2025-06-09 22-17-57  2732.8  21938.9  -15560  244.98  14419.1
939  144  2025-06-09 22-17-57  2734.4  21950  -15567.4  245.038  14410.6
940  144  2025-06-09 22-17-57  2736  21961  -15574.9  245.096  14419.8
941  144  2025-06-09 22-17-57  2737.6  21972  -15582.3  245.153  14411.4
942  144  2025-06-09 22-17-57  2739.2  21983  -15589.8  245.211  14420.6
943  144  2025-06-09 22-17-57  2740.8  21994.1  -15597.2  245.268  14412.1
944  144  2025-06-09 22-17-57  2742.4  22005.1  -15604.7  245.326  14421.4
945  144  2025-06-09 22-17-57  2744  22016.2  -15612.1  245.383  14413
946  144  2025-06-09 22-17-57  2745.6  22027.2  -15619.7  245.441  14422.2
947  144  2025-06-09 22-17-57  2747.2  22038.3  -15627.1  245.498  14413.8
948  144  2025-06-09 22-17-57  2748.8  22049.3  -15634.6  245.556  14423.1
949  144  2025-06-09 22-17-57  2750.4  22060.4  -15642.1  245.614  14414.7
950  144  2025-06-09 22-17-57  2752  22071.6  -15649.5  245.671  14406.2
951  144  2025-06-09 22-17-57  2753.6  22082.7  -15656.9  245.729  14415.4
952  144  2025-06-09 22-17-57  2755.2  22093.8  -15664.3  245.786  14407
953  144  2025-06-09 22-17-57  2756.8  22104.9  -15671.8  245.844  14416.2
954  144  2025-06-09 22-17-57  2758.4  22116.1  -15679.2  245.901  14407.7
955  144  2025-06-09 22-17-57  2760  22127.2  -15686.7  245.959  14417
956  144  2025-06-09 22-17-57  2761.6  22138.4  -15694.1  246.016  14408.6
957  144  2025-06-09 22-17-57  2763.2  22149.5  -15701.6  246.074  14417.8
958  144  2025-06-09 22-17-57  2764.8  22160.6  -15709  246.132  14409.4
959  144  2025-06-09 22-17-57  2766.4  22171.7  -15716.6  246.189  14418.7
960  144  2025-06-09 22-17-57  2768  22182.9  -15724  246.247  14410.3
961  144  2025-06-09 22-17-57  2769.6  22194.2  -15731.3  246.304  14401.8
962  144  2025-06-09 22-17-57  2771.2  22205.3  -15738.8  246.362  14411
963  144  2025-06-09 22-17-57  2772.8  22216.6  -15746.1  246.419  14402.6
964  144  2025-06-09 22-17-57  2774.4  22227.8  -15753.6  246.477  14411.8
965  144  2025-06-09 22-17-57  2776  22239  -15761  246.534  14403.3
966  144  2025-06-09 22-17-57  2777.6  22250.2  -15768.5  246.592  14412.6
967  144  2025-06-09 22-17-57  2779.2  22261.5  -15775.8  246.65  14404.2
968  144  2025-06-09 22-17-57  2780.8  22272.7  -15783.3  246.707  14413.4
969  144  2025-06-09 22-17-57  2782.4  22283.9  -15790.7  246.765  14405
970  144  2025-06-09 22-17-57  2784  22295.1  -15798.3  246.822  14414.3
971  144  2025-06-09 22-17-57  2785.6  22306.4  -15805.7  246.88  14405.9
972  144  2025-06-09 22-17-57  2787.2  22317.7  -15813  246.937  14397.4
973  144  2025-06-09 22-17-57  2788.8  22329  -15820.4  246.995  14406.6
974  144  2025-06-09 22-17-57  2790.4  22340.3  -15827.8  247.052  14398.2
975  144  2025-06-09 22-17-57  2792  22351.6  -15835.2  247.11  14407.4
976  144  2025-06-09 22-17-57  2793.6  22363  -15842.6  247.168  14398.9
977  144  2025-06-09 22-17-57  2795.2  22374.2  -15850  247.225  14408.2
978  144  2025-06-09 22-17-57  2796.8  22385.6  -15857.4  247.283  14399.8
979  144  2025-06-09 22-17-57  2798.4  22396.9  -15864.9  247.34  14409
980  144  2025-06-09 22-17-57  2800  22408.2  -15872.3  247.398  14400.6
981  144  2025-06-09 22-17-57  2801.6  22419.5  -15879.8  247.455  14409.9
982  144  2025-06-09 22-17-57  2803.2  22430.8  -15887.2  247.513  14401.5
983  144  2025-06-09 22-17-57  2804.8  22442.3  -15894.5  247.57  14393
984  144  2025-06-09 22-17-57  2806.4  22453.6  -15901.9  247.628  14402.2
