SN    USVID    CurTime    simTime    CurX    CurY    CurVel      CurYaw   
0  176  2025-06-13 22-56-43  0  16040  14512  192  2672
1  176  2025-06-13 22-56-43  1.6  16048  14511.9  191.914  2681.69
2  176  2025-06-13 22-56-43  3.2  16056  14511.7  191.827  2691.28
3  176  2025-06-13 22-56-43  4.8  16063.9  14511.5  191.741  2700.76
4  176  2025-06-13 22-56-43  6.4  16071.9  14511.2  191.655  2710.13
5  176  2025-06-13 22-56-43  8  16079.8  14510.8  191.568  2719.4
6  176  2025-06-13 22-56-43  9.6  16087.8  14510.3  191.482  2728.55
7  176  2025-06-13 22-56-43  11.2  16095.7  14509.7  191.396  2737.61
8  176  2025-06-13 22-56-43  12.8  16103.6  14509.1  191.309  2746.55
9  176  2025-06-13 22-56-43  14.4  16111.5  14508.3  191.223  2755.39
10  176  2025-06-13 22-56-43  128  16119.4  14507.5  191.137  2764.12
11  176  2025-06-13 22-56-43  129.6  16127.2  14506.7  191.05  2772.75
12  176  2025-06-13 22-56-43  131.2  16135.1  14505.7  190.964  2781.26
13  176  2025-06-13 22-56-43  132.8  16142.9  14504.7  190.878  2789.68
14  176  2025-06-13 22-56-43  134.4  16150.7  14503.6  190.791  2797.98
15  176  2025-06-13 22-56-43  136  16158.5  14502.5  190.705  2806.18
16  176  2025-06-13 22-56-43  137.6  16166.2  14501.3  190.619  2814.28
17  176  2025-06-13 22-56-43  139.2  16174  14500  190.532  2822.26
18  176  2025-06-13 22-56-43  140.8  16181.7  14498.7  190.446  2830.15
19  176  2025-06-13 22-56-43  142.4  16189.4  14497.2  190.36  14037.9
20  176  2025-06-13 22-56-43  144  16197.1  14495.8  190.273  14045.6
21  176  2025-06-13 22-56-43  145.6  16204.8  14494.2  190.187  14053.2
22  176  2025-06-13 22-56-43  147.2  16212.4  14492.6  190.101  14060.6
23  176  2025-06-13 22-56-43  148.8  16220.1  14491  190.014  14068
24  176  2025-06-13 22-56-43  150.4  16227.7  14489.3  189.928  14075.3
25  176  2025-06-13 22-56-43  152  16235.2  14487.5  189.842  14082.4
26  176  2025-06-13 22-56-43  153.6  16242.8  14485.7  189.755  14089.5
27  176  2025-06-13 22-56-43  155.2  16250.3  14483.8  189.669  14096.4
28  176  2025-06-13 22-56-43  156.8  16257.8  14481.9  189.583  14103.3
29  176  2025-06-13 22-56-43  158.4  16265.3  14479.9  189.496  14110
30  176  2025-06-13 22-56-43  160  16272.8  14477.8  189.41  14116.6
31  176  2025-06-13 22-56-43  161.6  16280.2  14475.7  189.324  14123.2
32  176  2025-06-13 22-56-43  163.2  16287.7  14473.6  189.237  14129.6
33  176  2025-06-13 22-56-43  164.8  16295.1  14471.4  189.151  14136
34  176  2025-06-13 22-56-43  166.4  16302.4  14469.2  189.065  14142.2
35  176  2025-06-13 22-56-43  168  16309.8  14466.9  188.978  14148.4
36  176  2025-06-13 22-56-43  169.6  16317.1  14464.5  188.892  14154.4
37  176  2025-06-13 22-56-43  171.2  16324.4  14462.2  188.806  14160.4
38  176  2025-06-13 22-56-43  172.8  16331.7  14459.7  188.719  14166.2
39  176  2025-06-13 22-56-43  174.4  16339  14457.3  188.633  14172
40  176  2025-06-13 22-56-43  176  16346.2  14454.8  188.547  14177.6
41  176  2025-06-13 22-56-43  177.6  16353.4  14452.2  188.46  14183.2
42  176  2025-06-13 22-56-43  179.2  16360.6  14449.6  188.374  14188.7
43  176  2025-06-13 22-56-43  180.8  16367.7  14447  188.288  14194
44  176  2025-06-13 22-56-43  182.4  16374.9  14444.4  188.201  14199.3
45  176  2025-06-13 22-56-43  184  16382  14441.7  188.115  14204.5
46  176  2025-06-13 22-56-43  185.6  16389.1  14438.9  188.029  14209.6
47  176  2025-06-13 22-56-43  187.2  16396.2  14436.1  187.942  14214.6
48  176  2025-06-13 22-56-43  188.8  16403.2  14433.3  187.856  14219.5
49  176  2025-06-13 22-56-43  190.4  16410.2  14430.5  187.77  14224.3
50  176  2025-06-13 22-56-43  192  16417.2  14427.6  187.683  14229
51  176  2025-06-13 22-56-43  193.6  16424.2  14424.7  187.597  14233.7
52  176  2025-06-13 22-56-43  195.2  16431.2  14421.8  187.511  14238.2
53  176  2025-06-13 22-56-43  196.8  16438.1  14418.8  187.424  14242.7
54  176  2025-06-13 22-56-43  198.4  16445  14415.8  187.338  14247.1
55  176  2025-06-13 22-56-43  200  16451.9  14412.8  187.252  14251.3
56  176  2025-06-13 22-56-43  201.6  16458.8  14409.7  187.165  14255.5
57  176  2025-06-13 22-56-43  203.2  16465.6  14406.7  187.079  14259.6
58  176  2025-06-13 22-56-43  204.8  16472.4  14403.5  186.993  14263.7
59  176  2025-06-13 22-56-43  206.4  16479.3  14400.4  186.906  14267.6
60  176  2025-06-13 22-56-43  208  16486.1  14397.3  186.964  14270.5
61  176  2025-06-13 22-56-43  209.6  16492.8  14394.1  187.021  14273.3
62  176  2025-06-13 22-56-43  211.2  16499.6  14390.9  187.079  14276.2
63  176  2025-06-13 22-56-43  212.8  16506.4  14387.6  187.137  14279
64  176  2025-06-13 22-56-43  214.4  16513.2  14384.4  187.194  14281.9
65  176  2025-06-13 22-56-43  216  16520  14381.1  187.252  14284.7
66  176  2025-06-13 22-56-43  217.6  16526.7  14377.8  187.309  14287.6
67  176  2025-06-13 22-56-43  219.2  16533.5  14374.5  187.367  14290.4
68  176  2025-06-13 22-56-43  220.8  16540.3  14371.2  187.424  14293.3
69  176  2025-06-13 22-56-43  222.4  16547  14367.8  187.482  14296.1
70  176  2025-06-13 22-56-43  224  16553.8  14364.4  187.539  14299
71  176  2025-06-13 22-56-43  225.6  16560.5  14361  187.597  14301.8
72  176  2025-06-13 22-56-43  227.2  16567.3  14357.5  187.655  14304.7
73  176  2025-06-13 22-56-43  228.8  16574  14354.1  187.712  14307.5
74  176  2025-06-13 22-56-43  230.4  16580.7  14350.6  187.77  14310.4
75  176  2025-06-13 22-56-43  232  16587.4  14347.1  187.827  14313.2
76  176  2025-06-13 22-56-43  233.6  16594.2  14343.5  187.885  14316.1
77  176  2025-06-13 22-56-43  235.2  16600.9  14340  187.942  14318.9
78  176  2025-06-13 22-56-43  236.8  16607.6  14336.4  188  14321.8
79  176  2025-06-13 22-56-43  238.4  16614.3  14332.8  188.057  14324.6
80  176  2025-06-13 22-56-43  240  16621  14329.2  188.115  14327.5
81  176  2025-06-13 22-56-43  241.6  16627.6  14325.5  188.173  14330.3
82  176  2025-06-13 22-56-43  243.2  16634.3  14321.8  188.23  14333.2
83  176  2025-06-13 22-56-43  244.8  16641  14318.2  188.288  14336
84  176  2025-06-13 22-56-43  246.4  16647.7  14314.4  188.345  14338.9
85  176  2025-06-13 22-56-43  248  16654.3  14310.7  188.403  14341.7
86  176  2025-06-13 22-56-43  249.6  16661  14306.9  188.46  14344.6
87  176  2025-06-13 22-56-43  251.2  16667.6  14303.1  188.518  14347.4
88  176  2025-06-13 22-56-43  252.8  16674.3  14299.3  188.575  14350.3
89  176  2025-06-13 22-56-43  254.4  16680.9  14295.5  188.633  14353.1
90  176  2025-06-13 22-56-43  256  16687.5  14291.6  188.691  14356
91  176  2025-06-13 22-56-43  257.6  16694.1  14287.7  188.748  14358.8
92  176  2025-06-13 22-56-43  259.2  16700.7  14283.8  188.806  14361.7
93  176  2025-06-13 22-56-43  260.8  16707.3  14279.9  188.863  14364.5
94  176  2025-06-13 22-56-43  262.4  16713.9  14275.9  188.921  14367.4
95  176  2025-06-13 22-56-43  264  16720.5  14271.9  188.978  14370.2
96  176  2025-06-13 22-56-43  265.6  16727.1  14267.9  189.036  14373.1
97  176  2025-06-13 22-56-43  267.2  16733.7  14263.9  189.093  14375.9
98  176  2025-06-13 22-56-43  268.8  16740.2  14259.9  189.151  14378.8
99  176  2025-06-13 22-56-43  270.4  16746.8  14255.8  189.209  14381.6
100  176  2025-06-13 22-56-43  1392  16753.4  14251.7  189.266  14384.5
101  176  2025-06-13 22-56-43  1393.6  16759.9  14247.6  189.324  14387.3
102  176  2025-06-13 22-56-43  1395.2  16766.4  14243.4  189.381  14390.2
103  176  2025-06-13 22-56-43  1396.8  16773  14239.2  189.439  14393
104  176  2025-06-13 22-56-43  1398.4  16779.5  14235.1  189.496  14395.9
105  176  2025-06-13 22-56-43  1400  16786  14230.8  189.554  14398.7
106  176  2025-06-13 22-56-43  1401.6  16792.5  14226.6  189.611  14401.6
107  176  2025-06-13 22-56-43  1403.2  16799  14222.3  189.669  14404.4
108  176  2025-06-13 22-56-43  1404.8  16805.5  14218.1  189.727  14407.3
109  176  2025-06-13 22-56-43  1406.4  16811.9  14213.7  189.784  14410.1
110  176  2025-06-13 22-56-43  1408  16818.4  14209.4  189.842  14413
111  176  2025-06-13 22-56-43  1409.6  16824.9  14205.1  189.899  14415.8
112  176  2025-06-13 22-56-43  1411.2  16831.3  14200.7  189.957  14418.7
113  176  2025-06-13 22-56-43  1412.8  16837.8  14196.3  190.014  14421.5
114  176  2025-06-13 22-56-43  1414.4  16844.2  14191.9  190.072  14424.4
115  176  2025-06-13 22-56-43  1416  16850.6  14187.4  190.129  14427.2
116  176  2025-06-13 22-56-43  1417.6  16857  14182.9  190.187  14430.1
117  176  2025-06-13 22-56-43  1419.2  16863.4  14178.4  190.245  14432.9
118  176  2025-06-13 22-56-43  1420.8  16869.8  14173.9  190.302  14435.8
119  176  2025-06-13 22-56-43  1422.4  16876.2  14169.4  190.36  14438.6
120  176  2025-06-13 22-56-43  1424  16882.6  14164.8  190.417  14441.5
121  176  2025-06-13 22-56-43  1425.6  16889  14160.2  190.475  14444.3
122  176  2025-06-13 22-56-43  1427.2  16895.3  14155.6  190.532  14447.2
123  176  2025-06-13 22-56-43  1428.8  16901.7  14151  190.59  14450
124  176  2025-06-13 22-56-43  1430.4  16908  14146.3  190.647  14452.9
125  176  2025-06-13 22-56-43  1432  16914.3  14141.7  190.705  14455.7
126  176  2025-06-13 22-56-43  1433.6  16920.7  14136.9  190.763  14458.6
127  176  2025-06-13 22-56-43  1435.2  16927  14132.2  190.82  14461.4
128  176  2025-06-13 22-56-43  1436.8  16933.3  14127.5  190.878  14464.3
129  176  2025-06-13 22-56-43  1438.4  16939.5  14122.7  190.935  14467.1
130  176  2025-06-13 22-56-43  1440  16945.8  14117.9  190.993  14470
131  176  2025-06-13 22-56-43  1441.6  16952.1  14113.1  191.05  14472.8
132  176  2025-06-13 22-56-43  1443.2  16958.3  14108.2  191.108  14475.7
133  176  2025-06-13 22-56-43  1444.8  16964.6  14103.4  191.165  14478.5
134  176  2025-06-13 22-56-43  1446.4  16970.8  14098.5  191.223  14481.4
135  176  2025-06-13 22-56-43  1448  16977.1  14093.6  191.281  14484.2
136  176  2025-06-13 22-56-43  1449.6  16983.3  14088.7  191.338  14487.1
137  176  2025-06-13 22-56-43  1451.2  16989.5  14083.7  191.396  14489.9
138  176  2025-06-13 22-56-43  1452.8  16995.7  14078.7  191.453  14492.8
139  176  2025-06-13 22-56-43  1454.4  17001.8  14073.7  191.511  14495.6
140  176  2025-06-13 22-56-43  1456  17008  14068.7  191.568  14498.5
141  176  2025-06-13 22-56-43  1457.6  17014.2  14063.6  191.626  14501.3
142  176  2025-06-13 22-56-43  1459.2  17020.3  14058.6  191.683  14504.2
143  176  2025-06-13 22-56-43  1460.8  17026.5  14053.5  191.741  14507
144  176  2025-06-13 22-56-43  1462.4  17032.6  14048.4  191.799  14509.9
145  176  2025-06-13 22-56-43  1464  17038.7  14043.2  191.856  14512.7
146  176  2025-06-13 22-56-43  1465.6  17044.8  14038.1  191.914  14515.6
147  176  2025-06-13 22-56-43  1467.2  17050.9  14032.9  191.971  14518.5
148  176  2025-06-13 22-56-43  1468.8  17057  2827.68  192.029  14521.3
149  176  2025-06-13 22-56-43  1470.4  17063  2822.45  192.086  14524.2
150  176  2025-06-13 22-56-43  1472  17069.1  2817.2  192.144  14527
151  176  2025-06-13 22-56-43  1473.6  17075.1  2811.93  192.201  14529.9
152  176  2025-06-13 22-56-43  1475.2  17081.2  2806.63  192.259  14532.7
153  176  2025-06-13 22-56-43  1476.8  17087.2  2801.31  192.317  14535.6
154  176  2025-06-13 22-56-43  1478.4  17093.2  2795.97  192.374  14538.4
155  176  2025-06-13 22-56-43  1480  17099.2  2790.6  192.432  14541.3
156  176  2025-06-13 22-56-43  1481.6  17105.2  2785.22  192.489  14544.1
157  176  2025-06-13 22-56-43  1483.2  17111.1  2779.81  192.547  14547
158  176  2025-06-13 22-56-43  1484.8  17117.1  2774.38  192.604  14549.8
159  176  2025-06-13 22-56-43  1486.4  17123  2768.92  192.662  14552.7
160  176  2025-06-13 22-56-43  1488  17129  2763.45  192.719  14555.5
161  176  2025-06-13 22-56-43  1489.6  17134.9  2757.95  192.777  14558.4
162  176  2025-06-13 22-56-43  1491.2  17140.8  2752.43  192.835  14561.2
163  176  2025-06-13 22-56-43  1492.8  17146.7  2746.89  192.892  14564.1
164  176  2025-06-13 22-56-43  1494.4  17152.5  2741.32  192.95  14566.9
165  176  2025-06-13 22-56-43  1496  17158.4  2735.73  193.007  14569.8
166  176  2025-06-13 22-56-43  1497.6  17164.3  2730.12  193.065  14572.6
167  176  2025-06-13 22-56-43  1499.2  17170.1  2724.49  193.122  14575.5
168  176  2025-06-13 22-56-43  1500.8  17175.9  2718.84  193.18  14578.3
169  176  2025-06-13 22-56-43  1502.4  17181.7  2713.16  193.237  14581.2
170  176  2025-06-13 22-56-43  1504  17187.5  2707.46  193.295  14584
171  176  2025-06-13 22-56-43  1505.6  17193.3  2701.74  193.353  14586.9
172  176  2025-06-13 22-56-43  1507.2  17199.1  2696  193.41  14589.7
173  176  2025-06-13 22-56-43  1508.8  17204.8  2690.24  193.468  14592.6
174  176  2025-06-13 22-56-43  1510.4  17210.6  2684.45  193.525  14595.4
175  176  2025-06-13 22-56-43  1512  17216.3  2678.64  193.583  14598.3
176  176  2025-06-13 22-56-43  1513.6  17222  2672.81  193.64  14601.1
177  176  2025-06-13 22-56-43  1515.2  17227.7  2666.96  193.698  14604
178  176  2025-06-13 22-56-43  1516.8  17233.4  2661.09  193.755  14606.8
179  176  2025-06-13 22-56-43  1518.4  17239.1  2655.19  193.813  14609.7
180  176  2025-06-13 22-56-43  1520  17244.8  2649.28  193.871  14612.5
181  176  2025-06-13 22-56-43  1521.6  17250.4  2643.34  193.928  14615.4
182  176  2025-06-13 22-56-43  1523.2  17256  2637.38  193.986  14618.2
183  176  2025-06-13 22-56-43  1524.8  17261.6  2631.39  194.043  14621.1
184  176  2025-06-13 22-56-43  1526.4  17267.2  2625.39  194.101  14623.9
185  176  2025-06-13 22-56-43  1528  17272.8  2619.36  194.158  14626.8
186  176  2025-06-13 22-56-43  1529.6  17278.4  2613.32  194.216  14629.6
187  176  2025-06-13 22-56-43  1531.2  17284  2607.25  194.273  14632.5
188  176  2025-06-13 22-56-43  1532.8  17289.5  2601.16  194.331  14635.3
189  176  2025-06-13 22-56-43  1534.4  17295  2595.05  194.389  14638.2
190  176  2025-06-13 22-56-43  1536  17300.5  2588.91  194.446  14641
191  176  2025-06-13 22-56-43  1537.6  17306  2582.76  194.504  14643.9
192  176  2025-06-13 22-56-43  1539.2  17311.5  2576.58  194.561  14646.7
193  176  2025-06-13 22-56-43  1540.8  17317  2570.38  194.619  14649.6
194  176  2025-06-13 22-56-43  1542.4  17322.4  2564.17  194.676  14652.4
195  176  2025-06-13 22-56-43  1544  17327.8  2557.93  194.734  14655.3
196  176  2025-06-13 22-56-43  1545.6  17333.3  2551.67  194.791  14658.1
197  176  2025-06-13 22-56-43  1547.2  17338.7  2545.38  194.849  14661
198  176  2025-06-13 22-56-43  1548.8  17344  2539.08  194.907  14663.8
199  176  2025-06-13 22-56-43  1550.4  17349.4  2532.76  194.964  14666.7
200  176  2025-06-13 22-56-43  1552  17354.8  2526.41  195.022  14669.5
201  176  2025-06-13 22-56-43  1553.6  17360.1  2520.04  195.079  14672.4
202  176  2025-06-13 22-56-43  1555.2  17365.4  2513.66  195.137  14675.2
203  176  2025-06-13 22-56-43  1556.8  17370.7  2507.25  195.194  14678.1
204  176  2025-06-13 22-56-43  1558.4  17376  2500.82  195.252  14680.9
205  176  2025-06-13 22-56-43  1560  17381.3  2494.37  195.309  14683.8
206  176  2025-06-13 22-56-43  1561.6  17386.6  2487.9  195.367  14686.6
207  176  2025-06-13 22-56-43  1563.2  17391.8  2481.41  195.425  14689.5
208  176  2025-06-13 22-56-43  1564.8  17397  2474.89  195.482  14692.3
209  176  2025-06-13 22-56-43  1566.4  17402.2  2468.36  195.54  14695.2
210  176  2025-06-13 22-56-43  1568  17407.4  2461.81  195.597  14698
211  176  2025-06-13 22-56-43  1569.6  17412.6  2455.23  195.655  14700.9
212  176  2025-06-13 22-56-43  1571.2  17417.7  2448.64  195.712  14703.7
213  176  2025-06-13 22-56-43  1572.8  17422.9  2442.02  195.77  14706.6
214  176  2025-06-13 22-56-43  1574.4  17428  2435.38  195.827  14709.4
215  176  2025-06-13 22-56-43  1576  17433.1  2428.73  195.885  14712.3
216  176  2025-06-13 22-56-43  1577.6  17438.2  2422.05  195.943  14715.1
217  176  2025-06-13 22-56-43  1579.2  17443.3  2415.35  196  14718
218  176  2025-06-13 22-56-43  1580.8  17448.3  2408.64  196.058  14720.8
219  176  2025-06-13 22-56-43  1582.4  17453.4  2401.9  196.115  14723.7
220  176  2025-06-13 22-56-43  1584  17458.4  2395.14  196.173  14726.5
221  176  2025-06-13 22-56-43  1585.6  17463.4  2388.36  196.23  14729.4
222  176  2025-06-13 22-56-43  1587.2  17468.4  2381.56  196.288  14732.2
223  176  2025-06-13 22-56-43  1588.8  17473.3  2374.74  196.345  14735.1
224  176  2025-06-13 22-56-43  1590.4  17478.3  2367.9  196.403  14737.9
225  176  2025-06-13 22-56-43  1592  17483.2  2361.05  196.461  14740.8
226  176  2025-06-13 22-56-43  1593.6  17488.1  2354.17  196.518  14743.6
227  176  2025-06-13 22-56-43  1595.2  17493  2347.27  196.576  14746.5
228  176  2025-06-13 22-56-43  1596.8  17497.9  2340.37  196.633  14744.5
229  176  2025-06-13 22-56-43  1598.4  17502.8  2333.49  196.691  14742.5
230  176  2025-06-13 22-56-43  1600  17507.7  2326.58  196.748  14745.2
231  176  2025-06-13 22-56-43  1601.6  17512.6  2319.66  196.806  14748
232  176  2025-06-13 22-56-43  1603.2  17517.6  2312.74  196.863  14745.9
233  176  2025-06-13 22-56-43  1604.8  17522.5  2305.83  196.921  14743.7
234  176  2025-06-13 22-56-43  1606.4  17527.4  2298.89  196.979  14746.4
235  176  2025-06-13 22-56-43  1608  17532.3  2291.97  197.036  14744.2
236  176  2025-06-13 22-56-43  1609.6  17537.3  2285.03  197.094  14746.8
237  176  2025-06-13 22-56-43  1611.2  17542.2  2278.07  197.151  14749.4
238  176  2025-06-13 22-56-43  1612.8  17547.1  2271.09  197.209  14752
239  176  2025-06-13 22-56-43  1614.4  17552  2264.11  197.266  14749.8
240  176  2025-06-13 22-56-43  1616  17556.9  2257.15  197.324  14747.5
241  176  2025-06-13 22-56-43  1617.6  17561.8  2250.17  197.382  14750
242  176  2025-06-13 22-56-43  1619.2  17566.7  2243.16  197.439  14752.5
243  176  2025-06-13 22-56-43  1620.8  17571.6  2236.17  197.497  14750.2
244  176  2025-06-13 22-56-43  1622.4  17576.5  2229.16  197.554  14752.7
245  176  2025-06-13 22-56-43  1624  17581.4  2222.13  197.612  14755.1
246  176  2025-06-13 22-56-43  1625.6  17586.3  2215.11  197.669  14752.8
247  176  2025-06-13 22-56-43  1627.2  17591.2  2208.07  197.727  14755.2
248  176  2025-06-13 22-56-43  1628.8  17596.1  2201.04  197.784  14752.7
249  176  2025-06-13 22-56-43  1630.4  17601  2193.99  197.842  14755.1
250  176  2025-06-13 22-56-43  1632  17605.9  2186.95  197.9  14752.6
251  176  2025-06-13 22-56-43  1633.6  17610.9  2179.92  197.957  14750.1
252  176  2025-06-13 22-56-43  1635.2  17615.8  2172.87  198.015  14752.4
253  176  2025-06-13 22-56-43  1636.8  17620.7  2165.8  198.072  14754.7
254  176  2025-06-13 22-56-43  1638.4  17625.6  2158.72  198.13  14756.9
255  176  2025-06-13 22-56-43  1640  17630.5  2151.62  198.187  14759.2
256  176  2025-06-13 22-56-43  1641.6  17635.4  2144.51  198.245  14761.5
257  176  2025-06-13 22-56-43  1643.2  17640.3  2137.38  198.302  14763.8
258  176  2025-06-13 22-56-43  1644.8  17645.1  2130.23  198.36  14766
259  176  2025-06-13 22-56-43  1646.4  17649.9  2123.06  198.418  14768.3
260  176  2025-06-13 22-56-43  1648  17654.7  2115.88  198.475  14770.6
261  176  2025-06-13 22-56-43  1649.6  17659.5  2108.68  198.533  14772.9
262  176  2025-06-13 22-56-43  1651.2  17664.3  2101.46  198.59  14775.1
263  176  2025-06-13 22-56-43  1652.8  17669.1  2094.23  198.648  14777.4
264  176  2025-06-13 22-56-43  1654.4  17673.9  2086.98  198.705  14779.7
265  176  2025-06-13 22-56-43  1656  17678.6  2079.71  198.763  14782
266  176  2025-06-13 22-56-43  1657.6  17683.3  2072.43  198.82  14784.2
267  176  2025-06-13 22-56-43  1659.2  17688  2065.13  198.878  14786.5
268  176  2025-06-13 22-56-43  1660.8  17692.7  2057.82  198.936  14788.8
269  176  2025-06-13 22-56-43  1662.4  17697.4  2050.49  198.993  14791
270  176  2025-06-13 22-56-43  1664  17702.1  2043.15  199.051  14790.1
271  176  2025-06-13 22-56-43  1665.6  17706.8  2035.82  199.108  14789.1
272  176  2025-06-13 22-56-43  1667.2  17711.5  2028.49  199.166  14788.1
273  176  2025-06-13 22-56-43  1668.8  17716.3  2021.16  199.223  14787
274  176  2025-06-13 22-56-43  1670.4  17721  2013.81  199.281  14789.2
275  176  2025-06-13 22-56-43  1672  17725.7  2006.47  199.338  14788.1
276  176  2025-06-13 22-56-43  1673.6  17730.4  1999.12  199.396  14787
277  176  2025-06-13 22-56-43  1675.2  17735.2  1991.78  199.454  14785.8
278  176  2025-06-13 22-56-43  1676.8  17739.9  1984.43  199.511  14784.6
279  176  2025-06-13 22-56-43  1678.4  17744.7  1977.09  199.569  14783.4
280  176  2025-06-13 22-56-43  1680  17749.5  1969.74  199.626  14785.4
281  176  2025-06-13 22-56-43  1681.6  17754.2  1962.37  199.684  14787.4
282  176  2025-06-13 22-56-43  1683.2  17759  1954.98  199.741  14789.4
283  176  2025-06-13 22-56-43  1684.8  17763.7  1947.58  199.799  14791.4
284  176  2025-06-13 22-56-43  1686.4  17768.4  1940.16  199.856  14793.4
285  176  2025-06-13 22-56-43  1688  17773.1  1932.73  199.914  14795.3
286  176  2025-06-13 22-56-43  1689.6  17777.8  1925.33  200  14788.2
287  176  2025-06-13 22-56-43  1691.2  17782.6  1917.91  200.087  14790.1
288  176  2025-06-13 22-56-43  1692.8  17787.3  1910.47  200.173  14792
289  176  2025-06-13 22-56-43  1694.4  17792.1  1903.06  200.259  14784.9
290  176  2025-06-13 22-56-43  1696  17796.9  1895.64  200.346  14786.7
291  176  2025-06-13 22-56-43  1697.6  17801.7  1888.2  200.432  14788.5
292  176  2025-06-13 22-56-43  1699.2  17806.5  1880.79  200.518  14781.6
293  176  2025-06-13 22-56-43  1700.8  17811.4  1873.36  200.605  14783.4
294  176  2025-06-13 22-56-43  1702.4  17816.2  1865.92  200.691  14785.1
295  176  2025-06-13 22-56-43  1704  17821.1  1858.5  200.777  14778.3
296  176  2025-06-13 22-56-43  1705.6  17825.9  1851.07  200.864  14780
297  176  2025-06-13 22-56-43  1707.2  17830.8  1843.62  200.95  14781.6
298  176  2025-06-13 22-56-43  1708.8  17835.7  1836.2  201.036  14775
299  176  2025-06-13 22-56-43  1710.4  17840.6  1828.77  201.123  14776.6
300  176  2025-06-13 22-56-43  1712  17845.6  1821.36  201.209  14770.1
301  176  2025-06-13 22-56-43  1713.6  17850.6  1813.94  201.295  14771.6
302  176  2025-06-13 22-56-43  1715.2  17855.5  1806.5  201.382  14773
303  176  2025-06-13 22-56-43  1716.8  17860.6  1799.09  201.468  14766.7
304  176  2025-06-13 22-56-43  1718.4  17865.6  1791.67  201.554  14768.1
305  176  2025-06-13 22-56-43  1720  17870.6  1784.23  201.641  14769.5
306  176  2025-06-13 22-56-43  1721.6  17875.6  1776.82  201.727  14763.4
307  176  2025-06-13 22-56-43  1723.2  17880.7  1769.39  201.813  14764.7
308  176  2025-06-13 22-56-43  1724.8  17885.8  1761.99  201.9  14758.6
309  176  2025-06-13 22-56-43  1726.4  17890.9  1754.57  201.986  14759.9
310  176  2025-06-13 22-56-43  1728  17896  1747.14  202.072  14761.1
311  176  2025-06-13 22-56-43  1729.6  17901.1  1739.74  202.159  14755.3
312  176  2025-06-13 22-56-43  1731.2  17906.2  1732.32  202.219  14756.5
313  176  2025-06-13 22-56-43  1732.8  17911.4  1724.9  202.277  14757.6
314  176  2025-06-13 22-56-43  1734.4  17916.6  1717.49  202.364  14751.9
315  176  2025-06-13 22-56-43  1736  17921.7  1710.08  202.419  14753.1
316  176  2025-06-13 22-56-43  1737.6  17927  1702.69  202.505  14747.5
317  176  2025-06-13 22-56-43  1739.2  17932.2  1695.29  202.592  14748.5
318  176  2025-06-13 22-56-43  1740.8  17937.4  1687.88  202.678  14749.6
319  176  2025-06-13 22-56-43  1742.4  17942.7  1680.49  202.764  14744.2
320  176  2025-06-13 22-56-43  1744  17947.9  1673.08  202.851  14745.2
321  176  2025-06-13 22-56-43  1745.6  17953.3  1665.7  202.937  14739.9
322  176  2025-06-13 22-56-43  1747.2  17958.6  1658.31  203.023  14740.8
323  176  2025-06-13 22-56-43  1748.8  17963.9  1650.91  203.11  14741.8
324  176  2025-06-13 22-56-43  1750.4  17969.2  1643.53  203.196  14736.7
325  176  2025-06-13 22-56-43  1752  17974.6  1636.13  203.282  14737.5
326  176  2025-06-13 22-56-43  1753.6  17980  1628.76  203.369  14732.6
327  176  2025-06-13 22-56-43  1755.2  17985.4  1621.38  203.455  14733.4
328  176  2025-06-13 22-56-43  1756.8  17990.8  1613.98  203.541  14734.2
329  176  2025-06-13 22-56-43  1758.4  17996.2  1606.61  203.628  14729.4
330  176  2025-06-13 22-56-43  1760  18001.7  1599.22  203.714  14730.2
331  176  2025-06-13 22-56-43  1761.6  18007.1  1591.82  203.8  14730.9
332  176  2025-06-13 22-56-43  1763.2  18012.5  1584.42  203.887  14731.7
333  176  2025-06-13 22-56-43  1764.8  18018  1577  203.973  14732.4
334  176  2025-06-13 22-56-43  1766.4  18023.4  1569.57  204.059  14733.2
335  176  2025-06-13 22-56-43  1768  18028.8  1562.12  204.146  14733.9
336  176  2025-06-13 22-56-43  1769.6  18034.3  1554.67  204.232  14734.7
337  176  2025-06-13 22-56-43  1771.2  18039.7  1547.2  204.318  14735.4
338  176  2025-06-13 22-56-43  1772.8  18045.1  1539.73  204.405  14736.2
339  176  2025-06-13 22-56-43  1774.4  18050.5  1532.24  204.491  14736.9
340  176  2025-06-13 22-56-43  1776  18056  1524.74  204.577  14737.7
341  176  2025-06-13 22-56-43  1777.6  18061.4  1517.23  204.664  14738.4
342  176  2025-06-13 22-56-43  1779.2  18066.8  1509.71  204.75  14739.2
343  176  2025-06-13 22-56-43  1780.8  18072.3  1502.17  204.836  14739.9
344  176  2025-06-13 22-56-43  1782.4  18077.7  1494.63  204.923  14740.7
345  176  2025-06-13 22-56-43  1784  18083.1  1487.07  205.009  14741.4
346  176  2025-06-13 22-56-43  1785.6  18088.5  1479.5  205.095  14742.2
347  176  2025-06-13 22-56-43  1787.2  18093.9  1471.92  205.182  14742.9
348  176  2025-06-13 22-56-43  1788.8  18099.4  1464.33  205.268  14743.7
349  176  2025-06-13 22-56-43  1790.4  18104.8  1456.73  205.354  14744.4
350  176  2025-06-13 22-56-43  1792  18110.2  1449.11  205.441  14745.2
351  176  2025-06-13 22-56-43  1793.6  18115.6  1441.49  205.527  14745.9
352  176  2025-06-13 22-56-43  1795.2  18121  1433.85  205.613  14746.7
353  176  2025-06-13 22-56-43  1796.8  18126.4  1426.2  205.7  14747.4
354  176  2025-06-13 22-56-43  1798.4  18131.8  1418.54  205.786  14748.2
355  176  2025-06-13 22-56-43  1800  18137.3  1410.87  205.872  14748.9
356  176  2025-06-13 22-56-43  1801.6  18142.7  1403.19  205.959  14749.7
357  176  2025-06-13 22-56-43  1803.2  18148.1  1395.49  206.045  14750.4
358  176  2025-06-13 22-56-43  1804.8  18153.5  267.787  206.131  14751.2
359  176  2025-06-13 22-56-43  1806.4  18158.9  260.07  206.218  14751.9
360  176  2025-06-13 22-56-43  1808  18164.3  252.341  206.304  14752.7
361  176  2025-06-13 22-56-43  1809.6  18169.7  244.601  206.39  14753.4
362  176  2025-06-13 22-56-43  1811.2  18175.1  236.849  206.477  14754.2
363  176  2025-06-13 22-56-43  1812.8  18180.5  229.086  206.563  14754.9
364  176  2025-06-13 22-56-43  1814.4  18185.9  221.311  206.649  14755.7
365  176  2025-06-13 22-56-43  1816  18191.3  213.525  206.736  14756.4
366  176  2025-06-13 22-56-43  1817.6  18196.7  205.727  206.822  14757.2
367  176  2025-06-13 22-56-43  1819.2  18202.1  197.917  206.908  14757.9
368  176  2025-06-13 22-56-43  1820.8  18207.5  190.097  206.995  14758.7
369  176  2025-06-13 22-56-43  1822.4  18212.9  182.264  207.081  14759.4
370  176  2025-06-13 22-56-43  1824  18218.2  174.42  207.167  14760.2
371  176  2025-06-13 22-56-43  1825.6  18223.6  166.565  207.254  14760.9
372  176  2025-06-13 22-56-43  1827.2  18229  158.698  207.34  14761.6
373  176  2025-06-13 22-56-43  1828.8  18234.4  150.819  207.426  14762.4
374  176  2025-06-13 22-56-43  1830.4  18239.8  142.93  207.513  14763.1
375  176  2025-06-13 22-56-43  1832  18245.2  135.028  207.599  14763.9
376  176  2025-06-13 22-56-43  1833.6  18250.5  15.1149  207.686  14764.6
377  176  2025-06-13 22-56-43  1835.2  18255.9  7.19034  207.772  14765.4
378  176  2025-06-13 22-56-43  1836.8  18261.3  -0.745789  207.858  14766.1
379  176  2025-06-13 22-56-43  1838.4  18266.7  -8.69346  207.945  14766.9
380  176  2025-06-13 22-56-43  1840  18272  -128.653  208.031  14767.6
381  176  2025-06-13 22-56-43  1841.6  18277.4  -136.623  208.117  14768.4
382  176  2025-06-13 22-56-43  1843.2  18282.8  -144.606  208.204  14769.1
383  176  2025-06-13 22-56-43  1844.8  18288.2  -152.6  208.29  14769.9
384  176  2025-06-13 22-56-43  1846.4  18293.5  -160.605  208.376  14770.6
385  176  2025-06-13 22-56-43  1848  18298.9  -168.622  208.463  14771.4
386  176  2025-06-13 22-56-43  1849.6  18304.3  -176.651  208.549  14772.1
387  176  2025-06-13 22-56-43  1851.2  18309.6  -184.691  208.635  14772.9
388  176  2025-06-13 22-56-43  1852.8  18315  -192.742  208.722  14773.6
389  176  2025-06-13 22-56-43  1854.4  18320.3  -200.806  208.808  14774.4
390  176  2025-06-13 22-56-43  1856  18325.7  -208.88  208.894  14775.1
391  176  2025-06-13 22-56-43  1857.6  18331  -216.967  208.981  14775.9
392  176  2025-06-13 22-56-43  1859.2  18336.4  -225.065  209.067  14776.6
393  176  2025-06-13 22-56-43  1860.8  18341.7  -233.174  209.153  14777.4
394  176  2025-06-13 22-56-43  1862.4  18347.1  -241.295  209.24  14778.1
395  176  2025-06-13 22-56-43  1864  18352.4  -249.428  209.326  14778.9
396  176  2025-06-13 22-56-43  1865.6  18357.8  -257.572  209.412  14779.6
397  176  2025-06-13 22-56-43  1867.2  18363.1  -265.728  209.499  14780.4
398  176  2025-06-13 22-56-43  1868.8  18368.5  -1393.9  209.585  14781.1
399  176  2025-06-13 22-56-43  1870.4  18373.8  -1402.07  209.671  14781.9
400  176  2025-06-13 22-56-43  1872  18379.1  -1410.27  209.758  14782.6
401  176  2025-06-13 22-56-43  1873.6  18384.5  -1418.47  209.844  14783.4
402  176  2025-06-13 22-56-43  1875.2  18389.8  -1426.68  209.93  14784.1
403  176  2025-06-13 22-56-43  1876.8  18395.1  -1434.91  210.017  14784.9
404  176  2025-06-13 22-56-43  1878.4  18400.5  -1443.14  210.103  14785.6
405  176  2025-06-13 22-56-43  1880  18405.8  -1451.39  210.189  14786.4
406  176  2025-06-13 22-56-43  1881.6  18411.1  -1459.65  210.276  14787.1
407  176  2025-06-13 22-56-43  1883.2  18416.4  -1467.92  210.362  14787.9
408  176  2025-06-13 22-56-43  1884.8  18421.8  -1476.21  210.448  14788.6
409  176  2025-06-13 22-56-43  1886.4  18427.1  -1484.5  210.535  14789.4
410  176  2025-06-13 22-56-43  1888  18432.4  -1492.81  210.621  14790.1
411  176  2025-06-13 22-56-43  1889.6  18437.7  -1501.13  210.707  14790.9
412  176  2025-06-13 22-56-43  1891.2  18443  -1509.46  210.794  14791.6
413  176  2025-06-13 22-56-43  1892.8  18448.3  -1517.8  210.88  14792.4
414  176  2025-06-13 22-56-43  1894.4  18453.6  -1526.15  210.966  14793.1
415  176  2025-06-13 22-56-43  1896  18458.9  -1534.52  211.053  14793.9
416  176  2025-06-13 22-56-43  1897.6  18464.2  -1542.89  211.139  14794.6
417  176  2025-06-13 22-56-43  1899.2  18469.5  -1551.28  211.225  14795.4
418  176  2025-06-13 22-56-43  1900.8  18474.8  -1559.68  211.312  14796.1
419  176  2025-06-13 22-56-43  1902.4  18480.1  -1568.09  211.398  14796.9
420  176  2025-06-13 22-56-43  1904  18485.4  -1576.52  211.484  14797.6
421  176  2025-06-13 22-56-43  1905.6  18490.7  -1584.95  211.571  14798.4
422  176  2025-06-13 22-56-43  1907.2  18496  -1593.4  211.657  14799.1
423  176  2025-06-13 22-56-43  1908.8  18501.3  -1601.85  211.743  14799.8
424  176  2025-06-13 22-56-43  1910.4  18506.6  -1610.32  211.83  14800.6
425  176  2025-06-13 22-56-43  1912  18511.9  -1618.8  211.916  14801.3
426  176  2025-06-13 22-56-43  1913.6  18517.1  -1627.3  212.002  14802.1
427  176  2025-06-13 22-56-43  1915.2  18522.4  -1635.8  212.089  14802.8
428  176  2025-06-13 22-56-43  1916.8  18527.7  -1644.32  212.175  14803.6
429  176  2025-06-13 22-56-43  1918.4  18533  -1652.85  212.261  14804.3
430  176  2025-06-13 22-56-43  1920  18538.2  -1661.38  212.348  14805.1
431  176  2025-06-13 22-56-43  1921.6  18543.5  -1669.94  212.434  14805.8
432  176  2025-06-13 22-56-43  1923.2  18548.8  -1678.5  212.52  14806.6
433  176  2025-06-13 22-56-43  1924.8  18554  -1687.07  212.607  14807.3
434  176  2025-06-13 22-56-43  1926.4  18559.3  -1695.66  212.693  14808.1
435  176  2025-06-13 22-56-43  1928  18564.6  -1704.26  212.779  14808.8
436  176  2025-06-13 22-56-43  1929.6  18569.8  -1712.87  212.866  14809.6
437  176  2025-06-13 22-56-43  1931.2  18575.2  -1721.37  212.779  14793.6
438  176  2025-06-13 22-56-43  1932.8  18580.8  -1729.78  212.693  14777.6
439  176  2025-06-13 22-56-43  1934.4  18586.4  -1738.08  212.607  14761.6
440  176  2025-06-13 22-56-43  1936  18592.3  -1746.28  212.52  14745.6
441  176  2025-06-13 22-56-43  1937.6  18598.2  -1754.36  212.434  14729.6
442  176  2025-06-13 22-56-43  1939.2  18604.3  -1762.33  212.348  14713.6
443  176  2025-06-13 22-56-43  1940.8  18610.5  -1770.19  212.261  14697.8
444  176  2025-06-13 22-56-43  1942.4  18616.9  -1777.93  212.175  14682.1
445  176  2025-06-13 22-56-43  1944  18623.4  -1785.56  212.089  14666.6
446  176  2025-06-13 22-56-43  1945.6  18630  -1793.08  212.002  14651.2
447  176  2025-06-13 22-56-43  1947.2  18636.7  -1800.47  211.916  14635.9
448  176  2025-06-13 22-56-43  1948.8  18643.5  -1807.75  211.83  14620.8
449  176  2025-06-13 22-56-43  1950.4  18650.5  -1814.91  211.743  14605.9
450  176  2025-06-13 22-56-43  1952  18657.5  -1821.95  211.657  14591.1
451  176  2025-06-13 22-56-43  1953.6  18664.7  -1828.87  211.571  14576.5
452  176  2025-06-13 22-56-43  1955.2  18671.9  -1835.67  211.484  14562
453  176  2025-06-13 22-56-43  1956.8  18679.3  -1842.35  211.398  14547.6
454  176  2025-06-13 22-56-43  1958.4  18686.8  -1848.91  211.312  14533.4
455  176  2025-06-13 22-56-43  1960  18694.3  -1855.35  211.225  14519.4
456  176  2025-06-13 22-56-43  1961.6  18702  -1861.67  211.139  14505.5
457  176  2025-06-13 22-56-43  1963.2  18709.7  -1867.86  211.053  14491.8
458  176  2025-06-13 22-56-43  1964.8  18717.5  -1873.94  210.966  14478.2
459  176  2025-06-13 22-56-43  1966.4  18725.3  -1880  211.053  14475.8
460  176  2025-06-13 22-56-43  1968  18733.2  -1886.05  211.139  14473.4
461  176  2025-06-13 22-56-43  1969.6  18741.1  -1892.08  211.225  14471.1
462  176  2025-06-13 22-56-43  1971.2  18749  -1898.1  211.312  14468.7
463  176  2025-06-13 22-56-43  1972.8  18756.9  -1904.1  211.398  14466.3
464  176  2025-06-13 22-56-43  1974.4  18764.8  -1910.09  211.484  14464
465  176  2025-06-13 22-56-43  1976  18772.8  -1916.06  211.571  14461.6
466  176  2025-06-13 22-56-43  1977.6  18780.8  -1922.02  211.657  14459.2
467  176  2025-06-13 22-56-43  1979.2  18788.8  -1927.96  211.743  14456.9
468  176  2025-06-13 22-56-43  1980.8  18796.8  -1933.88  211.83  14454.5
469  176  2025-06-13 22-56-43  1982.4  18804.9  -1939.79  211.916  14452.1
470  176  2025-06-13 22-56-43  1984  18813  -1945.69  212.002  14449.8
471  176  2025-06-13 22-56-43  1985.6  18821.1  -1951.57  212.089  14447.4
472  176  2025-06-13 22-56-43  1987.2  18829.2  -1957.43  212.175  14445
473  176  2025-06-13 22-56-43  1988.8  18837.3  -1963.27  212.261  14442.7
474  176  2025-06-13 22-56-43  1990.4  18845.5  -1969.1  212.348  14440.3
475  176  2025-06-13 22-56-43  1992  18853.7  -1974.92  212.434  14437.9
476  176  2025-06-13 22-56-43  1993.6  18861.9  -1980.71  212.52  14435.6
477  176  2025-06-13 22-56-43  1995.2  18870.1  -1986.5  212.607  14433.2
478  176  2025-06-13 22-56-43  1996.8  18878.4  -1992.26  212.693  14430.8
479  176  2025-06-13 22-56-43  1998.4  18886.7  -1998.01  212.779  14428.5
480  176  2025-06-13 22-56-43  2000  18895  -2003.74  212.866  14426.1
481  176  2025-06-13 22-56-43  2001.6  18903.3  -2009.46  212.952  14423.7
482  176  2025-06-13 22-56-43  2003.2  18911.6  -2015.16  213.038  14421.4
483  176  2025-06-13 22-56-43  2004.8  18920  -2020.84  213.125  14419
484  176  2025-06-13 22-56-43  2006.4  18928.4  -2026.5  213.211  14416.6
485  176  2025-06-13 22-56-43  2008  18936.8  -2032.15  213.297  14414.3
486  176  2025-06-13 22-56-43  2009.6  18945.2  -2037.79  213.384  14411.9
487  176  2025-06-13 22-56-43  2011.2  18953.7  -2043.4  213.47  14409.5
488  176  2025-06-13 22-56-43  2012.8  18962.1  -2049  213.556  14407.2
489  176  2025-06-13 22-56-43  2014.4  18970.6  -2054.58  213.643  14404.8
490  176  2025-06-13 22-56-43  2016  18979.2  -2060.14  213.729  14402.4
491  176  2025-06-13 22-56-43  2017.6  18987.7  -2065.69  213.815  14400.1
492  176  2025-06-13 22-56-43  2019.2  18996.3  -2071.22  213.902  14397.7
493  176  2025-06-13 22-56-43  2020.8  19004.8  -2076.73  213.988  14395.4
494  176  2025-06-13 22-56-43  2022.4  19013.4  -2082.22  214.074  14393
495  176  2025-06-13 22-56-43  2024  19022.1  -2087.7  214.161  14390.6
496  176  2025-06-13 22-56-43  2025.6  19030.7  -2093.16  214.247  14388.3
497  176  2025-06-13 22-56-43  2027.2  19039.4  -2098.6  214.333  14385.9
498  176  2025-06-13 22-56-43  2028.8  19048.1  -2104.02  214.42  14383.5
499  176  2025-06-13 22-56-43  2030.4  19056.8  -2109.42  214.506  14381.2
500  176  2025-06-13 22-56-43  2032  19065.5  -2114.81  214.592  14378.8
501  176  2025-06-13 22-56-43  2033.6  19074.3  -2120.18  214.679  14376.4
502  176  2025-06-13 22-56-43  2035.2  19083  -2125.53  214.765  14374.1
503  176  2025-06-13 22-56-43  2036.8  19091.8  -2130.86  214.851  14371.7
504  176  2025-06-13 22-56-43  2038.4  19100.6  -2136.18  214.938  14369.3
505  176  2025-06-13 22-56-43  2040  19109.5  -2141.47  215.024  14367
506  176  2025-06-13 22-56-43  2041.6  19118.3  -2146.75  215.11  14364.6
507  176  2025-06-13 22-56-43  2043.2  19127.2  -2152.01  215.197  14362.2
508  176  2025-06-13 22-56-43  2044.8  19136.1  -2157.25  215.283  14359.9
509  176  2025-06-13 22-56-43  2046.4  19145  -2162.46  215.197  14357.5
510  176  2025-06-13 22-56-43  2048  19153.9  -2167.65  215.11  14355.1
511  176  2025-06-13 22-56-43  2049.6  19162.9  -2172.81  215.024  14352.8
512  176  2025-06-13 22-56-43  2051.2  19171.8  -2177.94  214.938  14350.4
513  176  2025-06-13 22-56-43  2052.8  19180.7  -2183.04  214.851  14348
514  176  2025-06-13 22-56-43  2054.4  19189.6  -2188.12  214.765  14345.7
515  176  2025-06-13 22-56-43  2056  19198.6  -2193.17  214.679  14343.3
516  176  2025-06-13 22-56-43  2057.6  19207.5  -2198.19  214.592  14340.9
517  176  2025-06-13 22-56-43  2059.2  19216.5  -2203.19  214.506  14338.6
518  176  2025-06-13 22-56-43  2060.8  19225.4  -2208.15  214.42  14336.2
519  176  2025-06-13 22-56-43  2062.4  19234.4  -2213.09  214.333  14333.8
520  176  2025-06-13 22-56-43  2064  19243.4  -2218.01  214.247  14331.5
521  176  2025-06-13 22-56-43  2065.6  19252.3  -2222.89  214.161  14329.1
522  176  2025-06-13 22-56-43  2067.2  19261.3  -2227.75  214.074  14326.7
523  176  2025-06-13 22-56-43  2068.8  19270.3  -2232.58  213.988  14324.4
524  176  2025-06-13 22-56-43  2070.4  19279.3  -2237.39  213.902  14322
525  176  2025-06-13 22-56-43  2072  19288.3  -2242.16  213.815  14319.6
526  176  2025-06-13 22-56-43  2073.6  19297.3  -2246.91  213.729  14317.3
527  176  2025-06-13 22-56-43  2075.2  19306.3  -2251.63  213.643  14314.9
528  176  2025-06-13 22-56-43  2076.8  19315.3  -2256.33  213.556  14312.5
529  176  2025-06-13 22-56-43  2078.4  19324.3  -2260.99  213.47  14310.2
530  176  2025-06-13 22-56-43  2080  19333.3  -2265.63  213.384  14307.8
531  176  2025-06-13 22-56-43  2081.6  19342.3  -2270.25  213.297  14305.4
532  176  2025-06-13 22-56-43  2083.2  19351.3  -2274.83  213.211  14303.1
533  176  2025-06-13 22-56-43  2084.8  19360.4  -2279.39  213.125  14300.7
534  176  2025-06-13 22-56-43  2086.4  19369.4  -2283.92  213.038  14298.3
535  176  2025-06-13 22-56-43  2088  19378.4  -2288.43  212.952  14296
536  176  2025-06-13 22-56-43  2089.6  19387.5  -2292.9  212.866  14293.6
537  176  2025-06-13 22-56-43  2091.2  19396.5  -2297.35  212.779  14291.2
538  176  2025-06-13 22-56-43  2092.8  19405.6  -2301.78  212.693  14288.9
539  176  2025-06-13 22-56-43  2094.4  19414.6  -2306.17  212.607  14286.5
540  176  2025-06-13 22-56-43  2096  19423.7  -2310.54  212.52  14284.1
541  176  2025-06-13 22-56-43  2097.6  19432.7  -2314.88  212.434  14281.8
542  176  2025-06-13 22-56-43  2099.2  19441.8  -2319.2  212.348  14279.4
543  176  2025-06-13 22-56-43  2100.8  19450.8  -2323.48  212.261  14277
544  176  2025-06-13 22-56-43  2102.4  19459.9  -2327.74  212.175  14274.7
545  176  2025-06-13 22-56-43  2104  19469  -2331.98  212.089  14272.3
546  176  2025-06-13 22-56-43  2105.6  19478.1  -2336.18  212.002  14269.9
547  176  2025-06-13 22-56-43  2107.2  19487.1  -2340.36  211.916  14267.6
548  176  2025-06-13 22-56-43  2108.8  19496.2  -2344.51  211.83  14265.2
549  176  2025-06-13 22-56-43  2110.4  19505.3  -2348.64  211.743  14262.8
550  176  2025-06-13 22-56-43  2112  19514.4  -2352.74  211.657  14260.5
551  176  2025-06-13 22-56-43  2113.6  19523.5  -2356.81  211.571  14258.1
552  176  2025-06-13 22-56-43  2115.2  19532.6  -2360.85  211.484  14255.7
553  176  2025-06-13 22-56-43  2116.8  19541.6  -2364.87  211.398  14253.4
554  176  2025-06-13 22-56-43  2118.4  19550.7  -2368.86  211.312  14251
555  176  2025-06-13 22-56-43  2120  19559.8  -2372.82  211.225  14248.6
556  176  2025-06-13 22-56-43  2121.6  19568.9  -2376.76  211.139  14246.3
557  176  2025-06-13 22-56-43  2123.2  19578  -2380.67  211.053  14243.9
558  176  2025-06-13 22-56-43  2124.8  19587.1  -2384.55  210.966  14241.5
559  176  2025-06-13 22-56-43  2126.4  19596.2  -2388.4  210.88  14239.2
560  176  2025-06-13 22-56-43  2128  19605.4  -2392.23  210.794  14236.8
561  176  2025-06-13 22-56-43  2129.6  19614.5  -2396.03  210.707  14234.4
562  176  2025-06-13 22-56-43  2131.2  19623.6  -2399.81  210.621  14232.1
563  176  2025-06-13 22-56-43  2132.8  19632.7  -2403.56  210.535  14229.7
564  176  2025-06-13 22-56-43  2134.4  19641.8  -2407.28  210.448  14227.4
565  176  2025-06-13 22-56-43  2136  19650.9  -2410.97  210.362  14225
566  176  2025-06-13 22-56-43  2137.6  19660  -2414.64  210.276  14222.6
567  176  2025-06-13 22-56-43  2139.2  19669.2  -2418.28  210.189  14220.3
568  176  2025-06-13 22-56-43  2140.8  19678.3  -2421.89  210.103  14217.9
569  176  2025-06-13 22-56-43  2142.4  19687.4  -2425.48  210.017  14215.5
570  176  2025-06-13 22-56-43  2144  19696.5  -2429.04  209.93  14213.2
571  176  2025-06-13 22-56-43  2145.6  19705.6  -2432.58  209.844  14210.8
572  176  2025-06-13 22-56-43  2147.2  19714.8  -2436.08  209.758  14208.4
573  176  2025-06-13 22-56-43  2148.8  19723.9  -2439.57  209.671  14206.1
574  176  2025-06-13 22-56-43  2150.4  19733  -2443.02  209.585  14203.7
575  176  2025-06-13 22-56-43  2152  19742.1  -2446.45  209.499  14201.3
576  176  2025-06-13 22-56-43  2153.6  19751.3  -2449.85  209.412  14199
577  176  2025-06-13 22-56-43  2155.2  19760.4  -2453.22  209.326  14196.6
578  176  2025-06-13 22-56-43  2156.8  19769.5  -2456.57  209.24  14194.2
579  176  2025-06-13 22-56-43  2158.4  19778.7  -2459.89  209.153  14191.9
580  176  2025-06-13 22-56-43  2160  19787.8  -2463.19  209.067  14189.5
581  176  2025-06-13 22-56-43  2161.6  19796.9  -2466.46  208.981  14187.1
582  176  2025-06-13 22-56-43  2163.2  19806.1  -2469.7  208.894  14184.8
583  176  2025-06-13 22-56-43  2164.8  19815.2  -2472.91  208.808  14182.4
584  176  2025-06-13 22-56-43  2166.4  19824.3  -2476.1  208.722  14180
585  176  2025-06-13 22-56-43  2168  19833.4  -2479.27  208.635  14177.7
586  176  2025-06-13 22-56-43  2169.6  19842.6  -2482.4  208.549  14175.3
587  176  2025-06-13 22-56-43  2171.2  19851.7  -2485.51  208.463  14172.9
588  176  2025-06-13 22-56-43  2172.8  19860.8  -2488.59  208.376  14170.6
589  176  2025-06-13 22-56-43  2174.4  19870  -2491.65  208.29  14168.2
590  176  2025-06-13 22-56-43  2176  19879.1  -2494.68  208.204  14165.8
591  176  2025-06-13 22-56-43  2177.6  19888.2  -2497.69  208.117  14163.5
592  176  2025-06-13 22-56-43  2179.2  19897.4  -2500.67  208.031  14161.1
593  176  2025-06-13 22-56-43  2180.8  19906.5  -2503.62  207.945  14158.7
594  176  2025-06-13 22-56-43  2182.4  19915.6  -2506.54  207.858  14156.4
595  176  2025-06-13 22-56-43  2184  19924.7  -2509.44  207.772  14154
596  176  2025-06-13 22-56-43  2185.6  19933.9  -2512.32  207.686  14151.6
597  176  2025-06-13 22-56-43  2187.2  19943  -2515.17  207.599  14149.3
598  176  2025-06-13 22-56-43  2188.8  19952.1  -2517.99  207.513  14146.9
599  176  2025-06-13 22-56-43  2190.4  19961.2  -2520.78  207.426  14144.5
600  176  2025-06-13 22-56-43  2192  19970.4  -2523.55  207.34  14142.2
601  176  2025-06-13 22-56-43  2193.6  19979.5  -2526.29  207.254  14139.8
602  176  2025-06-13 22-56-43  2195.2  19988.6  -2529.01  207.167  14137.4
603  176  2025-06-13 22-56-43  2196.8  19997.7  -2531.7  207.081  14135.1
604  176  2025-06-13 22-56-43  2198.4  20006.9  -2534.37  206.995  14132.7
605  176  2025-06-13 22-56-43  2200  20016  -2537.01  206.908  14130.3
606  176  2025-06-13 22-56-43  2201.6  20025.1  -2539.62  206.822  14128
607  176  2025-06-13 22-56-43  2203.2  20034.2  -2542.21  206.736  14125.6
608  176  2025-06-13 22-56-43  2204.8  20043.3  -2544.77  206.649  14123.2
609  176  2025-06-13 22-56-43  2206.4  20052.4  -2547.31  206.563  14120.9
610  176  2025-06-13 22-56-43  2208  20061.5  -2549.82  206.477  14118.5
611  176  2025-06-13 22-56-43  2209.6  20070.6  -2552.3  206.39  14116.1
612  176  2025-06-13 22-56-43  2211.2  20079.7  -2554.76  206.304  14113.8
613  176  2025-06-13 22-56-43  2212.8  20088.8  -2557.19  206.218  14111.4
614  176  2025-06-13 22-56-43  2214.4  20097.9  -2559.6  206.131  14109
615  176  2025-06-13 22-56-43  2216  20107  -2561.98  206.045  14106.7
616  176  2025-06-13 22-56-43  2217.6  20116.2  -2564.29  206.06  14099.3
617  176  2025-06-13 22-56-43  2219.2  20125.3  -2566.52  206.076  14092
618  176  2025-06-13 22-56-43  2220.8  20134.5  -2568.69  206.092  14084.9
619  176  2025-06-13 22-56-43  2222.4  20143.6  -2570.78  206.108  14077.8
620  176  2025-06-13 22-56-43  2224  20152.8  -2572.81  206.125  14070.8
621  176  2025-06-13 22-56-43  2225.6  20162  -2574.77  206.142  14063.9
622  176  2025-06-13 22-56-43  2227.2  20171.3  -2576.65  206.159  14057.1
623  176  2025-06-13 22-56-43  2228.8  20180.5  -2578.48  206.177  14050.4
624  176  2025-06-13 22-56-43  2230.4  20189.7  -2580.23  206.195  14043.8
625  176  2025-06-13 22-56-43  2232  20199  -2581.92  206.214  14037.3
626  176  2025-06-13 22-56-43  2233.6  20208.3  -2583.55  206.232  2830.87
627  176  2025-06-13 22-56-43  2235.2  20217.6  -2585.11  206.251  2824.53
628  176  2025-06-13 22-56-43  2236.8  20226.9  -2586.6  206.271  2818.28
629  176  2025-06-13 22-56-43  2238.4  20236.2  -2588.04  206.29  2812.12
630  176  2025-06-13 22-56-43  2240  20245.5  -2589.41  206.31  2806.05
631  176  2025-06-13 22-56-43  2241.6  20254.9  -2590.73  206.33  2800.07
632  176  2025-06-13 22-56-43  2243.2  20264.2  -2591.98  206.351  2794.18
633  176  2025-06-13 22-56-43  2244.8  20273.6  -2593.18  206.371  2788.38
634  176  2025-06-13 22-56-43  2246.4  20283  -2594.31  206.392  2782.67
635  176  2025-06-13 22-56-43  2248  20292.4  -2595.39  206.413  2777.04
636  176  2025-06-13 22-56-43  2249.6  20301.7  -2596.42  206.435  2771.5
637  176  2025-06-13 22-56-43  2251.2  20311.1  -2597.38  206.456  2766.04
638  176  2025-06-13 22-56-43  2252.8  20320.5  -2598.3  206.478  2760.67
639  176  2025-06-13 22-56-43  2254.4  20330  -2599.15  206.5  2755.38
640  176  2025-06-13 22-56-43  2256  20339.4  -2599.96  206.522  2750.2
641  176  2025-06-13 22-56-43  2257.6  20348.8  -2600.71  206.545  2745.11
642  176  2025-06-13 22-56-43  2259.2  20358.2  -2601.41  206.568  2740.13
643  176  2025-06-13 22-56-43  2260.8  20367.7  -2602.07  206.59  2735.24
644  176  2025-06-13 22-56-43  2262.4  20377.1  -2602.67  206.614  2730.45
645  176  2025-06-13 22-56-43  2264  20386.5  -2603.22  206.637  2725.75
646  176  2025-06-13 22-56-43  2265.6  20396  -2603.73  206.66  2721.15
647  176  2025-06-13 22-56-43  2267.2  20405.5  -2604.19  206.684  2716.64
648  176  2025-06-13 22-56-43  2268.8  20414.9  -2604.61  206.708  2712.22
649  176  2025-06-13 22-56-43  2270.4  20424.4  -2604.98  206.732  2707.89
650  176  2025-06-13 22-56-43  2272  20433.9  -2605.3  206.756  2703.64
651  176  2025-06-13 22-56-43  2273.6  20443.3  -2605.59  206.78  2699.47
652  176  2025-06-13 22-56-43  2275.2  20452.8  -2605.83  206.805  2695.39
653  176  2025-06-13 22-56-43  2276.8  20462.3  -2606.03  206.829  2691.39
654  176  2025-06-13 22-56-43  2278.4  20471.8  -2606.19  206.854  2687.47
655  176  2025-06-13 22-56-43  2280  20481.3  -2606.31  206.879  2683.63
656  176  2025-06-13 22-56-43  2281.6  20490.7  -2606.39  206.904  2679.87
657  176  2025-06-13 22-56-43  2283.2  20500.2  -2606.44  206.929  2676.18
658  176  2025-06-13 22-56-43  2284.8  20509.7  -2606.44  206.955  2672.56
659  176  2025-06-13 22-56-43  2286.4  20519.2  -2606.41  206.98  2669.02
660  176  2025-06-13 22-56-43  2288  20528.7  -2606.34  207.006  2665.55
661  176  2025-06-13 22-56-43  2289.6  20538.2  -2606.24  207.032  2662.15
662  176  2025-06-13 22-56-43  2291.2  20547.7  -2606.11  207.058  2658.81
663  176  2025-06-13 22-56-43  2292.8  20557.3  -2605.94  207.084  2655.54
664  176  2025-06-13 22-56-43  2294.4  20566.8  -2605.73  207.11  2652.34
665  176  2025-06-13 22-56-43  2296  20576.3  -2605.49  207.136  2649.21
666  176  2025-06-13 22-56-43  2297.6  20585.8  -2605.23  207.163  2646.14
667  176  2025-06-13 22-56-43  2299.2  20595.3  -2604.93  207.189  2643.13
668  176  2025-06-13 22-56-43  2300.8  20604.8  -2604.6  207.216  2640.18
669  176  2025-06-13 22-56-43  2302.4  20614.3  -2604.24  207.243  2637.3
670  176  2025-06-13 22-56-43  2304  20623.8  -2603.85  207.269  2634.48
671  176  2025-06-13 22-56-43  2305.6  20633.4  -2603.43  207.296  2631.72
672  176  2025-06-13 22-56-43  2307.2  20642.9  -2602.98  207.323  2629.03
673  176  2025-06-13 22-56-43  2308.8  20652.4  -2602.51  207.351  2626.39
674  176  2025-06-13 22-56-43  2310.4  20661.9  -2602.01  207.378  2623.81
675  176  2025-06-13 22-56-43  2312  20671.5  -2601.48  207.405  2621.3
676  176  2025-06-13 22-56-43  2313.6  20681  -2600.92  207.433  2618.84
677  176  2025-06-13 22-56-43  2315.2  20690.5  -2600.35  207.46  2616.43
678  176  2025-06-13 22-56-43  2316.8  20700.1  -2599.74  207.488  2614.09
679  176  2025-06-13 22-56-43  2318.4  20709.6  -2599.12  207.516  2611.8
680  176  2025-06-13 22-56-43  2320  20719.1  -2598.47  207.543  2609.57
681  176  2025-06-13 22-56-43  2321.6  20728.6  -2597.79  207.571  2607.39
682  176  2025-06-13 22-56-43  2323.2  20738.2  -2597.1  207.599  2605.27
683  176  2025-06-13 22-56-43  2324.8  20747.7  -2596.38  207.627  2603.2
684  176  2025-06-13 22-56-43  2326.4  20757.3  -2595.64  207.655  2601.19
685  176  2025-06-13 22-56-43  2328  20766.8  -2594.88  207.684  2599.22
686  176  2025-06-13 22-56-43  2329.6  20776.3  -2594.11  207.712  2597.31
687  176  2025-06-13 22-56-43  2331.2  20785.9  -2593.31  207.74  2595.46
688  176  2025-06-13 22-56-43  2332.8  20795.4  -2592.49  207.769  2593.65
689  176  2025-06-13 22-56-43  2334.4  20805  -2591.65  207.797  2591.89
690  176  2025-06-13 22-56-43  2336  20814.5  -2590.8  207.826  2590.19
691  176  2025-06-13 22-56-43  2337.6  20824  -2589.93  207.855  2588.53
692  176  2025-06-13 22-56-43  2339.2  20833.6  -2589.04  207.883  2586.92
693  176  2025-06-13 22-56-43  2340.8  20843.1  -2588.13  207.912  2585.36
694  176  2025-06-13 22-56-43  2342.4  20852.7  -2587.21  207.941  2583.85
695  176  2025-06-13 22-56-43  2344  20862.2  -2586.28  207.97  2582.38
696  176  2025-06-13 22-56-43  2345.6  20871.8  -2585.32  207.999  2580.96
697  176  2025-06-13 22-56-43  2347.2  20881.4  -2584.36  208.028  2579.58
698  176  2025-06-13 22-56-43  2348.8  20890.9  -2583.38  208.057  2578.25
699  176  2025-06-13 22-56-43  2350.4  20900.5  -2582.38  208.086  2576.97
700  176  2025-06-13 22-56-43  2352  20910  -2581.38  208.115  2575.73
701  176  2025-06-13 22-56-43  2353.6  20919.6  -2580.36  208.145  2574.53
702  176  2025-06-13 22-56-43  2355.2  20929.1  -2579.3  208.202  2571.69
703  176  2025-06-13 22-56-43  2356.8  20938.7  -2578.22  208.26  2568.84
704  176  2025-06-13 22-56-43  2358.4  20948.3  -2577.11  208.317  2566
705  176  2025-06-13 22-56-43  2360  20957.8  -2575.97  208.375  2563.16
706  176  2025-06-13 22-56-43  2361.6  20967.4  -2574.8  208.432  2560.31
707  176  2025-06-13 22-56-43  2363.2  20977  -2573.6  208.49  2557.47
708  176  2025-06-13 22-56-43  2364.8  20986.6  -2572.36  208.548  2554.63
709  176  2025-06-13 22-56-43  2366.4  20996.1  -2571.1  208.605  2551.78
710  176  2025-06-13 22-56-43  2368  21005.7  -2569.81  208.663  2548.94
711  176  2025-06-13 22-56-43  2369.6  21015.3  -2568.48  208.72  2546.1
712  176  2025-06-13 22-56-43  2371.2  21024.9  -2567.13  208.778  2543.25
713  176  2025-06-13 22-56-43  2372.8  21034.5  -2565.74  208.835  2540.41
714  176  2025-06-13 22-56-43  2374.4  21044.1  -2564.33  208.893  2537.57
715  176  2025-06-13 22-56-43  2376  21053.6  -2562.88  208.95  2534.72
716  176  2025-06-13 22-56-43  2377.6  21063.2  -2561.4  209.008  2531.88
717  176  2025-06-13 22-56-43  2379.2  21072.8  -2559.9  209.066  2529.04
718  176  2025-06-13 22-56-43  2380.8  21082.4  -2558.36  209.123  2526.19
719  176  2025-06-13 22-56-43  2382.4  21092  -2556.79  209.181  2523.35
720  176  2025-06-13 22-56-43  2384  21101.6  -2555.19  209.238  2520.51
721  176  2025-06-13 22-56-43  2385.6  21111.2  -2553.56  209.296  2517.66
722  176  2025-06-13 22-56-43  2387.2  21120.8  -2551.9  209.353  2514.82
723  176  2025-06-13 22-56-43  2388.8  21130.4  -2550.21  209.411  2511.97
724  176  2025-06-13 22-56-43  2390.4  21140  -2548.48  209.468  2509.13
725  176  2025-06-13 22-56-43  2392  21149.6  -2546.73  209.526  2506.29
726  176  2025-06-13 22-56-43  2393.6  21159.2  -2544.95  209.584  2503.44
727  176  2025-06-13 22-56-43  2395.2  21168.7  -2543.13  209.641  2500.6
728  176  2025-06-13 22-56-43  2396.8  21178.3  -2541.29  209.699  2497.76
729  176  2025-06-13 22-56-43  2398.4  21187.9  -2539.41  209.756  2494.91
730  176  2025-06-13 22-56-43  2400  21197.5  -2537.5  209.814  2492.07
731  176  2025-06-13 22-56-43  2401.6  21207.1  -2535.56  209.871  2489.23
732  176  2025-06-13 22-56-43  2403.2  21216.7  -2533.59  209.929  2486.38
733  176  2025-06-13 22-56-43  2404.8  21226.3  -2531.59  209.986  2483.54
734  176  2025-06-13 22-56-43  2406.4  21235.9  -2529.56  210.044  2480.7
735  176  2025-06-13 22-56-43  2408  21245.5  -2527.5  210.102  2477.85
736  176  2025-06-13 22-56-43  2409.6  21255.1  -2525.41  210.159  2475.01
737  176  2025-06-13 22-56-43  2411.2  21264.7  -2523.28  210.217  2472.17
738  176  2025-06-13 22-56-43  2412.8  21274.3  -2521.13  210.274  2469.32
739  176  2025-06-13 22-56-43  2414.4  21283.8  -2518.94  210.332  2466.48
740  176  2025-06-13 22-56-43  2416  21293.4  -2516.72  210.389  2463.64
741  176  2025-06-13 22-56-43  2417.6  21303  -2514.48  210.447  2460.79
742  176  2025-06-13 22-56-43  2419.2  21312.6  -2512.2  210.505  2457.95
743  176  2025-06-13 22-56-43  2420.8  21322.2  -2509.89  210.562  2455.11
744  176  2025-06-13 22-56-43  2422.4  21331.8  -2507.55  210.62  2452.26
745  176  2025-06-13 22-56-43  2424  21341.3  -2505.17  210.677  2449.42
746  176  2025-06-13 22-56-43  2425.6  21350.9  -2502.77  210.735  2446.58
747  176  2025-06-13 22-56-43  2427.2  21360.5  -2500.34  210.792  2443.73
748  176  2025-06-13 22-56-43  2428.8  21370.1  -2497.87  210.85  2440.89
749  176  2025-06-13 22-56-43  2430.4  21379.6  -2495.37  210.907  2438.05
750  176  2025-06-13 22-56-43  2432  21389.2  -2492.85  210.965  2435.2
751  176  2025-06-13 22-56-43  2433.6  21398.8  -2490.29  211.023  2432.36
752  176  2025-06-13 22-56-43  2435.2  21408.3  -2487.7  211.08  2429.52
753  176  2025-06-13 22-56-43  2436.8  21417.9  -2485.07  211.138  2426.67
754  176  2025-06-13 22-56-43  2438.4  21427.4  -2482.42  211.195  2423.83
755  176  2025-06-13 22-56-43  2440  21437  -2479.74  211.253  2420.99
756  176  2025-06-13 22-56-43  2441.6  21446.6  -2477.02  211.31  2418.14
757  176  2025-06-13 22-56-43  2443.2  21456.1  -2474.28  211.368  2415.3
758  176  2025-06-13 22-56-43  2444.8  21465.7  -2471.5  211.425  2412.46
759  176  2025-06-13 22-56-43  2446.4  21475.2  -2468.69  211.483  2409.61
760  176  2025-06-13 22-56-43  2448  21484.7  -2465.85  211.397  2406.77
761  176  2025-06-13 22-56-43  2449.6  21494.2  -2462.99  211.31  2403.93
762  176  2025-06-13 22-56-43  2451.2  21503.7  -2460.1  211.224  2401.08
763  176  2025-06-13 22-56-43  2452.8  21513.2  -2457.19  211.138  2398.24
764  176  2025-06-13 22-56-43  2454.4  21522.7  -2454.24  211.051  2395.4
765  176  2025-06-13 22-56-43  2456  21532.1  -2451.27  210.965  2392.55
766  176  2025-06-13 22-56-43  2457.6  21541.5  -2448.27  210.879  2389.71
767  176  2025-06-13 22-56-43  2459.2  21550.9  -2445.25  210.792  2386.87
768  176  2025-06-13 22-56-43  2460.8  21560.3  -2442.2  210.706  2384.02
769  176  2025-06-13 22-56-43  2462.4  21569.7  -2439.12  210.62  2381.18
770  176  2025-06-13 22-56-43  2464  21579  -2436.02  210.533  2378.34
771  176  2025-06-13 22-56-43  2465.6  21588.4  -2432.89  210.447  2375.49
772  176  2025-06-13 22-56-43  2467.2  21597.7  -2429.74  210.361  2372.65
773  176  2025-06-13 22-56-43  2468.8  21607  -2426.53  210.447  2367.87
774  176  2025-06-13 22-56-43  2470.4  21616.3  -2423.27  210.533  2363.06
775  176  2025-06-13 22-56-43  2472  21625.6  -2419.96  210.62  2358.21
776  176  2025-06-13 22-56-43  2473.6  21634.9  -2416.6  210.706  2353.32
777  176  2025-06-13 22-56-43  2475.2  21644.1  -2413.19  210.792  2348.4
778  176  2025-06-13 22-56-43  2476.8  21653.4  -2409.72  210.879  2343.44
779  176  2025-06-13 22-56-43  2478.4  21662.6  -2406.2  210.965  2338.44
780  176  2025-06-13 22-56-43  2480  21671.9  -2402.62  211.051  2333.41
781  176  2025-06-13 22-56-43  2481.6  21681.1  -2398.99  211.138  2328.35
782  176  2025-06-13 22-56-43  2483.2  21690.3  -2395.31  211.224  2323.25
783  176  2025-06-13 22-56-43  2484.8  21699.5  -2391.57  211.31  2318.12
784  176  2025-06-13 22-56-43  2486.4  21708.7  -2387.77  211.397  2312.96
785  176  2025-06-13 22-56-43  2488  21717.9  -2383.92  211.483  2307.76
786  176  2025-06-13 22-56-43  2489.6  21727  -2380.02  211.569  2302.54
787  176  2025-06-13 22-56-43  2491.2  21736.2  -2376.06  211.656  2297.28
788  176  2025-06-13 22-56-43  2492.8  21745.3  -2372.04  211.742  2291.99
789  176  2025-06-13 22-56-43  2494.4  21754.4  -2367.97  211.828  2286.67
790  176  2025-06-13 22-56-43  2496  21763.5  -2363.84  211.915  2281.34
791  176  2025-06-13 22-56-43  2497.6  21772.6  -2359.65  212.001  2275.99
792  176  2025-06-13 22-56-43  2499.2  21781.7  -2355.41  212.087  2270.64
793  176  2025-06-13 22-56-43  2500.8  21790.7  -2351.11  212.174  2265.29
794  176  2025-06-13 22-56-43  2502.4  21799.7  -2346.75  212.26  2259.92
795  176  2025-06-13 22-56-43  2504  21808.8  -2342.34  212.346  2254.56
796  176  2025-06-13 22-56-43  2505.6  21817.8  -2337.87  212.433  2249.18
797  176  2025-06-13 22-56-43  2507.2  21826.7  -2333.34  212.519  2243.81
798  176  2025-06-13 22-56-43  2508.8  21835.7  -2328.76  212.605  2238.43
799  176  2025-06-13 22-56-43  2510.4  21844.6  -2324.12  212.692  2233.04
800  176  2025-06-13 22-56-43  2512  21853.5  -2319.42  212.778  2227.66
801  176  2025-06-13 22-56-43  2513.6  21862.4  -2314.67  212.864  2222.27
802  176  2025-06-13 22-56-43  2515.2  21871.3  -2309.86  212.951  2216.88
803  176  2025-06-13 22-56-43  2516.8  21880.2  -2305  213.037  2211.49
804  176  2025-06-13 22-56-43  2518.4  21889  -2300.08  213.123  2206.1
805  176  2025-06-13 22-56-43  2520  21897.8  -2295.1  213.21  2200.71
806  176  2025-06-13 22-56-43  2521.6  21906.6  -2290.07  213.296  2195.32
807  176  2025-06-13 22-56-43  2523.2  21915.4  -2284.98  213.382  2189.93
808  176  2025-06-13 22-56-43  2524.8  21924.1  -2279.83  213.469  2184.54
809  176  2025-06-13 22-56-43  2526.4  21932.8  -2274.63  213.555  2179.15
810  176  2025-06-13 22-56-43  2528  21941.5  -2269.38  213.641  2173.76
811  176  2025-06-13 22-56-43  2529.6  21950.2  -2264.06  213.728  2168.38
812  176  2025-06-13 22-56-43  2531.2  21958.9  -2258.7  213.814  2163
813  176  2025-06-13 22-56-43  2532.8  21967.5  -2253.27  213.9  2157.62
814  176  2025-06-13 22-56-43  2534.4  21976.1  -2247.8  213.987  2152.25
815  176  2025-06-13 22-56-43  2536  21984.7  -2242.29  214.073  2149.05
816  176  2025-06-13 22-56-43  2537.6  21993.3  -2236.74  214.159  2145.85
817  176  2025-06-13 22-56-43  2539.2  22001.8  -2231.16  214.246  2142.65
818  176  2025-06-13 22-56-43  2540.8  22010.4  -2225.54  214.332  2139.45
819  176  2025-06-13 22-56-43  2542.4  22018.9  -2219.89  214.418  2136.25
820  176  2025-06-13 22-56-43  2544  22027.5  -2214.21  214.505  2133.05
821  176  2025-06-13 22-56-43  2545.6  22036  -2208.49  214.591  2129.85
822  176  2025-06-13 22-56-43  2547.2  22044.5  -2202.73  214.677  2126.65
823  176  2025-06-13 22-56-43  2548.8  22053  -2196.94  214.764  2123.45
824  176  2025-06-13 22-56-43  2550.4  22061.4  -2191.12  214.85  2120.25
825  176  2025-06-13 22-56-43  2552  22069.9  -2185.26  214.936  2117.05
826  176  2025-06-13 22-56-43  2553.6  22078.4  -2179.37  215.023  2113.85
827  176  2025-06-13 22-56-43  2555.2  22086.8  -2173.44  215.109  2110.65
828  176  2025-06-13 22-56-43  2556.8  22095.2  -2167.48  215.195  2107.45
829  176  2025-06-13 22-56-43  2558.4  22103.6  -2161.49  215.282  2104.25
830  176  2025-06-13 22-56-43  2560  22112  -2155.46  215.368  2101.05
831  176  2025-06-13 22-56-43  2561.6  22120.4  -2149.39  215.454  2097.85
832  176  2025-06-13 22-56-43  2563.2  22128.8  -2143.3  215.541  2094.65
833  176  2025-06-13 22-56-43  2564.8  22137.1  -2137.16  215.627  2091.45
834  176  2025-06-13 22-56-43  2566.4  22145.5  -2131  215.713  2088.25
835  176  2025-06-13 22-56-43  2568  22153.8  -2124.79  215.8  2085.05
836  176  2025-06-13 22-56-43  2569.6  22162.1  -2118.56  215.886  2081.85
837  176  2025-06-13 22-56-43  2571.2  22170.4  -2112.29  215.972  2078.65
838  176  2025-06-13 22-56-43  2572.8  22178.7  -2105.99  216.059  2075.45
839  176  2025-06-13 22-56-43  2574.4  22186.9  -2099.65  216.145  2072.25
840  176  2025-06-13 22-56-43  2576  22195.2  -2093.28  216.231  2069.05
841  176  2025-06-13 22-56-43  2577.6  22203.4  -2086.87  216.318  2065.85
842  176  2025-06-13 22-56-43  2579.2  22211.6  -2080.32  216.404  2049.85
843  176  2025-06-13 22-56-43  2580.8  22219.6  -2073.62  216.49  2033.85
844  176  2025-06-13 22-56-43  2582.4  22227.5  -2066.77  216.577  2017.85
845  176  2025-06-13 22-56-43  2584  22235.3  -2059.78  216.663  2001.85
846  176  2025-06-13 22-56-43  2585.6  22242.9  -2052.66  216.749  1985.85
847  176  2025-06-13 22-56-43  2587.2  22250.5  -2045.39  216.836  1969.85
848  176  2025-06-13 22-56-43  2588.8  22257.9  -2037.98  216.922  1953.85
849  176  2025-06-13 22-56-43  2590.4  22265.2  -2030.45  217.008  1937.85
850  176  2025-06-13 22-56-43  2592  22272.4  -2022.77  217.095  1921.85
851  176  2025-06-13 22-56-43  2593.6  22279.5  -2014.97  217.181  1906.04
852  176  2025-06-13 22-56-43  2595.2  22286.4  -2007.05  217.267  1890.49
853  176  2025-06-13 22-56-43  2596.8  22293.2  -1999  217.354  1875.18
854  176  2025-06-13 22-56-43  2598.4  22299.9  -1990.84  217.44  1860.12
855  176  2025-06-13 22-56-43  2600  22306.4  -1982.56  217.526  1845.31
856  176  2025-06-13 22-56-43  2601.6  22312.8  -1974.17  217.613  1830.74
857  176  2025-06-13 22-56-43  2603.2  22319.1  -1965.68  217.699  1816.41
858  176  2025-06-13 22-56-43  2604.8  22325.3  -1957.08  217.785  1802.31
859  176  2025-06-13 22-56-43  2606.4  22331.3  -1948.38  217.872  1788.45
860  176  2025-06-13 22-56-43  2608  22337.3  -1939.59  217.958  1774.83
861  176  2025-06-13 22-56-43  2609.6  22343  -1930.71  218.044  1761.43
862  176  2025-06-13 22-56-43  2611.2  22348.7  -1921.73  218.131  1748.26
863  176  2025-06-13 22-56-43  2612.8  22354.3  -1912.67  218.217  1735.32
864  176  2025-06-13 22-56-43  2614.4  22359.7  -1903.53  218.303  1722.6
865  176  2025-06-13 22-56-43  2616  22365  -1894.3  218.39  1710.1
866  176  2025-06-13 22-56-43  2617.6  22370.2  -1885  218.476  1697.81
867  176  2025-06-13 22-56-43  2619.2  22375.2  -1875.62  218.562  1685.75
868  176  2025-06-13 22-56-43  2620.8  22380.2  -1866.17  218.649  1673.89
869  176  2025-06-13 22-56-43  2622.4  22385  -1856.66  218.735  1662.25
870  176  2025-06-13 22-56-43  2624  22389.7  -1847.07  218.821  1650.81
871  176  2025-06-13 22-56-43  2625.6  22394.3  -1837.42  218.908  1639.59
872  176  2025-06-13 22-56-43  2627.2  22398.8  -1827.7  218.994  1628.56
873  176  2025-06-13 22-56-43  2628.8  22403.2  -1817.93  219.08  1617.74
874  176  2025-06-13 22-56-43  2630.4  22407.4  -1808.1  219.167  1607.12
875  176  2025-06-13 22-56-43  2632  22411.6  -1798.21  219.253  1596.69
876  176  2025-06-13 22-56-43  2633.6  22415.6  -1788.27  219.339  1586.46
877  176  2025-06-13 22-56-43  2635.2  22419.6  -1778.27  219.426  1576.42
878  176  2025-06-13 22-56-43  2636.8  22423.4  -1768.23  219.512  1566.57
879  176  2025-06-13 22-56-43  2638.4  22427.1  -1758.14  219.598  1556.9
880  176  2025-06-13 22-56-43  2640  22430.8  -1748  219.685  1547.42
881  176  2025-06-13 22-56-43  2641.6  22434.3  -1737.82  219.771  1538.13
882  176  2025-06-13 22-56-43  2643.2  22437.7  -1727.6  219.857  1529.01
883  176  2025-06-13 22-56-43  2644.8  22441.1  -1717.33  219.944  1520.06
884  176  2025-06-13 22-56-43  2646.4  22444.3  -1707.03  220.03  1511.29
885  176  2025-06-13 22-56-43  2648  22447.5  -1696.68  220.116  1502.69
886  176  2025-06-13 22-56-43  2649.6  22450.5  -1686.3  220.203  1494.25
887  176  2025-06-13 22-56-43  2651.2  22453.5  -1675.89  220.289  1485.97
888  176  2025-06-13 22-56-43  2652.8  22456.3  -1665.43  220.375  1477.85
889  176  2025-06-13 22-56-43  2654.4  22459.1  -1654.95  220.462  1469.88
890  176  2025-06-13 22-56-43  2656  22461.8  -1644.44  220.548  1462.07
891  176  2025-06-13 22-56-43  2657.6  22464.4  -1633.89  220.634  1454.4
892  176  2025-06-13 22-56-43  2659.2  22467  -1623.32  220.721  1446.89
893  176  2025-06-13 22-56-43  2660.8  22469.4  -1612.71  220.807  1439.51
894  176  2025-06-13 22-56-43  2662.4  22471.8  -1602.08  220.893  1432.28
895  176  2025-06-13 22-56-43  2664  22474  -1591.43  220.98  1425.19
896  176  2025-06-13 22-56-43  2665.6  22476.2  -1580.74  221.066  1418.23
897  176  2025-06-13 22-56-43  2667.2  22478.4  -1570.04  221.152  1411.4
898  176  2025-06-13 22-56-43  2668.8  22480.4  -1559.31  221.239  1404.71
899  176  2025-06-13 22-56-43  2670.4  22482.4  -1548.55  221.325  1398.14
900  176  2025-06-13 22-56-43  2672  22484.3  -1537.78  221.411  271.702
901  176  2025-06-13 22-56-43  2673.6  22486.1  -1526.98  221.498  265.384
902  176  2025-06-13 22-56-43  2675.2  22487.9  -1516.16  221.584  259.186
903  176  2025-06-13 22-56-43  2676.8  22489.5  -1505.33  221.67  253.107
904  176  2025-06-13 22-56-43  2678.4  22491.1  -1494.47  221.757  247.145
905  176  2025-06-13 22-56-43  2680  22492.7  -1483.59  221.843  241.296
906  176  2025-06-13 22-56-43  2681.6  22494.2  -1472.7  221.929  235.559
907  176  2025-06-13 22-56-43  2683.2  22495.6  -1461.79  222.016  229.932
908  176  2025-06-13 22-56-43  2684.8  22496.9  -1450.86  222.102  224.412
909  176  2025-06-13 22-56-43  2686.4  22498.2  -1439.92  222.188  218.997
910  176  2025-06-13 22-56-43  2688  22499.4  -1428.96  222.275  213.686
911  176  2025-06-13 22-56-43  2689.6  22500.6  -1417.98  222.361  208.477
912  176  2025-06-13 22-56-43  2691.2  22501.7  -1406.99  222.447  203.367
913  176  2025-06-13 22-56-43  2692.8  22502.7  -1395.99  222.534  198.354
914  176  2025-06-13 22-56-43  2694.4  22503.7  -264.971  222.62  193.437
915  176  2025-06-13 22-56-43  2696  22504.6  -253.939  222.706  188.614
916  176  2025-06-13 22-56-43  2697.6  22505.5  -242.894  222.793  183.884
917  176  2025-06-13 22-56-43  2699.2  22506.3  -231.836  222.879  179.243
918  176  2025-06-13 22-56-43  2700.8  22507.1  -220.766  222.965  174.691
919  176  2025-06-13 22-56-43  2702.4  22507.8  -209.683  223.052  170.226
920  176  2025-06-13 22-56-43  2704  22508.4  -198.588  223.138  165.847
921  176  2025-06-13 22-56-43  2705.6  22509  -187.482  223.224  161.551
922  176  2025-06-13 22-56-43  2707.2  22509.6  -176.364  223.311  157.336
923  176  2025-06-13 22-56-43  2708.8  22510.1  -165.236  223.397  153.203
924  176  2025-06-13 22-56-43  2710.4  22510.5  -154.097  223.483  149.148
925  176  2025-06-13 22-56-43  2712  22510.9  -142.947  223.57  145.17
926  176  2025-06-13 22-56-43  2713.6  22511.3  -131.787  223.656  141.269
927  176  2025-06-13 22-56-43  2715.2  22511.6  -8.61725  223.742  137.442
928  176  2025-06-13 22-56-43  2716.8  22511.9  2.5625  223.829  133.688
929  176  2025-06-13 22-56-43  2718.4  22512.1  13.7518  223.915  130.005
930  176  2025-06-13 22-56-43  2720  22512.3  136.951  224.001  14.393
931  176  2025-06-13 22-56-43  2721.6  22512.4  148.159  224.088  10.8497
932  176  2025-06-13 22-56-43  2723.2  22512.5  159.376  224.174  7.3739
933  176  2025-06-13 22-56-43  2724.8  22512.5  170.602  224.26  3.96444
934  176  2025-06-13 22-56-43  2726.4  22512.5  181.836  224.347  0.620002
935  176  2025-06-13 22-56-43  2728  22512.5  193.08  224.433  18189.3
936  176  2025-06-13 22-56-43  2729.6  22512.4  204.331  224.519  18186.1
937  176  2025-06-13 22-56-43  2731.2  22512.3  215.591  224.606  18183
938  176  2025-06-13 22-56-43  2732.8  22512.2  226.859  224.692  18179.9
939  176  2025-06-13 22-56-43  2734.4  22512.2  238.137  224.778  3.86978
940  176  2025-06-13 22-56-43  2736  22512.5  249.421  224.865  131.87
941  176  2025-06-13 22-56-43  2737.6  22512.9  260.708  224.951  147.87
942  176  2025-06-13 22-56-43  2739.2  22513.5  271.993  225.037  163.87
943  176  2025-06-13 22-56-43  2740.8  22514.4  1403.27  225.124  179.87
944  176  2025-06-13 22-56-43  2742.4  22515.4  1414.55  225.21  195.87
945  176  2025-06-13 22-56-43  2744  22516.7  1425.81  225.296  211.87
946  176  2025-06-13 22-56-43  2745.6  22518.1  1437.06  225.383  227.87
947  176  2025-06-13 22-56-43  2747.2  22519.7  1448.29  225.469  243.87
948  176  2025-06-13 22-56-43  2748.8  22521.5  1459.5  225.555  259.87
949  176  2025-06-13 22-56-43  2750.4  22523.6  1470.68  225.642  1395.87
950  176  2025-06-13 22-56-43  2752  22525.8  1481.83  225.728  1411.87
951  176  2025-06-13 22-56-43  2753.6  22528.2  1492.96  225.814  1427.87
952  176  2025-06-13 22-56-43  2755.2  22530.8  1504.04  225.901  1443.87
953  176  2025-06-13 22-56-43  2756.8  22533.6  1515.09  225.987  1459.87
954  176  2025-06-13 22-56-43  2758.4  22536.6  1526.1  226.073  1475.87
955  176  2025-06-13 22-56-43  2760  22539.8  1537.06  226.16  1491.87
956  176  2025-06-13 22-56-43  2761.6  22543.2  1547.97  226.246  1507.87
957  176  2025-06-13 22-56-43  2763.2  22546.8  1558.83  226.332  1523.87
958  176  2025-06-13 22-56-43  2764.8  22550.5  1569.63  226.419  1539.87
959  176  2025-06-13 22-56-43  2766.4  22554.5  1580.37  226.505  1555.87
960  176  2025-06-13 22-56-43  2768  22558.6  1591.06  226.591  1571.87
961  176  2025-06-13 22-56-43  2769.6  22563  1601.67  226.678  1587.87
962  176  2025-06-13 22-56-43  2771.2  22567.5  1612.21  226.764  1603.87
963  176  2025-06-13 22-56-43  2772.8  22572.2  1622.69  226.85  1619.87
964  176  2025-06-13 22-56-43  2774.4  22577.1  1633.08  226.937  1635.87
965  176  2025-06-13 22-56-43  2776  22582.2  1643.4  227.023  1651.87
966  176  2025-06-13 22-56-43  2777.6  22587.5  1653.63  227.109  1667.87
967  176  2025-06-13 22-56-43  2779.2  22592.9  1663.78  227.196  1683.87
968  176  2025-06-13 22-56-43  2780.8  22598.6  1673.84  227.282  1699.87
969  176  2025-06-13 22-56-43  2782.4  22604.4  1683.81  227.368  1715.87
970  176  2025-06-13 22-56-43  2784  22610.4  1693.68  227.455  1731.87
971  176  2025-06-13 22-56-43  2785.6  22616.5  1703.45  227.541  1747.87
972  176  2025-06-13 22-56-43  2787.2  22622.9  1713.12  227.627  1763.87
973  176  2025-06-13 22-56-43  2788.8  22629.4  1722.69  227.714  1779.87
974  176  2025-06-13 22-56-43  2790.4  22636.1  1732.15  227.8  1795.87
975  176  2025-06-13 22-56-43  2792  22642.9  1741.49  227.886  1811.87
976  176  2025-06-13 22-56-43  2793.6  22649.9  1750.73  227.973  1827.87
977  176  2025-06-13 22-56-43  2795.2  22657.1  1759.84  228.059  1843.87
978  176  2025-06-13 22-56-43  2796.8  22664.5  1768.84  228.145  1859.87
979  176  2025-06-13 22-56-43  2798.4  22672  1777.71  228.232  1875.87
980  176  2025-06-13 22-56-43  2800  22679.6  1786.45  228.318  1891.87
981  176  2025-06-13 22-56-43  2801.6  22687.5  1795.07  228.404  1907.87
982  176  2025-06-13 22-56-43  2803.2  22695.4  1803.56  228.491  1923.87
983  176  2025-06-13 22-56-43  2804.8  22703.6  1811.91  228.577  1939.87
984  176  2025-06-13 22-56-43  2806.4  22711.9  1820.12  228.663  1955.87
985  176  2025-06-13 22-56-43  2808  22720.3  1828.2  228.75  1971.87
986  176  2025-06-13 22-56-43  2809.6  22728.9  1836.13  228.836  1987.87
987  176  2025-06-13 22-56-43  2811.2  22737.6  1843.92  228.922  2003.87
988  176  2025-06-13 22-56-43  2812.8  22746.5  1851.56  229.009  2019.87
989  176  2025-06-13 22-56-43  2814.4  22755.5  1859.05  229.095  2035.87
990  176  2025-06-13 22-56-43  2816  22764.6  1866.38  229.181  2051.87
991  176  2025-06-13 22-56-43  2817.6  22773.9  1873.56  229.268  2067.87
992  176  2025-06-13 22-56-43  2819.2  22783.3  1880.59  229.354  2083.87
993  176  2025-06-13 22-56-43  2820.8  22792.8  1887.45  229.44  2099.87
994  176  2025-06-13 22-56-43  2822.4  22802.5  1894.15  229.527  2115.87
995  176  2025-06-13 22-56-43  2824  22812.2  1900.68  229.613  2131.87
996  176  2025-06-13 22-56-43  2825.6  22822.1  1907.05  229.699  2147.87
997  176  2025-06-13 22-56-43  2827.2  22832.1  1913.25  229.786  2163.87
998  176  2025-06-13 22-56-43  2828.8  22842.3  1919.28  229.872  2179.87
999  176  2025-06-13 22-56-43  2830.4  22852.5  1925.14  229.958  2195.87
1000  176  2025-06-13 22-56-43  14032  22862.9  1930.81  230.045  2211.87
1001  176  2025-06-13 22-56-43  14033.6  22873.3  1936.32  230.131  2227.87
1002  176  2025-06-13 22-56-43  14035.2  22883.9  1941.64  230.217  2243.87
1003  176  2025-06-13 22-56-43  14036.8  22894.5  1946.78  230.304  2259.87
1004  176  2025-06-13 22-56-43  14038.4  22905.3  1951.74  230.39  2275.87
1005  176  2025-06-13 22-56-43  14040  22916.1  1956.51  230.476  2291.87
1006  176  2025-06-13 22-56-43  14041.6  22927.1  1961.1  230.563  2307.87
1007  176  2025-06-13 22-56-43  14043.2  22938.1  1965.5  230.649  2323.87
1008  176  2025-06-13 22-56-43  14044.8  22949.2  1969.7  230.735  2339.87
1009  176  2025-06-13 22-56-43  14046.4  22960.4  1973.72  230.822  2355.87
1010  176  2025-06-13 22-56-43  14048  22971.6  1977.54  230.908  2371.87
1011  176  2025-06-13 22-56-43  14049.6  22982.9  1981.17  230.994  2387.87
1012  176  2025-06-13 22-56-43  14051.2  22994.4  1984.61  231.081  2403.87
1013  176  2025-06-13 22-56-43  14052.8  23005.8  1987.84  231.167  2419.87
1014  176  2025-06-13 22-56-43  14054.4  23017.4  1990.88  231.253  2435.87
1015  176  2025-06-13 22-56-43  14056  23028.9  1993.72  231.34  2451.87
1016  176  2025-06-13 22-56-43  14057.6  23040.6  1996.36  231.426  2467.87
1017  176  2025-06-13 22-56-43  14059.2  23052.3  1998.79  231.512  2483.87
1018  176  2025-06-13 22-56-43  14060.8  23064  2001.02  231.599  2499.87
1019  176  2025-06-13 22-56-43  14062.4  23075.8  2003.05  231.685  2515.87
1020  176  2025-06-13 22-56-43  14064  23087.7  2004.88  231.771  2531.87
1021  176  2025-06-13 22-56-43  14065.6  23099.5  2006.5  231.858  2547.87
1022  176  2025-06-13 22-56-43  14067.2  23111.5  2007.91  231.944  2563.87
1023  176  2025-06-13 22-56-43  14068.8  23123.4  2009.11  232.031  2579.87
1024  176  2025-06-13 22-56-43  14070.4  23135.4  2010.11  232.117  2595.87
1025  176  2025-06-13 22-56-43  14072  23147.4  2010.9  232.203  2611.87
1026  176  2025-06-13 22-56-43  14073.6  23159.4  2011.47  232.29  2627.87
1027  176  2025-06-13 22-56-43  14075.2  23171.4  2011.84  232.376  2643.87
1028  176  2025-06-13 22-56-43  14076.8  23183.5  2012.01  232.462  2659.55
1029  176  2025-06-13 22-56-43  14078.4  23195.5  2011.97  232.549  2674.93
1030  176  2025-06-13 22-56-43  14080  23207.6  2011.73  232.635  2690.02
1031  176  2025-06-13 22-56-43  14081.6  23219.6  2011.3  232.721  2704.81
1032  176  2025-06-13 22-56-43  14083.2  23231.7  2010.68  232.808  2719.31
1033  176  2025-06-13 22-56-43  14084.8  23243.8  2009.87  232.894  2733.53
1034  176  2025-06-13 22-56-43  14086.4  23255.8  2008.87  232.98  2747.48
1035  176  2025-06-13 22-56-43  14088  23267.9  2007.69  233.067  2761.15
1036  176  2025-06-13 22-56-43  14089.6  23279.9  2006.34  233.153  2774.56
1037  176  2025-06-13 22-56-43  14091.2  23291.9  2004.82  233.239  2787.7
1038  176  2025-06-13 22-56-43  14092.8  23304  2003.12  233.326  2800.6
1039  176  2025-06-13 22-56-43  14094.4  23316  2001.26  233.412  2813.24
1040  176  2025-06-13 22-56-43  14096  23327.9  1999.23  233.498  2825.63
1041  176  2025-06-13 22-56-43  14097.6  23339.9  1997.04  233.585  14037.8
1042  176  2025-06-13 22-56-43  14099.2  23351.8  1994.7  233.671  14049.7
1043  176  2025-06-13 22-56-43  14100.8  23363.7  1992.2  233.757  14061.4
1044  176  2025-06-13 22-56-43  14102.4  23375.6  1989.55  233.844  14072.9
1045  176  2025-06-13 22-56-43  14104  23387.5  1986.87  233.757  14076.1
1046  176  2025-06-13 22-56-43  14105.6  23399.4  1984.14  233.671  14079.3
1047  176  2025-06-13 22-56-43  14107.2  23411.2  1981.37  233.585  14082.5
1048  176  2025-06-13 22-56-43  14108.8  23423  1978.57  233.498  14085.7
1049  176  2025-06-13 22-56-43  14110.4  23434.8  1975.72  233.412  14088.9
1050  176  2025-06-13 22-56-43  14112  23446.6  1972.84  233.326  14092.1
1051  176  2025-06-13 22-56-43  14113.6  23458.4  1969.91  233.239  14095.3
1052  176  2025-06-13 22-56-43  14115.2  23470.1  1966.95  233.153  14098.5
1053  176  2025-06-13 22-56-43  14116.8  23481.9  1963.95  233.067  14101.7
1054  176  2025-06-13 22-56-43  14118.4  23493.6  1960.91  232.98  14104.9
1055  176  2025-06-13 22-56-43  14120  23505.3  1957.83  232.894  14108.1
1056  176  2025-06-13 22-56-43  14121.6  23516.9  1954.71  232.808  14111.3
1057  176  2025-06-13 22-56-43  14123.2  23528.6  1951.56  232.721  14114.5
1058  176  2025-06-13 22-56-43  14124.8  23540.2  1948.36  232.635  14117.7
1059  176  2025-06-13 22-56-43  14126.4  23551.8  1945.13  232.549  14120.9
1060  176  2025-06-13 22-56-43  14128  23563.4  1941.86  232.466  14124.1
1061  176  2025-06-13 22-56-43  14129.6  23575  1938.55  232.385  14127.3
1062  176  2025-06-13 22-56-43  14131.2  23586.6  1935.2  232.307  14130.5
1063  176  2025-06-13 22-56-43  14132.8  23598.1  1931.82  232.231  14133.7
1064  176  2025-06-13 22-56-43  14134.4  23609.6  1928.39  232.158  14136.9
1065  176  2025-06-13 22-56-43  14136  23621.1  1924.93  232.087  14140.1
1066  176  2025-06-13 22-56-43  14137.6  23632.6  1921.43  232.018  14143.3
1067  176  2025-06-13 22-56-43  14139.2  23644.1  1917.9  231.951  14146.5
1068  176  2025-06-13 22-56-43  14140.8  23655.5  1914.32  231.887  14149.7
1069  176  2025-06-13 22-56-43  14142.4  23666.9  1910.71  231.825  14152.9
1070  176  2025-06-13 22-56-43  14144  23678.3  1907.05  231.765  14156.1
1071  176  2025-06-13 22-56-43  14145.6  23689.7  1903.36  231.708  14159.3
1072  176  2025-06-13 22-56-43  14147.2  23701.1  1899.64  231.652  14162.5
1073  176  2025-06-13 22-56-43  14148.8  23712.4  1895.87  231.598  14165.7
1074  176  2025-06-13 22-56-43  14150.4  23723.8  1892.07  231.547  14168.9
1075  176  2025-06-13 22-56-43  14152  23735.1  1888.23  231.497  14172.1
1076  176  2025-06-13 22-56-43  14153.6  23746.4  1884.35  231.449  14175.3
1077  176  2025-06-13 22-56-43  14155.2  23757.7  1880.43  231.403  14178.5
1078  176  2025-06-13 22-56-43  14156.8  23768.9  1876.47  231.359  14181.7
1079  176  2025-06-13 22-56-43  14158.4  23780.2  1872.48  231.317  14184.9
1080  176  2025-06-13 22-56-43  14160  23791.4  1868.45  231.277  14188.1
1081  176  2025-06-13 22-56-43  14161.6  23802.6  1864.38  231.238  14191.3
1082  176  2025-06-13 22-56-43  14163.2  23813.8  1860.27  231.201  14194.5
1083  176  2025-06-13 22-56-43  14164.8  23825  1856.13  231.166  14197.7
1084  176  2025-06-13 22-56-43  14166.4  23836.1  1851.94  231.132  14200.9
1085  176  2025-06-13 22-56-43  14168  23847.3  1847.72  231.101  14204.1
1086  176  2025-06-13 22-56-43  14169.6  23858.4  1843.47  231.07  14207.3
1087  176  2025-06-13 22-56-43  14171.2  23869.5  1839.17  231.042  14210.5
1088  176  2025-06-13 22-56-43  14172.8  23880.6  1834.84  231.014  14213.7
1089  176  2025-06-13 22-56-43  14174.4  23891.6  1830.47  230.989  14216.9
1090  176  2025-06-13 22-56-43  14176  23902.7  1826.06  230.965  14220.1
1091  176  2025-06-13 22-56-43  14177.6  23913.7  1821.61  230.942  14223.3
1092  176  2025-06-13 22-56-43  14179.2  23924.7  1817.13  230.921  14226.5
1093  176  2025-06-13 22-56-43  14180.8  23935.7  1812.6  230.901  14229.7
1094  176  2025-06-13 22-56-43  14182.4  23946.7  1808.04  230.883  14232.9
1095  176  2025-06-13 22-56-43  14184  23957.7  1803.45  230.866  14236.1
1096  176  2025-06-13 22-56-43  14185.6  23968.6  1798.81  230.85  14239.3
1097  176  2025-06-13 22-56-43  14187.2  23979.5  1794.14  230.836  14242.5
1098  176  2025-06-13 22-56-43  14188.8  23990.4  1789.43  230.822  14245.7
1099  176  2025-06-13 22-56-43  14190.4  24001.3  1784.68  230.811  14248.9
1100  176  2025-06-13 22-56-43  14192  24012.2  1779.9  230.8  14252.1
1101  176  2025-06-13 22-56-43  14193.6  24023.1  1775.07  230.791  14255.3
1102  176  2025-06-13 22-56-43  14195.2  24033.9  1770.21  230.783  14258.5
1103  176  2025-06-13 22-56-43  14196.8  24044.7  1765.32  230.776  14261.7
1104  176  2025-06-13 22-56-43  14198.4  24055.5  1760.38  230.77  14264.9
1105  176  2025-06-13 22-56-43  14200  24066.3  1755.41  230.765  14268.1
1106  176  2025-06-13 22-56-43  14201.6  24077.1  1750.4  230.762  14271.3
1107  176  2025-06-13 22-56-43  14203.2  24087.8  1745.35  230.759  14274.5
1108  176  2025-06-13 22-56-43  14204.8  24098.6  1740.26  230.758  14277.7
1109  176  2025-06-13 22-56-43  14206.4  24109.3  1735.14  230.757  14280.9
1110  176  2025-06-13 22-56-43  14208  24120  1729.98  230.758  14284.1
1111  176  2025-06-13 22-56-43  14209.6  24130.6  1724.78  230.76  14287.3
1112  176  2025-06-13 22-56-43  14211.2  24141.3  1719.55  230.763  14290.5
1113  176  2025-06-13 22-56-43  14212.8  24152  1714.28  230.766  14293.7
1114  176  2025-06-13 22-56-43  14214.4  24162.6  1708.97  230.771  14296.9
1115  176  2025-06-13 22-56-43  14216  24173.2  1703.62  230.777  14300.1
1116  176  2025-06-13 22-56-43  14217.6  24183.8  1698.24  230.783  14303.3
1117  176  2025-06-13 22-56-43  14219.2  24194.3  1692.82  230.791  14306.5
1118  176  2025-06-13 22-56-43  14220.8  24204.9  1687.36  230.799  14309.7
1119  176  2025-06-13 22-56-43  14222.4  24215.4  1681.86  230.809  14312.9
1120  176  2025-06-13 22-56-43  14224  24225.9  1676.33  230.819  14316.1
1121  176  2025-06-13 22-56-43  14225.6  24236.4  1670.76  230.83  14319.3
1122  176  2025-06-13 22-56-43  14227.2  24246.9  1665.15  230.842  14322.5
1123  176  2025-06-13 22-56-43  14228.8  24257.4  1659.51  230.854  14325.7
1124  176  2025-06-13 22-56-43  14230.4  24267.8  1653.82  230.868  14328.9
1125  176  2025-06-13 22-56-43  14232  24278.2  1648.11  230.882  14332.1
1126  176  2025-06-13 22-56-43  14233.6  24288.6  1642.35  230.897  14335.3
1127  176  2025-06-13 22-56-43  14235.2  24299  1636.56  230.913  14338.5
1128  176  2025-06-13 22-56-43  14236.8  24309.4  1630.73  230.93  14341.7
1129  176  2025-06-13 22-56-43  14238.4  24319.7  1624.86  230.947  14344.9
1130  176  2025-06-13 22-56-43  14240  24330.1  1618.96  230.965  14348.1
1131  176  2025-06-13 22-56-43  14241.6  24340.4  1613.02  230.984  14351.3
1132  176  2025-06-13 22-56-43  14243.2  24350.7  1607.04  231.003  14354.5
1133  176  2025-06-13 22-56-43  14244.8  24360.9  1601.02  231.023  14357.7
1134  176  2025-06-13 22-56-43  14246.4  24371.2  1594.97  231.044  14360.9
1135  176  2025-06-13 22-56-43  14248  24381.4  1588.88  231.066  14364.1
1136  176  2025-06-13 22-56-43  14249.6  24391.6  1582.76  231.088  14367.3
1137  176  2025-06-13 22-56-43  14251.2  24401.8  1576.6  231.11  14370.5
1138  176  2025-06-13 22-56-43  14252.8  24412  1570.4  231.134  14373.7
1139  176  2025-06-13 22-56-43  14254.4  24422.2  1564.16  231.158  14376.9
1140  176  2025-06-13 22-56-43  14256  24432.3  1557.89  231.182  14380.1
1141  176  2025-06-13 22-56-43  14257.6  24442.4  1551.58  231.208  14383.3
1142  176  2025-06-13 22-56-43  14259.2  24452.5  1545.24  231.233  14386.5
1143  176  2025-06-13 22-56-43  14260.8  24462.6  1538.85  231.26  14389.7
1144  176  2025-06-13 22-56-43  14262.4  24472.6  1532.44  231.287  14392.9
1145  176  2025-06-13 22-56-43  14264  24482.7  1525.98  231.314  14396.1
1146  176  2025-06-13 22-56-43  14265.6  24492.7  1519.49  231.342  14399.3
1147  176  2025-06-13 22-56-43  14267.2  24502.7  1512.96  231.371  14402.5
1148  176  2025-06-13 22-56-43  14268.8  24512.6  1506.4  231.4  14405.7
1149  176  2025-06-13 22-56-43  14270.4  24522.6  1499.8  231.429  14408.9
1150  176  2025-06-13 22-56-43  14272  24532.5  1493.16  231.459  14412.1
1151  176  2025-06-13 22-56-43  14273.6  24542.4  1486.48  231.49  14415.3
1152  176  2025-06-13 22-56-43  14275.2  24552.3  1479.77  231.521  14418.5
