SN    USVID    CurTime    simTime    CurX    CurY    CurVel      CurYaw   
0  128  2025-06-11 21-50-58  0  8  4.89843e-16  192  2672
1  128  2025-06-11 21-50-58  1.6  128.009  9.80214e-16  192.086  2672
2  128  2025-06-11 21-50-58  3.2  136.026  1.47111e-15  192.173  2672
3  128  2025-06-11 21-50-58  4.8  144.052  1.96254e-15  192.259  2672
4  128  2025-06-11 21-50-58  6.4  152.086  2.4545e-15  192.345  2672
5  128  2025-06-11 21-50-58  8  160.13  2.94698e-15  192.432  2672
6  128  2025-06-11 21-50-58  9.6  168.181  3.44e-15  192.518  2672
7  128  2025-06-11 21-50-58  11.2  176.242  3.93354e-15  192.604  2672
8  128  2025-06-11 21-50-58  12.8  184.311  4.42761e-15  192.691  2672
9  128  2025-06-11 21-50-58  14.4  192.389  4.92221e-15  192.777  2672
10  128  2025-06-11 21-50-58  128  200.475  5.41734e-15  192.863  2672
11  128  2025-06-11 21-50-58  129.6  208.57  5.913e-15  192.95  2672
12  128  2025-06-11 21-50-58  131.2  216.673  6.40919e-15  193.036  2672
13  128  2025-06-11 21-50-58  132.8  224.786  6.9059e-15  193.122  2672
14  128  2025-06-11 21-50-58  134.4  232.907  7.40314e-15  193.209  2672
15  128  2025-06-11 21-50-58  136  241.036  7.90092e-15  193.295  2672
16  128  2025-06-11 21-50-58  137.6  249.174  8.39922e-15  193.381  2672
17  128  2025-06-11 21-50-58  139.2  257.321  8.89805e-15  193.468  2672
18  128  2025-06-11 21-50-58  140.8  265.476  9.3974e-15  193.554  2672
19  128  2025-06-11 21-50-58  142.4  1393.64  9.89729e-15  193.64  2672
20  128  2025-06-11 21-50-58  144  1401.81  1.03977e-14  193.727  2672
21  128  2025-06-11 21-50-58  145.6  1409.99  1.08986e-14  193.813  2672
22  128  2025-06-11 21-50-58  147.2  1418.18  1.14001e-14  193.899  2672
23  128  2025-06-11 21-50-58  148.8  1426.38  1.19021e-14  193.986  2672
24  128  2025-06-11 21-50-58  150.4  1434.59  1.24047e-14  194.072  2672
25  128  2025-06-11 21-50-58  152  1442.81  1.29077e-14  194.158  2672
26  128  2025-06-11 21-50-58  153.6  1451.03  1.34113e-14  194.245  2672
27  128  2025-06-11 21-50-58  155.2  1459.26  1.39154e-14  194.331  2672
28  128  2025-06-11 21-50-58  156.8  1467.51  1.44201e-14  194.417  2672
29  128  2025-06-11 21-50-58  158.4  1475.76  1.49252e-14  194.504  2672
30  128  2025-06-11 21-50-58  160  1484.01  1.54309e-14  194.59  2672
31  128  2025-06-11 21-50-58  161.6  1492.28  1.59372e-14  194.676  2672
32  128  2025-06-11 21-50-58  163.2  1500.56  1.64439e-14  194.763  2672
33  128  2025-06-11 21-50-58  164.8  1508.84  1.69512e-14  194.849  2672
34  128  2025-06-11 21-50-58  166.4  1517.14  1.7459e-14  194.935  2672
35  128  2025-06-11 21-50-58  168  1525.44  1.79674e-14  195.022  2672
36  128  2025-06-11 21-50-58  169.6  1533.75  1.84762e-14  195.108  2672
37  128  2025-06-11 21-50-58  171.2  1542.07  1.89856e-14  195.194  2672
38  128  2025-06-11 21-50-58  172.8  1550.4  1.94956e-14  195.281  2672
39  128  2025-06-11 21-50-58  174.4  1558.73  2.0006e-14  195.367  2672
40  128  2025-06-11 21-50-58  176  1567.08  2.0517e-14  195.453  2672
41  128  2025-06-11 21-50-58  177.6  1575.43  2.10285e-14  195.54  2672
42  128  2025-06-11 21-50-58  179.2  1583.8  2.15406e-14  195.626  2672
43  128  2025-06-11 21-50-58  180.8  1592.17  2.20532e-14  195.712  2672
44  128  2025-06-11 21-50-58  182.4  1600.55  2.25663e-14  195.799  2672
45  128  2025-06-11 21-50-58  184  1608.94  2.30799e-14  195.885  2672
46  128  2025-06-11 21-50-58  185.6  1617.33  2.3594e-14  195.971  2672
47  128  2025-06-11 21-50-58  187.2  1625.74  2.41087e-14  196.058  2672
48  128  2025-06-11 21-50-58  188.8  1634.15  2.4624e-14  196.144  2672
49  128  2025-06-11 21-50-58  190.4  1642.58  2.51397e-14  196.23  2672
50  128  2025-06-11 21-50-58  192  1651.01  2.5656e-14  196.317  2672
51  128  2025-06-11 21-50-58  193.6  1659.45  2.61728e-14  196.403  2672
52  128  2025-06-11 21-50-58  195.2  1667.9  2.66901e-14  196.489  2672
53  128  2025-06-11 21-50-58  196.8  1676.35  2.7208e-14  196.576  2672
54  128  2025-06-11 21-50-58  198.4  1684.82  2.77264e-14  196.662  2672
55  128  2025-06-11 21-50-58  200  1693.3  2.82453e-14  196.748  2672
56  128  2025-06-11 21-50-58  201.6  1701.78  2.87647e-14  196.835  2672
57  128  2025-06-11 21-50-58  203.2  1710.27  2.92847e-14  196.921  2672
58  128  2025-06-11 21-50-58  204.8  1718.77  2.98052e-14  197.007  2672
59  128  2025-06-11 21-50-58  206.4  1727.28  3.03262e-14  197.094  2672
60  128  2025-06-11 21-50-58  208  1735.8  3.08478e-14  197.18  2672
61  128  2025-06-11 21-50-58  209.6  1744.33  3.13699e-14  197.266  2672
62  128  2025-06-11 21-50-58  211.2  1752.86  3.18925e-14  197.353  2672
63  128  2025-06-11 21-50-58  212.8  1761.4  3.24156e-14  197.439  2672
64  128  2025-06-11 21-50-58  214.4  1769.96  3.29393e-14  197.525  2672
65  128  2025-06-11 21-50-58  216  1778.52  3.34635e-14  197.612  2672
66  128  2025-06-11 21-50-58  217.6  1787.09  3.39882e-14  197.698  2672
67  128  2025-06-11 21-50-58  219.2  1795.67  3.45135e-14  197.784  2672
68  128  2025-06-11 21-50-58  220.8  1804.25  3.50393e-14  197.871  2672
69  128  2025-06-11 21-50-58  222.4  1812.85  3.55656e-14  197.957  2672
70  128  2025-06-11 21-50-58  224  1821.45  3.60925e-14  198.043  2672
71  128  2025-06-11 21-50-58  225.6  1830.07  3.66198e-14  198.13  2672
72  128  2025-06-11 21-50-58  227.2  1838.69  3.71477e-14  198.216  2672
73  128  2025-06-11 21-50-58  228.8  1847.32  3.76762e-14  198.302  2672
74  128  2025-06-11 21-50-58  230.4  1855.96  3.82051e-14  198.389  2672
75  128  2025-06-11 21-50-58  232  1864.61  3.87346e-14  198.475  2672
76  128  2025-06-11 21-50-58  233.6  1873.26  3.92646e-14  198.561  2672
77  128  2025-06-11 21-50-58  235.2  1881.93  3.97952e-14  198.648  2672
78  128  2025-06-11 21-50-58  236.8  1890.6  4.03263e-14  198.734  2672
79  128  2025-06-11 21-50-58  238.4  1899.28  4.08579e-14  198.82  2672
80  128  2025-06-11 21-50-58  240  1907.97  4.139e-14  198.907  2672
81  128  2025-06-11 21-50-58  241.6  1916.67  4.19227e-14  198.993  2672
82  128  2025-06-11 21-50-58  243.2  1925.38  4.24559e-14  199.079  2672
83  128  2025-06-11 21-50-58  244.8  1934.1  4.29896e-14  199.166  2672
84  128  2025-06-11 21-50-58  246.4  1942.82  4.35238e-14  199.252  2672
85  128  2025-06-11 21-50-58  248  1951.56  4.40586e-14  199.338  2672
86  128  2025-06-11 21-50-58  249.6  1960.3  4.45939e-14  199.425  2672
87  128  2025-06-11 21-50-58  251.2  1969.05  4.51297e-14  199.511  2672
88  128  2025-06-11 21-50-58  252.8  1977.81  4.56661e-14  199.597  2672
89  128  2025-06-11 21-50-58  254.4  1986.58  4.6203e-14  199.684  2672
90  128  2025-06-11 21-50-58  256  1995.35  4.67404e-14  199.77  2672
91  128  2025-06-11 21-50-58  257.6  2004.14  4.72783e-14  199.856  2672
92  128  2025-06-11 21-50-58  259.2  2012.93  4.78168e-14  199.943  2672
93  128  2025-06-11 21-50-58  260.8  2021.74  4.83558e-14  200.029  2672
94  128  2025-06-11 21-50-58  262.4  2030.55  4.88954e-14  200.115  2672
95  128  2025-06-11 21-50-58  264  2039.37  4.94354e-14  200.202  2672
96  128  2025-06-11 21-50-58  265.6  2048.2  4.9976e-14  200.288  2672
97  128  2025-06-11 21-50-58  267.2  2057.03  5.05171e-14  200.374  2672
98  128  2025-06-11 21-50-58  268.8  2065.88  5.10588e-14  200.461  2672
99  128  2025-06-11 21-50-58  270.4  2074.74  5.1601e-14  200.547  2672
100  128  2025-06-11 21-50-58  1392  2083.6  5.21437e-14  200.633  2672
101  128  2025-06-11 21-50-58  1393.6  2092.47  5.26869e-14  200.72  2672
102  128  2025-06-11 21-50-58  1395.2  2101.35  5.32307e-14  200.806  2672
103  128  2025-06-11 21-50-58  1396.8  2110.24  5.3775e-14  200.892  2672
104  128  2025-06-11 21-50-58  1398.4  2119.14  5.43198e-14  200.979  2672
105  128  2025-06-11 21-50-58  1400  2128.05  5.48651e-14  201.065  2672
106  128  2025-06-11 21-50-58  1401.6  2136.96  5.5411e-14  201.151  2672
107  128  2025-06-11 21-50-58  1403.2  2145.88  5.59574e-14  201.238  2672
108  128  2025-06-11 21-50-58  1404.8  2154.82  5.65043e-14  201.324  2672
109  128  2025-06-11 21-50-58  1406.4  2163.76  5.70518e-14  201.41  2672
110  128  2025-06-11 21-50-58  1408  2172.71  5.75998e-14  201.497  2672
111  128  2025-06-11 21-50-58  1409.6  2181.67  5.81483e-14  201.583  2672
112  128  2025-06-11 21-50-58  1411.2  2190.63  5.86974e-14  201.669  2672
113  128  2025-06-11 21-50-58  1412.8  2199.61  5.92469e-14  201.756  2672
114  128  2025-06-11 21-50-58  1414.4  2208.59  5.9797e-14  201.842  2672
115  128  2025-06-11 21-50-58  1416  2217.58  6.03477e-14  201.928  2672
116  128  2025-06-11 21-50-58  1417.6  2226.59  6.08988e-14  202.015  2672
117  128  2025-06-11 21-50-58  1419.2  2235.6  6.14505e-14  202.101  2672
118  128  2025-06-11 21-50-58  1420.8  2244.62  6.20028e-14  202.187  2672
119  128  2025-06-11 21-50-58  1422.4  2253.64  6.25555e-14  202.274  2672
120  128  2025-06-11 21-50-58  1424  2262.68  6.31088e-14  202.36  2672
121  128  2025-06-11 21-50-58  1425.6  2271.72  6.36626e-14  202.446  2672
122  128  2025-06-11 21-50-58  1427.2  2280.78  6.42169e-14  202.533  2672
123  128  2025-06-11 21-50-58  1428.8  2289.84  6.47718e-14  202.619  2672
124  128  2025-06-11 21-50-58  1430.4  2298.91  6.53272e-14  202.705  2672
125  128  2025-06-11 21-50-58  1432  2307.99  6.58831e-14  202.792  2672
126  128  2025-06-11 21-50-58  1433.6  2317.08  6.64396e-14  202.878  2672
127  128  2025-06-11 21-50-58  1435.2  2326.17  6.69965e-14  202.964  2672
128  128  2025-06-11 21-50-58  1436.8  2335.28  6.7554e-14  203.051  2672
129  128  2025-06-11 21-50-58  1438.4  2344.39  6.81121e-14  203.137  2672
130  128  2025-06-11 21-50-58  1440  2353.51  6.86706e-14  203.223  2672
131  128  2025-06-11 21-50-58  1441.6  2362.64  6.92297e-14  203.31  2672
132  128  2025-06-11 21-50-58  1443.2  2371.78  6.97893e-14  203.396  2672
133  128  2025-06-11 21-50-58  1444.8  2380.93  7.03495e-14  203.482  2672
134  128  2025-06-11 21-50-58  1446.4  2390.09  7.09102e-14  203.569  2672
135  128  2025-06-11 21-50-58  1448  2399.25  7.14714e-14  203.655  2672
136  128  2025-06-11 21-50-58  1449.6  2408.43  7.20331e-14  203.741  2672
137  128  2025-06-11 21-50-58  1451.2  2417.61  7.25954e-14  203.828  2672
138  128  2025-06-11 21-50-58  1452.8  2426.8  7.31582e-14  203.914  2672
139  128  2025-06-11 21-50-58  1454.4  2436  7.37215e-14  204  2672
140  128  2025-06-11 21-50-58  1456  2445.21  7.42854e-14  204.087  2672
141  128  2025-06-11 21-50-58  1457.6  2454.43  7.48497e-14  204.173  2672
142  128  2025-06-11 21-50-58  1459.2  2463.66  7.54146e-14  204.259  2672
143  128  2025-06-11 21-50-58  1460.8  2472.89  7.59801e-14  204.346  2672
144  128  2025-06-11 21-50-58  1462.4  2482.13  7.6546e-14  204.432  2672
145  128  2025-06-11 21-50-58  1464  2491.38  7.71125e-14  204.518  2672
146  128  2025-06-11 21-50-58  1465.6  2500.65  7.76796e-14  204.605  2672
147  128  2025-06-11 21-50-58  1467.2  2509.91  7.82471e-14  204.691  2672
148  128  2025-06-11 21-50-58  1468.8  2519.19  7.88152e-14  204.777  2672
149  128  2025-06-11 21-50-58  1470.4  2528.48  7.93838e-14  204.864  2672
150  128  2025-06-11 21-50-58  1472  2537.77  7.99529e-14  204.95  2672
151  128  2025-06-11 21-50-58  1473.6  2547.08  8.05226e-14  205.036  2672
152  128  2025-06-11 21-50-58  1475.2  2556.39  8.10928e-14  205.123  2672
153  128  2025-06-11 21-50-58  1476.8  2565.71  8.16635e-14  205.209  2672
154  128  2025-06-11 21-50-58  1478.4  2575.04  8.22348e-14  205.295  2672
155  128  2025-06-11 21-50-58  1480  2584.38  8.28065e-14  205.382  2672
156  128  2025-06-11 21-50-58  1481.6  2593.72  8.33788e-14  205.468  2672
157  128  2025-06-11 21-50-58  1483.2  2603.08  8.39517e-14  205.554  2672
158  128  2025-06-11 21-50-58  1484.8  2612.44  8.45251e-14  205.641  2672
159  128  2025-06-11 21-50-58  1486.4  2621.82  8.50989e-14  205.727  2672
160  128  2025-06-11 21-50-58  1488  2631.2  8.56734e-14  205.813  2672
161  128  2025-06-11 21-50-58  1489.6  2640.59  8.62483e-14  205.9  2672
162  128  2025-06-11 21-50-58  1491.2  2649.99  8.68238e-14  205.986  2672
163  128  2025-06-11 21-50-58  1492.8  2659.39  8.73998e-14  206.072  2672
164  128  2025-06-11 21-50-58  1494.4  2668.81  8.79763e-14  206.159  2672
165  128  2025-06-11 21-50-58  1496  2678.23  8.85534e-14  206.245  2672
166  128  2025-06-11 21-50-58  1497.6  2687.67  8.9131e-14  206.331  2672
167  128  2025-06-11 21-50-58  1499.2  2697.11  8.97091e-14  206.418  2672
168  128  2025-06-11 21-50-58  1500.8  2706.56  9.02878e-14  206.504  2672
169  128  2025-06-11 21-50-58  1502.4  2716.02  9.0867e-14  206.59  2672
170  128  2025-06-11 21-50-58  1504  2725.49  9.14467e-14  206.677  2672
171  128  2025-06-11 21-50-58  1505.6  2734.96  9.20269e-14  206.763  2672
172  128  2025-06-11 21-50-58  1507.2  2744.45  9.26077e-14  206.849  2672
173  128  2025-06-11 21-50-58  1508.8  2753.94  9.3189e-14  206.936  2672
174  128  2025-06-11 21-50-58  1510.4  2763.44  9.37708e-14  207.022  2672
175  128  2025-06-11 21-50-58  1512  2772.95  9.43531e-14  207.108  2672
176  128  2025-06-11 21-50-58  1513.6  2782.47  9.4936e-14  207.195  2672
177  128  2025-06-11 21-50-58  1515.2  2792  9.55194e-14  207.281  2672
178  128  2025-06-11 21-50-58  1516.8  2801.54  9.61034e-14  207.367  2672
179  128  2025-06-11 21-50-58  1518.4  2811.08  9.66878e-14  207.454  2672
180  128  2025-06-11 21-50-58  1520  2820.64  9.72728e-14  207.54  2672
181  128  2025-06-11 21-50-58  1521.6  2830.2  9.78584e-14  207.626  2672
182  128  2025-06-11 21-50-58  1523.2  14039.8  9.84444e-14  207.713  2672
183  128  2025-06-11 21-50-58  1524.8  14049.4  9.9031e-14  207.799  2672
184  128  2025-06-11 21-50-58  1526.4  14058.9  9.96181e-14  207.885  2672
185  128  2025-06-11 21-50-58  1528  14068.5  1.00206e-13  207.972  2672
186  128  2025-06-11 21-50-58  1529.6  14078.1  1.00794e-13  208.058  2672
187  128  2025-06-11 21-50-58  1531.2  14087.8  1.01383e-13  208.145  2672
188  128  2025-06-11 21-50-58  1532.8  14097.4  1.01972e-13  208.231  2672
189  128  2025-06-11 21-50-58  1534.4  14107  1.02562e-13  208.317  2672
190  128  2025-06-11 21-50-58  1536  14116.7  1.03152e-13  208.404  2672
191  128  2025-06-11 21-50-58  1537.6  14126.3  1.03743e-13  208.49  2672
192  128  2025-06-11 21-50-58  1539.2  14136  1.04334e-13  208.576  2672
193  128  2025-06-11 21-50-58  1540.8  14145.6  1.04926e-13  208.663  2672
194  128  2025-06-11 21-50-58  1542.4  14155.3  1.05518e-13  208.749  2672
195  128  2025-06-11 21-50-58  1544  14165  1.06111e-13  208.835  2672
196  128  2025-06-11 21-50-58  1545.6  14174.7  1.06705e-13  208.922  2672
197  128  2025-06-11 21-50-58  1547.2  14184.4  1.07299e-13  209.008  2672
198  128  2025-06-11 21-50-58  1548.8  14194.1  1.07893e-13  209.094  2672
199  128  2025-06-11 21-50-58  1550.4  14203.8  1.08488e-13  209.181  2672
200  128  2025-06-11 21-50-58  1552  14213.5  1.09084e-13  209.267  2672
201  128  2025-06-11 21-50-58  1553.6  14223.3  1.0968e-13  209.353  2672
202  128  2025-06-11 21-50-58  1555.2  14233  1.10276e-13  209.44  2672
203  128  2025-06-11 21-50-58  1556.8  14242.8  1.10874e-13  209.526  2672
204  128  2025-06-11 21-50-58  1558.4  14252.5  1.11471e-13  209.612  2672
205  128  2025-06-11 21-50-58  1560  14262.3  1.1207e-13  209.699  2672
206  128  2025-06-11 21-50-58  1561.6  14272.1  1.12668e-13  209.785  2672
207  128  2025-06-11 21-50-58  1563.2  14281.9  1.13268e-13  209.871  2672
208  128  2025-06-11 21-50-58  1564.8  14291.7  1.13867e-13  209.958  2672
209  128  2025-06-11 21-50-58  1566.4  14301.5  1.14468e-13  210.044  2672
210  128  2025-06-11 21-50-58  1568  14311.3  1.15069e-13  210.13  2672
211  128  2025-06-11 21-50-58  1569.6  14321.1  1.1567e-13  210.217  2672
212  128  2025-06-11 21-50-58  1571.2  14330.9  1.16272e-13  210.303  2672
213  128  2025-06-11 21-50-58  1572.8  14340.8  1.16874e-13  210.389  2672
214  128  2025-06-11 21-50-58  1574.4  14350.6  1.17477e-13  210.476  2672
215  128  2025-06-11 21-50-58  1576  14360.5  1.18081e-13  210.562  2672
216  128  2025-06-11 21-50-58  1577.6  14370.3  1.18685e-13  210.648  2672
217  128  2025-06-11 21-50-58  1579.2  14380.2  1.19289e-13  210.735  2672
218  128  2025-06-11 21-50-58  1580.8  14390.1  1.19894e-13  210.821  2672
219  128  2025-06-11 21-50-58  1582.4  14400  1.205e-13  210.907  2672
220  128  2025-06-11 21-50-58  1584  14409.9  1.21106e-13  210.994  2672
221  128  2025-06-11 21-50-58  1585.6  14419.8  1.21713e-13  211.08  2672
222  128  2025-06-11 21-50-58  1587.2  14429.7  1.2232e-13  211.166  2672
223  128  2025-06-11 21-50-58  1588.8  14439.6  1.22928e-13  211.253  2672
224  128  2025-06-11 21-50-58  1590.4  14449.6  1.23536e-13  211.339  2672
225  128  2025-06-11 21-50-58  1592  14459.5  1.24145e-13  211.425  2672
226  128  2025-06-11 21-50-58  1593.6  14469.5  1.24754e-13  211.512  2672
227  128  2025-06-11 21-50-58  1595.2  14479.4  1.25364e-13  211.598  2672
228  128  2025-06-11 21-50-58  1596.8  14489.4  1.25974e-13  211.684  2672
229  128  2025-06-11 21-50-58  1598.4  14499.4  1.26585e-13  211.771  2672
230  128  2025-06-11 21-50-58  1600  14509.3  1.27197e-13  211.857  2672
231  128  2025-06-11 21-50-58  1601.6  14519.3  1.27809e-13  211.943  2672
232  128  2025-06-11 21-50-58  1603.2  14529.3  1.28421e-13  212.03  2672
233  128  2025-06-11 21-50-58  1604.8  14539.4  1.29034e-13  212.116  2672
234  128  2025-06-11 21-50-58  1606.4  14549.4  1.29648e-13  212.202  2672
235  128  2025-06-11 21-50-58  1608  14559.4  1.30262e-13  212.289  2672
236  128  2025-06-11 21-50-58  1609.6  14569.4  1.30876e-13  212.375  2672
237  128  2025-06-11 21-50-58  1611.2  14579.5  1.31491e-13  212.461  2672
238  128  2025-06-11 21-50-58  1612.8  14589.5  1.32107e-13  212.548  2672
239  128  2025-06-11 21-50-58  1614.4  14599.6  1.32723e-13  212.634  2672
240  128  2025-06-11 21-50-58  1616  14609.7  1.3334e-13  212.72  2672
241  128  2025-06-11 21-50-58  1617.6  14619.8  1.33957e-13  212.807  2672
242  128  2025-06-11 21-50-58  1619.2  14629.8  1.34575e-13  212.893  2672
243  128  2025-06-11 21-50-58  1620.8  14639.9  1.35193e-13  212.979  2672
244  128  2025-06-11 21-50-58  1622.4  14650.1  1.35812e-13  213.066  2672
245  128  2025-06-11 21-50-58  1624  14660.2  1.36431e-13  213.152  2672
246  128  2025-06-11 21-50-58  1625.6  14670.3  1.37051e-13  213.238  2672
247  128  2025-06-11 21-50-58  1627.2  14680.4  1.37672e-13  213.325  2672
248  128  2025-06-11 21-50-58  1628.8  14690.6  1.38293e-13  213.411  2672
249  128  2025-06-11 21-50-58  1630.4  14700.7  1.38914e-13  213.497  2672
250  128  2025-06-11 21-50-58  1632  14710.9  1.39536e-13  213.584  2672
251  128  2025-06-11 21-50-58  1633.6  14721  1.40159e-13  213.67  2672
252  128  2025-06-11 21-50-58  1635.2  14731.2  1.40782e-13  213.756  2672
253  128  2025-06-11 21-50-58  1636.8  14741.4  1.41405e-13  213.843  2672
254  128  2025-06-11 21-50-58  1638.4  14751.6  1.42029e-13  213.929  2672
255  128  2025-06-11 21-50-58  1640  14761.8  1.42654e-13  214.015  2672
256  128  2025-06-11 21-50-58  1641.6  14772  1.43279e-13  214.102  2672
257  128  2025-06-11 21-50-58  1643.2  14782.2  1.43905e-13  214.188  2672
258  128  2025-06-11 21-50-58  1644.8  14792.5  1.44531e-13  214.274  2672
259  128  2025-06-11 21-50-58  1646.4  14802.7  1.45158e-13  214.361  2672
260  128  2025-06-11 21-50-58  1648  14812.9  1.45785e-13  214.447  2672
261  128  2025-06-11 21-50-58  1649.6  14823.2  1.46413e-13  214.533  2672
262  128  2025-06-11 21-50-58  1651.2  14833.4  1.47041e-13  214.62  2672
263  128  2025-06-11 21-50-58  1652.8  14843.7  1.4767e-13  214.706  2672
264  128  2025-06-11 21-50-58  1654.4  14854  1.483e-13  214.792  2672
265  128  2025-06-11 21-50-58  1656  14864.3  1.4893e-13  214.879  2672
266  128  2025-06-11 21-50-58  1657.6  14874.6  1.4956e-13  214.965  2672
267  128  2025-06-11 21-50-58  1659.2  14884.9  1.50191e-13  215.051  2672
268  128  2025-06-11 21-50-58  1660.8  14895.2  1.50823e-13  215.138  2672
269  128  2025-06-11 21-50-58  1662.4  14905.5  1.51455e-13  215.224  2672
270  128  2025-06-11 21-50-58  1664  14915.9  1.52087e-13  215.31  2672
271  128  2025-06-11 21-50-58  1665.6  14926.2  1.5272e-13  215.397  2672
272  128  2025-06-11 21-50-58  1667.2  14936.5  1.53354e-13  215.483  2672
273  128  2025-06-11 21-50-58  1668.8  14946.9  1.53988e-13  215.569  2672
274  128  2025-06-11 21-50-58  1670.4  14957.3  1.54623e-13  215.656  2672
275  128  2025-06-11 21-50-58  1672  14967.6  1.55258e-13  215.742  2672
276  128  2025-06-11 21-50-58  1673.6  14978  1.55894e-13  215.828  2672
277  128  2025-06-11 21-50-58  1675.2  14988.4  1.5653e-13  215.915  2672
278  128  2025-06-11 21-50-58  1676.8  14998.8  1.57167e-13  216.001  2672
279  128  2025-06-11 21-50-58  1678.4  15009.2  1.57804e-13  216.087  2672
280  128  2025-06-11 21-50-58  1680  15019.6  1.58442e-13  216.174  2672
281  128  2025-06-11 21-50-58  1681.6  15030.1  1.5908e-13  216.26  2672
282  128  2025-06-11 21-50-58  1683.2  15040.5  1.59719e-13  216.346  2672
283  128  2025-06-11 21-50-58  1684.8  15050.9  1.60359e-13  216.433  2672
284  128  2025-06-11 21-50-58  1686.4  15061.4  1.60999e-13  216.519  2672
285  128  2025-06-11 21-50-58  1688  15071.9  1.61639e-13  216.605  2672
286  128  2025-06-11 21-50-58  1689.6  15082.3  1.6228e-13  216.692  2672
287  128  2025-06-11 21-50-58  1691.2  15092.8  1.62922e-13  216.778  2672
288  128  2025-06-11 21-50-58  1692.8  15103.3  1.63564e-13  216.864  2672
289  128  2025-06-11 21-50-58  1694.4  15113.8  1.64206e-13  216.951  2672
290  128  2025-06-11 21-50-58  1696  15124.3  1.6485e-13  217.037  2672
291  128  2025-06-11 21-50-58  1697.6  15134.8  1.65493e-13  217.123  2672
292  128  2025-06-11 21-50-58  1699.2  15145.3  1.66137e-13  217.21  2672
293  128  2025-06-11 21-50-58  1700.8  15155.9  1.66782e-13  217.296  2672
294  128  2025-06-11 21-50-58  1702.4  15166.4  1.67427e-13  217.382  2672
295  128  2025-06-11 21-50-58  1704  15176.9  1.68073e-13  217.469  2672
296  128  2025-06-11 21-50-58  1705.6  15187.5  1.6872e-13  217.555  2672
297  128  2025-06-11 21-50-58  1707.2  15198.1  1.69366e-13  217.641  2672
298  128  2025-06-11 21-50-58  1708.8  15208.6  1.70014e-13  217.728  2672
299  128  2025-06-11 21-50-58  1710.4  15219.2  1.70662e-13  217.814  2672
300  128  2025-06-11 21-50-58  1712  15229.8  1.7131e-13  217.9  2672
301  128  2025-06-11 21-50-58  1713.6  15240.4  1.71959e-13  217.987  2672
302  128  2025-06-11 21-50-58  1715.2  15251  1.72609e-13  218.073  2672
303  128  2025-06-11 21-50-58  1716.8  15261.6  1.73259e-13  218.159  2672
304  128  2025-06-11 21-50-58  1718.4  15272.2  1.73909e-13  218.246  2672
305  128  2025-06-11 21-50-58  1720  15282.9  1.7456e-13  218.332  2672
306  128  2025-06-11 21-50-58  1721.6  15293.5  1.75212e-13  218.418  2672
307  128  2025-06-11 21-50-58  1723.2  15304.2  1.75864e-13  218.505  2672
308  128  2025-06-11 21-50-58  1724.8  15314.8  1.76517e-13  218.591  2672
309  128  2025-06-11 21-50-58  1726.4  15325.5  1.7717e-13  218.677  2672
310  128  2025-06-11 21-50-58  1728  15336.2  1.77824e-13  218.764  2672
311  128  2025-06-11 21-50-58  1729.6  15346.9  1.78478e-13  218.85  2672
312  128  2025-06-11 21-50-58  1731.2  15357.6  1.79133e-13  218.936  2672
313  128  2025-06-11 21-50-58  1732.8  15368.3  1.79788e-13  219.023  2672
314  128  2025-06-11 21-50-58  1734.4  15379  1.80444e-13  219.109  2672
315  128  2025-06-11 21-50-58  1736  15389.7  1.811e-13  219.195  2672
316  128  2025-06-11 21-50-58  1737.6  15400.4  1.81757e-13  219.282  2672
317  128  2025-06-11 21-50-58  1739.2  15411.2  1.82414e-13  219.368  2672
318  128  2025-06-11 21-50-58  1740.8  15421.9  1.83072e-13  219.454  2672
319  128  2025-06-11 21-50-58  1742.4  15432.6  1.83731e-13  219.541  2672
320  128  2025-06-11 21-50-58  1744  15443.4  1.8439e-13  219.627  2672
321  128  2025-06-11 21-50-58  1745.6  15454.2  1.85049e-13  219.713  2672
322  128  2025-06-11 21-50-58  1747.2  15465  1.85709e-13  219.8  2672
323  128  2025-06-11 21-50-58  1748.8  15475.8  1.8637e-13  219.886  2672
324  128  2025-06-11 21-50-58  1750.4  15486.5  1.87031e-13  219.972  2672
325  128  2025-06-11 21-50-58  1752  15497.4  1.87693e-13  220.059  2672
326  128  2025-06-11 21-50-58  1753.6  15508.2  1.88355e-13  220.145  2672
327  128  2025-06-11 21-50-58  1755.2  15519  1.89018e-13  220.231  2672
328  128  2025-06-11 21-50-58  1756.8  15529.8  1.89681e-13  220.318  2672
329  128  2025-06-11 21-50-58  1758.4  15540.7  1.90345e-13  220.404  2672
330  128  2025-06-11 21-50-58  1760  15551.5  1.91009e-13  220.49  2672
331  128  2025-06-11 21-50-58  1761.6  15562.4  1.91674e-13  220.577  2672
332  128  2025-06-11 21-50-58  1763.2  15573.2  1.92339e-13  220.663  2672
333  128  2025-06-11 21-50-58  1764.8  15584.1  1.93005e-13  220.749  2672
334  128  2025-06-11 21-50-58  1766.4  15595  1.93671e-13  220.836  2672
335  128  2025-06-11 21-50-58  1768  15605.9  1.94338e-13  220.922  2672
336  128  2025-06-11 21-50-58  1769.6  15616.8  1.95006e-13  221.008  2672
337  128  2025-06-11 21-50-58  1771.2  15627.7  1.95674e-13  221.095  2672
338  128  2025-06-11 21-50-58  1772.8  15638.6  1.96342e-13  221.181  2672
339  128  2025-06-11 21-50-58  1774.4  15649.5  1.97011e-13  221.267  2672
340  128  2025-06-11 21-50-58  1776  15660.5  1.97681e-13  221.354  2672
341  128  2025-06-11 21-50-58  1777.6  15671.4  1.98351e-13  221.44  2672
342  128  2025-06-11 21-50-58  1779.2  15682.4  1.99022e-13  221.526  2672
343  128  2025-06-11 21-50-58  1780.8  15693.3  1.99693e-13  221.613  2672
344  128  2025-06-11 21-50-58  1782.4  15704.3  2.00364e-13  221.699  2672
345  128  2025-06-11 21-50-58  1784  15715.3  2.01037e-13  221.785  2672
346  128  2025-06-11 21-50-58  1785.6  15726.3  2.01709e-13  221.872  2672
347  128  2025-06-11 21-50-58  1787.2  15737.3  2.02383e-13  221.958  2672
348  128  2025-06-11 21-50-58  1788.8  15748.3  2.03056e-13  222.044  2672
349  128  2025-06-11 21-50-58  1790.4  15759.3  2.03731e-13  222.131  2672
350  128  2025-06-11 21-50-58  1792  15770.3  2.04406e-13  222.217  2672
351  128  2025-06-11 21-50-58  1793.6  15781.3  2.05081e-13  222.303  2672
352  128  2025-06-11 21-50-58  1795.2  15792.4  2.05757e-13  222.39  2672
353  128  2025-06-11 21-50-58  1796.8  15803.4  2.06433e-13  222.476  2672
354  128  2025-06-11 21-50-58  1798.4  15814.5  2.0711e-13  222.562  2672
355  128  2025-06-11 21-50-58  1800  15825.5  2.07788e-13  222.649  2672
356  128  2025-06-11 21-50-58  1801.6  15836.6  2.08466e-13  222.735  2672
357  128  2025-06-11 21-50-58  1803.2  15847.7  2.09144e-13  222.821  2672
358  128  2025-06-11 21-50-58  1804.8  15858.8  2.09824e-13  222.908  2672
359  128  2025-06-11 21-50-58  1806.4  15869.9  2.10503e-13  222.994  2672
360  128  2025-06-11 21-50-58  1808  15881  2.11183e-13  223.08  2672
361  128  2025-06-11 21-50-58  1809.6  15892.1  2.11864e-13  223.167  2672
362  128  2025-06-11 21-50-58  1811.2  15903.2  2.12545e-13  223.253  2672
363  128  2025-06-11 21-50-58  1812.8  15914.4  2.13227e-13  223.339  2672
364  128  2025-06-11 21-50-58  1814.4  15925.5  2.13909e-13  223.426  2672
365  128  2025-06-11 21-50-58  1816  15936.7  2.14592e-13  223.512  2672
366  128  2025-06-11 21-50-58  1817.6  15947.8  2.15275e-13  223.598  2672
367  128  2025-06-11 21-50-58  1819.2  15959  2.15959e-13  223.685  2672
368  128  2025-06-11 21-50-58  1820.8  15970.2  2.16644e-13  223.771  2672
369  128  2025-06-11 21-50-58  1822.4  15981.4  2.17328e-13  223.857  2672
370  128  2025-06-11 21-50-58  1824  15992.6  2.18014e-13  223.944  2672
371  128  2025-06-11 21-50-58  1825.6  16003.8  2.187e-13  224.03  2672
372  128  2025-06-11 21-50-58  1827.2  16015  2.19386e-13  224.116  2672
373  128  2025-06-11 21-50-58  1828.8  16026.2  2.20073e-13  224.203  2672
374  128  2025-06-11 21-50-58  1830.4  16037.4  2.20761e-13  224.289  2672
375  128  2025-06-11 21-50-58  1832  16048.7  2.21449e-13  224.375  2672
376  128  2025-06-11 21-50-58  1833.6  16059.9  2.22138e-13  224.462  2672
377  128  2025-06-11 21-50-58  1835.2  16071.2  2.22827e-13  224.548  2672
378  128  2025-06-11 21-50-58  1836.8  16082.4  2.23516e-13  224.634  2672
379  128  2025-06-11 21-50-58  1838.4  16093.7  2.24207e-13  224.721  2672
380  128  2025-06-11 21-50-58  1840  16105  2.24897e-13  224.807  2672
381  128  2025-06-11 21-50-58  1841.6  16116.3  2.25589e-13  224.893  2672
382  128  2025-06-11 21-50-58  1843.2  16127.6  2.2628e-13  224.98  2672
383  128  2025-06-11 21-50-58  1844.8  16138.9  2.26973e-13  225.066  2672
384  128  2025-06-11 21-50-58  1846.4  16150.2  2.27666e-13  225.152  2672
385  128  2025-06-11 21-50-58  1848  16161.5  2.28359e-13  225.239  2672
386  128  2025-06-11 21-50-58  1849.6  16172.8  2.29053e-13  225.325  2672
387  128  2025-06-11 21-50-58  1851.2  16184.2  2.29747e-13  225.411  2672
388  128  2025-06-11 21-50-58  1852.8  16195.5  2.30442e-13  225.498  2672
389  128  2025-06-11 21-50-58  1854.4  16206.9  2.31138e-13  225.584  2672
390  128  2025-06-11 21-50-58  1856  16218.3  2.31834e-13  225.67  2672
391  128  2025-06-11 21-50-58  1857.6  16229.6  2.3253e-13  225.757  2672
392  128  2025-06-11 21-50-58  1859.2  16241  2.33227e-13  225.843  2672
393  128  2025-06-11 21-50-58  1860.8  16252.4  2.33925e-13  225.929  2672
394  128  2025-06-11 21-50-58  1862.4  16263.8  2.34623e-13  226.016  2672
395  128  2025-06-11 21-50-58  1864  16275.2  2.35322e-13  226.102  2672
396  128  2025-06-11 21-50-58  1865.6  16286.6  2.36021e-13  226.188  2672
397  128  2025-06-11 21-50-58  1867.2  16298.1  2.3672e-13  226.275  2672
398  128  2025-06-11 21-50-58  1868.8  16309.5  2.37421e-13  226.361  2672
399  128  2025-06-11 21-50-58  1870.4  16320.9  2.38121e-13  226.447  2672
400  128  2025-06-11 21-50-58  1872  16332.4  2.38823e-13  226.534  2672
401  128  2025-06-11 21-50-58  1873.6  16343.9  2.39525e-13  226.62  2672
402  128  2025-06-11 21-50-58  1875.2  16355.3  2.40227e-13  226.706  2672
403  128  2025-06-11 21-50-58  1876.8  16366.8  2.4093e-13  226.793  2672
404  128  2025-06-11 21-50-58  1878.4  16378.3  2.41633e-13  226.879  2672
405  128  2025-06-11 21-50-58  1880  16389.8  2.42337e-13  226.965  2672
406  128  2025-06-11 21-50-58  1881.6  16401.3  2.43042e-13  227.052  2672
407  128  2025-06-11 21-50-58  1883.2  16412.8  2.43747e-13  227.138  2672
408  128  2025-06-11 21-50-58  1884.8  16424.3  2.44452e-13  227.224  2672
409  128  2025-06-11 21-50-58  1886.4  16435.9  2.45158e-13  227.311  2672
410  128  2025-06-11 21-50-58  1888  16447.4  2.45865e-13  227.397  2672
411  128  2025-06-11 21-50-58  1889.6  16459  2.46572e-13  227.483  2672
412  128  2025-06-11 21-50-58  1891.2  16470.5  2.4728e-13  227.57  2672
413  128  2025-06-11 21-50-58  1892.8  16482.1  2.47988e-13  227.656  2672
414  128  2025-06-11 21-50-58  1894.4  16493.7  2.48696e-13  227.742  2672
415  128  2025-06-11 21-50-58  1896  16505.2  2.49406e-13  227.829  2672
416  128  2025-06-11 21-50-58  1897.6  16516.8  2.50115e-13  227.915  2672
417  128  2025-06-11 21-50-58  1899.2  16528.4  2.50826e-13  228.001  2672
418  128  2025-06-11 21-50-58  1900.8  16540  2.51536e-13  228.088  2672
419  128  2025-06-11 21-50-58  1902.4  16551.7  2.52248e-13  228.174  2672
420  128  2025-06-11 21-50-58  1904  16563.3  2.5296e-13  228.26  2672
421  128  2025-06-11 21-50-58  1905.6  16574.9  2.53672e-13  228.347  2672
422  128  2025-06-11 21-50-58  1907.2  16586.6  2.54385e-13  228.433  2672
423  128  2025-06-11 21-50-58  1908.8  16598.2  2.55098e-13  228.519  2672
424  128  2025-06-11 21-50-58  1910.4  16609.9  2.55812e-13  228.606  2672
425  128  2025-06-11 21-50-58  1912  16621.5  2.56527e-13  228.692  2672
426  128  2025-06-11 21-50-58  1913.6  16633.2  2.57242e-13  228.778  2672
427  128  2025-06-11 21-50-58  1915.2  16644.9  2.57958e-13  228.865  2672
428  128  2025-06-11 21-50-58  1916.8  16656.6  2.58674e-13  228.951  2672
429  128  2025-06-11 21-50-58  1918.4  16668.3  2.5939e-13  229.037  2672
430  128  2025-06-11 21-50-58  1920  16680  2.60107e-13  229.124  2672
431  128  2025-06-11 21-50-58  1921.6  16691.7  2.60825e-13  229.21  2672
432  128  2025-06-11 21-50-58  1923.2  16703.5  2.61543e-13  229.296  2672
433  128  2025-06-11 21-50-58  1924.8  16715.2  2.62262e-13  229.383  2672
434  128  2025-06-11 21-50-58  1926.4  16727  2.62981e-13  229.469  2672
435  128  2025-06-11 21-50-58  1928  16738.7  2.63701e-13  229.555  2672
436  128  2025-06-11 21-50-58  1929.6  16750.5  2.64421e-13  229.642  2672
437  128  2025-06-11 21-50-58  1931.2  16762.2  2.65142e-13  229.728  2672
438  128  2025-06-11 21-50-58  1932.8  16774  2.65864e-13  229.814  2672
439  128  2025-06-11 21-50-58  1934.4  16785.8  2.66586e-13  229.901  2672
440  128  2025-06-11 21-50-58  1936  16797.6  2.67308e-13  229.987  2672
441  128  2025-06-11 21-50-58  1937.6  16809.4  2.68031e-13  230.073  2672
442  128  2025-06-11 21-50-58  1939.2  16821.2  2.68754e-13  230.16  2672
443  128  2025-06-11 21-50-58  1940.8  16833.1  2.69478e-13  230.246  2672
444  128  2025-06-11 21-50-58  1942.4  16844.9  2.70203e-13  230.332  2672
445  128  2025-06-11 21-50-58  1944  16856.7  2.70928e-13  230.419  2672
446  128  2025-06-11 21-50-58  1945.6  16868.6  2.71654e-13  230.505  2672
447  128  2025-06-11 21-50-58  1947.2  16880.4  2.7238e-13  230.591  2672
448  128  2025-06-11 21-50-58  1948.8  16892.3  2.73107e-13  230.678  2672
449  128  2025-06-11 21-50-58  1950.4  16904.2  2.73834e-13  230.764  2672
450  128  2025-06-11 21-50-58  1952  16916.1  2.74561e-13  230.85  2672
451  128  2025-06-11 21-50-58  1953.6  16928  2.7529e-13  230.937  2672
452  128  2025-06-11 21-50-58  1955.2  16939.9  2.76018e-13  231.023  2672
453  128  2025-06-11 21-50-58  1956.8  16951.8  2.76748e-13  231.109  2672
454  128  2025-06-11 21-50-58  1958.4  16963.7  2.77478e-13  231.196  2672
455  128  2025-06-11 21-50-58  1960  16975.6  2.78208e-13  231.282  2672
456  128  2025-06-11 21-50-58  1961.6  16987.6  2.78939e-13  231.368  2672
457  128  2025-06-11 21-50-58  1963.2  16999.5  2.7967e-13  231.455  2672
458  128  2025-06-11 21-50-58  1964.8  17011.5  2.80402e-13  231.541  2672
459  128  2025-06-11 21-50-58  1966.4  17023.4  2.81135e-13  231.627  2672
460  128  2025-06-11 21-50-58  1968  17035.4  2.81868e-13  231.714  2672
461  128  2025-06-11 21-50-58  1969.6  17047.4  2.82601e-13  231.8  2672
462  128  2025-06-11 21-50-58  1971.2  17059.4  2.83335e-13  231.886  2672
463  128  2025-06-11 21-50-58  1972.8  17071.4  2.8407e-13  231.973  2672
464  128  2025-06-11 21-50-58  1974.4  17083.4  2.84805e-13  232.059  2672
465  128  2025-06-11 21-50-58  1976  17095.4  2.85541e-13  232.145  2672
466  128  2025-06-11 21-50-58  1977.6  17107.4  2.86277e-13  232.232  2672
467  128  2025-06-11 21-50-58  1979.2  17119.4  2.87014e-13  232.318  2672
468  128  2025-06-11 21-50-58  1980.8  17131.5  2.87751e-13  232.404  2672
469  128  2025-06-11 21-50-58  1982.4  17143.5  2.88489e-13  232.491  2672
470  128  2025-06-11 21-50-58  1984  17155.6  2.89227e-13  232.577  2672
471  128  2025-06-11 21-50-58  1985.6  17167.7  2.89966e-13  232.663  2672
472  128  2025-06-11 21-50-58  1987.2  17179.7  2.90705e-13  232.75  2672
473  128  2025-06-11 21-50-58  1988.8  17191.8  2.91445e-13  232.836  2672
474  128  2025-06-11 21-50-58  1990.4  17203.9  2.92185e-13  232.922  2672
475  128  2025-06-11 21-50-58  1992  17216  2.92926e-13  233.009  2672
476  128  2025-06-11 21-50-58  1993.6  17228.1  2.93668e-13  233.095  2672
477  128  2025-06-11 21-50-58  1995.2  17240.2  2.9441e-13  233.181  2672
478  128  2025-06-11 21-50-58  1996.8  17252.4  2.95152e-13  233.268  2672
479  128  2025-06-11 21-50-58  1998.4  17264.5  2.95895e-13  233.354  2672
480  128  2025-06-11 21-50-58  2000  17276.6  2.96639e-13  233.44  2672
481  128  2025-06-11 21-50-58  2001.6  17288.8  2.97383e-13  233.527  2672
482  128  2025-06-11 21-50-58  2003.2  17301  2.98128e-13  233.613  2672
483  128  2025-06-11 21-50-58  2004.8  17313.1  2.98873e-13  233.699  2672
484  128  2025-06-11 21-50-58  2006.4  17325.3  2.99619e-13  233.786  2672
485  128  2025-06-11 21-50-58  2008  17337.5  3.00365e-13  233.872  2672
486  128  2025-06-11 21-50-58  2009.6  17349.7  3.01112e-13  233.958  2672
487  128  2025-06-11 21-50-58  2011.2  17361.9  3.01859e-13  234.045  2672
488  128  2025-06-11 21-50-58  2012.8  17374.1  3.02607e-13  234.131  2672
489  128  2025-06-11 21-50-58  2014.4  17386.3  3.03355e-13  234.217  2672
490  128  2025-06-11 21-50-58  2016  17398.6  3.04104e-13  234.304  2672
491  128  2025-06-11 21-50-58  2017.6  17410.8  3.04853e-13  234.39  2672
492  128  2025-06-11 21-50-58  2019.2  17423  3.05603e-13  234.476  2672
493  128  2025-06-11 21-50-58  2020.8  17435.3  3.06354e-13  234.563  2672
494  128  2025-06-11 21-50-58  2022.4  17447.6  3.07105e-13  234.649  2672
495  128  2025-06-11 21-50-58  2024  17459.8  3.07856e-13  234.735  2672
496  128  2025-06-11 21-50-58  2025.6  17472.1  3.08608e-13  234.822  2672
497  128  2025-06-11 21-50-58  2027.2  17484.4  3.09361e-13  234.908  2672
498  128  2025-06-11 21-50-58  2028.8  17496.7  3.10114e-13  234.994  2672
499  128  2025-06-11 21-50-58  2030.4  17509  3.10868e-13  235.081  2672
500  128  2025-06-11 21-50-58  2032  17521.3  3.11622e-13  235.167  2672
501  128  2025-06-11 21-50-58  2033.6  17533.7  3.12376e-13  235.253  2672
502  128  2025-06-11 21-50-58  2035.2  17546  3.13132e-13  235.34  2672
503  128  2025-06-11 21-50-58  2036.8  17558.3  3.13887e-13  235.426  2672
504  128  2025-06-11 21-50-58  2038.4  17570.7  3.14644e-13  235.512  2672
505  128  2025-06-11 21-50-58  2040  17583  3.154e-13  235.599  2672
506  128  2025-06-11 21-50-58  2041.6  17595.4  3.16158e-13  235.685  2672
507  128  2025-06-11 21-50-58  2043.2  17607.8  3.16916e-13  235.771  2672
508  128  2025-06-11 21-50-58  2044.8  17620.2  3.17674e-13  235.858  2672
509  128  2025-06-11 21-50-58  2046.4  17632.6  3.18433e-13  235.944  2672
510  128  2025-06-11 21-50-58  2048  17645  3.19192e-13  236.03  2672
511  128  2025-06-11 21-50-58  2049.6  17657.4  3.19952e-13  236.117  2672
512  128  2025-06-11 21-50-58  2051.2  17669.8  3.20713e-13  236.203  2672
513  128  2025-06-11 21-50-58  2052.8  17682.2  3.21474e-13  236.289  2672
514  128  2025-06-11 21-50-58  2054.4  17694.7  3.22235e-13  236.376  2672
515  128  2025-06-11 21-50-58  2056  17707.1  3.22997e-13  236.462  2672
516  128  2025-06-11 21-50-58  2057.6  17719.6  3.2376e-13  236.548  2672
517  128  2025-06-11 21-50-58  2059.2  17732  3.24523e-13  236.635  2672
518  128  2025-06-11 21-50-58  2060.8  17744.5  3.25287e-13  236.721  2672
519  128  2025-06-11 21-50-58  2062.4  17757  3.26051e-13  236.807  2672
520  128  2025-06-11 21-50-58  2064  17769.5  3.26816e-13  236.894  2672
521  128  2025-06-11 21-50-58  2065.6  17782  3.27581e-13  236.98  2672
522  128  2025-06-11 21-50-58  2067.2  17794.5  3.28347e-13  237.066  2672
523  128  2025-06-11 21-50-58  2068.8  17807  3.29113e-13  237.153  2672
524  128  2025-06-11 21-50-58  2070.4  17819.5  3.2988e-13  237.239  2672
525  128  2025-06-11 21-50-58  2072  17832.1  3.30647e-13  237.325  2672
526  128  2025-06-11 21-50-58  2073.6  17844.6  3.31415e-13  237.412  2672
527  128  2025-06-11 21-50-58  2075.2  17857.2  3.32184e-13  237.498  2672
528  128  2025-06-11 21-50-58  2076.8  17869.7  3.32953e-13  237.584  2672
529  128  2025-06-11 21-50-58  2078.4  17882.3  3.33722e-13  237.671  2672
530  128  2025-06-11 21-50-58  2080  17894.9  3.34492e-13  237.757  2672
531  128  2025-06-11 21-50-58  2081.6  17907.4  3.35263e-13  237.843  2672
532  128  2025-06-11 21-50-58  2083.2  17920  3.36034e-13  237.93  2672
533  128  2025-06-11 21-50-58  2084.8  17932.6  3.36805e-13  238.016  2672
534  128  2025-06-11 21-50-58  2086.4  17945.2  3.37578e-13  238.102  2672
535  128  2025-06-11 21-50-58  2088  17957.9  3.3835e-13  238.189  2672
536  128  2025-06-11 21-50-58  2089.6  17970.5  3.39123e-13  238.275  2672
537  128  2025-06-11 21-50-58  2091.2  17983.1  3.39897e-13  238.361  2672
538  128  2025-06-11 21-50-58  2092.8  17995.8  3.40671e-13  238.448  2672
539  128  2025-06-11 21-50-58  2094.4  18008.4  3.41446e-13  238.534  2672
540  128  2025-06-11 21-50-58  2096  18021.1  3.42221e-13  238.62  2672
541  128  2025-06-11 21-50-58  2097.6  18033.8  3.42997e-13  238.707  2672
542  128  2025-06-11 21-50-58  2099.2  18046.4  3.43774e-13  238.793  2672
543  128  2025-06-11 21-50-58  2100.8  18059.1  3.4455e-13  238.879  2672
544  128  2025-06-11 21-50-58  2102.4  18071.8  3.45328e-13  238.966  2672
545  128  2025-06-11 21-50-58  2104  18084.5  3.46106e-13  239.052  2672
546  128  2025-06-11 21-50-58  2105.6  18097.2  3.46884e-13  239.138  2672
547  128  2025-06-11 21-50-58  2107.2  18110  3.47663e-13  239.225  2672
548  128  2025-06-11 21-50-58  2108.8  18122.7  3.48443e-13  239.311  2672
549  128  2025-06-11 21-50-58  2110.4  18135.4  3.49223e-13  239.397  2672
550  128  2025-06-11 21-50-58  2112  18148.2  3.50003e-13  239.484  2672
551  128  2025-06-11 21-50-58  2113.6  18160.9  3.50785e-13  239.57  2672
552  128  2025-06-11 21-50-58  2115.2  18173.7  3.51566e-13  239.656  2672
553  128  2025-06-11 21-50-58  2116.8  18186.5  3.52348e-13  239.743  2672
554  128  2025-06-11 21-50-58  2118.4  18199.3  3.53131e-13  239.829  2672
555  128  2025-06-11 21-50-58  2120  18212.1  3.53914e-13  239.915  2672
556  128  2025-06-11 21-50-58  2121.6  18224.9  3.54698e-13  240.002  2672
557  128  2025-06-11 21-50-58  2123.2  18237.7  3.55482e-13  240.088  2672
558  128  2025-06-11 21-50-58  2124.8  18250.5  3.56267e-13  240.174  2672
559  128  2025-06-11 21-50-58  2126.4  18263.3  3.57053e-13  240.261  2672
560  128  2025-06-11 21-50-58  2128  18276.1  3.57838e-13  240.347  2672
561  128  2025-06-11 21-50-58  2129.6  18289  -0.0905389  240.405  2678.46
562  128  2025-06-11 21-50-58  2131.2  18301.8  -0.0914353  240.462  2672.06
563  128  2025-06-11 21-50-58  2132.8  18314.7  -0.0017119  240.52  2665.6
564  128  2025-06-11 21-50-58  2134.4  18327.5  -0.0017119  240.577  2672
565  128  2025-06-11 21-50-58  2136  18340.4  -0.0924132  240.635  2678.46
566  128  2025-06-11 21-50-58  2137.6  18353.3  -0.0933111  240.693  2672.06
567  128  2025-06-11 21-50-58  2139.2  18366.1  -0.00342701  240.75  2665.6
568  128  2025-06-11 21-50-58  2140.8  18379  -0.00342701  240.808  2672
569  128  2025-06-11 21-50-58  2142.4  18391.9  -0.0942906  240.865  2678.46
570  128  2025-06-11 21-50-58  2144  18404.8  -0.0951902  240.923  2672.06
571  128  2025-06-11 21-50-58  2145.6  18417.7  -0.00514534  240.98  2665.6
572  128  2025-06-11 21-50-58  2147.2  18430.6  -0.00514534  241.038  2672
573  128  2025-06-11 21-50-58  2148.8  18443.5  -0.0961713  241.095  2678.46
574  128  2025-06-11 21-50-58  2150.4  18456.4  -0.0970724  241.153  2672.06
575  128  2025-06-11 21-50-58  2152  18469.3  -0.00686687  241.211  2665.6
576  128  2025-06-11 21-50-58  2153.6  18482.3  -0.00686687  241.268  2672
577  128  2025-06-11 21-50-58  2155.2  18495.2  -0.0980551  241.326  2678.46
578  128  2025-06-11 21-50-58  2156.8  18508.1  -0.0989579  241.383  2672.06
579  128  2025-06-11 21-50-58  2158.4  18521.1  -0.00859163  241.441  2665.6
580  128  2025-06-11 21-50-58  2160  18534  -0.00859163  241.498  2672
581  128  2025-06-11 21-50-58  2161.6  18547  -0.0999422  241.556  2678.46
582  128  2025-06-11 21-50-58  2163.2  18560  -0.100847  241.613  2672.06
583  128  2025-06-11 21-50-58  2164.8  18572.9  -0.0103196  241.671  2665.6
584  128  2025-06-11 21-50-58  2166.4  18585.9  -0.0103196  241.729  2672
585  128  2025-06-11 21-50-58  2168  18598.9  -0.101833  241.786  2678.46
586  128  2025-06-11 21-50-58  2169.6  18611.9  -0.102739  241.844  2672.06
587  128  2025-06-11 21-50-58  2171.2  18624.8  -0.0120508  241.901  2665.6
588  128  2025-06-11 21-50-58  2172.8  18637.8  -0.0120508  241.959  2672
589  128  2025-06-11 21-50-58  2174.4  18650.8  -0.103726  242.016  2678.46
590  128  2025-06-11 21-50-58  2176  18663.9  -0.104634  242.074  2672.06
591  128  2025-06-11 21-50-58  2177.6  18676.9  -0.0137852  242.131  2665.6
592  128  2025-06-11 21-50-58  2179.2  18689.9  -0.0137852  242.189  2672
593  128  2025-06-11 21-50-58  2180.8  18702.9  -0.105623  242.247  2678.46
594  128  2025-06-11 21-50-58  2182.4  18715.9  -0.106532  242.304  2672.06
595  128  2025-06-11 21-50-58  2184  18729  -0.0155228  242.362  2665.6
596  128  2025-06-11 21-50-58  2185.6  18742  -0.0155228  242.419  2672
597  128  2025-06-11 21-50-58  2187.2  18755.1  -0.107523  242.477  2678.46
598  128  2025-06-11 21-50-58  2188.8  18768.1  -0.108434  242.534  2672.06
599  128  2025-06-11 21-50-58  2190.4  18781.2  -0.0172636  242.592  2665.6
600  128  2025-06-11 21-50-58  2192  18794.2  -0.0172636  242.649  2672
601  128  2025-06-11 21-50-58  2193.6  18807.3  -0.109426  242.707  2678.46
602  128  2025-06-11 21-50-58  2195.2  18820.4  -0.110338  242.765  2672.06
603  128  2025-06-11 21-50-58  2196.8  18833.5  -0.0190076  242.822  2665.6
604  128  2025-06-11 21-50-58  2198.4  18846.6  -0.0190076  242.88  2672
605  128  2025-06-11 21-50-58  2200  18859.7  -0.111332  242.937  2678.46
606  128  2025-06-11 21-50-58  2201.6  18872.7  -0.112246  242.995  2672.06
607  128  2025-06-11 21-50-58  2203.2  18885.9  -0.0207549  243.052  2665.6
608  128  2025-06-11 21-50-58  2204.8  18899  -0.0207549  243.11  2672
609  128  2025-06-11 21-50-58  2206.4  18912.1  -0.113242  243.167  2678.46
610  128  2025-06-11 21-50-58  2208  18925.2  -0.114157  243.225  2672.06
611  128  2025-06-11 21-50-58  2209.6  18938.3  -0.0225053  243.283  2665.6
612  128  2025-06-11 21-50-58  2211.2  18951.5  -0.0225053  243.34  2672
613  128  2025-06-11 21-50-58  2212.8  18964.6  0.070144  243.398  2665.54
614  128  2025-06-11 21-50-58  2214.4  18977.8  0.0710612  243.455  2671.94
615  128  2025-06-11 21-50-58  2216  18990.9  -0.0207516  243.513  2678.4
616  128  2025-06-11 21-50-58  2217.6  19004.1  -0.0207516  243.57  2672
617  128  2025-06-11 21-50-58  2219.2  19017.2  -0.113563  243.628  2678.46
618  128  2025-06-11 21-50-58  2220.8  19030.4  -0.114482  243.685  2672.06
619  128  2025-06-11 21-50-58  2222.4  19043.6  -0.0225085  243.743  2665.6
620  128  2025-06-11 21-50-58  2224  19056.7  -0.0225085  243.801  2672
621  128  2025-06-11 21-50-58  2225.6  19069.9  -0.115482  243.858  2678.46
622  128  2025-06-11 21-50-58  2227.2  19083.1  -0.116403  243.916  2672.06
623  128  2025-06-11 21-50-58  2228.8  19096.3  -0.0242686  243.973  2665.6
624  128  2025-06-11 21-50-58  2230.4  19109.5  -0.0242686  244.031  2672
625  128  2025-06-11 21-50-58  2232  19122.7  0.0688677  244.088  2665.54
626  128  2025-06-11 21-50-58  2233.6  19135.9  0.0697897  244.146  2671.94
627  128  2025-06-11 21-50-58  2235.2  19149.2  -0.0225053  244.203  2678.4
628  128  2025-06-11 21-50-58  2236.8  19162.4  -0.0225053  244.261  2672
629  128  2025-06-11 21-50-58  2238.4  19175.6  -0.115804  244.319  2678.46
630  128  2025-06-11 21-50-58  2240  19188.9  -0.116728  244.376  2672.06
631  128  2025-06-11 21-50-58  2241.6  19202.1  -0.0242718  244.434  2665.6
632  128  2025-06-11 21-50-58  2243.2  19215.4  -0.0242718  244.491  2672
633  128  2025-06-11 21-50-58  2244.8  19228.6  0.0691891  244.549  2665.54
634  128  2025-06-11 21-50-58  2246.4  19241.9  0.0701144  244.606  2671.94
635  128  2025-06-11 21-50-58  2248  19255.1  -0.0225021  244.664  2678.4
636  128  2025-06-11 21-50-58  2249.6  19268.4  -0.0225021  244.721  2672
637  128  2025-06-11 21-50-58  2251.2  19281.7  0.0711212  244.779  2665.54
638  128  2025-06-11 21-50-58  2252.8  19295  0.072048  244.837  2671.94
639  128  2025-06-11 21-50-58  2254.4  19308.3  -0.0207291  244.894  2678.4
640  128  2025-06-11 21-50-58  2256  19321.6  -0.0207291  244.952  2672
641  128  2025-06-11 21-50-58  2257.6  19334.9  0.0730565  245.009  2665.54
642  128  2025-06-11 21-50-58  2259.2  19348.2  0.0739849  245.067  2671.94
643  128  2025-06-11 21-50-58  2260.8  19361.5  -0.018953  245.124  2678.4
644  128  2025-06-11 21-50-58  2262.4  19374.8  -0.018953  245.182  2672
645  128  2025-06-11 21-50-58  2264  19388.1  -0.112901  245.239  2678.46
646  128  2025-06-11 21-50-58  2265.6  19401.4  -0.113831  245.297  2672.06
647  128  2025-06-11 21-50-58  2267.2  19414.8  -0.0207324  245.355  2665.6
648  128  2025-06-11 21-50-58  2268.8  19428.1  -0.0207324  245.412  2672
649  128  2025-06-11 21-50-58  2270.4  19441.5  -0.114843  245.47  2678.46
650  128  2025-06-11 21-50-58  2272  19454.8  -0.115774  245.527  2672.06
651  128  2025-06-11 21-50-58  2273.6  19468.2  -0.0225149  245.585  2665.6
652  128  2025-06-11 21-50-58  2275.2  19481.5  -0.0225149  245.642  2672
653  128  2025-06-11 21-50-58  2276.8  19494.9  -0.116788  245.7  2678.46
654  128  2025-06-11 21-50-58  2278.4  19508.3  -0.117721  245.757  2672.06
655  128  2025-06-11 21-50-58  2280  19521.7  -0.0243007  245.815  2665.6
656  128  2025-06-11 21-50-58  2281.6  19535.1  -0.0243007  245.873  2672
657  128  2025-06-11 21-50-58  2283.2  19548.4  0.0701342  245.93  2665.54
658  128  2025-06-11 21-50-58  2284.8  19561.8  0.0710691  245.988  2671.94
659  128  2025-06-11 21-50-58  2286.4  19575.2  -0.0225117  246.045  2678.4
660  128  2025-06-11 21-50-58  2288  19588.7  -0.0225117  246.103  2672
661  128  2025-06-11 21-50-58  2289.6  19602.1  -0.117109  246.16  2678.46
662  128  2025-06-11 21-50-58  2291.2  19615.5  -0.118045  246.218  2672.06
663  128  2025-06-11 21-50-58  2292.8  19628.9  -0.0243039  246.275  2665.6
664  128  2025-06-11 21-50-58  2294.4  19642.4  -0.0243039  246.333  2672
665  128  2025-06-11 21-50-58  2296  19655.8  -0.119064  246.391  2678.46
666  128  2025-06-11 21-50-58  2297.6  19669.2  -0.120002  246.448  2672.06
667  128  2025-06-11 21-50-58  2299.2  19682.7  -0.0260994  246.506  2665.6
668  128  2025-06-11 21-50-58  2300.8  19696.1  -0.0260994  246.563  2672
669  128  2025-06-11 21-50-58  2302.4  19709.6  0.0688225  246.621  2665.54
670  128  2025-06-11 21-50-58  2304  19723.1  0.0697623  246.678  2671.94
671  128  2025-06-11 21-50-58  2305.6  19736.6  -0.0243007  246.736  2678.4
672  128  2025-06-11 21-50-58  2307.2  19750  -0.0243007  246.793  2672
673  128  2025-06-11 21-50-58  2308.8  19763.5  0.0707835  246.851  2665.54
674  128  2025-06-11 21-50-58  2310.4  19777  0.0717248  246.909  2671.94
675  128  2025-06-11 21-50-58  2312  19790.5  -0.0224989  246.966  2678.4
676  128  2025-06-11 21-50-58  2313.6  19804  -0.0224989  247.024  2672
677  128  2025-06-11 21-50-58  2315.2  19817.5  0.0727477  247.081  2665.54
678  128  2025-06-11 21-50-58  2316.8  19831  0.0736906  247.139  2671.94
679  128  2025-06-11 21-50-58  2318.4  19844.5  -0.0206938  247.196  2678.4
680  128  2025-06-11 21-50-58  2320  19858.1  -0.0206938  247.254  2672
681  128  2025-06-11 21-50-58  2321.6  19871.6  -0.116103  247.311  2678.46
682  128  2025-06-11 21-50-58  2323.2  19885.1  -0.117047  247.369  2672.06
683  128  2025-06-11 21-50-58  2324.8  19898.7  -0.0225021  247.427  2665.6
684  128  2025-06-11 21-50-58  2326.4  19912.2  -0.0225021  247.484  2672
685  128  2025-06-11 21-50-58  2328  19925.8  -0.118073  247.542  2678.46
686  128  2025-06-11 21-50-58  2329.6  19939.3  -0.119019  247.599  2672.06
687  128  2025-06-11 21-50-58  2331.2  19952.9  -0.0243136  247.657  2665.6
688  128  2025-06-11 21-50-58  2332.8  19966.5  -0.0243136  247.57  2672
689  128  2025-06-11 21-50-58  2334.4  19980  -0.119844  247.484  2678.46
690  128  2025-06-11 21-50-58  2336  19993.6  -0.120789  247.398  2672.06
691  128  2025-06-11 21-50-58  2337.6  20007.1  -0.0263242  247.311  2665.6
692  128  2025-06-11 21-50-58  2339.2  20020.6  -0.0263242  247.225  2672
693  128  2025-06-11 21-50-58  2340.8  20034.1  0.068963  247.139  2665.54
694  128  2025-06-11 21-50-58  2342.4  20047.6  0.0699053  247.052  2671.94
695  128  2025-06-11 21-50-58  2344  20061.1  -0.0482346  247.11  2680.02
696  128  2025-06-11 21-50-58  2345.6  20074.7  -0.0484704  247.168  2672.02
697  128  2025-06-11 21-50-58  2347.2  20088.2  -0.16789  247.225  2680.1
698  128  2025-06-11 21-50-58  2348.8  20101.7  -0.169306  247.283  2672.1
699  128  2025-06-11 21-50-58  2350.4  20115.2  -0.0514371  247.34  2664.02
700  128  2025-06-11 21-50-58  2352  20128.8  -0.0516733  247.398  2672.02
701  128  2025-06-11 21-50-58  2353.6  20142.3  0.0674774  247.455  2663.94
702  128  2025-06-11 21-50-58  2355.2  20155.9  0.0684229  247.513  2671.94
703  128  2025-06-11 21-50-58  2356.8  20169.4  -0.0501196  247.57  2680.02
704  128  2025-06-11 21-50-58  2358.4  20183  -0.0503562  247.628  2672.02
705  128  2025-06-11 21-50-58  2360  20196.6  0.068997  247.686  2663.94
706  128  2025-06-11 21-50-58  2361.6  20210.1  0.0699442  247.743  2671.94
707  128  2025-06-11 21-50-58  2363.2  20223.7  -0.0487997  247.801  2680.02
708  128  2025-06-11 21-50-58  2364.8  20237.3  -0.0490367  247.858  2672.02
709  128  2025-06-11 21-50-58  2366.4  20250.9  -0.169067  247.916  2680.1
710  128  2025-06-11 21-50-58  2368  20264.5  -0.17049  247.973  2672.1
711  128  2025-06-11 21-50-58  2369.6  20278.1  -0.0520191  248.031  2664.02
712  128  2025-06-11 21-50-58  2371.2  20291.7  -0.0522565  248.088  2672.02
713  128  2025-06-11 21-50-58  2372.8  20305.3  0.0675018  248.146  2663.94
714  128  2025-06-11 21-50-58  2374.4  20318.9  0.0684521  248.204  2671.94
715  128  2025-06-11 21-50-58  2376  20332.6  -0.0506943  248.261  2680.02
716  128  2025-06-11 21-50-58  2377.6  20346.2  -0.0509321  248.319  2672.02
717  128  2025-06-11 21-50-58  2379.2  20359.8  0.0690286  248.376  2663.94
718  128  2025-06-11 21-50-58  2380.8  20373.5  0.0699806  248.434  2671.94
719  128  2025-06-11 21-50-58  2382.4  20387.1  -0.0493672  248.491  2680.02
720  128  2025-06-11 21-50-58  2384  20400.8  -0.0496054  248.549  2672.02
721  128  2025-06-11 21-50-58  2385.6  20414.4  0.0705579  248.606  2663.94
722  128  2025-06-11 21-50-58  2387.2  20428.1  0.0715115  248.664  2671.94
723  128  2025-06-11 21-50-58  2388.8  20441.8  -0.0480376  248.722  2680.02
724  128  2025-06-11 21-50-58  2390.4  20455.5  -0.0482762  248.779  2672.02
725  128  2025-06-11 21-50-58  2392  20469.1  -0.169119  248.837  2680.1
726  128  2025-06-11 21-50-58  2393.6  20482.8  -0.170552  248.894  2672.1
727  128  2025-06-11 21-50-58  2395.2  20496.5  -0.0512795  248.952  2664.02
728  128  2025-06-11 21-50-58  2396.8  20510.2  -0.0515185  249.009  2672.02
729  128  2025-06-11 21-50-58  2398.4  20523.9  0.0690498  249.067  2663.94
730  128  2025-06-11 21-50-58  2400  20537.6  0.0700066  249.124  2671.94
731  128  2025-06-11 21-50-58  2401.6  20551.4  -0.0499451  249.182  2680.02
732  128  2025-06-11 21-50-58  2403.2  20565.1  -0.0501845  249.24  2672.02
733  128  2025-06-11 21-50-58  2404.8  20578.8  0.0705863  249.297  2663.94
734  128  2025-06-11 21-50-58  2406.4  20592.5  0.0715447  249.355  2671.94
735  128  2025-06-11 21-50-58  2408  20606.3  -0.0486083  249.412  2680.02
736  128  2025-06-11 21-50-58  2409.6  20620  -0.0488481  249.47  2672.02
737  128  2025-06-11 21-50-58  2411.2  20633.8  -0.170301  249.527  2680.1
738  128  2025-06-11 21-50-58  2412.8  20647.5  -0.171741  249.585  2672.1
739  128  2025-06-11 21-50-58  2414.4  20661.3  -0.0518671  249.642  2664.02
740  128  2025-06-11 21-50-58  2416  20675.1  -0.0521073  249.7  2672.02
741  128  2025-06-11 21-50-58  2417.6  20688.9  -0.173764  249.758  2680.1
742  128  2025-06-11 21-50-58  2419.2  20702.6  -0.175206  249.815  2672.1
743  128  2025-06-11 21-50-58  2420.8  20716.4  -0.0551315  249.873  2664.02
744  128  2025-06-11 21-50-58  2422.4  20730.2  -0.0553721  249.93  2672.02
745  128  2025-06-11 21-50-58  2424  20744  -0.177232  249.988  2680.1
746  128  2025-06-11 21-50-58  2425.6  20757.8  -0.178677  250.045  2672.1
747  128  2025-06-11 21-50-58  2427.2  20771.6  -0.0584015  250.103  2664.02
748  128  2025-06-11 21-50-58  2428.8  20785.4  -0.0586425  250.16  2672.02
749  128  2025-06-11 21-50-58  2430.4  20799.3  0.0629384  250.218  2663.94
750  128  2025-06-11 21-50-58  2432  20813.1  0.0639032  250.276  2671.94
751  128  2025-06-11 21-50-58  2433.6  20826.9  -0.057055  250.333  2680.02
752  128  2025-06-11 21-50-58  2435.2  20840.8  -0.0572964  250.391  2672.02
753  128  2025-06-11 21-50-58  2436.8  20854.6  0.0644869  250.448  2663.94
754  128  2025-06-11 21-50-58  2438.4  20868.5  0.0654533  250.506  2671.94
755  128  2025-06-11 21-50-58  2440  20882.3  -0.0557062  250.563  2680.02
756  128  2025-06-11 21-50-58  2441.6  20896.2  -0.055948  250.621  2672.02
757  128  2025-06-11 21-50-58  2443.2  20910  0.0660379  250.678  2663.94
758  128  2025-06-11 21-50-58  2444.8  20923.9  0.0670059  250.736  2671.94
759  128  2025-06-11 21-50-58  2446.4  20937.8  -0.0543549  250.794  2680.02
760  128  2025-06-11 21-50-58  2448  20951.7  -0.0545971  250.851  2672.02
761  128  2025-06-11 21-50-58  2449.6  20965.6  -0.17727  250.909  2680.1
762  128  2025-06-11 21-50-58  2451.2  20979.5  -0.178725  250.966  2672.1
763  128  2025-06-11 21-50-58  2452.8  20993.4  -0.0577727  250.88  2664.02
764  128  2025-06-11 21-50-58  2454.4  21007.2  -0.0824806  250.794  2673.63
765  128  2025-06-11 21-50-58  2456  21021.1  -0.254118  250.707  2683.34
766  128  2025-06-11 21-50-58  2457.6  21035  -0.574265  250.765  2693.15
767  128  2025-06-11 21-50-58  2459.2  21048.8  -1.04397  250.678  2703.06
768  128  2025-06-11 21-50-58  2460.8  21062.7  -1.66445  250.592  2713.06
769  128  2025-06-11 21-50-58  2462.4  21076.5  -2.43769  250.65  2723.15
770  128  2025-06-11 21-50-58  2464  21090.3  -3.36421  250.563  2733.34
771  128  2025-06-11 21-50-58  2465.6  21104.2  -4.44515  250.477  2743.63
772  128  2025-06-11 21-50-58  2467.2  21118  -5.6829  250.535  2754.02
773  128  2025-06-11 21-50-58  2468.8  21131.7  -7.07889  250.592  2764.5
774  128  2025-06-11 21-50-58  2470.4  21145.5  -8.6345  250.65  2775.07
775  128  2025-06-11 21-50-58  2472  21159.3  -10.3493  250.563  2785.74
776  128  2025-06-11 21-50-58  2473.6  21173  -12.2244  250.477  2796.51
777  128  2025-06-11 21-50-58  2475.2  21186.7  -14.1177  250.535  2797.68
778  128  2025-06-11 21-50-58  2476.8  21200.4  -128.029  250.592  2798.85
779  128  2025-06-11 21-50-58  2478.4  21214.2  -129.959  250.65  2800.02
780  128  2025-06-11 21-50-58  2480  21227.9  -131.907  250.707  2801.18
781  128  2025-06-11 21-50-58  2481.6  21241.6  -133.874  250.765  2802.35
782  128  2025-06-11 21-50-58  2483.2  21255.4  -135.859  250.822  2803.52
783  128  2025-06-11 21-50-58  2484.8  21269.1  -137.862  250.88  2804.69
784  128  2025-06-11 21-50-58  2486.4  21282.9  -139.883  250.938  2805.86
785  128  2025-06-11 21-50-58  2488  21296.6  -141.923  250.995  2807.02
786  128  2025-06-11 21-50-58  2489.6  21310.4  -143.981  251.053  2808.19
787  128  2025-06-11 21-50-58  2491.2  21324.1  -146.058  251.11  2809.36
788  128  2025-06-11 21-50-58  2492.8  21337.9  -148.153  251.168  2810.53
789  128  2025-06-11 21-50-58  2494.4  21351.6  -150.266  251.225  2811.7
790  128  2025-06-11 21-50-58  2496  21365.4  -152.398  251.283  2812.86
791  128  2025-06-11 21-50-58  2497.6  21379.2  -154.548  251.34  2814.03
792  128  2025-06-11 21-50-58  2499.2  21392.9  -156.717  251.398  2815.2
793  128  2025-06-11 21-50-58  2500.8  21406.7  -158.904  251.456  2816.37
794  128  2025-06-11 21-50-58  2502.4  21420.5  -161.109  251.513  2817.54
795  128  2025-06-11 21-50-58  2504  21434.3  -163.333  251.571  2818.7
796  128  2025-06-11 21-50-58  2505.6  21448.1  -165.576  251.628  2819.87
797  128  2025-06-11 21-50-58  2507.2  21461.8  -167.837  251.686  2821.04
798  128  2025-06-11 21-50-58  2508.8  21475.6  -170.116  251.743  2822.21
799  128  2025-06-11 21-50-58  2510.4  21489.4  -172.414  251.801  2823.38
800  128  2025-06-11 21-50-58  2512  21503.2  -174.731  251.858  2824.54
801  128  2025-06-11 21-50-58  2513.6  21517  -177.066  251.916  2825.71
802  128  2025-06-11 21-50-58  2515.2  21530.8  -179.419  251.974  2826.88
803  128  2025-06-11 21-50-58  2516.8  21544.6  -181.792  252.031  2828.05
804  128  2025-06-11 21-50-58  2518.4  21558.4  -184.182  252.089  2829.22
805  128  2025-06-11 21-50-58  2520  21572.2  -186.592  252.146  2830.38
806  128  2025-06-11 21-50-58  2521.6  21586  -189.019  252.204  2831.55
807  128  2025-06-11 21-50-58  2523.2  21599.8  -191.466  252.261  14032.7
808  128  2025-06-11 21-50-58  2524.8  21613.6  -193.931  252.319  14033.9
809  128  2025-06-11 21-50-58  2526.4  21627.5  -196.415  252.376  14035.1
810  128  2025-06-11 21-50-58  2528  21641.3  -198.917  252.434  14036.2
811  128  2025-06-11 21-50-58  2529.6  21655.1  -201.438  252.492  14037.4
812  128  2025-06-11 21-50-58  2531.2  21668.9  -203.977  252.549  14038.6
813  128  2025-06-11 21-50-58  2532.8  21682.8  -206.536  252.607  14039.7
814  128  2025-06-11 21-50-58  2534.4  21696.6  -209.112  252.664  14040.9
815  128  2025-06-11 21-50-58  2536  21710.4  -211.708  252.722  14042.1
816  128  2025-06-11 21-50-58  2537.6  21724.2  -214.322  252.779  14043.2
817  128  2025-06-11 21-50-58  2539.2  21738.1  -216.955  252.837  14044.4
818  128  2025-06-11 21-50-58  2540.8  21751.9  -219.607  252.894  14045.6
819  128  2025-06-11 21-50-58  2542.4  21765.8  -222.277  252.952  14046.7
820  128  2025-06-11 21-50-58  2544  21779.6  -224.966  253.01  14047.9
821  128  2025-06-11 21-50-58  2545.6  21793.4  -227.674  253.067  14049.1
822  128  2025-06-11 21-50-58  2547.2  21807.3  -230.401  253.125  14050.2
823  128  2025-06-11 21-50-58  2548.8  21821.1  -233.146  253.182  14051.4
824  128  2025-06-11 21-50-58  2550.4  21835  -235.91  253.24  14052.6
825  128  2025-06-11 21-50-58  2552  21848.8  -238.693  253.297  14053.7
826  128  2025-06-11 21-50-58  2553.6  21862.7  -241.495  253.355  14054.9
827  128  2025-06-11 21-50-58  2555.2  21876.6  -244.316  253.412  14056.1
828  128  2025-06-11 21-50-58  2556.8  21890.4  -247.155  253.47  14057.2
829  128  2025-06-11 21-50-58  2558.4  21904.3  -250.013  253.528  14058.4
830  128  2025-06-11 21-50-58  2560  21918.1  -252.89  253.585  14059.6
831  128  2025-06-11 21-50-58  2561.6  21932  -255.786  253.643  14060.8
832  128  2025-06-11 21-50-58  2563.2  21945.9  -258.7  253.7  14061.9
833  128  2025-06-11 21-50-58  2564.8  21959.7  -261.634  253.758  14063.1
834  128  2025-06-11 21-50-58  2566.4  21973.6  -264.586  253.815  14064.3
835  128  2025-06-11 21-50-58  2568  21987.5  -267.557  253.873  14065.4
836  128  2025-06-11 21-50-58  2569.6  22001.4  -270.547  253.93  14066.6
837  128  2025-06-11 21-50-58  2571.2  22015.2  -1393.56  254.017  14067.8
838  128  2025-06-11 21-50-58  2572.8  22029.1  -1396.59  254.103  14068.9
839  128  2025-06-11 21-50-58  2574.4  22043  -1399.63  254.189  14070.1
840  128  2025-06-11 21-50-58  2576  22056.9  -1402.7  254.276  14071.3
841  128  2025-06-11 21-50-58  2577.6  22070.8  -1405.79  254.362  14072.4
842  128  2025-06-11 21-50-58  2579.2  22084.7  -1408.9  254.448  14073.6
843  128  2025-06-11 21-50-58  2580.8  22098.6  -1412.03  254.535  14074.8
844  128  2025-06-11 21-50-58  2582.4  22112.5  -1415.17  254.621  14075.9
845  128  2025-06-11 21-50-58  2584  22126.4  -1418.34  254.707  14077.1
846  128  2025-06-11 21-50-58  2585.6  22140.4  -1421.52  254.794  14078.3
847  128  2025-06-11 21-50-58  2587.2  22154.3  -1424.73  254.88  14079.4
848  128  2025-06-11 21-50-58  2588.8  22168.2  -1427.95  254.966  14080.6
849  128  2025-06-11 21-50-58  2590.4  22182.1  -1431.2  255.053  14081.8
850  128  2025-06-11 21-50-58  2592  22196.1  -1434.46  255.139  14082.9
851  128  2025-06-11 21-50-58  2593.6  22210  -1437.75  255.225  14084.1
852  128  2025-06-11 21-50-58  2595.2  22224  -1441.05  255.312  14085.3
853  128  2025-06-11 21-50-58  2596.8  22237.9  -1444.38  255.398  14086.4
854  128  2025-06-11 21-50-58  2598.4  22251.9  -1447.72  255.484  14087.6
855  128  2025-06-11 21-50-58  2600  22265.8  -1451.08  255.571  14088.8
856  128  2025-06-11 21-50-58  2601.6  22279.8  -1454.47  255.657  14089.9
857  128  2025-06-11 21-50-58  2603.2  22293.7  -1457.87  255.743  14091.1
858  128  2025-06-11 21-50-58  2604.8  22307.7  -1461.29  255.83  14092.3
859  128  2025-06-11 21-50-58  2606.4  22321.7  -1464.74  255.916  14093.5
860  128  2025-06-11 21-50-58  2608  22335.7  -1468.2  256.002  14094.6
861  128  2025-06-11 21-50-58  2609.6  22349.6  -1471.68  256.089  14095.8
862  128  2025-06-11 21-50-58  2611.2  22363.6  -1475.18  256.175  14097
863  128  2025-06-11 21-50-58  2612.8  22377.6  -1478.71  256.261  14098.1
864  128  2025-06-11 21-50-58  2614.4  22391.6  -1482.25  256.348  14099.3
865  128  2025-06-11 21-50-58  2616  22405.6  -1485.81  256.434  14100.5
866  128  2025-06-11 21-50-58  2617.6  22419.7  -1489.17  256.52  14087
867  128  2025-06-11 21-50-58  2619.2  22433.7  -1492.54  256.607  14088
868  128  2025-06-11 21-50-58  2620.8  22447.8  -1495.94  256.693  14089
869  128  2025-06-11 21-50-58  2622.4  22461.9  -1499.35  256.779  14090
870  128  2025-06-11 21-50-58  2624  22475.9  -1502.78  256.866  14091.1
871  128  2025-06-11 21-50-58  2625.6  22490  -1506.22  256.952  14092.1
872  128  2025-06-11 21-50-58  2627.2  22504.1  -1509.69  257.038  14093.1
873  128  2025-06-11 21-50-58  2628.8  22518.2  -1513.17  257.125  14094.1
874  128  2025-06-11 21-50-58  2630.4  22532.3  -1516.67  257.211  14095.2
875  128  2025-06-11 21-50-58  2632  22546.4  -1520.19  257.297  14096.2
876  128  2025-06-11 21-50-58  2633.6  22560.5  -1523.72  257.384  14097.2
877  128  2025-06-11 21-50-58  2635.2  22574.6  -1527.28  257.47  14098.2
878  128  2025-06-11 21-50-58  2636.8  22588.7  -1530.85  257.556  14099.2
879  128  2025-06-11 21-50-58  2638.4  22602.8  -1534.44  257.643  14100.3
880  128  2025-06-11 21-50-58  2640  22616.9  -1538.05  257.729  14101.3
881  128  2025-06-11 21-50-58  2641.6  22631.1  -1541.67  257.815  14102.3
882  128  2025-06-11 21-50-58  2643.2  22645.2  -1545.31  257.902  14103.3
883  128  2025-06-11 21-50-58  2644.8  22659.3  -1548.97  257.988  14104.4
884  128  2025-06-11 21-50-58  2646.4  22673.5  -1552.65  258.074  14105.4
885  128  2025-06-11 21-50-58  2648  22687.6  -1556.35  258.161  14106.4
886  128  2025-06-11 21-50-58  2649.6  22701.7  -1560.06  258.247  14107.4
887  128  2025-06-11 21-50-58  2651.2  22715.9  -1563.8  258.333  14108.4
888  128  2025-06-11 21-50-58  2652.8  22730  -1567.55  258.42  14109.5
889  128  2025-06-11 21-50-58  2654.4  22744.2  -1571.32  258.506  14110.5
890  128  2025-06-11 21-50-58  2656  22758.4  -1575.1  258.592  14111.5
891  128  2025-06-11 21-50-58  2657.6  22772.5  -1578.91  258.679  14112.5
892  128  2025-06-11 21-50-58  2659.2  22786.7  -1582.73  258.765  14113.6
893  128  2025-06-11 21-50-58  2660.8  22800.9  -1586.57  258.851  14114.6
894  128  2025-06-11 21-50-58  2662.4  22815.1  -1590.43  258.938  14115.6
895  128  2025-06-11 21-50-58  2664  22829.2  -1594.31  259.024  14116.6
896  128  2025-06-11 21-50-58  2665.6  22843.4  -1598.2  259.11  14117.7
897  128  2025-06-11 21-50-58  2667.2  22857.6  -1602.11  259.197  14118.7
898  128  2025-06-11 21-50-58  2668.8  22871.8  -1606.05  259.283  14119.7
899  128  2025-06-11 21-50-58  2670.4  22886  -1609.99  259.369  14120.7
900  128  2025-06-11 21-50-58  2672  22900.2  -1613.96  259.456  14121.7
901  128  2025-06-11 21-50-58  2673.6  22914.4  -1617.95  259.542  14122.8
902  128  2025-06-11 21-50-58  2675.2  22928.6  -1621.95  259.628  14123.8
903  128  2025-06-11 21-50-58  2676.8  22942.8  -1625.97  259.715  14124.8
904  128  2025-06-11 21-50-58  2678.4  22957.1  -1630.01  259.801  14125.8
905  128  2025-06-11 21-50-58  2680  22971.3  -1634.07  259.887  14126.9
906  128  2025-06-11 21-50-58  2681.6  22985.5  -1638.15  259.974  14127.9
907  128  2025-06-11 21-50-58  2683.2  22999.7  -1642.25  260.06  14128.9
908  128  2025-06-11 21-50-58  2684.8  23014  -1646.36  260.146  14129.9
909  128  2025-06-11 21-50-58  2686.4  23028.2  -1650.49  260.233  14130.9
910  128  2025-06-11 21-50-58  2688  23042.4  -1654.64  260.319  14132
911  128  2025-06-11 21-50-58  2689.6  23056.7  -1658.81  260.405  14133
912  128  2025-06-11 21-50-58  2691.2  23070.9  -1663  260.492  14134
913  128  2025-06-11 21-50-58  2692.8  23085.2  -1667.2  260.578  14135
914  128  2025-06-11 21-50-58  2694.4  23099.4  -1671.42  260.664  14136.1
915  128  2025-06-11 21-50-58  2696  23113.7  -1675.67  260.751  14137.1
916  128  2025-06-11 21-50-58  2697.6  23127.9  -1679.93  260.837  14138.1
917  128  2025-06-11 21-50-58  2699.2  23142.2  -1684.2  260.923  14139.1
918  128  2025-06-11 21-50-58  2700.8  23156.5  -1688.5  261.01  14140.2
919  128  2025-06-11 21-50-58  2702.4  23170.8  -1692.82  261.096  14141.2
920  128  2025-06-11 21-50-58  2704  23185  -1697.15  261.182  14142.2
921  128  2025-06-11 21-50-58  2705.6  23199.3  -1701.5  261.269  14143.2
922  128  2025-06-11 21-50-58  2707.2  23213.6  -1705.87  261.355  14144.2
923  128  2025-06-11 21-50-58  2708.8  23227.9  -1710.26  261.441  14145.3
924  128  2025-06-11 21-50-58  2710.4  23242.2  -1714.67  261.528  14146.3
925  128  2025-06-11 21-50-58  2712  23256.5  -1719.09  261.614  14147.3
926  128  2025-06-11 21-50-58  2713.6  23270.7  -1723.54  261.701  14148.3
927  128  2025-06-11 21-50-58  2715.2  23285  -1728  261.787  14149.4
928  128  2025-06-11 21-50-58  2716.8  23299.3  -1732.48  261.873  14150.4
929  128  2025-06-11 21-50-58  2718.4  23313.7  -1736.98  261.96  14151.4
930  128  2025-06-11 21-50-58  2720  23328  -1741.5  262.046  14152.4
931  128  2025-06-11 21-50-58  2721.6  23342.3  -1746.04  262.132  14153.5
932  128  2025-06-11 21-50-58  2723.2  23356.6  -1750.6  262.219  14154.5
933  128  2025-06-11 21-50-58  2724.8  23370.9  -1755.17  262.305  14155.5
934  128  2025-06-11 21-50-58  2726.4  23385.2  -1759.76  262.391  14156.5
935  128  2025-06-11 21-50-58  2728  23399.5  -1764.37  262.478  14157.5
936  128  2025-06-11 21-50-58  2729.6  23413.9  -1769  262.564  14158.6
937  128  2025-06-11 21-50-58  2731.2  23428.2  -1773.65  262.65  14159.6
938  128  2025-06-11 21-50-58  2732.8  23442.5  -1778.32  262.737  14160.6
939  128  2025-06-11 21-50-58  2734.4  23456.9  -1783.01  262.823  14161.6
940  128  2025-06-11 21-50-58  2736  23471.2  -1787.71  262.909  14162.7
941  128  2025-06-11 21-50-58  2737.6  23485.6  -1792.44  262.996  14163.7
942  128  2025-06-11 21-50-58  2739.2  23499.9  -1797.18  263.082  14164.7
943  128  2025-06-11 21-50-58  2740.8  23514.2  -1801.94  263.168  14165.7
944  128  2025-06-11 21-50-58  2742.4  23528.6  -1806.72  263.255  14166.7
945  128  2025-06-11 21-50-58  2744  23542.9  -1811.52  263.341  14167.8
946  128  2025-06-11 21-50-58  2745.6  23557.3  -1816.34  263.427  14168.8
947  128  2025-06-11 21-50-58  2747.2  23571.7  -1821.17  263.514  14169.8
948  128  2025-06-11 21-50-58  2748.8  23586  -1826.03  263.6  14170.8
949  128  2025-06-11 21-50-58  2750.4  23600.4  -1830.9  263.686  14171.9
950  128  2025-06-11 21-50-58  2752  23614.8  -1835.79  263.773  14172.9
951  128  2025-06-11 21-50-58  2753.6  23629.1  -1840.7  263.859  14173.9
952  128  2025-06-11 21-50-58  2755.2  23643.5  -1845.63  263.945  14174.9
