SN    USVID    CurTime    simTime    CurX    CurY    CurVel      CurYaw   
0  192  2025-06-09 22-06-13  0  16040  -14512  192  2672
1  192  2025-06-09 22-06-13  1.6  16048  -14512.1  192.058  2681.7
2  192  2025-06-09 22-06-13  3.2  16056  -14512.3  192.115  2691.49
3  192  2025-06-09 22-06-13  4.8  16064  -14512.5  192.173  2701.38
4  192  2025-06-09 22-06-13  6.4  16072  -14512.9  192.23  2711.36
5  192  2025-06-09 22-06-13  8  16080.1  -14513.3  192.288  2721.44
6  192  2025-06-09 22-06-13  9.6  16088.1  -14513.8  192.345  2731.62
7  192  2025-06-09 22-06-13  11.2  16096.1  -14514.4  192.403  2741.89
8  192  2025-06-09 22-06-13  12.8  16104.1  -14515.1  192.46  2752.26
9  192  2025-06-09 22-06-13  14.4  16112.1  -14515.9  192.518  2762.72
10  192  2025-06-09 22-06-13  128  16120.1  -14516.8  192.576  2773.28
11  192  2025-06-09 22-06-13  129.6  16128.1  -14517.8  192.633  2783.94
12  192  2025-06-09 22-06-13  131.2  16136.1  -14518.9  192.691  2794.69
13  192  2025-06-09 22-06-13  132.8  16144.1  -14520  192.748  2805.54
14  192  2025-06-09 22-06-13  134.4  16152.1  -14521.3  192.806  2816.48
15  192  2025-06-09 22-06-13  136  16160.1  -14522.7  192.863  2827.52
16  192  2025-06-09 22-06-13  137.6  16168  -14524.1  192.921  14038.7
17  192  2025-06-09 22-06-13  139.2  16176  -14525.7  192.978  14049.9
18  192  2025-06-09 22-06-13  140.8  16183.9  -14527.4  193.036  14061.2
19  192  2025-06-09 22-06-13  142.4  16191.8  -14529.1  193.094  14072.6
20  192  2025-06-09 22-06-13  144  16199.7  -14531  193.151  14084.2
21  192  2025-06-09 22-06-13  145.6  16207.6  -14532.9  193.209  14095.8
22  192  2025-06-09 22-06-13  147.2  16215.5  -14535  193.266  14107.5
23  192  2025-06-09 22-06-13  148.8  16223.3  -14537.2  193.324  14119.3
24  192  2025-06-09 22-06-13  150.4  16231.2  -14539.3  193.381  14113.4
25  192  2025-06-09 22-06-13  152  16239  -14541.5  193.439  14125.2
26  192  2025-06-09 22-06-13  153.6  16246.8  -14543.7  193.496  14119.4
27  192  2025-06-09 22-06-13  155.2  16254.7  -14545.8  193.554  14113.5
28  192  2025-06-09 22-06-13  156.8  16262.6  -14548  193.612  14125.2
29  192  2025-06-09 22-06-13  158.4  16270.4  -14550.2  193.669  14119.3
30  192  2025-06-09 22-06-13  160  16278.3  -14552.3  193.727  14113.3
31  192  2025-06-09 22-06-13  161.6  16286.2  -14554.6  193.784  14125
32  192  2025-06-09 22-06-13  163.2  16294.1  -14556.7  193.842  14119
33  192  2025-06-09 22-06-13  164.8  16302  -14558.9  193.899  14112.9
34  192  2025-06-09 22-06-13  166.4  16309.9  -14561.1  193.957  14124.6
35  192  2025-06-09 22-06-13  168  16317.8  -14563.3  194.014  14118.5
36  192  2025-06-09 22-06-13  169.6  16325.7  -14565.4  194.072  14112.4
37  192  2025-06-09 22-06-13  171.2  16333.6  -14567.6  194.13  14124
38  192  2025-06-09 22-06-13  172.8  16341.6  -14569.8  194.187  14117.9
39  192  2025-06-09 22-06-13  174.4  16349.5  -14571.9  194.245  14111.7
40  192  2025-06-09 22-06-13  176  16357.4  -14574.2  194.302  14123.2
41  192  2025-06-09 22-06-13  177.6  16365.4  -14576.3  194.36  14117
42  192  2025-06-09 22-06-13  179.2  16373.3  -14578.5  194.417  14110.7
43  192  2025-06-09 22-06-13  180.8  16381.3  -14580.7  194.475  14122.2
44  192  2025-06-09 22-06-13  182.4  16389.2  -14582.9  194.532  14115.9
45  192  2025-06-09 22-06-13  184  16397.2  -14585  194.59  14109.6
46  192  2025-06-09 22-06-13  185.6  16405.2  -14587.2  194.648  14121
47  192  2025-06-09 22-06-13  187.2  16413.2  -14589.4  194.705  14114.7
48  192  2025-06-09 22-06-13  188.8  16421.2  -14591.5  194.763  14108.3
49  192  2025-06-09 22-06-13  190.4  16429.1  -14593.7  194.82  14119.6
50  192  2025-06-09 22-06-13  192  16437.1  -14595.8  194.878  14113.2
51  192  2025-06-09 22-06-13  193.6  16445.1  -14598.1  194.935  14124.6
52  192  2025-06-09 22-06-13  195.2  16453.1  -14600.3  194.993  14118.2
53  192  2025-06-09 22-06-13  196.8  16461.2  -14602.4  195.05  14111.8
54  192  2025-06-09 22-06-13  198.4  16469.2  -14604.7  195.108  14123.1
55  192  2025-06-09 22-06-13  200  16477.2  -14606.9  195.166  14116.6
56  192  2025-06-09 22-06-13  201.6  16485.2  -14609  195.223  14110.1
57  192  2025-06-09 22-06-13  203.2  16493.2  -14611.3  195.281  14121.3
58  192  2025-06-09 22-06-13  204.8  16501.3  -14613.4  195.338  14114.9
59  192  2025-06-09 22-06-13  206.4  16509.3  -14615.6  195.396  14108.3
60  192  2025-06-09 22-06-13  208  16517.4  -14617.8  195.453  14119.4
61  192  2025-06-09 22-06-13  209.6  16525.5  -14620  195.511  14112.9
62  192  2025-06-09 22-06-13  211.2  16533.5  -14622.2  195.568  14124
63  192  2025-06-09 22-06-13  212.8  16541.6  -14624.4  195.626  14117.5
64  192  2025-06-09 22-06-13  214.4  16549.6  -14626.6  195.684  14110.9
65  192  2025-06-09 22-06-13  216  16557.7  -14628.9  195.741  14122
66  192  2025-06-09 22-06-13  217.6  16565.8  -14631.1  195.799  14115.4
67  192  2025-06-09 22-06-13  219.2  16573.9  -14633.2  195.856  14108.7
68  192  2025-06-09 22-06-13  220.8  16582  -14635.4  195.914  14119.8
69  192  2025-06-09 22-06-13  222.4  16590.1  -14637.6  195.971  14113.1
70  192  2025-06-09 22-06-13  224  16598.2  -14639.7  196.029  14106.4
71  192  2025-06-09 22-06-13  225.6  16606.3  -14642  196.086  14117.3
72  192  2025-06-09 22-06-13  227.2  16614.5  -14644.1  196.144  14110.6
73  192  2025-06-09 22-06-13  228.8  16622.6  -14646.4  196.202  14121.6
74  192  2025-06-09 22-06-13  230.4  16630.7  -14648.6  196.259  14114.9
75  192  2025-06-09 22-06-13  232  16638.9  -14650.8  196.317  14108.1
76  192  2025-06-09 22-06-13  233.6  16647  -14653  196.374  14119
77  192  2025-06-09 22-06-13  235.2  16655.2  -14655.2  196.432  14112.2
78  192  2025-06-09 22-06-13  236.8  16663.3  -14657.3  196.489  14105.4
79  192  2025-06-09 22-06-13  238.4  16671.5  -14659.5  196.547  14116.2
80  192  2025-06-09 22-06-13  240  16679.7  -14661.7  196.604  14109.4
81  192  2025-06-09 22-06-13  241.6  16687.8  -14664  196.662  14120.3
82  192  2025-06-09 22-06-13  243.2  16696  -14666.2  196.72  14113.5
83  192  2025-06-09 22-06-13  244.8  16704.2  -14668.3  196.777  14106.6
84  192  2025-06-09 22-06-13  246.4  16712.4  -14670.6  196.835  14117.4
85  192  2025-06-09 22-06-13  248  16720.6  -14672.7  196.892  14110.5
86  192  2025-06-09 22-06-13  249.6  16728.8  -14675  196.95  14121.3
87  192  2025-06-09 22-06-13  251.2  16737  -14677.3  197.007  14114.4
88  192  2025-06-09 22-06-13  252.8  16745.2  -14679.4  197.065  14107.5
89  192  2025-06-09 22-06-13  254.4  16753.4  -14681.7  197.122  14118.2
90  192  2025-06-09 22-06-13  256  16761.6  -14683.9  197.18  14111.3
91  192  2025-06-09 22-06-13  257.6  16769.9  -14686  197.238  14104.3
92  192  2025-06-09 22-06-13  259.2  16778.1  -14688.2  197.295  14115
93  192  2025-06-09 22-06-13  260.8  16786.4  -14690.4  197.353  14108
94  192  2025-06-09 22-06-13  262.4  16794.6  -14692.7  197.41  14118.7
95  192  2025-06-09 22-06-13  264  16802.9  -14694.9  197.468  14111.7
96  192  2025-06-09 22-06-13  265.6  16811.1  -14697  197.525  14104.7
97  192  2025-06-09 22-06-13  267.2  16819.4  -14699.3  197.583  14115.3
98  192  2025-06-09 22-06-13  268.8  16827.7  -14701.5  197.641  14108.3
99  192  2025-06-09 22-06-13  270.4  16835.9  -14703.8  197.698  14118.9
100  192  2025-06-09 22-06-13  1392  16844.2  -14706  197.756  14111.9
101  192  2025-06-09 22-06-13  1393.6  16852.5  -14708.1  197.813  14104.8
102  192  2025-06-09 22-06-13  1395.2  16860.8  -14710.4  197.871  14115.4
103  192  2025-06-09 22-06-13  1396.8  16869.1  -14712.6  197.928  14108.3
104  192  2025-06-09 22-06-13  1398.4  16877.4  -14714.9  197.986  14118.9
105  192  2025-06-09 22-06-13  1400  16885.7  -14717.1  198.043  14111.8
106  192  2025-06-09 22-06-13  1401.6  16894.1  -14719.2  198.101  14104.7
107  192  2025-06-09 22-06-13  1403.2  16902.4  -14721.5  198.159  14115.2
108  192  2025-06-09 22-06-13  1404.8  16910.7  -14723.7  198.216  14108.1
109  192  2025-06-09 22-06-13  1406.4  16919  -14726  198.274  14118.7
110  192  2025-06-09 22-06-13  1408  16927.4  -14728.2  198.331  14111.5
111  192  2025-06-09 22-06-13  1409.6  16935.7  -14730.4  198.389  14104.3
112  192  2025-06-09 22-06-13  1411.2  16944.1  -14732.7  198.446  14114.8
113  192  2025-06-09 22-06-13  1412.8  16952.4  -14734.9  198.504  14107.6
114  192  2025-06-09 22-06-13  1414.4  16960.8  -14737.1  198.561  14118.2
115  192  2025-06-09 22-06-13  1416  16969.2  -14739.4  198.619  14111
116  192  2025-06-09 22-06-13  1417.6  16977.6  -14741.5  198.677  14103.7
117  192  2025-06-09 22-06-13  1419.2  16985.9  -14743.8  198.734  14114.2
118  192  2025-06-09 22-06-13  1420.8  16994.3  -14746  198.792  14107
119  192  2025-06-09 22-06-13  1422.4  17002.7  -14748.3  198.849  14117.4
120  192  2025-06-09 22-06-13  1424  17011.1  -14750.5  198.907  14110.2
121  192  2025-06-09 22-06-13  1425.6  17019.5  -14752.7  198.964  14102.9
122  192  2025-06-09 22-06-13  1427.2  17027.9  -14755  199.022  14113.3
123  192  2025-06-09 22-06-13  1428.8  17036.4  -14757.2  199.079  14106
124  192  2025-06-09 22-06-13  1430.4  17044.8  -14759.5  199.137  14116.4
125  192  2025-06-09 22-06-13  1432  17053.2  -14761.7  199.195  14109.2
126  192  2025-06-09 22-06-13  1433.6  17061.6  -14764  199.252  14119.6
127  192  2025-06-09 22-06-13  1435.2  17070  -14766.3  199.31  14112.4
128  192  2025-06-09 22-06-13  1436.8  17078.5  -14768.5  199.367  14105
129  192  2025-06-09 22-06-13  1438.4  17086.9  -14770.8  199.425  14115.4
130  192  2025-06-09 22-06-13  1440  17095.4  -14773  199.482  14108.1
131  192  2025-06-09 22-06-13  1441.6  17103.8  -14775.3  199.54  14118.5
132  192  2025-06-09 22-06-13  1443.2  17112.3  -14777.6  199.597  14111.2
133  192  2025-06-09 22-06-13  1444.8  17120.8  -14779.8  199.655  14103.8
134  192  2025-06-09 22-06-13  1446.4  17129.2  -14782.1  199.713  14114.1
135  192  2025-06-09 22-06-13  1448  17137.7  -14784.3  199.77  14106.8
136  192  2025-06-09 22-06-13  1449.6  17146.2  -14786.6  199.828  14117.1
137  192  2025-06-09 22-06-13  1451.2  17154.7  -14788.9  199.885  14109.8
138  192  2025-06-09 22-06-13  1452.8  17163.2  -14791.1  199.943  14102.3
139  192  2025-06-09 22-06-13  1454.4  17171.7  -14793.3  200  14112.6
140  192  2025-06-09 22-06-13  1456  17180.2  -14795.6  200.058  14105.2
141  192  2025-06-09 22-06-13  1457.6  17188.7  -14797.9  200.115  14115.5
142  192  2025-06-09 22-06-13  1459.2  17197.3  -14800.1  200.173  14108.1
143  192  2025-06-09 22-06-13  1460.8  17205.8  -14802.5  200.231  14118.4
144  192  2025-06-09 22-06-13  1462.4  17214.3  -14804.7  200.288  14111
145  192  2025-06-09 22-06-13  1464  17222.8  -14806.9  200.346  14103.6
146  192  2025-06-09 22-06-13  1465.6  17231.4  -14809.3  200.403  14113.8
147  192  2025-06-09 22-06-13  1467.2  17239.9  -14811.5  200.461  14106.4
148  192  2025-06-09 22-06-13  1468.8  17248.5  -14813.8  200.518  14116.6
149  192  2025-06-09 22-06-13  1470.4  17257  -14816.1  200.576  14109.2
150  192  2025-06-09 22-06-13  1472  17265.6  -14818.3  200.633  14101.7
151  192  2025-06-09 22-06-13  1473.6  17274.2  -14820.6  200.691  14111.9
152  192  2025-06-09 22-06-13  1475.2  17282.8  -14822.8  200.749  14104.4
153  192  2025-06-09 22-06-13  1476.8  17291.4  -14825.1  200.806  14114.6
154  192  2025-06-09 22-06-13  1478.4  17300  -14827.4  200.864  14107.1
155  192  2025-06-09 22-06-13  1480  17308.5  -14829.7  200.921  14117.4
156  192  2025-06-09 22-06-13  1481.6  17317.1  -14832  200.979  14109.9
157  192  2025-06-09 22-06-13  1483.2  17325.8  -14834.2  201.036  14102.4
158  192  2025-06-09 22-06-13  1484.8  17334.4  -14836.5  201.094  14112.5
159  192  2025-06-09 22-06-13  1486.4  17343  -14838.8  201.151  14105
160  192  2025-06-09 22-06-13  1488  17351.6  -14841.1  201.209  14115.2
161  192  2025-06-09 22-06-13  1489.6  17360.2  -14843.4  201.267  14107.7
162  192  2025-06-09 22-06-13  1491.2  17368.9  -14845.6  201.324  14100.1
163  192  2025-06-09 22-06-13  1492.8  17377.5  -14847.9  201.382  14110.2
164  192  2025-06-09 22-06-13  1494.4  17386.2  -14850.1  201.439  14102.6
165  192  2025-06-09 22-06-13  1496  17394.8  -14852.4  201.497  14112.8
166  192  2025-06-09 22-06-13  1497.6  17403.5  -14854.7  201.554  14105.2
167  192  2025-06-09 22-06-13  1499.2  17412.1  -14857  201.612  14115.4
168  192  2025-06-09 22-06-13  1500.8  17420.8  -14859.3  201.669  14107.8
169  192  2025-06-09 22-06-13  1502.4  17429.5  -14861.5  201.727  14100.2
170  192  2025-06-09 22-06-13  1504  17438.2  -14863.8  201.785  14110.3
171  192  2025-06-09 22-06-13  1505.6  17446.9  -14866.1  201.842  14102.7
172  192  2025-06-09 22-06-13  1507.2  17455.6  -14868.4  201.9  14112.8
173  192  2025-06-09 22-06-13  1508.8  17464.3  -14870.7  201.957  14105.2
174  192  2025-06-09 22-06-13  1510.4  17473  -14873  202.015  14115.3
175  192  2025-06-09 22-06-13  1512  17481.7  -14875.3  202.072  14107.7
176  192  2025-06-09 22-06-13  1513.6  17490.4  -14877.6  202.13  14100.1
177  192  2025-06-09 22-06-13  1515.2  17499.1  -14879.9  202.187  14110.1
178  192  2025-06-09 22-06-13  1516.8  17507.9  -14882.1  202.245  14102.5
179  192  2025-06-09 22-06-13  1518.4  17516.6  -14884.5  202.303  14112.6
180  192  2025-06-09 22-06-13  1520  17525.3  -14886.7  202.36  14105
181  192  2025-06-09 22-06-13  1521.6  17534.1  -14889.1  202.418  14115
182  192  2025-06-09 22-06-13  1523.2  17542.8  -14891.4  202.475  14107.4
183  192  2025-06-09 22-06-13  1524.8  17551.6  -14893.6  202.533  14099.8
184  192  2025-06-09 22-06-13  1526.4  17560.3  -14895.9  202.59  14109.8
185  192  2025-06-09 22-06-13  1528  17569.1  -14898.2  202.648  14102.1
186  192  2025-06-09 22-06-13  1529.6  17577.9  -14900.5  202.705  14112.1
187  192  2025-06-09 22-06-13  1531.2  17586.7  -14902.8  202.763  14104.5
188  192  2025-06-09 22-06-13  1532.8  17595.4  -14905.2  202.821  14114.5
189  192  2025-06-09 22-06-13  1534.4  17604.2  -14907.5  202.878  14106.9
190  192  2025-06-09 22-06-13  1536  17613  -14909.7  202.936  14099.2
191  192  2025-06-09 22-06-13  1537.6  17621.8  -14912.1  202.993  14109.2
192  192  2025-06-09 22-06-13  1539.2  17630.7  -14914.3  203.051  14101.5
193  192  2025-06-09 22-06-13  1540.8  17639.5  -14916.7  203.108  14111.5
194  192  2025-06-09 22-06-13  1542.4  17648.3  -14919  203.166  14103.8
195  192  2025-06-09 22-06-13  1544  17657.1  -14921.3  203.223  14113.8
196  192  2025-06-09 22-06-13  1545.6  17665.9  -14923.6  203.281  14106.2
197  192  2025-06-09 22-06-13  1547.2  17674.8  -14925.9  203.339  14098.4
198  192  2025-06-09 22-06-13  1548.8  17683.6  -14928.2  203.396  14108.4
199  192  2025-06-09 22-06-13  1550.4  17692.5  -14930.5  203.454  14100.6
200  192  2025-06-09 22-06-13  1552  17701.3  -14932.8  203.511  14110.6
201  192  2025-06-09 22-06-13  1553.6  17710.2  -14935.1  203.569  14102.9
202  192  2025-06-09 22-06-13  1555.2  17719  -14937.5  203.626  14112.9
203  192  2025-06-09 22-06-13  1556.8  17727.9  -14939.8  203.684  14105.2
204  192  2025-06-09 22-06-13  1558.4  17736.8  -14942  203.741  14097.4
205  192  2025-06-09 22-06-13  1560  17745.7  -14944.3  203.799  14107.3
206  192  2025-06-09 22-06-13  1561.6  17754.6  -14946.6  203.857  14099.6
207  192  2025-06-09 22-06-13  1563.2  17763.5  -14949  203.914  14109.5
208  192  2025-06-09 22-06-13  1564.8  17772.4  -14951.2  203.972  14101.8
209  192  2025-06-09 22-06-13  1566.4  17781.3  -14953.6  204.029  14111.7
210  192  2025-06-09 22-06-13  1568  17790.2  -14955.9  204.087  14104
211  192  2025-06-09 22-06-13  1569.6  17799.1  -14958.2  204.144  14096.2
212  192  2025-06-09 22-06-13  1571.2  17808.1  -14960.5  204.202  14106.1
213  192  2025-06-09 22-06-13  1572.8  17817  -14962.7  204.259  14098.3
214  192  2025-06-09 22-06-13  1574.4  17825.9  -14965.1  204.317  14108.2
215  192  2025-06-09 22-06-13  1576  17834.9  -14967.4  204.375  14100.4
216  192  2025-06-09 22-06-13  1577.6  17843.8  -14969.7  204.432  14110.3
217  192  2025-06-09 22-06-13  1579.2  17852.8  -14972  204.49  14102.6
218  192  2025-06-09 22-06-13  1580.8  17861.7  -14974.4  204.547  14112.5
219  192  2025-06-09 22-06-13  1582.4  17870.7  -14976.8  204.605  14104.8
220  192  2025-06-09 22-06-13  1584  17879.7  -14979  204.662  14096.9
221  192  2025-06-09 22-06-13  1585.6  17888.6  -14981.4  204.72  14106.8
222  192  2025-06-09 22-06-13  1587.2  17897.6  -14983.6  204.777  14099
223  192  2025-06-09 22-06-13  1588.8  17906.6  -14986  204.835  14108.9
224  192  2025-06-09 22-06-13  1590.4  17915.6  -14988.3  204.893  14101.1
225  192  2025-06-09 22-06-13  1592  17924.6  -14990.7  204.95  14111
226  192  2025-06-09 22-06-13  1593.6  17933.6  -14993  205.008  14103.2
227  192  2025-06-09 22-06-13  1595.2  17942.6  -14995.3  205.065  14095.4
228  192  2025-06-09 22-06-13  1596.8  17951.6  -14997.6  205.123  14105.2
229  192  2025-06-09 22-06-13  1598.4  17960.7  -14999.9  205.18  14097.4
230  192  2025-06-09 22-06-13  1600  17969.7  -15002.3  205.238  14107.2
231  192  2025-06-09 22-06-13  1601.6  17978.7  -15004.5  205.295  14099.4
232  192  2025-06-09 22-06-13  1603.2  17987.8  -15006.9  205.353  14109.3
233  192  2025-06-09 22-06-13  1604.8  17996.8  -15009.2  205.411  14101.5
234  192  2025-06-09 22-06-13  1606.4  18005.9  -15011.5  205.468  14093.6
235  192  2025-06-09 22-06-13  1608  18014.9  -15013.8  205.526  14103.4
236  192  2025-06-09 22-06-13  1609.6  18024  -15016.1  205.583  14095.5
237  192  2025-06-09 22-06-13  1611.2  18033.1  -15018.4  205.641  14105.3
238  192  2025-06-09 22-06-13  1612.8  18042.2  -15020.7  205.698  14097.5
239  192  2025-06-09 22-06-13  1614.4  18051.2  -15023.1  205.756  14107.3
240  192  2025-06-09 22-06-13  1616  18060.3  -15025.4  205.813  14099.5
241  192  2025-06-09 22-06-13  1617.6  18069.4  -15027.8  205.871  14109.3
242  192  2025-06-09 22-06-13  1619.2  18078.5  -15030.1  205.929  14101.5
243  192  2025-06-09 22-06-13  1620.8  18087.6  -15032.4  205.986  14093.6
244  192  2025-06-09 22-06-13  1622.4  18096.7  -15034.7  206.044  14103.4
245  192  2025-06-09 22-06-13  1624  18105.9  -15037  206.101  14095.5
246  192  2025-06-09 22-06-13  1625.6  18115  -15039.4  206.159  14105.3
247  192  2025-06-09 22-06-13  1627.2  18124.1  -15041.7  206.216  14097.4
248  192  2025-06-09 22-06-13  1628.8  18133.2  -15044.1  206.274  14107.3
249  192  2025-06-09 22-06-13  1630.4  18142.4  -15046.4  206.331  14099.4
250  192  2025-06-09 22-06-13  1632  18151.5  -15048.8  206.389  14109.2
251  192  2025-06-09 22-06-13  1633.6  18160.7  -15051.1  206.447  14101.4
252  192  2025-06-09 22-06-13  1635.2  18169.8  -15053.4  206.504  14093.5
253  192  2025-06-09 22-06-13  1636.8  18179  -15055.7  206.562  14103.3
254  192  2025-06-09 22-06-13  1638.4  18188.2  -15058  206.619  14095.4
255  192  2025-06-09 22-06-13  1640  18197.3  -15060.4  206.677  14105.2
256  192  2025-06-09 22-06-13  1641.6  18206.5  -15062.7  206.734  14097.3
257  192  2025-06-09 22-06-13  1643.2  18215.7  -15065.1  206.792  14107.1
258  192  2025-06-09 22-06-13  1644.8  18224.9  -15067.4  206.849  14099.2
259  192  2025-06-09 22-06-13  1646.4  18234.1  -15069.9  206.907  14109
260  192  2025-06-09 22-06-13  1648  18243.3  -15072.2  206.965  14101.2
261  192  2025-06-09 22-06-13  1649.6  18252.5  -15074.5  207.022  14093.2
262  192  2025-06-09 22-06-13  1651.2  18261.7  -15076.9  207.08  14103
263  192  2025-06-09 22-06-13  1652.8  18270.9  -15079.2  207.137  14095.1
264  192  2025-06-09 22-06-13  1654.4  18280.2  -15081.6  207.195  14104.8
265  192  2025-06-09 22-06-13  1656  18289.4  -15083.9  207.252  14096.9
266  192  2025-06-09 22-06-13  1657.6  18298.6  -15086.3  207.31  14106.7
267  192  2025-06-09 22-06-13  1659.2  18307.9  -15088.6  207.367  14098.8
268  192  2025-06-09 22-06-13  1660.8  18317.1  -15090.9  207.425  14090.9
269  192  2025-06-09 22-06-13  1662.4  18326.4  -15093.2  207.483  14100.6
270  192  2025-06-09 22-06-13  1664  18335.7  -15095.5  207.54  14092.7
271  192  2025-06-09 22-06-13  1665.6  18344.9  -15097.9  207.598  14102.4
272  192  2025-06-09 22-06-13  1667.2  18354.2  -15100.2  207.655  14094.5
273  192  2025-06-09 22-06-13  1668.8  18363.5  -15102.6  207.713  14104.2
274  192  2025-06-09 22-06-13  1670.4  18372.8  -15104.9  207.77  14096.3
275  192  2025-06-09 22-06-13  1672  18382  -15107.3  207.828  14106.1
276  192  2025-06-09 22-06-13  1673.6  18391.3  -15109.7  207.885  14098.2
277  192  2025-06-09 22-06-13  1675.2  18400.7  -15111.9  207.943  14090.2
278  192  2025-06-09 22-06-13  1676.8  18410  -15114.3  208.001  14099.9
279  192  2025-06-09 22-06-13  1678.4  18419.3  -15116.6  208.058  14091.9
280  192  2025-06-09 22-06-13  1680  18428.6  -15119  208.116  14101.7
281  192  2025-06-09 22-06-13  1681.6  18437.9  -15121.3  208.173  14093.7
282  192  2025-06-09 22-06-13  1683.2  18447.3  -15123.7  208.231  14103.5
283  192  2025-06-09 22-06-13  1684.8  18456.6  -15126  208.288  14095.5
284  192  2025-06-09 22-06-13  1686.4  18465.9  -15128.4  208.346  14105.3
285  192  2025-06-09 22-06-13  1688  18475.3  -15130.8  208.404  14097.4
286  192  2025-06-09 22-06-13  1689.6  18484.7  -15133  208.461  14089.4
287  192  2025-06-09 22-06-13  1691.2  18494  -15135.4  208.519  14099.1
288  192  2025-06-09 22-06-13  1692.8  18503.4  -15137.7  208.576  14091.1
289  192  2025-06-09 22-06-13  1694.4  18512.8  -15140.1  208.634  14100.8
290  192  2025-06-09 22-06-13  1696  18522.2  -15142.4  208.691  14092.8
291  192  2025-06-09 22-06-13  1697.6  18531.5  -15144.8  208.749  14102.5
292  192  2025-06-09 22-06-13  1699.2  18540.9  -15147.1  208.806  14094.6
293  192  2025-06-09 22-06-13  1700.8  18550.3  -15149.5  208.864  14104.3
294  192  2025-06-09 22-06-13  1702.4  18559.7  -15151.9  208.922  14096.4
295  192  2025-06-09 22-06-13  1704  18569.1  -15154.1  208.979  14088.4
296  192  2025-06-09 22-06-13  1705.6  18578.5  -15156.5  209.037  14098.1
297  192  2025-06-09 22-06-13  1707.2  18588  -15158.8  209.094  14090.1
298  192  2025-06-09 22-06-13  1708.8  18597.4  -15161.2  209.152  14099.8
299  192  2025-06-09 22-06-13  1710.4  18606.8  -15163.5  209.209  14091.8
300  192  2025-06-09 22-06-13  1712  18616.3  -15165.9  209.267  14101.5
301  192  2025-06-09 22-06-13  1713.6  18625.7  -15168.2  209.324  14093.5
302  192  2025-06-09 22-06-13  1715.2  18635.1  -15170.7  209.382  14103.2
303  192  2025-06-09 22-06-13  1716.8  18644.6  -15173  209.44  14095.3
304  192  2025-06-09 22-06-13  1718.4  18654  -15175.5  209.497  14105
305  192  2025-06-09 22-06-13  1720  18663.5  -15177.8  209.555  14097.1
306  192  2025-06-09 22-06-13  1721.6  18673  -15180.1  209.612  14089.1
307  192  2025-06-09 22-06-13  1723.2  18682.5  -15182.5  209.67  14098.8
308  192  2025-06-09 22-06-13  1724.8  18692  -15184.8  209.727  14090.8
309  192  2025-06-09 22-06-13  1726.4  18701.4  -15187.2  209.785  14100.5
310  192  2025-06-09 22-06-13  1728  18710.9  -15189.6  209.842  14092.5
311  192  2025-06-09 22-06-13  1729.6  18720.4  -15192  209.9  14102.2
312  192  2025-06-09 22-06-13  1731.2  18729.9  -15194.4  209.958  14094.2
313  192  2025-06-09 22-06-13  1732.8  18739.4  -15196.8  210.015  14104
314  192  2025-06-09 22-06-13  1734.4  18748.9  -15199.2  210.073  14096
315  192  2025-06-09 22-06-13  1736  18758.5  -15201.5  210.13  14088
316  192  2025-06-09 22-06-13  1737.6  18768  -15203.9  210.188  14097.6
317  192  2025-06-09 22-06-13  1739.2  18777.5  -15206.2  210.245  14089.6
318  192  2025-06-09 22-06-13  1740.8  18787.1  -15208.6  210.303  14099.3
319  192  2025-06-09 22-06-13  1742.4  18796.6  -15210.9  210.36  14091.3
320  192  2025-06-09 22-06-13  1744  18806.2  -15213.4  210.418  14101
321  192  2025-06-09 22-06-13  1745.6  18815.7  -15215.7  210.476  14093
322  192  2025-06-09 22-06-13  1747.2  18825.3  -15218.2  210.533  14102.7
323  192  2025-06-09 22-06-13  1748.8  18834.8  -15220.5  210.591  14094.8
324  192  2025-06-09 22-06-13  1750.4  18844.4  -15222.8  210.648  14086.7
325  192  2025-06-09 22-06-13  1752  18854  -15225.2  210.706  14096.4
326  192  2025-06-09 22-06-13  1753.6  18863.6  -15227.5  210.763  14088.3
327  192  2025-06-09 22-06-13  1755.2  18873.2  -15229.9  210.821  14098
328  192  2025-06-09 22-06-13  1756.8  18882.8  -15232.3  210.878  14090
329  192  2025-06-09 22-06-13  1758.4  18892.4  -15234.7  210.936  14099.6
330  192  2025-06-09 22-06-13  1760  18902  -15237  210.994  14091.6
331  192  2025-06-09 22-06-13  1761.6  18911.6  -15239.5  211.051  14101.3
332  192  2025-06-09 22-06-13  1763.2  18921.2  -15241.9  211.109  14093.4
333  192  2025-06-09 22-06-13  1764.8  18930.9  -15244.2  211.166  14085.3
334  192  2025-06-09 22-06-13  1766.4  18940.5  -15246.5  211.224  14094.9
335  192  2025-06-09 22-06-13  1768  18950.2  -15248.8  211.281  14086.9
336  192  2025-06-09 22-06-13  1769.6  18959.8  -15251.3  211.339  14096.5
337  192  2025-06-09 22-06-13  1771.2  18969.5  -15253.6  211.396  14088.5
338  192  2025-06-09 22-06-13  1772.8  18979.1  -15256  211.454  14098.2
339  192  2025-06-09 22-06-13  1774.4  18988.8  -15258.4  211.512  14090.1
340  192  2025-06-09 22-06-13  1776  18998.4  -15260.8  211.569  14099.8
341  192  2025-06-09 22-06-13  1777.6  19008.1  -15263.2  211.627  14091.8
342  192  2025-06-09 22-06-13  1779.2  19017.8  -15265.6  211.684  14101.5
343  192  2025-06-09 22-06-13  1780.8  19027.5  -15268  211.742  14093.5
344  192  2025-06-09 22-06-13  1782.4  19037.2  -15270.3  211.799  14085.5
345  192  2025-06-09 22-06-13  1784  19046.9  -15272.7  211.857  14095.1
346  192  2025-06-09 22-06-13  1785.6  19056.6  -15275.1  211.914  14087.1
347  192  2025-06-09 22-06-13  1787.2  19066.3  -15277.5  211.972  14096.7
348  192  2025-06-09 22-06-13  1788.8  19076  -15279.8  212.03  14088.7
349  192  2025-06-09 22-06-13  1790.4  19085.7  -15282.3  212.087  14098.3
350  192  2025-06-09 22-06-13  1792  19095.4  -15284.6  212.145  14090.3
351  192  2025-06-09 22-06-13  1793.6  19105.1  -15287.1  212.202  14100
352  192  2025-06-09 22-06-13  1795.2  19114.9  -15289.5  212.26  14092
353  192  2025-06-09 22-06-13  1796.8  19124.7  -15291.8  212.317  14083.9
354  192  2025-06-09 22-06-13  1798.4  19134.4  -15294.2  212.375  14093.5
355  192  2025-06-09 22-06-13  1800  19144.2  -15296.5  212.432  14085.5
356  192  2025-06-09 22-06-13  1801.6  19153.9  -15298.9  212.49  14095.1
357  192  2025-06-09 22-06-13  1803.2  19163.7  -15301.3  212.548  14087.1
358  192  2025-06-09 22-06-13  1804.8  19173.5  -15303.7  212.605  14096.7
359  192  2025-06-09 22-06-13  1806.4  19183.2  -15306.1  212.663  14088.7
360  192  2025-06-09 22-06-13  1808  19193  -15308.5  212.72  14098.3
361  192  2025-06-09 22-06-13  1809.6  19202.8  -15310.9  212.778  14090.3
362  192  2025-06-09 22-06-13  1811.2  19212.6  -15313.2  212.835  14082.2
363  192  2025-06-09 22-06-13  1812.8  19222.4  -15315.6  212.893  14091.8
364  192  2025-06-09 22-06-13  1814.4  19232.3  -15317.9  212.95  14083.7
365  192  2025-06-09 22-06-13  1816  19242.1  -15320.3  213.008  14093.4
366  192  2025-06-09 22-06-13  1817.6  19251.9  -15322.6  213.066  14085.3
367  192  2025-06-09 22-06-13  1819.2  19261.7  -15325.1  213.123  14094.9
368  192  2025-06-09 22-06-13  1820.8  19271.6  -15327.4  213.181  14086.9
369  192  2025-06-09 22-06-13  1822.4  19281.4  -15329.9  213.238  14096.5
370  192  2025-06-09 22-06-13  1824  19291.2  -15332.3  213.296  14088.5
371  192  2025-06-09 22-06-13  1825.6  19301.1  -15334.7  213.353  14098.2
372  192  2025-06-09 22-06-13  1827.2  19310.9  -15337.1  213.411  14090.1
373  192  2025-06-09 22-06-13  1828.8  19320.8  -15339.4  213.468  14082
374  192  2025-06-09 22-06-13  1830.4  19330.7  -15341.8  213.526  14091.6
375  192  2025-06-09 22-06-13  1832  19340.5  -15344.2  213.584  14083.6
376  192  2025-06-09 22-06-13  1833.6  19350.4  -15346.6  213.641  14093.2
377  192  2025-06-09 22-06-13  1835.2  19360.3  -15348.9  213.699  14085.1
378  192  2025-06-09 22-06-13  1836.8  19370.2  -15351.4  213.756  14094.8
379  192  2025-06-09 22-06-13  1838.4  19380.1  -15353.7  213.814  14086.7
380  192  2025-06-09 22-06-13  1840  19390  -15356.2  213.871  14096.4
381  192  2025-06-09 22-06-13  1841.6  19399.9  -15358.6  213.929  14088.3
382  192  2025-06-09 22-06-13  1843.2  19409.8  -15361.1  213.986  14098
383  192  2025-06-09 22-06-13  1844.8  19419.7  -15363.5  214.044  14090
384  192  2025-06-09 22-06-13  1846.4  19429.6  -15365.8  214.102  14081.9
385  192  2025-06-09 22-06-13  1848  19439.6  -15368.2  214.159  14091.5
386  192  2025-06-09 22-06-13  1849.6  19449.5  -15370.6  214.217  14083.4
387  192  2025-06-09 22-06-13  1851.2  19459.4  -15373  214.274  14093
388  192  2025-06-09 22-06-13  1852.8  19469.4  -15375.4  214.332  14084.9
389  192  2025-06-09 22-06-13  1854.4  19479.3  -15377.8  214.389  14094.6
390  192  2025-06-09 22-06-13  1856  19489.3  -15380.2  214.447  14086.5
391  192  2025-06-09 22-06-13  1857.6  19499.2  -15382.7  214.504  14096.2
392  192  2025-06-09 22-06-13  1859.2  19509.2  -15385.1  214.562  14088.1
393  192  2025-06-09 22-06-13  1860.8  19519.2  -15387.4  214.62  14080
394  192  2025-06-09 22-06-13  1862.4  19529.2  -15389.8  214.677  14089.6
395  192  2025-06-09 22-06-13  1864  19539.2  -15392.1  214.735  14081.5
396  192  2025-06-09 22-06-13  1865.6  19549.2  -15394.6  214.792  14091.1
397  192  2025-06-09 22-06-13  1867.2  19559.2  -15396.9  214.85  14083
398  192  2025-06-09 22-06-13  1868.8  19569.2  -15399.4  214.907  14092.7
399  192  2025-06-09 22-06-13  1870.4  19579.2  -15401.7  214.965  14084.6
400  192  2025-06-09 22-06-13  1872  19589.2  -15404.2  215.022  14094.2
401  192  2025-06-09 22-06-13  1873.6  19599.3  -15406.6  215.08  14086.2
402  192  2025-06-09 22-06-13  1875.2  19609.3  -15409.1  215.138  14095.8
403  192  2025-06-09 22-06-13  1876.8  19619.3  -15411.5  215.195  14087.8
404  192  2025-06-09 22-06-13  1878.4  19629.4  -15413.8  215.253  14079.7
405  192  2025-06-09 22-06-13  1880  19639.4  -15416.2  215.31  14089.3
406  192  2025-06-09 22-06-13  1881.6  19649.5  -15418.6  215.368  14081.2
407  192  2025-06-09 22-06-13  1883.2  19659.5  -15421  215.425  14090.8
408  192  2025-06-09 22-06-13  1884.8  19669.6  -15423.4  215.483  14082.7
409  192  2025-06-09 22-06-13  1886.4  19679.6  -15425.8  215.54  14092.3
410  192  2025-06-09 22-06-13  1888  19689.7  -15428.2  215.598  14084.2
411  192  2025-06-09 22-06-13  1889.6  19699.8  -15430.7  215.656  14093.9
412  192  2025-06-09 22-06-13  1891.2  19709.9  -15433.1  215.713  14085.8
413  192  2025-06-09 22-06-13  1892.8  19720  -15435.4  215.771  14077.7
414  192  2025-06-09 22-06-13  1894.4  19730.1  -15437.8  215.828  14087.3
415  192  2025-06-09 22-06-13  1896  19740.2  -15440.1  215.886  14079.2
416  192  2025-06-09 22-06-13  1897.6  19750.3  -15442.6  215.943  14088.7
417  192  2025-06-09 22-06-13  1899.2  19760.5  -15444.9  216.001  14080.6
418  192  2025-06-09 22-06-13  1900.8  19770.6  -15447.4  216.058  14090.2
419  192  2025-06-09 22-06-13  1902.4  19780.7  -15449.7  216.116  14082.2
420  192  2025-06-09 22-06-13  1904  19790.8  -15452.2  216.174  14091.8
421  192  2025-06-09 22-06-13  1905.6  19801  -15454.6  216.231  14083.7
422  192  2025-06-09 22-06-13  1907.2  19811.1  -15457.1  216.289  14093.3
423  192  2025-06-09 22-06-13  1908.8  19821.3  -15459.5  216.346  14085.3
424  192  2025-06-09 22-06-13  1910.4  19831.4  -15461.8  216.404  14077.2
425  192  2025-06-09 22-06-13  1912  19841.6  -15464.2  216.461  14086.7
426  192  2025-06-09 22-06-13  1913.6  19851.8  -15466.6  216.519  14078.6
427  192  2025-06-09 22-06-13  1915.2  19862  -15469  216.576  14088.2
428  192  2025-06-09 22-06-13  1916.8  19872.2  -15471.4  216.634  14080.1
429  192  2025-06-09 22-06-13  1918.4  19882.3  -15473.8  216.692  14089.7
430  192  2025-06-09 22-06-13  1920  19892.5  -15476.2  216.749  14081.6
431  192  2025-06-09 22-06-13  1921.6  19902.7  -15478.7  216.807  14091.2
432  192  2025-06-09 22-06-13  1923.2  19912.9  -15481.1  216.864  14083.2
433  192  2025-06-09 22-06-13  1924.8  19923.1  -15483.6  216.922  14092.8
434  192  2025-06-09 22-06-13  1926.4  19933.3  -15486  216.979  14084.8
435  192  2025-06-09 22-06-13  1928  19943.6  -15488.3  217.037  14076.6
436  192  2025-06-09 22-06-13  1929.6  19953.8  -15490.8  217.094  14086.2
437  192  2025-06-09 22-06-13  1931.2  19964  -15493.1  217.152  14078.1
438  192  2025-06-09 22-06-13  1932.8  19974.3  -15495.6  217.21  14087.7
439  192  2025-06-09 22-06-13  1934.4  19984.5  -15497.9  217.267  14079.6
440  192  2025-06-09 22-06-13  1936  19994.8  -15500.4  217.325  14089.2
441  192  2025-06-09 22-06-13  1937.6  20005  -15502.8  217.382  14081.1
442  192  2025-06-09 22-06-13  1939.2  20015.3  -15505.3  217.44  14090.7
443  192  2025-06-09 22-06-13  1940.8  20025.6  -15507.7  217.497  14082.7
444  192  2025-06-09 22-06-13  1942.4  20035.9  -15510  217.555  14074.5
445  192  2025-06-09 22-06-13  1944  20046.1  -15512.4  217.612  14084.1
446  192  2025-06-09 22-06-13  1945.6  20056.4  -15514.7  217.67  14075.9
447  192  2025-06-09 22-06-13  1947.2  20066.7  -15517.2  217.728  14085.5
448  192  2025-06-09 22-06-13  1948.8  20077  -15519.5  217.785  14077.4
449  192  2025-06-09 22-06-13  1950.4  20087.3  -15522  217.843  14087
450  192  2025-06-09 22-06-13  1952  20097.7  -15524.4  217.9  14078.9
451  192  2025-06-09 22-06-13  1953.6  20108  -15526.8  217.958  14088.5
452  192  2025-06-09 22-06-13  1955.2  20118.3  -15529.2  218.015  14080.4
453  192  2025-06-09 22-06-13  1956.8  20128.6  -15531.7  218.073  14090
454  192  2025-06-09 22-06-13  1958.4  20138.9  -15534.1  218.13  14082
455  192  2025-06-09 22-06-13  1960  20149.3  -15536.5  218.188  14073.8
456  192  2025-06-09 22-06-13  1961.6  20159.6  -15538.9  218.246  14083.4
457  192  2025-06-09 22-06-13  1963.2  20170  -15541.2  218.303  14075.2
458  192  2025-06-09 22-06-13  1964.8  20180.4  -15543.7  218.361  14084.8
459  192  2025-06-09 22-06-13  1966.4  20190.7  -15546  218.418  14076.7
460  192  2025-06-09 22-06-13  1968  20201.1  -15548.5  218.476  14086.3
461  192  2025-06-09 22-06-13  1969.6  20211.5  -15550.9  218.533  14078.2
462  192  2025-06-09 22-06-13  1971.2  20221.8  -15553.4  218.591  14087.8
463  192  2025-06-09 22-06-13  1972.8  20232.2  -15555.8  218.648  14079.7
464  192  2025-06-09 22-06-13  1974.4  20242.6  -15558.3  218.706  14089.3
465  192  2025-06-09 22-06-13  1976  20253  -15560.7  218.764  14081.2
466  192  2025-06-09 22-06-13  1977.6  20263.4  -15563  218.821  14073.1
467  192  2025-06-09 22-06-13  1979.2  20273.8  -15565.4  218.879  14082.7
468  192  2025-06-09 22-06-13  1980.8  20284.3  -15567.8  218.936  14074.5
469  192  2025-06-09 22-06-13  1982.4  20294.7  -15570.2  218.994  14084.1
470  192  2025-06-09 22-06-13  1984  20305.1  -15572.6  219.051  14076
471  192  2025-06-09 22-06-13  1985.6  20315.6  -15575.1  219.109  14085.6
472  192  2025-06-09 22-06-13  1987.2  20326  -15577.4  219.167  14077.5
473  192  2025-06-09 22-06-13  1988.8  20336.4  -15579.9  219.224  14087.1
474  192  2025-06-09 22-06-13  1990.4  20346.9  -15582.3  219.282  14079
475  192  2025-06-09 22-06-13  1992  20357.3  -15584.9  219.339  14088.6
476  192  2025-06-09 22-06-13  1993.6  20367.8  -15587.3  219.397  14080.5
477  192  2025-06-09 22-06-13  1995.2  20378.3  -15589.6  219.454  14072.4
478  192  2025-06-09 22-06-13  1996.8  20388.7  -15592  219.512  14082
479  192  2025-06-09 22-06-13  1998.4  20399.2  -15594.4  219.569  14073.8
480  192  2025-06-09 22-06-13  2000  20409.7  -15596.9  219.627  14083.4
481  192  2025-06-09 22-06-13  2001.6  20420.2  -15599.2  219.685  14075.3
482  192  2025-06-09 22-06-13  2003.2  20430.7  -15601.7  219.742  14084.9
483  192  2025-06-09 22-06-13  2004.8  20441.2  -15604.1  219.8  14076.8
484  192  2025-06-09 22-06-13  2006.4  20451.7  -15606.6  219.857  14086.4
485  192  2025-06-09 22-06-13  2008  20462.2  -15609  219.915  14078.3
486  192  2025-06-09 22-06-13  2009.6  20472.8  -15611.3  219.972  14070.1
487  192  2025-06-09 22-06-13  2011.2  20483.3  -15613.7  220.03  14079.7
488  192  2025-06-09 22-06-13  2012.8  20493.9  -15616.1  220.087  14071.5
489  192  2025-06-09 22-06-13  2014.4  20504.4  -15618.5  220.145  14081.1
490  192  2025-06-09 22-06-13  2016  20515  -15620.9  220.203  14072.9
491  192  2025-06-09 22-06-13  2017.6  20525.5  -15623.3  220.26  14082.5
492  192  2025-06-09 22-06-13  2019.2  20536.1  -15625.7  220.318  14074.4
493  192  2025-06-09 22-06-13  2020.8  20546.6  -15628.2  220.375  14084
494  192  2025-06-09 22-06-13  2022.4  20557.2  -15630.6  220.433  14075.9
495  192  2025-06-09 22-06-13  2024  20567.7  -15633.1  220.49  14085.5
496  192  2025-06-09 22-06-13  2025.6  20578.3  -15635.5  220.548  14077.4
497  192  2025-06-09 22-06-13  2027.2  20588.9  -15637.8  220.605  14069.2
498  192  2025-06-09 22-06-13  2028.8  20599.5  -15640.2  220.663  14078.8
499  192  2025-06-09 22-06-13  2030.4  20610.2  -15642.6  220.721  14070.6
500  192  2025-06-09 22-06-13  2032  20620.7  -15645  220.778  14080.2
501  192  2025-06-09 22-06-13  2033.6  20631.4  -15647.4  220.836  14072.1
502  192  2025-06-09 22-06-13  2035.2  20642  -15649.9  220.893  14081.6
503  192  2025-06-09 22-06-13  2036.8  20652.6  -15652.2  220.951  14073.5
504  192  2025-06-09 22-06-13  2038.4  20663.2  -15654.7  221.008  14083.1
505  192  2025-06-09 22-06-13  2040  20673.9  -15657.1  221.066  14075
506  192  2025-06-09 22-06-13  2041.6  20684.5  -15659.6  221.123  14084.6
507  192  2025-06-09 22-06-13  2043.2  20695.1  -15662  221.181  14076.5
508  192  2025-06-09 22-06-13  2044.8  20705.8  -15664.4  221.239  14068.4
509  192  2025-06-09 22-06-13  2046.4  20716.5  -15666.8  221.296  14077.9
510  192  2025-06-09 22-06-13  2048  20727.1  -15669.1  221.354  14069.8
511  192  2025-06-09 22-06-13  2049.6  20737.8  -15671.6  221.411  14079.3
512  192  2025-06-09 22-06-13  2051.2  20748.5  -15674  221.469  14071.2
513  192  2025-06-09 22-06-13  2052.8  20759.2  -15676.4  221.526  14080.8
514  192  2025-06-09 22-06-13  2054.4  20769.9  -15678.8  221.584  14072.6
515  192  2025-06-09 22-06-13  2056  20780.5  -15681.3  221.641  14082.2
516  192  2025-06-09 22-06-13  2057.6  20791.2  -15683.7  221.699  14074.1
517  192  2025-06-09 22-06-13  2059.2  20801.9  -15686.2  221.757  14083.7
518  192  2025-06-09 22-06-13  2060.8  20812.6  -15688.6  221.814  14075.6
519  192  2025-06-09 22-06-13  2062.4  20823.4  -15691  221.872  14067.5
520  192  2025-06-09 22-06-13  2064  20834.1  -15693.4  221.929  14077
521  192  2025-06-09 22-06-13  2065.6  20844.8  -15695.7  221.987  14068.9
522  192  2025-06-09 22-06-13  2067.2  20855.6  -15698.2  222.044  14078.4
523  192  2025-06-09 22-06-13  2068.8  20866.3  -15700.6  222.102  14070.3
524  192  2025-06-09 22-06-13  2070.4  20877.1  -15703  222.159  14079.9
525  192  2025-06-09 22-06-13  2072  20887.8  -15705.4  222.217  14071.8
526  192  2025-06-09 22-06-13  2073.6  20898.6  -15707.9  222.275  14081.3
527  192  2025-06-09 22-06-13  2075.2  20909.3  -15710.3  222.332  14073.2
528  192  2025-06-09 22-06-13  2076.8  20920.1  -15712.8  222.39  14082.8
529  192  2025-06-09 22-06-13  2078.4  20930.9  -15715.3  222.447  14074.8
530  192  2025-06-09 22-06-13  2080  20941.7  -15717.6  222.505  14066.6
531  192  2025-06-09 22-06-13  2081.6  20952.4  -15720  222.562  14076.1
532  192  2025-06-09 22-06-13  2083.2  20963.2  -15722.4  222.62  14068
533  192  2025-06-09 22-06-13  2084.8  20974  -15724.8  222.677  14077.6
534  192  2025-06-09 22-06-13  2086.4  20984.9  -15727.2  222.735  14069.4
535  192  2025-06-09 22-06-13  2088  20995.7  -15729.7  222.793  14079
536  192  2025-06-09 22-06-13  2089.6  21006.5  -15732.1  222.85  14070.9
537  192  2025-06-09 22-06-13  2091.2  21017.3  -15734.6  222.908  14080.5
538  192  2025-06-09 22-06-13  2092.8  21028.1  -15737  222.965  14072.4
539  192  2025-06-09 22-06-13  2094.4  21039  -15739.3  223.023  14064.2
540  192  2025-06-09 22-06-13  2096  21049.8  -15741.7  223.08  14073.7
541  192  2025-06-09 22-06-13  2097.6  21060.7  -15744  223.138  14065.6
542  192  2025-06-09 22-06-13  2099.2  21071.5  -15746.5  223.195  14075.1
543  192  2025-06-09 22-06-13  2100.8  21082.4  -15748.8  223.253  14066.9
544  192  2025-06-09 22-06-13  2102.4  21093.3  -15751.3  223.311  14076.5
545  192  2025-06-09 22-06-13  2104  21104.1  -15753.7  223.368  14068.4
546  192  2025-06-09 22-06-13  2105.6  21115  -15756.1  223.426  14077.9
547  192  2025-06-09 22-06-13  2107.2  21125.9  -15758.5  223.483  14069.8
548  192  2025-06-09 22-06-13  2108.8  21136.8  -15761  223.541  14079.4
549  192  2025-06-09 22-06-13  2110.4  21147.7  -15763.4  223.598  14071.3
550  192  2025-06-09 22-06-13  2112  21158.6  -15765.7  223.656  14063.1
551  192  2025-06-09 22-06-13  2113.6  21169.5  -15768.2  223.713  14072.7
552  192  2025-06-09 22-06-13  2115.2  21180.4  -15770.5  223.771  14064.5
553  192  2025-06-09 22-06-13  2116.8  21191.3  -15772.9  223.829  14074
554  192  2025-06-09 22-06-13  2118.4  21202.3  -15775.3  223.886  14065.9
555  192  2025-06-09 22-06-13  2120  21213.2  -15777.8  223.944  14075.4
556  192  2025-06-09 22-06-13  2121.6  21224.1  -15780.1  224.001  14067.3
557  192  2025-06-09 22-06-13  2123.2  21235.1  -15782.6  224.059  14076.9
558  192  2025-06-09 22-06-13  2124.8  21246  -15785  224.116  14068.8
559  192  2025-06-09 22-06-13  2126.4  21257  -15787.5  224.174  14078.3
560  192  2025-06-09 22-06-13  2128  21267.9  -15789.9  224.231  14070.3
561  192  2025-06-09 22-06-13  2129.6  21278.9  -15792.2  224.289  14062.1
562  192  2025-06-09 22-06-13  2131.2  21289.9  -15794.6  224.347  14071.6
563  192  2025-06-09 22-06-13  2132.8  21300.9  -15797  224.404  14063.4
564  192  2025-06-09 22-06-13  2134.4  21311.9  -15799.4  224.462  14073
565  192  2025-06-09 22-06-13  2136  21322.9  -15801.8  224.519  14064.8
566  192  2025-06-09 22-06-13  2137.6  21333.8  -15804.2  224.577  14074.4
567  192  2025-06-09 22-06-13  2139.2  21344.9  -15806.6  224.634  14066.3
568  192  2025-06-09 22-06-13  2140.8  21355.8  -15809.1  224.692  14075.8
569  192  2025-06-09 22-06-13  2142.4  21366.9  -15811.5  224.749  14067.7
570  192  2025-06-09 22-06-13  2144  21377.9  -15814  224.807  14077.3
571  192  2025-06-09 22-06-13  2145.6  21388.9  -15816.4  224.865  14069.2
572  192  2025-06-09 22-06-13  2147.2  21399.9  -15818.7  224.922  14061
573  192  2025-06-09 22-06-13  2148.8  21411  -15821.1  224.98  14070.5
574  192  2025-06-09 22-06-13  2150.4  21422  -15823.5  225.037  14062.4
575  192  2025-06-09 22-06-13  2152  21433.1  -15825.9  225.095  14071.9
576  192  2025-06-09 22-06-13  2153.6  21444.1  -15828.3  225.152  14063.8
577  192  2025-06-09 22-06-13  2155.2  21455.2  -15830.7  225.21  14073.3
578  192  2025-06-09 22-06-13  2156.8  21466.3  -15833.1  225.267  14065.2
579  192  2025-06-09 22-06-13  2158.4  21477.3  -15835.6  225.325  14074.8
580  192  2025-06-09 22-06-13  2160  21488.4  -15838  225.383  14066.7
581  192  2025-06-09 22-06-13  2161.6  21499.5  -15840.5  225.44  14076.2
582  192  2025-06-09 22-06-13  2163.2  21510.6  -15842.9  225.498  14068.1
583  192  2025-06-09 22-06-13  2164.8  21521.7  -15845.2  225.555  14060
584  192  2025-06-09 22-06-13  2166.4  21532.8  -15847.6  225.613  14069.5
585  192  2025-06-09 22-06-13  2168  21543.9  -15850  225.67  14061.3
586  192  2025-06-09 22-06-13  2169.6  21555  -15852.4  225.728  14070.9
587  192  2025-06-09 22-06-13  2171.2  21566.1  -15854.8  225.785  14062.7
588  192  2025-06-09 22-06-13  2172.8  21577.3  -15857.2  225.843  14072.3
589  192  2025-06-09 22-06-13  2174.4  21588.4  -15859.6  225.901  14064.1
590  192  2025-06-09 22-06-13  2176  21599.5  -15862.1  225.958  14073.7
591  192  2025-06-09 22-06-13  2177.6  21610.7  -15864.5  226.016  14065.6
592  192  2025-06-09 22-06-13  2179.2  21621.8  -15867  226.073  14075.2
593  192  2025-06-09 22-06-13  2180.8  21633  -15869.4  226.131  14067.1
594  192  2025-06-09 22-06-13  2182.4  21644.1  -15871.7  226.188  14058.9
595  192  2025-06-09 22-06-13  2184  21655.3  -15874.1  226.246  14068.4
596  192  2025-06-09 22-06-13  2185.6  21666.5  -15876.5  226.303  14060.3
597  192  2025-06-09 22-06-13  2187.2  21677.7  -15878.9  226.361  14069.8
