SN    USVID    CurTime    simTime    CurX    CurY    CurVel      CurYaw   
0  144  2025-06-09 22-19-02  0  2440  14512  192  2672
1  144  2025-06-09 22-19-02  1.6  2448.01  14511.9  192.058  2680.08
2  144  2025-06-09 22-19-02  3.2  2456.02  14511.8  192.115  2688.24
3  144  2025-06-09 22-19-02  4.8  2464.03  14511.6  192.173  2696.48
4  144  2025-06-09 22-19-02  6.4  2472.05  14511.3  192.23  2704.8
5  144  2025-06-09 22-19-02  8  2480.07  14510.9  192.288  2713.2
6  144  2025-06-09 22-19-02  9.6  2488.09  14510.5  192.345  2721.68
7  144  2025-06-09 22-19-02  11.2  2496.12  14510  192.403  2730.24
8  144  2025-06-09 22-19-02  12.8  2504.14  14509.4  192.46  2738.88
9  144  2025-06-09 22-19-02  14.4  2512.16  14508.7  192.518  2747.6
10  144  2025-06-09 22-19-02  128  2520.19  14508  192.576  2756.4
11  144  2025-06-09 22-19-02  129.6  2528.21  14507.2  192.633  2765.28
12  144  2025-06-09 22-19-02  131.2  2536.23  14506.3  192.691  2774.24
13  144  2025-06-09 22-19-02  132.8  2544.25  14505.4  192.748  2775.2
14  144  2025-06-09 22-19-02  134.4  2552.28  14504.4  192.806  2776.16
15  144  2025-06-09 22-19-02  136  2560.31  14503.5  192.863  2777.12
16  144  2025-06-09 22-19-02  137.6  2568.35  14502.6  192.921  2778.08
17  144  2025-06-09 22-19-02  139.2  2576.39  14501.6  192.978  2779.04
18  144  2025-06-09 22-19-02  140.8  2584.44  14500.7  193.036  2780
19  144  2025-06-09 22-19-02  142.4  2592.49  14499.7  193.094  2780.96
20  144  2025-06-09 22-19-02  144  2600.55  14498.8  193.151  2781.92
21  144  2025-06-09 22-19-02  145.6  2608.61  14497.8  193.209  2782.88
22  144  2025-06-09 22-19-02  147.2  2616.68  14496.8  193.266  2783.84
23  144  2025-06-09 22-19-02  148.8  2624.75  14495.8  193.324  2784.8
24  144  2025-06-09 22-19-02  150.4  2632.83  14494.8  193.381  2785.76
25  144  2025-06-09 22-19-02  152  2640.91  14493.8  193.439  2786.72
26  144  2025-06-09 22-19-02  153.6  2648.99  14492.7  193.496  2787.68
27  144  2025-06-09 22-19-02  155.2  2657.08  14491.7  193.554  2788.64
28  144  2025-06-09 22-19-02  156.8  2665.17  14490.7  193.612  2789.6
29  144  2025-06-09 22-19-02  158.4  2673.27  14489.6  193.669  2790.56
30  144  2025-06-09 22-19-02  160  2681.38  14488.6  193.727  2791.52
31  144  2025-06-09 22-19-02  161.6  2689.48  14487.5  193.784  2792.48
32  144  2025-06-09 22-19-02  163.2  2697.6  14486.4  193.842  2793.44
33  144  2025-06-09 22-19-02  164.8  2705.71  14485.3  193.899  2794.4
34  144  2025-06-09 22-19-02  166.4  2713.83  14484.2  193.957  2795.36
35  144  2025-06-09 22-19-02  168  2721.96  14483.1  194.014  2796.32
36  144  2025-06-09 22-19-02  169.6  2730.09  14482  194.072  2797.28
37  144  2025-06-09 22-19-02  171.2  2738.23  14480.9  194.13  2798.24
38  144  2025-06-09 22-19-02  172.8  2746.37  14479.7  194.187  2799.2
39  144  2025-06-09 22-19-02  174.4  2754.51  14478.6  194.245  2800.16
40  144  2025-06-09 22-19-02  176  2762.66  14477.4  194.302  2801.12
41  144  2025-06-09 22-19-02  177.6  2770.81  14476.3  194.36  2802.08
42  144  2025-06-09 22-19-02  179.2  2778.97  14475.1  194.417  2803.04
43  144  2025-06-09 22-19-02  180.8  2787.13  14473.9  194.475  2804
44  144  2025-06-09 22-19-02  182.4  2795.3  14472.7  194.532  2804.96
45  144  2025-06-09 22-19-02  184  2803.47  14471.5  194.59  2805.92
46  144  2025-06-09 22-19-02  185.6  2811.65  14470.3  194.648  2806.88
47  144  2025-06-09 22-19-02  187.2  2819.83  14469.1  194.705  2807.84
48  144  2025-06-09 22-19-02  188.8  2828.01  14467.8  194.763  2808.8
49  144  2025-06-09 22-19-02  190.4  14036.2  14466.6  194.82  2809.76
50  144  2025-06-09 22-19-02  192  14044.4  14465.3  194.878  2810.72
51  144  2025-06-09 22-19-02  193.6  14052.6  14464.1  194.935  2811.68
52  144  2025-06-09 22-19-02  195.2  14060.8  14462.8  194.993  2812.64
53  144  2025-06-09 22-19-02  196.8  14069  14461.5  195.05  2813.6
54  144  2025-06-09 22-19-02  198.4  14077.2  14460.3  195.108  2814.56
55  144  2025-06-09 22-19-02  200  14085.4  14459  195.166  2815.52
56  144  2025-06-09 22-19-02  201.6  14093.6  14457.7  195.223  2816.48
57  144  2025-06-09 22-19-02  203.2  14101.9  14456.3  195.281  2817.44
58  144  2025-06-09 22-19-02  204.8  14110.1  14455  195.338  2818.4
59  144  2025-06-09 22-19-02  206.4  14118.3  14453.7  195.396  2819.36
60  144  2025-06-09 22-19-02  208  14126.6  14452.3  195.453  2820.32
61  144  2025-06-09 22-19-02  209.6  14134.8  14451  195.511  2821.28
62  144  2025-06-09 22-19-02  211.2  14143  14449.6  195.568  2822.24
63  144  2025-06-09 22-19-02  212.8  14151.3  14448.2  195.626  2823.2
64  144  2025-06-09 22-19-02  214.4  14159.5  14446.9  195.684  2824.16
65  144  2025-06-09 22-19-02  216  14167.8  14445.5  195.741  2825.12
66  144  2025-06-09 22-19-02  217.6  14176.1  14444.1  195.799  2826.08
67  144  2025-06-09 22-19-02  219.2  14184.3  14442.7  195.856  2827.04
68  144  2025-06-09 22-19-02  220.8  14192.6  14441.2  195.914  2828
69  144  2025-06-09 22-19-02  222.4  14200.9  14439.8  195.971  2828.96
70  144  2025-06-09 22-19-02  224  14209.2  14438.4  196.029  2829.92
71  144  2025-06-09 22-19-02  225.6  14217.4  14436.9  196.086  2830.88
72  144  2025-06-09 22-19-02  227.2  14225.7  14435.5  196.144  2831.84
73  144  2025-06-09 22-19-02  228.8  14234  14434  196.202  14032.8
74  144  2025-06-09 22-19-02  230.4  14242.3  14432.5  196.259  14033.8
75  144  2025-06-09 22-19-02  232  14250.6  14431  196.317  14034.7
76  144  2025-06-09 22-19-02  233.6  14258.9  14429.5  196.374  14035.7
77  144  2025-06-09 22-19-02  235.2  14267.2  14428  196.432  14036.6
78  144  2025-06-09 22-19-02  236.8  14275.5  14426.5  196.489  14037.6
79  144  2025-06-09 22-19-02  238.4  14283.9  14425  196.547  14038.6
80  144  2025-06-09 22-19-02  240  14292.2  14423.4  196.604  14039.5
81  144  2025-06-09 22-19-02  241.6  14300.5  14421.9  196.662  14040.5
82  144  2025-06-09 22-19-02  243.2  14308.8  14420.3  196.72  14041.4
83  144  2025-06-09 22-19-02  244.8  14317.2  14418.8  196.777  14042.4
84  144  2025-06-09 22-19-02  246.4  14325.5  14417.2  196.835  14043.4
85  144  2025-06-09 22-19-02  248  14333.8  14415.6  196.892  14044.3
86  144  2025-06-09 22-19-02  249.6  14342.2  14414  196.95  14045.3
87  144  2025-06-09 22-19-02  251.2  14350.5  14412.4  197.007  14046.2
88  144  2025-06-09 22-19-02  252.8  14358.9  14410.8  197.065  14047.2
89  144  2025-06-09 22-19-02  254.4  14367.2  14409.1  197.122  14048.2
90  144  2025-06-09 22-19-02  256  14375.6  14407.5  197.18  14049.1
91  144  2025-06-09 22-19-02  257.6  14383.9  14405.9  197.238  14050.1
92  144  2025-06-09 22-19-02  259.2  14392.3  14404.2  197.295  14051
93  144  2025-06-09 22-19-02  260.8  14400.7  14402.5  197.353  14052
94  144  2025-06-09 22-19-02  262.4  14409.1  14400.9  197.41  14053
95  144  2025-06-09 22-19-02  264  14417.4  14399.2  197.468  14053.9
96  144  2025-06-09 22-19-02  265.6  14425.8  14397.5  197.525  14054.9
97  144  2025-06-09 22-19-02  267.2  14434.2  14395.8  197.583  14055.8
98  144  2025-06-09 22-19-02  268.8  14442.6  14394.1  197.641  14056.8
99  144  2025-06-09 22-19-02  270.4  14451  14392.3  197.698  14057.8
100  144  2025-06-09 22-19-02  1392  14459.4  14390.6  197.756  14058.7
101  144  2025-06-09 22-19-02  1393.6  14467.8  14388.9  197.813  14059.7
102  144  2025-06-09 22-19-02  1395.2  14476.2  14387.1  197.871  14060.6
103  144  2025-06-09 22-19-02  1396.8  14484.6  14385.3  197.928  14061.6
104  144  2025-06-09 22-19-02  1398.4  14493  14383.6  197.986  14062.6
105  144  2025-06-09 22-19-02  1400  14501.4  14381.8  198.043  14063.5
106  144  2025-06-09 22-19-02  1401.6  14509.9  14380  198.101  14064.5
107  144  2025-06-09 22-19-02  1403.2  14518.3  14378.2  198.159  14065.4
108  144  2025-06-09 22-19-02  1404.8  14526.7  14376.4  198.216  14066.4
109  144  2025-06-09 22-19-02  1406.4  14535.2  14374.6  198.274  14067.4
110  144  2025-06-09 22-19-02  1408  14543.6  14372.7  198.331  14068.3
111  144  2025-06-09 22-19-02  1409.6  14552  14370.9  198.389  14069.3
112  144  2025-06-09 22-19-02  1411.2  14560.5  14369  198.446  14070.2
113  144  2025-06-09 22-19-02  1412.8  14568.9  14367.2  198.504  14071.2
114  144  2025-06-09 22-19-02  1414.4  14577.4  14365.3  198.561  14072.2
115  144  2025-06-09 22-19-02  1416  14585.8  14363.4  198.619  14073.1
116  144  2025-06-09 22-19-02  1417.6  14594.3  14361.5  198.677  14074.1
117  144  2025-06-09 22-19-02  1419.2  14602.7  14359.6  198.734  14075
118  144  2025-06-09 22-19-02  1420.8  14611.2  14357.7  198.792  14076
119  144  2025-06-09 22-19-02  1422.4  14619.7  14355.8  198.849  14077
120  144  2025-06-09 22-19-02  1424  14628.1  14353.8  198.907  14077.9
121  144  2025-06-09 22-19-02  1425.6  14636.6  14351.9  198.964  14078.9
122  144  2025-06-09 22-19-02  1427.2  14645.1  14349.9  199.022  14079.8
123  144  2025-06-09 22-19-02  1428.8  14653.6  14347.9  199.079  14080.8
124  144  2025-06-09 22-19-02  1430.4  14662.1  14346  199.137  14081.8
125  144  2025-06-09 22-19-02  1432  14670.6  14344  199.195  14082.7
126  144  2025-06-09 22-19-02  1433.6  14679.1  14342  199.252  14083.7
127  144  2025-06-09 22-19-02  1435.2  14687.6  14340  199.31  14084.6
128  144  2025-06-09 22-19-02  1436.8  14696.1  14338  199.367  14085.6
129  144  2025-06-09 22-19-02  1438.4  14704.6  14335.9  199.425  14086.6
130  144  2025-06-09 22-19-02  1440  14713.1  14333.9  199.482  14087.5
131  144  2025-06-09 22-19-02  1441.6  14721.6  14331.8  199.54  14088.5
132  144  2025-06-09 22-19-02  1443.2  14730.1  14329.8  199.597  14089.4
133  144  2025-06-09 22-19-02  1444.8  14738.6  14327.7  199.655  14090.4
134  144  2025-06-09 22-19-02  1446.4  14747.1  14325.6  199.713  14091.4
135  144  2025-06-09 22-19-02  1448  14755.7  14323.6  199.77  14092.3
136  144  2025-06-09 22-19-02  1449.6  14764.2  14321.5  199.828  14093.3
137  144  2025-06-09 22-19-02  1451.2  14772.7  14319.3  199.885  14094.2
138  144  2025-06-09 22-19-02  1452.8  14781.2  14317.2  199.943  14095.2
139  144  2025-06-09 22-19-02  1454.4  14789.8  14315.1  200  14096.2
140  144  2025-06-09 22-19-02  1456  14798.3  14313  200.058  14097.1
141  144  2025-06-09 22-19-02  1457.6  14806.9  14310.8  200.115  14098.1
142  144  2025-06-09 22-19-02  1459.2  14815.4  14308.6  200.173  14099
143  144  2025-06-09 22-19-02  1460.8  14824  14306.5  200.231  14100
144  144  2025-06-09 22-19-02  1462.4  14832.5  14304.3  200.288  14101
145  144  2025-06-09 22-19-02  1464  14841.1  14302.1  200.346  14101.9
146  144  2025-06-09 22-19-02  1465.6  14849.6  14299.9  200.403  14102.9
147  144  2025-06-09 22-19-02  1467.2  14858.2  14297.7  200.461  14103.8
148  144  2025-06-09 22-19-02  1468.8  14866.8  14295.5  200.518  14104.8
149  144  2025-06-09 22-19-02  1470.4  14875.4  14293.2  200.576  14105.8
150  144  2025-06-09 22-19-02  1472  14883.9  14291  200.633  14106.7
151  144  2025-06-09 22-19-02  1473.6  14892.5  14288.7  200.691  14107.7
152  144  2025-06-09 22-19-02  1475.2  14901.1  14286.5  200.749  14108.6
153  144  2025-06-09 22-19-02  1476.8  14909.7  14284.2  200.806  14109.6
154  144  2025-06-09 22-19-02  1478.4  14918.3  14281.9  200.864  14110.6
155  144  2025-06-09 22-19-02  1480  14926.8  14279.6  200.921  14111.5
156  144  2025-06-09 22-19-02  1481.6  14935.4  14277.3  200.979  14112.5
157  144  2025-06-09 22-19-02  1483.2  14944  14275  201.036  14113.4
158  144  2025-06-09 22-19-02  1484.8  14952.6  14272.6  201.094  14114.4
159  144  2025-06-09 22-19-02  1486.4  14961.2  14270.3  201.151  14115.4
160  144  2025-06-09 22-19-02  1488  14969.8  14268  201.209  14116.3
161  144  2025-06-09 22-19-02  1489.6  14978.5  14265.6  201.267  14117.3
162  144  2025-06-09 22-19-02  1491.2  14987.1  14263.2  201.324  14118.2
163  144  2025-06-09 22-19-02  1492.8  14995.7  14260.8  201.382  14119.2
164  144  2025-06-09 22-19-02  1494.4  15004.3  14258.5  201.439  14120.2
165  144  2025-06-09 22-19-02  1496  15012.9  14256.1  201.497  14121.1
166  144  2025-06-09 22-19-02  1497.6  15021.5  14253.6  201.554  14122.1
167  144  2025-06-09 22-19-02  1499.2  15030.2  14251.2  201.612  14123
168  144  2025-06-09 22-19-02  1500.8  15038.8  14248.8  201.669  14124
169  144  2025-06-09 22-19-02  1502.4  15047.4  14246.3  201.727  14125
170  144  2025-06-09 22-19-02  1504  15056.1  14243.9  201.785  14125.9
171  144  2025-06-09 22-19-02  1505.6  15064.7  14241.4  201.842  14126.9
172  144  2025-06-09 22-19-02  1507.2  15073.4  14238.9  201.9  14127.8
173  144  2025-06-09 22-19-02  1508.8  15082  14236.5  201.957  14128.8
174  144  2025-06-09 22-19-02  1510.4  15090.6  14234  202.015  14129.8
175  144  2025-06-09 22-19-02  1512  15099.3  14231.4  202.072  14130.7
176  144  2025-06-09 22-19-02  1513.6  15108  14228.9  202.13  14131.7
177  144  2025-06-09 22-19-02  1515.2  15116.6  14226.4  202.187  14132.6
178  144  2025-06-09 22-19-02  1516.8  15125.3  14223.9  202.245  14133.6
179  144  2025-06-09 22-19-02  1518.4  15133.9  14221.3  202.303  14134.6
180  144  2025-06-09 22-19-02  1520  15142.6  14218.7  202.36  14135.5
181  144  2025-06-09 22-19-02  1521.6  15151.3  14216.2  202.418  14136.5
182  144  2025-06-09 22-19-02  1523.2  15159.9  14213.6  202.475  14137.4
183  144  2025-06-09 22-19-02  1524.8  15168.6  14211  202.533  14138.4
184  144  2025-06-09 22-19-02  1526.4  15177.3  14208.4  202.59  14139.4
185  144  2025-06-09 22-19-02  1528  15186  14205.8  202.648  14140.3
186  144  2025-06-09 22-19-02  1529.6  15194.6  14203.1  202.705  14141.3
187  144  2025-06-09 22-19-02  1531.2  15203.3  14200.5  202.763  14142.2
188  144  2025-06-09 22-19-02  1532.8  15212  14197.9  202.821  14143.2
189  144  2025-06-09 22-19-02  1534.4  15220.7  14195.2  202.878  14144.2
190  144  2025-06-09 22-19-02  1536  15229.4  14192.5  202.936  14145.1
191  144  2025-06-09 22-19-02  1537.6  15238.1  14189.9  202.993  14146.1
192  144  2025-06-09 22-19-02  1539.2  15246.8  14187.2  203.051  14147
193  144  2025-06-09 22-19-02  1540.8  15255.5  14184.5  203.108  14148
194  144  2025-06-09 22-19-02  1542.4  15264.2  14181.8  203.166  14149
195  144  2025-06-09 22-19-02  1544  15272.9  14179  203.223  14149.9
196  144  2025-06-09 22-19-02  1545.6  15281.6  14176.3  203.281  14150.9
197  144  2025-06-09 22-19-02  1547.2  15290.3  14173.5  203.339  14151.8
198  144  2025-06-09 22-19-02  1548.8  15299  14170.8  203.396  14152.8
199  144  2025-06-09 22-19-02  1550.4  15307.8  14168  203.454  14153.8
200  144  2025-06-09 22-19-02  1552  15316.5  14165.2  203.511  14154.7
201  144  2025-06-09 22-19-02  1553.6  15325.2  14162.5  203.569  14155.7
202  144  2025-06-09 22-19-02  1555.2  15333.9  14159.7  203.626  14156.6
203  144  2025-06-09 22-19-02  1556.8  15342.7  14156.8  203.684  14157.6
204  144  2025-06-09 22-19-02  1558.4  15351.4  14154  203.741  14158.6
205  144  2025-06-09 22-19-02  1560  15360.1  14151.2  203.799  14159.5
206  144  2025-06-09 22-19-02  1561.6  15368.8  14148.4  203.857  14160.5
207  144  2025-06-09 22-19-02  1563.2  15377.6  14145.5  203.914  14161.4
208  144  2025-06-09 22-19-02  1564.8  15386.3  14142.6  203.972  14162.4
209  144  2025-06-09 22-19-02  1566.4  15395.1  14139.8  204.029  14163.4
210  144  2025-06-09 22-19-02  1568  15403.8  14136.9  204.087  14164.3
211  144  2025-06-09 22-19-02  1569.6  15412.6  14134  204.144  14165.3
212  144  2025-06-09 22-19-02  1571.2  15421.3  14131.1  204.202  14166.2
213  144  2025-06-09 22-19-02  1572.8  15430.1  14128.1  204.259  14167.2
214  144  2025-06-09 22-19-02  1574.4  15438.8  14125.2  204.317  14168.2
215  144  2025-06-09 22-19-02  1576  15447.6  14122.3  204.375  14169.1
216  144  2025-06-09 22-19-02  1577.6  15456.3  14119.3  204.432  14170.1
217  144  2025-06-09 22-19-02  1579.2  15465.1  14116.4  204.49  14171
218  144  2025-06-09 22-19-02  1580.8  15473.9  14113.4  204.547  14172
219  144  2025-06-09 22-19-02  1582.4  15482.6  14110.4  204.605  14173
220  144  2025-06-09 22-19-02  1584  15491.4  14107.4  204.662  14173.9
221  144  2025-06-09 22-19-02  1585.6  15500.2  14104.4  204.72  14174.9
222  144  2025-06-09 22-19-02  1587.2  15508.9  14101.4  204.777  14175.8
223  144  2025-06-09 22-19-02  1588.8  15517.7  14098.3  204.835  14176.8
224  144  2025-06-09 22-19-02  1590.4  15526.5  14095.3  204.893  14177.8
225  144  2025-06-09 22-19-02  1592  15535.3  14092.2  204.95  14178.7
226  144  2025-06-09 22-19-02  1593.6  15544  14089.2  205.008  14179.7
227  144  2025-06-09 22-19-02  1595.2  15552.8  14086.1  205.065  14180.6
228  144  2025-06-09 22-19-02  1596.8  15561.6  14083  205.123  14181.6
229  144  2025-06-09 22-19-02  1598.4  15570.4  14079.9  205.18  14182.6
230  144  2025-06-09 22-19-02  1600  15579.2  14076.8  205.238  14183.5
231  144  2025-06-09 22-19-02  1601.6  15588  14073.7  205.295  14184.5
232  144  2025-06-09 22-19-02  1603.2  15596.8  14070.6  205.353  14185.4
233  144  2025-06-09 22-19-02  1604.8  15605.6  14067.4  205.411  14186.4
234  144  2025-06-09 22-19-02  1606.4  15614.4  14064.3  205.468  14187.4
235  144  2025-06-09 22-19-02  1608  15623.2  14061.1  205.526  14188.3
236  144  2025-06-09 22-19-02  1609.6  15632  14057.9  205.583  14189.3
237  144  2025-06-09 22-19-02  1611.2  15640.8  14054.8  205.641  14190.2
238  144  2025-06-09 22-19-02  1612.8  15649.6  14051.6  205.698  14191.2
239  144  2025-06-09 22-19-02  1614.4  15658.4  14048.4  205.756  14192.2
240  144  2025-06-09 22-19-02  1616  15667.2  14045.1  205.813  14193.1
241  144  2025-06-09 22-19-02  1617.6  15676  14041.9  205.871  14194.1
242  144  2025-06-09 22-19-02  1619.2  15684.8  14038.7  205.929  14195
243  144  2025-06-09 22-19-02  1620.8  15693.7  14035.4  205.986  14196
244  144  2025-06-09 22-19-02  1622.4  15702.5  14032.1  206.044  14197
245  144  2025-06-09 22-19-02  1624  15711.3  2828.87  206.101  14197.9
246  144  2025-06-09 22-19-02  1625.6  15720.1  2825.58  206.159  14198.9
247  144  2025-06-09 22-19-02  1627.2  15729  2822.28  206.216  14199.8
248  144  2025-06-09 22-19-02  1628.8  15737.8  2818.97  206.274  14200.8
249  144  2025-06-09 22-19-02  1630.4  15746.6  2815.65  206.331  14201.8
250  144  2025-06-09 22-19-02  1632  15755.4  2812.32  206.389  14202.7
251  144  2025-06-09 22-19-02  1633.6  15764.3  2808.98  206.447  14203.7
252  144  2025-06-09 22-19-02  1635.2  15773.1  2805.62  206.504  14204.6
253  144  2025-06-09 22-19-02  1636.8  15782  2802.26  206.562  14205.6
254  144  2025-06-09 22-19-02  1638.4  15790.8  2798.88  206.619  14206.6
255  144  2025-06-09 22-19-02  1640  15799.6  2795.49  206.677  14207.5
256  144  2025-06-09 22-19-02  1641.6  15808.5  2792.09  206.734  14208.5
257  144  2025-06-09 22-19-02  1643.2  15817.3  2788.68  206.792  14209.4
258  144  2025-06-09 22-19-02  1644.8  15826.2  2785.26  206.849  14210.4
259  144  2025-06-09 22-19-02  1646.4  15835  2781.83  206.907  14211.4
260  144  2025-06-09 22-19-02  1648  15843.9  2778.38  206.965  14212.3
261  144  2025-06-09 22-19-02  1649.6  15852.7  2774.93  207.022  14213.3
262  144  2025-06-09 22-19-02  1651.2  15861.6  2771.46  207.08  14214.2
263  144  2025-06-09 22-19-02  1652.8  15870.4  2767.98  207.137  14215.2
264  144  2025-06-09 22-19-02  1654.4  15879.3  2764.49  207.195  14216.2
265  144  2025-06-09 22-19-02  1656  15888.1  2760.99  207.252  14217.1
266  144  2025-06-09 22-19-02  1657.6  15897  2757.47  207.31  14218.1
267  144  2025-06-09 22-19-02  1659.2  15905.9  2753.95  207.367  14219
268  144  2025-06-09 22-19-02  1660.8  15914.7  2750.41  207.425  14220
269  144  2025-06-09 22-19-02  1662.4  15923.6  2746.87  207.483  14220.9
270  144  2025-06-09 22-19-02  1664  15932.4  2743.31  207.54  14221.9
271  144  2025-06-09 22-19-02  1665.6  15941.3  2739.74  207.598  14222.9
272  144  2025-06-09 22-19-02  1667.2  15950.2  2736.16  207.655  14223.8
273  144  2025-06-09 22-19-02  1668.8  15959.1  2732.56  207.713  14224.8
274  144  2025-06-09 22-19-02  1670.4  15967.9  2728.96  207.77  14225.7
275  144  2025-06-09 22-19-02  1672  15976.8  2725.34  207.828  14226.7
276  144  2025-06-09 22-19-02  1673.6  15985.7  2721.71  207.885  14227.7
277  144  2025-06-09 22-19-02  1675.2  15994.6  2718.08  207.943  14228.6
278  144  2025-06-09 22-19-02  1676.8  16003.4  2714.43  208.001  14229.6
279  144  2025-06-09 22-19-02  1678.4  16012.3  2710.76  208.058  14230.5
280  144  2025-06-09 22-19-02  1680  16021.2  2707.09  208.116  14231.5
281  144  2025-06-09 22-19-02  1681.6  16030.1  2703.4  208.173  14232.5
282  144  2025-06-09 22-19-02  1683.2  16039  2699.71  208.231  14233.4
283  144  2025-06-09 22-19-02  1684.8  16047.9  2696  208.288  14234.4
284  144  2025-06-09 22-19-02  1686.4  16056.7  2692.28  208.346  14235.3
285  144  2025-06-09 22-19-02  1688  16065.6  2688.55  208.404  14236.3
286  144  2025-06-09 22-19-02  1689.6  16074.5  2684.81  208.461  14237.3
287  144  2025-06-09 22-19-02  1691.2  16083.4  2681.05  208.519  14238.2
288  144  2025-06-09 22-19-02  1692.8  16092.3  2677.29  208.576  14239.2
289  144  2025-06-09 22-19-02  1694.4  16101.2  2673.51  208.634  14240.1
290  144  2025-06-09 22-19-02  1696  16110.1  2669.72  208.691  14241.1
291  144  2025-06-09 22-19-02  1697.6  16119  2665.92  208.749  14242.1
292  144  2025-06-09 22-19-02  1699.2  16127.9  2662.11  208.806  14243
293  144  2025-06-09 22-19-02  1700.8  16136.8  2658.29  208.864  14244
294  144  2025-06-09 22-19-02  1702.4  16145.7  2654.45  208.922  14244.9
295  144  2025-06-09 22-19-02  1704  16154.6  2650.6  208.979  14245.9
296  144  2025-06-09 22-19-02  1705.6  16163.5  2646.75  209.037  14246.9
297  144  2025-06-09 22-19-02  1707.2  16172.4  2642.88  209.094  14247.8
298  144  2025-06-09 22-19-02  1708.8  16181.3  2638.99  209.152  14248.8
299  144  2025-06-09 22-19-02  1710.4  16190.2  2635.1  209.209  14249.7
300  144  2025-06-09 22-19-02  1712  16199.1  2631.2  209.267  14250.7
301  144  2025-06-09 22-19-02  1713.6  16208  2627.28  209.324  14251.7
302  144  2025-06-09 22-19-02  1715.2  16216.9  2623.35  209.382  14252.6
303  144  2025-06-09 22-19-02  1716.8  16225.9  2619.41  209.44  14253.6
304  144  2025-06-09 22-19-02  1718.4  16234.8  2615.46  209.497  14254.5
305  144  2025-06-09 22-19-02  1720  16243.7  2611.5  209.555  14255.5
306  144  2025-06-09 22-19-02  1721.6  16252.6  2607.52  209.612  14256.5
307  144  2025-06-09 22-19-02  1723.2  16261.5  2603.54  209.67  14257.4
308  144  2025-06-09 22-19-02  1724.8  16270.4  2599.54  209.727  14258.4
309  144  2025-06-09 22-19-02  1726.4  16279.4  2595.53  209.785  14259.3
310  144  2025-06-09 22-19-02  1728  16288.3  2591.51  209.842  14260.3
311  144  2025-06-09 22-19-02  1729.6  16297.2  2587.47  209.9  14261.3
312  144  2025-06-09 22-19-02  1731.2  16306.1  2583.43  209.958  14262.2
313  144  2025-06-09 22-19-02  1732.8  16315  2579.37  210.015  14263.2
314  144  2025-06-09 22-19-02  1734.4  16324  2575.3  210.073  14264.1
315  144  2025-06-09 22-19-02  1736  16332.9  2571.22  210.13  14265.1
316  144  2025-06-09 22-19-02  1737.6  16341.8  2567.13  210.188  14266.1
317  144  2025-06-09 22-19-02  1739.2  16350.7  2563.03  210.245  14267
318  144  2025-06-09 22-19-02  1740.8  16359.7  2558.91  210.303  14268
319  144  2025-06-09 22-19-02  1742.4  16368.6  2554.78  210.36  14268.9
320  144  2025-06-09 22-19-02  1744  16377.5  2550.65  210.418  14269.9
321  144  2025-06-09 22-19-02  1745.6  16386.5  2546.49  210.476  14270.9
322  144  2025-06-09 22-19-02  1747.2  16395.4  2542.33  210.533  14271.8
323  144  2025-06-09 22-19-02  1748.8  16404.3  2538.16  210.591  14272.8
324  144  2025-06-09 22-19-02  1750.4  16413.2  2533.97  210.648  14273.7
325  144  2025-06-09 22-19-02  1752  16422.2  2529.77  210.706  14274.7
326  144  2025-06-09 22-19-02  1753.6  16431.1  2525.56  210.763  14275.7
327  144  2025-06-09 22-19-02  1755.2  16440.1  2521.34  210.821  14276.6
328  144  2025-06-09 22-19-02  1756.8  16449  2517.11  210.878  14277.6
329  144  2025-06-09 22-19-02  1758.4  16457.9  2512.86  210.936  14278.5
330  144  2025-06-09 22-19-02  1760  16466.9  2508.61  210.994  14279.5
331  144  2025-06-09 22-19-02  1761.6  16475.8  2504.34  211.051  14280.5
332  144  2025-06-09 22-19-02  1763.2  16484.7  2500.06  211.109  14281.4
333  144  2025-06-09 22-19-02  1764.8  16493.7  2495.77  211.166  14282.4
334  144  2025-06-09 22-19-02  1766.4  16502.6  2491.46  211.224  14283.3
335  144  2025-06-09 22-19-02  1768  16511.6  2487.14  211.281  14284.3
336  144  2025-06-09 22-19-02  1769.6  16520.5  2482.82  211.339  14285.3
337  144  2025-06-09 22-19-02  1771.2  16529.4  2478.48  211.396  14286.2
338  144  2025-06-09 22-19-02  1772.8  16538.4  2474.12  211.454  14287.2
339  144  2025-06-09 22-19-02  1774.4  16547.3  2469.76  211.512  14288.1
340  144  2025-06-09 22-19-02  1776  16556.3  2465.39  211.569  14289.1
341  144  2025-06-09 22-19-02  1777.6  16565.2  2461  211.627  14290.1
342  144  2025-06-09 22-19-02  1779.2  16574.2  2456.6  211.684  14291
343  144  2025-06-09 22-19-02  1780.8  16583.1  2452.19  211.742  14292
344  144  2025-06-09 22-19-02  1782.4  16592.1  2447.76  211.799  14292.9
345  144  2025-06-09 22-19-02  1784  16601  2443.33  211.857  14293.9
346  144  2025-06-09 22-19-02  1785.6  16609.9  2438.88  211.914  14294.9
347  144  2025-06-09 22-19-02  1787.2  16618.9  2434.42  211.972  14295.8
348  144  2025-06-09 22-19-02  1788.8  16627.8  2429.95  212.03  14296.8
349  144  2025-06-09 22-19-02  1790.4  16636.8  2425.47  212.087  14297.7
350  144  2025-06-09 22-19-02  1792  16645.7  2420.97  212.145  14298.7
351  144  2025-06-09 22-19-02  1793.6  16654.7  2416.47  212.202  14299.7
352  144  2025-06-09 22-19-02  1795.2  16663.6  2411.95  212.26  14300.6
353  144  2025-06-09 22-19-02  1796.8  16672.6  2407.42  212.317  14301.6
354  144  2025-06-09 22-19-02  1798.4  16681.5  2402.87  212.375  14302.5
355  144  2025-06-09 22-19-02  1800  16690.5  2398.32  212.432  14303.5
356  144  2025-06-09 22-19-02  1801.6  16699.4  2393.75  212.49  14304.5
357  144  2025-06-09 22-19-02  1803.2  16708.4  2389.17  212.548  14305.4
358  144  2025-06-09 22-19-02  1804.8  16717.3  2384.58  212.605  14306.4
359  144  2025-06-09 22-19-02  1806.4  16726.3  2379.98  212.663  14307.3
360  144  2025-06-09 22-19-02  1808  16735.3  2375.37  212.72  14308.3
361  144  2025-06-09 22-19-02  1809.6  16744.2  2370.74  212.778  14309.3
362  144  2025-06-09 22-19-02  1811.2  16753.2  2366.1  212.835  14310.2
363  144  2025-06-09 22-19-02  1812.8  16762.1  2361.45  212.893  14311.2
364  144  2025-06-09 22-19-02  1814.4  16771.1  2356.79  212.95  14312.1
365  144  2025-06-09 22-19-02  1816  16780  2352.11  213.008  14313.1
366  144  2025-06-09 22-19-02  1817.6  16789  2347.43  213.066  14314.1
367  144  2025-06-09 22-19-02  1819.2  16797.9  2342.73  213.123  14315
368  144  2025-06-09 22-19-02  1820.8  16806.9  2338.02  213.181  14316
369  144  2025-06-09 22-19-02  1822.4  16815.8  2333.29  213.238  14316.9
370  144  2025-06-09 22-19-02  1824  16824.8  2328.56  213.296  14317.9
371  144  2025-06-09 22-19-02  1825.6  16833.7  2323.81  213.353  14318.9
372  144  2025-06-09 22-19-02  1827.2  16842.7  2319.05  213.411  14319.8
373  144  2025-06-09 22-19-02  1828.8  16851.7  2314.28  213.468  14320.8
374  144  2025-06-09 22-19-02  1830.4  16860.6  2309.5  213.526  14321.7
375  144  2025-06-09 22-19-02  1832  16869.6  2304.7  213.584  14322.7
376  144  2025-06-09 22-19-02  1833.6  16878.5  2299.89  213.641  14323.7
377  144  2025-06-09 22-19-02  1835.2  16887.5  2295.07  213.699  14324.6
378  144  2025-06-09 22-19-02  1836.8  16896.4  2290.24  213.756  14325.6
379  144  2025-06-09 22-19-02  1838.4  16905.4  2285.4  213.814  14326.5
380  144  2025-06-09 22-19-02  1840  16914.3  2280.54  213.871  14327.5
381  144  2025-06-09 22-19-02  1841.6  16923.3  2275.67  213.929  14328.5
382  144  2025-06-09 22-19-02  1843.2  16932.3  2270.79  213.986  14329.4
383  144  2025-06-09 22-19-02  1844.8  16941.2  2265.9  214.044  14330.4
384  144  2025-06-09 22-19-02  1846.4  16950.2  2261  214.102  14331.3
385  144  2025-06-09 22-19-02  1848  16959.1  2256.08  214.159  14332.3
386  144  2025-06-09 22-19-02  1849.6  16968.1  2251.15  214.217  14333.3
387  144  2025-06-09 22-19-02  1851.2  16977  2246.21  214.274  14334.2
388  144  2025-06-09 22-19-02  1852.8  16986  2241.26  214.332  14335.2
389  144  2025-06-09 22-19-02  1854.4  16994.9  2236.29  214.389  14336.1
390  144  2025-06-09 22-19-02  1856  17003.9  2231.31  214.447  14337.1
391  144  2025-06-09 22-19-02  1857.6  17012.8  2226.32  214.504  14338.1
392  144  2025-06-09 22-19-02  1859.2  17021.8  2221.32  214.562  14339
393  144  2025-06-09 22-19-02  1860.8  17030.8  2216.31  214.62  14340
394  144  2025-06-09 22-19-02  1862.4  17039.7  2211.28  214.677  14340.9
395  144  2025-06-09 22-19-02  1864  17048.7  2206.24  214.735  14341.9
396  144  2025-06-09 22-19-02  1865.6  17057.6  2201.19  214.792  14342.9
397  144  2025-06-09 22-19-02  1867.2  17066.6  2196.13  214.85  14343.8
398  144  2025-06-09 22-19-02  1868.8  17075.5  2191.05  214.907  14344.8
399  144  2025-06-09 22-19-02  1870.4  17084.5  2185.97  214.965  14345.7
400  144  2025-06-09 22-19-02  1872  17093.4  2180.87  215.022  14346.7
401  144  2025-06-09 22-19-02  1873.6  17102.4  2175.76  215.08  14347.7
402  144  2025-06-09 22-19-02  1875.2  17111.3  2170.63  215.138  14348.6
403  144  2025-06-09 22-19-02  1876.8  17120.3  2165.5  215.195  14349.6
404  144  2025-06-09 22-19-02  1878.4  17129.2  2160.35  215.253  14350.5
405  144  2025-06-09 22-19-02  1880  17138.2  2155.19  215.31  14351.5
406  144  2025-06-09 22-19-02  1881.6  17147.1  2150.01  215.368  14352.5
407  144  2025-06-09 22-19-02  1883.2  17156.1  2144.83  215.425  14353.4
408  144  2025-06-09 22-19-02  1884.8  17165  2139.63  215.483  14354.4
409  144  2025-06-09 22-19-02  1886.4  17174  2134.42  215.54  14355.3
410  144  2025-06-09 22-19-02  1888  17182.9  2129.2  215.598  14356.3
411  144  2025-06-09 22-19-02  1889.6  17191.9  2123.97  215.656  14357.3
412  144  2025-06-09 22-19-02  1891.2  17200.8  2118.72  215.713  14358.2
413  144  2025-06-09 22-19-02  1892.8  17209.8  2113.46  215.771  14359.2
414  144  2025-06-09 22-19-02  1894.4  17218.7  2108.19  215.828  14360.1
415  144  2025-06-09 22-19-02  1896  17227.6  2102.91  215.886  14361.1
416  144  2025-06-09 22-19-02  1897.6  17236.6  2097.61  215.943  14362.1
417  144  2025-06-09 22-19-02  1899.2  17245.5  2092.3  216.001  14363
418  144  2025-06-09 22-19-02  1900.8  17254.5  2086.98  216.058  14364
419  144  2025-06-09 22-19-02  1902.4  17263.4  2081.65  216.116  14364.9
420  144  2025-06-09 22-19-02  1904  17272.4  2076.3  216.174  14365.9
421  144  2025-06-09 22-19-02  1905.6  17281.3  2070.95  216.231  14366.9
422  144  2025-06-09 22-19-02  1907.2  17290.2  2065.58  216.289  14367.8
423  144  2025-06-09 22-19-02  1908.8  17299.2  2060.2  216.346  14368.8
424  144  2025-06-09 22-19-02  1910.4  17308.1  2054.8  216.404  14369.7
425  144  2025-06-09 22-19-02  1912  17317.1  2049.39  216.461  14370.7
426  144  2025-06-09 22-19-02  1913.6  17326  2043.98  216.519  14371.7
427  144  2025-06-09 22-19-02  1915.2  17334.9  2038.54  216.576  14372.6
428  144  2025-06-09 22-19-02  1916.8  17343.9  2033.1  216.634  14373.6
429  144  2025-06-09 22-19-02  1918.4  17352.8  2027.64  216.692  14374.5
430  144  2025-06-09 22-19-02  1920  17361.7  2022.18  216.749  14375.5
431  144  2025-06-09 22-19-02  1921.6  17370.7  2016.7  216.807  14376.5
432  144  2025-06-09 22-19-02  1923.2  17379.6  2011.2  216.864  14377.4
433  144  2025-06-09 22-19-02  1924.8  17388.5  2005.7  216.922  14378.4
434  144  2025-06-09 22-19-02  1926.4  17397.4  2000.09  216.979  14389
435  144  2025-06-09 22-19-02  1928  17406.2  1994.37  217.037  14399.8
436  144  2025-06-09 22-19-02  1929.6  17415  1988.54  217.094  14410.6
437  144  2025-06-09 22-19-02  1931.2  17423.6  1982.61  217.152  14421.6
438  144  2025-06-09 22-19-02  1932.8  17432.3  1976.57  217.21  14432.6
439  144  2025-06-09 22-19-02  1934.4  17440.8  1970.42  217.267  14443.8
440  144  2025-06-09 22-19-02  1936  17449.3  1964.16  217.325  14455
441  144  2025-06-09 22-19-02  1937.6  17457.7  1957.8  217.382  14466.3
442  144  2025-06-09 22-19-02  1939.2  17466  1951.33  217.44  14477.7
443  144  2025-06-09 22-19-02  1940.8  17474.2  1944.75  217.497  14489.3
444  144  2025-06-09 22-19-02  1942.4  17482.4  1938.06  217.555  14500.9
445  144  2025-06-09 22-19-02  1944  17490.5  1931.27  217.612  14512.6
446  144  2025-06-09 22-19-02  1945.6  17498.5  1924.37  217.67  14524.4
447  144  2025-06-09 22-19-02  1947.2  17506.4  1917.36  217.728  14536.3
448  144  2025-06-09 22-19-02  1948.8  17514.2  1910.25  217.785  14548.3
449  144  2025-06-09 22-19-02  1950.4  17522  1903.02  217.843  14560.4
450  144  2025-06-09 22-19-02  1952  17529.6  1895.7  217.9  14572.6
451  144  2025-06-09 22-19-02  1953.6  17537.2  1888.26  217.958  14584.9
452  144  2025-06-09 22-19-02  1955.2  17544.6  1880.72  218.015  14597.3
453  144  2025-06-09 22-19-02  1956.8  17552  1873.08  218.073  14609.7
454  144  2025-06-09 22-19-02  1958.4  17559.2  1865.33  218.13  14622.3
455  144  2025-06-09 22-19-02  1960  17566.4  1857.48  218.188  14635
456  144  2025-06-09 22-19-02  1961.6  17573.4  1849.52  218.246  14647.8
457  144  2025-06-09 22-19-02  1963.2  17580.5  1841.6  218.303  14642.8
458  144  2025-06-09 22-19-02  1964.8  17587.5  1833.58  218.361  14655.6
459  144  2025-06-09 22-19-02  1966.4  17594.5  1825.58  218.418  14650.7
460  144  2025-06-09 22-19-02  1968  17601.6  1817.63  218.476  14645.8
461  144  2025-06-09 22-19-02  1969.6  17608.7  1809.7  218.533  14640.7
462  144  2025-06-09 22-19-02  1971.2  17615.7  1801.68  218.591  14653.3
463  144  2025-06-09 22-19-02  1972.8  17622.8  1793.69  218.648  14648.3
464  144  2025-06-09 22-19-02  1974.4  17629.9  1785.74  218.706  14643.2
465  144  2025-06-09 22-19-02  1976  17637.1  1777.82  218.764  14638
466  144  2025-06-09 22-19-02  1977.6  17644.1  1769.8  218.821  14650.5
467  144  2025-06-09 22-19-02  1979.2  17651.2  1761.81  218.879  14645.3
468  144  2025-06-09 22-19-02  1980.8  17658.4  1753.87  218.936  14640
469  144  2025-06-09 22-19-02  1982.4  17665.4  1745.82  218.994  14652.5
470  144  2025-06-09 22-19-02  1984  17672.5  1737.81  219.051  14647.2
471  144  2025-06-09 22-19-02  1985.6  17679.7  1729.83  219.109  14641.9
472  144  2025-06-09 22-19-02  1987.2  17686.9  1721.9  219.167  14636.5
473  144  2025-06-09 22-19-02  1988.8  17694  1713.86  219.224  14648.8
474  144  2025-06-09 22-19-02  1990.4  17701.1  1705.86  219.282  14643.4
475  144  2025-06-09 22-19-02  1992  17708.3  1697.9  219.339  14637.9
476  144  2025-06-09 22-19-02  1993.6  17715.6  1689.98  219.397  14632.4
477  144  2025-06-09 22-19-02  1995.2  17722.8  1681.96  219.454  14644.5
478  144  2025-06-09 22-19-02  1996.8  17730  1673.98  219.512  14639
479  144  2025-06-09 22-19-02  1998.4  17737.2  1666.04  219.569  14633.3
480  144  2025-06-09 22-19-02  2000  17744.4  1658  219.627  14645.4
481  144  2025-06-09 22-19-02  2001.6  17751.6  1649.99  219.685  14639.8
482  144  2025-06-09 22-19-02  2003.2  17758.8  1642.03  219.742  14634.1
483  144  2025-06-09 22-19-02  2004.8  17766.1  1634.12  219.8  14628.4
484  144  2025-06-09 22-19-02  2006.4  17773.4  1626.1  219.857  14640.3
485  144  2025-06-09 22-19-02  2008  17780.6  1618.12  219.915  14634.6
486  144  2025-06-09 22-19-02  2009.6  17788  1610.19  219.972  14628.8
487  144  2025-06-09 22-19-02  2011.2  17795.2  1602.15  220.03  14640.6
488  144  2025-06-09 22-19-02  2012.8  17802.5  1594.16  220.087  14634.8
489  144  2025-06-09 22-19-02  2014.4  17809.8  1586.21  220.145  14628.9
490  144  2025-06-09 22-19-02  2016  17817  1578.17  220.203  14640.7
491  144  2025-06-09 22-19-02  2017.6  17824.3  1570.16  220.26  14634.9
492  144  2025-06-09 22-19-02  2019.2  17831.7  1562.2  220.318  14628.9
493  144  2025-06-09 22-19-02  2020.8  17839.1  1554.28  220.375  14622.9
494  144  2025-06-09 22-19-02  2022.4  17846.4  1546.27  220.433  14634.5
495  144  2025-06-09 22-19-02  2024  17853.7  1538.3  220.49  14628.5
496  144  2025-06-09 22-19-02  2025.6  17861.1  1530.37  220.548  14622.4
497  144  2025-06-09 22-19-02  2027.2  17868.5  1522.35  220.605  14634
498  144  2025-06-09 22-19-02  2028.8  17875.8  1514.37  220.663  14628
499  144  2025-06-09 22-19-02  2030.4  17883.3  1506.44  220.721  14621.8
500  144  2025-06-09 22-19-02  2032  17890.6  1498.4  220.778  14633.3
501  144  2025-06-09 22-19-02  2033.6  17898  1490.42  220.836  14627.2
502  144  2025-06-09 22-19-02  2035.2  17905.4  1482.48  220.893  14621
503  144  2025-06-09 22-19-02  2036.8  17912.8  1474.44  220.951  14632.4
504  144  2025-06-09 22-19-02  2038.4  17920.2  1466.45  221.008  14626.2
505  144  2025-06-09 22-19-02  2040  17927.7  1458.51  221.066  14619.9
506  144  2025-06-09 22-19-02  2041.6  17935.1  1450.47  221.123  14631.3
507  144  2025-06-09 22-19-02  2043.2  17942.5  1442.48  221.181  14625.1
508  144  2025-06-09 22-19-02  2044.8  17950  1434.53  221.239  14618.7
509  144  2025-06-09 22-19-02  2046.4  17957.4  1426.49  221.296  14630.1
510  144  2025-06-09 22-19-02  2048  17964.9  1418.49  221.354  14623.7
511  144  2025-06-09 22-19-02  2049.6  17972.4  1410.54  221.411  14617.3
512  144  2025-06-09 22-19-02  2051.2  17980  1402.65  221.469  14610.8
513  144  2025-06-09 22-19-02  2052.8  17987.5  1394.65  221.526  14622
514  144  2025-06-09 22-19-02  2054.4  17995  266.708  221.584  14615.5
515  144  2025-06-09 22-19-02  2056  18002.5  258.667  221.641  14626.8
516  144  2025-06-09 22-19-02  2057.6  18010  250.674  221.699  14620.3
517  144  2025-06-09 22-19-02  2059.2  18017.5  242.731  221.757  14613.7
518  144  2025-06-09 22-19-02  2060.8  18025  234.693  221.814  14624.9
519  144  2025-06-09 22-19-02  2062.4  18032.6  226.704  221.872  14618.4
520  144  2025-06-09 22-19-02  2064  18040.2  218.765  221.929  14611.8
521  144  2025-06-09 22-19-02  2065.6  18047.7  210.73  221.987  14622.8
522  144  2025-06-09 22-19-02  2067.2  18055.3  202.746  222.044  14616.3
523  144  2025-06-09 22-19-02  2068.8  18062.9  194.812  222.102  14609.6
524  144  2025-06-09 22-19-02  2070.4  18070.4  186.784  222.159  14620.6
525  144  2025-06-09 22-19-02  2072  18078  178.806  222.217  14614
526  144  2025-06-09 22-19-02  2073.6  18085.7  170.88  222.275  14607.2
527  144  2025-06-09 22-19-02  2075.2  18093.3  162.859  222.332  14618.2
528  144  2025-06-09 22-19-02  2076.8  18100.9  154.889  222.39  14611.5
529  144  2025-06-09 22-19-02  2078.4  18108.6  146.972  222.447  14604.7
530  144  2025-06-09 22-19-02  2080  18116.2  138.96  222.505  14615.6
531  144  2025-06-09 22-19-02  2081.6  18123.9  131.001  222.562  14608.8
532  144  2025-06-09 22-19-02  2083.2  18131.6  11.0946  222.62  14601.9
533  144  2025-06-09 22-19-02  2084.8  18139.3  3.09351  222.677  14612.7
534  144  2025-06-09 22-19-02  2086.4  18147  -4.85435  222.735  14605.9
535  144  2025-06-09 22-19-02  2088  18154.8  -12.7478  222.793  14599
536  144  2025-06-09 22-19-02  2089.6  18162.5  -132.736  222.85  14609.7
537  144  2025-06-09 22-19-02  2091.2  18170.2  -140.671  222.908  14602.8
538  144  2025-06-09 22-19-02  2092.8  18177.9  -148.7  222.965  14613.6
539  144  2025-06-09 22-19-02  2094.4  18185.6  -156.675  223.023  14606.7
540  144  2025-06-09 22-19-02  2096  18193.4  -164.596  223.08  14599.7
541  144  2025-06-09 22-19-02  2097.6  18201.1  -172.611  223.138  14610.4
542  144  2025-06-09 22-19-02  2099.2  18208.8  -180.571  223.195  14603.5
543  144  2025-06-09 22-19-02  2100.8  18216.7  -188.476  223.253  14596.4
544  144  2025-06-09 22-19-02  2102.4  18224.4  -196.476  223.311  14607.1
545  144  2025-06-09 22-19-02  2104  18232.2  -204.42  223.368  14600.1
546  144  2025-06-09 22-19-02  2105.6  18240.1  -212.307  223.426  14593
547  144  2025-06-09 22-19-02  2107.2  18247.9  -220.289  223.483  14603.6
548  144  2025-06-09 22-19-02  2108.8  18255.7  -228.214  223.541  14596.5
549  144  2025-06-09 22-19-02  2110.4  18263.5  -236.234  223.598  14607.1
550  144  2025-06-09 22-19-02  2112  18271.3  -244.198  223.656  14600
551  144  2025-06-09 22-19-02  2113.6  18279.2  -252.105  223.713  14592.9
552  144  2025-06-09 22-19-02  2115.2  18287  -260.106  223.771  14603.4
553  144  2025-06-09 22-19-02  2116.8  18294.9  -268.05  223.829  14596.3
554  144  2025-06-09 22-19-02  2118.4  18302.8  -1395.94  223.886  14589.1
555  144  2025-06-09 22-19-02  2120  18310.7  -1403.92  223.944  14599.5
556  144  2025-06-09 22-19-02  2121.6  18318.6  -1411.84  224.001  14592.3
557  144  2025-06-09 22-19-02  2123.2  18326.4  -1419.86  224.059  14602.8
558  144  2025-06-09 22-19-02  2124.8  18334.3  -1427.82  224.116  14595.6
559  144  2025-06-09 22-19-02  2126.4  18342.3  -1435.72  224.174  14588.4
560  144  2025-06-09 22-19-02  2128  18350.1  -1443.71  224.231  14598.8
561  144  2025-06-09 22-19-02  2129.6  18358.1  -1451.65  224.289  14591.6
562  144  2025-06-09 22-19-02  2131.2  18366.1  -1459.52  224.347  14584.2
563  144  2025-06-09 22-19-02  2132.8  18374  -1467.49  224.404  14594.6
564  144  2025-06-09 22-19-02  2134.4  18382  -1475.41  224.462  14587.3
565  144  2025-06-09 22-19-02  2136  18389.9  -1483.41  224.519  14597.7
566  144  2025-06-09 22-19-02  2137.6  18397.9  -1491.36  224.577  14590.4
567  144  2025-06-09 22-19-02  2139.2  18405.9  -1499.24  224.634  14583
568  144  2025-06-09 22-19-02  2140.8  18413.9  -1507.22  224.692  14593.3
569  144  2025-06-09 22-19-02  2142.4  18421.9  -1515.14  224.749  14586
570  144  2025-06-09 22-19-02  2144  18429.9  -1523.16  224.807  14596.3
571  144  2025-06-09 22-19-02  2145.6  18437.9  -1531.11  224.865  14589
572  144  2025-06-09 22-19-02  2147.2  18445.9  -1539  224.922  14581.5
573  144  2025-06-09 22-19-02  2148.8  18453.9  -1546.99  224.98  14591.8
574  144  2025-06-09 22-19-02  2150.4  18462  -1554.92  225.037  14584.4
575  144  2025-06-09 22-19-02  2152  18470.1  -1562.78  225.095  14576.9
576  144  2025-06-09 22-19-02  2153.6  18478.2  -1570.74  225.152  14587.1
577  144  2025-06-09 22-19-02  2155.2  18486.3  -1578.64  225.21  14579.6
578  144  2025-06-09 22-19-02  2156.8  18494.3  -1586.63  225.267  14589.9
579  144  2025-06-09 22-19-02  2158.4  18502.4  -1594.56  225.325  14582.4
580  144  2025-06-09 22-19-02  2160  18510.6  -1602.42  225.383  14574.9
581  144  2025-06-09 22-19-02  2161.6  18518.6  -1610.38  225.44  14585
582  144  2025-06-09 22-19-02  2163.2  18526.8  -1618.28  225.498  14577.5
583  144  2025-06-09 22-19-02  2164.8  18534.9  -1626.27  225.555  14587.7
584  144  2025-06-09 22-19-02  2166.4  18543  -1634.2  225.613  14580.2
585  144  2025-06-09 22-19-02  2168  18551.2  -1642.07  225.67  14572.6
586  144  2025-06-09 22-19-02  2169.6  18559.3  -1650.03  225.728  14582.7
587  144  2025-06-09 22-19-02  2171.2  18567.5  -1657.93  225.785  14575.2
588  144  2025-06-09 22-19-02  2172.8  18575.6  -1665.92  225.843  14585.3
589  144  2025-06-09 22-19-02  2174.4  18583.8  -1673.84  225.901  14577.7
590  144  2025-06-09 22-19-02  2176  18592.1  -1681.71  225.958  14570.1
591  144  2025-06-09 22-19-02  2177.6  18600.2  -1689.66  226.016  14580.2
592  144  2025-06-09 22-19-02  2179.2  18608.5  -1697.56  226.073  14572.5
593  144  2025-06-09 22-19-02  2180.8  18616.6  -1705.54  226.131  14582.6
594  144  2025-06-09 22-19-02  2182.4  18624.8  -1713.47  226.188  14575
595  144  2025-06-09 22-19-02  2184  18633.1  -1721.33  226.246  14567.3
596  144  2025-06-09 22-19-02  2185.6  18641.3  -1729.28  226.303  14577.4
597  144  2025-06-09 22-19-02  2187.2  18649.6  -1737.17  226.361  14569.7
598  144  2025-06-09 22-19-02  2188.8  18657.8  -1745.15  226.419  14579.7
599  144  2025-06-09 22-19-02  2190.4  18666.1  -1753.06  226.476  14572.1
600  144  2025-06-09 22-19-02  2192  18674.4  -1760.92  226.534  14564.4
601  144  2025-06-09 22-19-02  2193.6  18682.7  -1768.86  226.591  14574.3
602  144  2025-06-09 22-19-02  2195.2  18691  -1776.74  226.649  14566.6
603  144  2025-06-09 22-19-02  2196.8  18699.3  -1784.71  226.706  14576.6
604  144  2025-06-09 22-19-02  2198.4  18707.6  -1792.62  226.764  14568.9
605  144  2025-06-09 22-19-02  2200  18715.8  -1800.62  226.821  14578.9
606  144  2025-06-09 22-19-02  2201.6  18724.1  -1808.56  226.879  14571.2
607  144  2025-06-09 22-19-02  2203.2  18732.5  -1816.43  226.937  14563.5
608  144  2025-06-09 22-19-02  2204.8  18740.8  -1824.4  226.994  14573.4
609  144  2025-06-09 22-19-02  2206.4  18749.1  -1832.29  227.052  14565.6
610  144  2025-06-09 22-19-02  2208  18757.4  -1840.29  227.109  14575.6
611  144  2025-06-09 22-19-02  2209.6  18765.8  -1848.21  227.167  14567.9
612  144  2025-06-09 22-19-02  2211.2  18774.2  -1856.07  227.224  14560.1
613  144  2025-06-09 22-19-02  2212.8  18782.6  -1864.02  227.282  14570
614  144  2025-06-09 22-19-02  2214.4  18791  -1871.91  227.339  14562.2
615  144  2025-06-09 22-19-02  2216  18799.3  -1879.89  227.397  14572.1
616  144  2025-06-09 22-19-02  2217.6  18807.7  -1887.8  227.455  14564.3
617  144  2025-06-09 22-19-02  2219.2  18816.2  -1895.65  227.512  14556.4
618  144  2025-06-09 22-19-02  2220.8  18824.6  -1903.59  227.57  14566.3
619  144  2025-06-09 22-19-02  2222.4  18833.1  -1911.46  227.627  14558.4
620  144  2025-06-09 22-19-02  2224  18841.5  -1919.43  227.685  14568.3
621  144  2025-06-09 22-19-02  2225.6  18849.9  -1927.32  227.742  14560.5
622  144  2025-06-09 22-19-02  2227.2  18858.3  -1935.32  227.8  14570.3
623  144  2025-06-09 22-19-02  2228.8  18866.7  -1943.24  227.857  14562.5
624  144  2025-06-09 22-19-02  2230.4  18875.3  -1951.1  227.915  14554.6
625  144  2025-06-09 22-19-02  2232  18883.7  -1959.05  227.973  14564.4
626  144  2025-06-09 22-19-02  2233.6  18892.2  -1966.93  228.03  14556.6
627  144  2025-06-09 22-19-02  2235.2  18900.7  -1974.9  228.088  14566.4
628  144  2025-06-09 22-19-02  2236.8  18909.2  -1982.81  228.145  14558.5
629  144  2025-06-09 22-19-02  2238.4  18917.7  -1990.65  228.203  14550.6
630  144  2025-06-09 22-19-02  2240  18926.2  -1998.58  228.26  14560.4
631  144  2025-06-09 22-19-02  2241.6  18934.8  -2006.44  228.318  14552.4
632  144  2025-06-09 22-19-02  2243.2  18943.3  -2014.4  228.375  14562.2
633  144  2025-06-09 22-19-02  2244.8  18951.9  -2022.29  228.433  14554.3
634  144  2025-06-09 22-19-02  2246.4  18960.4  -2030.27  228.491  14564.1
635  144  2025-06-09 22-19-02  2248  18968.9  -2038.19  228.548  14556.2
636  144  2025-06-09 22-19-02  2249.6  18977.5  -2046.03  228.606  14548.3
637  144  2025-06-09 22-19-02  2251.2  18986.1  -2053.97  228.663  14558
638  144  2025-06-09 22-19-02  2252.8  18994.7  -2061.83  228.721  14550
639  144  2025-06-09 22-19-02  2254.4  19003.3  -2069.8  228.778  14559.8
640  144  2025-06-09 22-19-02  2256  19011.9  -2077.69  228.836  14551.8
641  144  2025-06-09 22-19-02  2257.6  19020.6  -2085.51  228.893  14543.8
642  144  2025-06-09 22-19-02  2259.2  19029.2  -2093.42  228.951  14553.5
643  144  2025-06-09 22-19-02  2260.8  19037.9  -2101.27  229.009  14545.5
644  144  2025-06-09 22-19-02  2262.4  19046.5  -2109.21  229.066  14555.2
645  144  2025-06-09 22-19-02  2264  19055.1  -2117.07  229.124  14547.2
646  144  2025-06-09 22-19-02  2265.6  19063.7  -2125.04  229.181  14556.9
647  144  2025-06-09 22-19-02  2267.2  19072.4  -2132.93  229.239  14549
648  144  2025-06-09 22-19-02  2268.8  19081.1  -2140.75  229.296  14540.9
649  144  2025-06-09 22-19-02  2270.4  19089.8  -2148.66  229.354  14550.6
650  144  2025-06-09 22-19-02  2272  19098.5  -2156.5  229.411  14542.5
651  144  2025-06-09 22-19-02  2273.6  19107.2  -2164.44  229.469  14552.2
652  144  2025-06-09 22-19-02  2275.2  19115.9  -2172.31  229.527  14544.2
653  144  2025-06-09 22-19-02  2276.8  19124.6  -2180.27  229.584  14553.9
654  144  2025-06-09 22-19-02  2278.4  19133.3  -2188.16  229.642  14545.9
655  144  2025-06-09 22-19-02  2280  19142.1  -2195.97  229.699  14537.8
656  144  2025-06-09 22-19-02  2281.6  19150.8  -2203.89  229.757  14547.4
657  144  2025-06-09 22-19-02  2283.2  19159.6  -2211.72  229.814  14539.3
658  144  2025-06-09 22-19-02  2284.8  19168.4  -2219.66  229.872  14549
659  144  2025-06-09 22-19-02  2286.4  19177.1  -2227.52  229.93  14540.9
660  144  2025-06-09 22-19-02  2288  19185.9  -2235.48  229.987  14550.6
661  144  2025-06-09 22-19-02  2289.6  19194.6  -2243.36  230.045  14542.5
662  144  2025-06-09 22-19-02  2291.2  19203.5  -2251.17  230.102  14534.4
663  144  2025-06-09 22-19-02  2292.8  19212.3  -2259.08  230.16  14544
664  144  2025-06-09 22-19-02  2294.4  19221.1  -2266.91  230.217  14535.9
665  144  2025-06-09 22-19-02  2296  19229.9  -2274.84  230.275  14545.5
666  144  2025-06-09 22-19-02  2297.6  19238.8  -2282.69  230.332  14537.4
667  144  2025-06-09 22-19-02  2299.2  19247.5  -2290.65  230.39  14547
668  144  2025-06-09 22-19-02  2300.8  19256.4  -2298.52  230.448  14539
669  144  2025-06-09 22-19-02  2302.4  19265.3  -2306.33  230.505  14530.8
670  144  2025-06-09 22-19-02  2304  19274.1  -2314.22  230.563  14540.4
671  144  2025-06-09 22-19-02  2305.6  19283.1  -2322.05  230.62  14532.3
672  144  2025-06-09 22-19-02  2307.2  19291.9  -2329.97  230.678  14541.8
673  144  2025-06-09 22-19-02  2308.8  19300.8  -2337.81  230.735  14533.7
674  144  2025-06-09 22-19-02  2310.4  19309.6  -2345.76  230.793  14543.3
675  144  2025-06-09 22-19-02  2312  19318.6  -2353.62  230.85  14535.2
676  144  2025-06-09 22-19-02  2313.6  19327.5  -2361.41  230.908  14527
677  144  2025-06-09 22-19-02  2315.2  19336.4  -2369.3  230.966  14536.5
678  144  2025-06-09 22-19-02  2316.8  19345.4  -2377.11  231.023  14528.4
679  144  2025-06-09 22-19-02  2318.4  19354.3  -2385.02  231.081  14537.9
680  144  2025-06-09 22-19-02  2320  19363.3  -2392.86  231.138  14529.8
681  144  2025-06-09 22-19-02  2321.6  19372.2  -2400.79  231.196  14539.3
682  144  2025-06-09 22-19-02  2323.2  19381.2  -2408.64  231.253  14531.2
683  144  2025-06-09 22-19-02  2324.8  19390.2  -2416.42  231.311  14523
684  144  2025-06-09 22-19-02  2326.4  19399.2  -2424.3  231.368  14532.5
685  144  2025-06-09 22-19-02  2328  19408.2  -2432.09  231.426  14524.3
686  144  2025-06-09 22-19-02  2329.6  19417.2  -2439.99  231.484  14533.8
687  144  2025-06-09 22-19-02  2331.2  19426.2  -2447.81  231.541  14525.6
688  144  2025-06-09 22-19-02  2332.8  19435.4  -2455.55  231.599  14517.4
689  144  2025-06-09 22-19-02  2334.4  19444.5  -2463.2  231.512  14509
690  144  2025-06-09 22-19-02  2336  19453.7  -2470.87  231.57  14510.3
691  144  2025-06-09 22-19-02  2337.6  19462.9  -2478.56  231.627  14511.6
692  144  2025-06-09 22-19-02  2339.2  19472  -2486.26  231.685  14512.9
693  144  2025-06-09 22-19-02  2340.8  19481.2  -2493.98  231.743  14514.2
694  144  2025-06-09 22-19-02  2342.4  19490.3  -2501.72  231.8  14515.6
695  144  2025-06-09 22-19-02  2344  19499.5  -2509.47  231.858  14516.9
696  144  2025-06-09 22-19-02  2345.6  19508.6  -2517.24  231.915  14518.3
697  144  2025-06-09 22-19-02  2347.2  19517.8  -2524.95  231.973  14511.6
698  144  2025-06-09 22-19-02  2348.8  19527.1  -2532.59  232.03  14504.9
699  144  2025-06-09 22-19-02  2350.4  19536.4  -2540.17  232.088  14498.1
700  144  2025-06-09 22-19-02  2352  19545.8  -2547.68  232.145  14491.2
701  144  2025-06-09 22-19-02  2353.6  19555.2  -2555.13  232.203  14484.2
702  144  2025-06-09 22-19-02  2355.2  19564.7  -2562.5  232.261  14477.2
703  144  2025-06-09 22-19-02  2356.8  19574.2  -2569.81  232.318  14470.2
704  144  2025-06-09 22-19-02  2358.4  19583.9  -2577.04  232.376  14463
705  144  2025-06-09 22-19-02  2360  19593.6  -2584.2  232.433  14455.8
706  144  2025-06-09 22-19-02  2361.6  19603.3  -2591.29  232.491  14448.6
707  144  2025-06-09 22-19-02  2363.2  19613  -2598.4  232.404  14450.9
708  144  2025-06-09 22-19-02  2364.8  19622.7  -2605.53  232.318  14453.3
709  144  2025-06-09 22-19-02  2366.4  19632.4  -2612.68  232.232  14455.8
710  144  2025-06-09 22-19-02  2368  19642  -2619.85  232.145  14458.2
711  144  2025-06-09 22-19-02  2369.6  19651.6  -2627.05  232.203  14460.7
712  144  2025-06-09 22-19-02  2371.2  19661.3  -2634.18  232.117  14455.2
713  144  2025-06-09 22-19-02  2372.8  19671  -2641.26  232.174  14449.6
714  144  2025-06-09 22-19-02  2374.4  19680.7  -2648.44  232.232  14458.5
715  144  2025-06-09 22-19-02  2376  19690.2  -2655.72  232.289  14467.5
716  144  2025-06-09 22-19-02  2377.6  19699.7  -2663.09  232.347  14476.5
717  144  2025-06-09 22-19-02  2379.2  19709.2  -2670.56  232.404  14485.7
718  144  2025-06-09 22-19-02  2380.8  19718.6  -2678.13  232.462  14495
719  144  2025-06-09 22-19-02  2382.4  19727.9  -2685.8  232.52  14504.4
720  144  2025-06-09 22-19-02  2384  19737.1  -2693.57  232.577  14513.9
721  144  2025-06-09 22-19-02  2385.6  19746.2  -2701.44  232.635  14523.4
722  144  2025-06-09 22-19-02  2387.2  19755.4  -2709.23  232.692  14515.3
723  144  2025-06-09 22-19-02  2388.8  19764.7  -2716.94  232.75  14507.1
724  144  2025-06-09 22-19-02  2390.4  19773.9  -2724.76  232.807  14516.6
725  144  2025-06-09 22-19-02  2392  19783.2  -2732.49  232.865  14508.4
726  144  2025-06-09 22-19-02  2393.6  19792.4  -2740.32  232.922  14518
727  144  2025-06-09 22-19-02  2395.2  19801.7  -2748.08  232.98  14509.8
728  144  2025-06-09 22-19-02  2396.8  19810.9  -2755.93  233.038  14519.3
729  144  2025-06-09 22-19-02  2398.4  19820.2  -2763.71  233.095  14511.2
730  144  2025-06-09 22-19-02  2400  19829.6  -2771.4  233.153  14503
731  144  2025-06-09 22-19-02  2401.6  19838.9  -2779.2  233.21  14512.4
732  144  2025-06-09 22-19-02  2403.2  19848.2  -2786.91  233.268  14504.2
733  144  2025-06-09 22-19-02  2404.8  19857.5  -2794.73  233.325  14513.7
734  144  2025-06-09 22-19-02  2406.4  19866.9  -2802.47  233.383  14505.5
735  144  2025-06-09 22-19-02  2408  19876.1  -2810.3  233.44  14515
736  144  2025-06-09 22-19-02  2409.6  19885.5  -2818.06  233.498  14506.9
737  144  2025-06-09 22-19-02  2411.2  19894.9  -2825.74  233.556  14498.6
738  144  2025-06-09 22-19-02  2412.8  19904.3  -14033.5  233.613  14508
739  144  2025-06-09 22-19-02  2414.4  19913.7  -14041.2  233.671  14499.8
740  144  2025-06-09 22-19-02  2416  19923  -14049  233.728  14509.3
741  144  2025-06-09 22-19-02  2417.6  19932.4  -14056.7  233.786  14501
742  144  2025-06-09 22-19-02  2419.2  19941.8  -14064.5  233.843  14510.5
743  144  2025-06-09 22-19-02  2420.8  19951.2  -14072.3  233.901  14502.3
744  144  2025-06-09 22-19-02  2422.4  19960.6  -14080.1  233.958  14511.8
745  144  2025-06-09 22-19-02  2424  19970  -14087.9  234.016  14503.6
746  144  2025-06-09 22-19-02  2425.6  19979.5  -14095.5  234.074  14495.3
747  144  2025-06-09 22-19-02  2427.2  19988.9  -14103.3  234.131  14504.8
748  144  2025-06-09 22-19-02  2428.8  19998.4  -14111  234.189  14496.5
749  144  2025-06-09 22-19-02  2430.4  20007.8  -14118.8  234.246  14505.9
750  144  2025-06-09 22-19-02  2432  20017.3  -14126.5  234.304  14497.7
751  144  2025-06-09 22-19-02  2433.6  20026.7  -14134.3  234.361  14507.2
752  144  2025-06-09 22-19-02  2435.2  20036.2  -14142.1  234.419  14498.9
753  144  2025-06-09 22-19-02  2436.8  20045.6  -14149.9  234.476  14508.4
754  144  2025-06-09 22-19-02  2438.4  20055.1  -14157.7  234.534  14500.2
755  144  2025-06-09 22-19-02  2440  20064.7  -14165.3  234.592  14491.9
756  144  2025-06-09 22-19-02  2441.6  20074.1  -14173.1  234.649  14501.3
757  144  2025-06-09 22-19-02  2443.2  20083.7  -14180.8  234.707  14493
758  144  2025-06-09 22-19-02  2444.8  20093.2  -14188.6  234.764  14502.5
759  144  2025-06-09 22-19-02  2446.4  20102.7  -14196.3  234.822  14494.2
760  144  2025-06-09 22-19-02  2448  20112.2  -14204.1  234.879  14503.6
761  144  2025-06-09 22-19-02  2449.6  20121.8  -14211.9  234.937  14495.4
762  144  2025-06-09 22-19-02  2451.2  20131.4  -14219.5  234.994  14487.1
763  144  2025-06-09 22-19-02  2452.8  20141  -14227.2  235.052  14496.5
764  144  2025-06-09 22-19-02  2454.4  20150.6  -14234.9  235.11  14488.2
765  144  2025-06-09 22-19-02  2456  20160.2  -14242.7  235.167  14497.6
766  144  2025-06-09 22-19-02  2457.6  20169.8  -14250.4  235.225  14489.3
767  144  2025-06-09 22-19-02  2459.2  20179.4  -14258.1  235.282  14498.7
768  144  2025-06-09 22-19-02  2460.8  20189  -14265.9  235.34  14490.4
769  144  2025-06-09 22-19-02  2462.4  20198.6  -14273.7  235.397  14499.8
770  144  2025-06-09 22-19-02  2464  20208.2  -14281.4  235.455  14491.6
771  144  2025-06-09 22-19-02  2465.6  20217.9  -14289  235.512  14483.2
772  144  2025-06-09 22-19-02  2467.2  20227.5  -14296.8  235.57  14492.6
773  144  2025-06-09 22-19-02  2468.8  20237.2  -14304.4  235.628  14484.3
774  144  2025-06-09 22-19-02  2470.4  20246.9  -14312.2  235.685  14493.6
775  144  2025-06-09 22-19-02  2472  20256.6  -14319.9  235.743  14485.3
776  144  2025-06-09 22-19-02  2473.6  20266.2  -14327.6  235.8  14494.7
777  144  2025-06-09 22-19-02  2475.2  20275.9  -14335.3  235.858  14486.4
778  144  2025-06-09 22-19-02  2476.8  20285.5  -14343.1  235.915  14495.9
779  144  2025-06-09 22-19-02  2478.4  20295.2  -14350.8  235.973  14487.6
780  144  2025-06-09 22-19-02  2480  20305  -14358.5  236.03  14479.2
781  144  2025-06-09 22-19-02  2481.6  20314.7  -14366.2  236.088  14488.6
