SN    USVID    CurTime    simTime    CurX    CurY    CurVel      CurYaw   
0  144  2025-06-08 18-22-41  0  2440  14512  192  2672
1  144  2025-06-08 18-22-41  1.6  2448.01  14511.9  192.086  2688
2  144  2025-06-08 18-22-41  3.2  2456.02  14511.6  192.173  2704
3  144  2025-06-08 18-22-41  4.8  2464.03  14511.2  192.259  2720
4  144  2025-06-08 18-22-41  6.4  2472.05  14510.6  192.345  2736
5  144  2025-06-08 18-22-41  8  2480.06  14509.9  192.432  2752
6  144  2025-06-08 18-22-41  9.6  2488.07  14509.1  192.518  2768
7  144  2025-06-08 18-22-41  11.2  2496.07  14508.1  192.604  2784
8  144  2025-06-08 18-22-41  12.8  2504.06  14507  192.691  2800
9  144  2025-06-08 18-22-41  14.4  2512.04  14505.7  192.777  2816
10  144  2025-06-08 18-22-41  128  2520  14504.3  192.863  14032
11  144  2025-06-08 18-22-41  129.6  2527.95  14502.7  192.95  14048
12  144  2025-06-08 18-22-41  131.2  2535.88  14501.1  193.036  14064
13  144  2025-06-08 18-22-41  132.8  2543.78  14499.2  193.122  14080
14  144  2025-06-08 18-22-41  134.4  2551.66  14497.3  193.209  14096
15  144  2025-06-08 18-22-41  136  2559.51  14495.2  193.295  14111.5
16  144  2025-06-08 18-22-41  137.6  2567.34  14492.9  193.381  14125.8
17  144  2025-06-08 18-22-41  139.2  2575.14  14490.6  193.468  14138.9
18  144  2025-06-08 18-22-41  140.8  2582.93  14488.2  193.554  14150.9
19  144  2025-06-08 18-22-41  142.4  2590.68  14485.6  193.64  14162
20  144  2025-06-08 18-22-41  144  2598.42  14483  193.727  14172.1
21  144  2025-06-08 18-22-41  145.6  2606.14  14480.3  193.813  14181.5
22  144  2025-06-08 18-22-41  147.2  2613.84  14477.5  193.899  14190
23  144  2025-06-08 18-22-41  148.8  2621.53  14474.6  193.986  14197.8
24  144  2025-06-08 18-22-41  150.4  2629.2  14471.7  194.072  14205
25  144  2025-06-08 18-22-41  152  2636.86  14468.8  194.158  14211.6
26  144  2025-06-08 18-22-41  153.6  2644.51  14465.7  194.245  14217.6
27  144  2025-06-08 18-22-41  155.2  2652.14  14462.6  194.331  14223.2
28  144  2025-06-08 18-22-41  156.8  2659.77  14459.5  194.417  14228.2
29  144  2025-06-08 18-22-41  158.4  2667.39  14456.4  194.504  14232.8
30  144  2025-06-08 18-22-41  160  2675  14453.2  194.59  14237.1
31  144  2025-06-08 18-22-41  161.6  2682.61  14449.9  194.676  14240.9
32  144  2025-06-08 18-22-41  163.2  2690.21  14446.6  194.763  14244.5
33  144  2025-06-08 18-22-41  164.8  2697.81  14443.3  194.849  14247.7
34  144  2025-06-08 18-22-41  166.4  2705.41  14440  194.935  14250.6
35  144  2025-06-08 18-22-41  168  2713  14436.7  195.022  14253.3
36  144  2025-06-08 18-22-41  169.6  2720.6  14433.3  195.108  14255.7
37  144  2025-06-08 18-22-41  171.2  2728.19  14429.9  195.194  14257.9
38  144  2025-06-08 18-22-41  172.8  2735.78  14426.5  195.281  14259.9
39  144  2025-06-08 18-22-41  174.4  2743.38  14423  195.367  14261.7
40  144  2025-06-08 18-22-41  176  2750.97  14419.6  195.453  14263.3
41  144  2025-06-08 18-22-41  177.6  2758.57  14416.1  195.54  14264.7
42  144  2025-06-08 18-22-41  179.2  2766.18  14412.6  195.626  14266
43  144  2025-06-08 18-22-41  180.8  2773.78  14409.1  195.712  14267.1
44  144  2025-06-08 18-22-41  182.4  2781.39  14405.6  195.799  14268.1
45  144  2025-06-08 18-22-41  184  2789.01  14402.1  195.885  14268.9
46  144  2025-06-08 18-22-41  185.6  2796.63  14398.6  195.971  14269.6
47  144  2025-06-08 18-22-41  187.2  2804.25  14395  196.058  14270.3
48  144  2025-06-08 18-22-41  188.8  2811.88  14391.5  196.144  14270.8
49  144  2025-06-08 18-22-41  190.4  2819.52  14387.9  196.23  14271.2
50  144  2025-06-08 18-22-41  192  2827.16  14384.4  196.317  14271.6
51  144  2025-06-08 18-22-41  193.6  14034.8  14380.8  196.403  14271.8
52  144  2025-06-08 18-22-41  195.2  14042.5  14377.2  196.489  14272
53  144  2025-06-08 18-22-41  196.8  14050.1  14373.7  196.576  14272.1
54  144  2025-06-08 18-22-41  198.4  14057.8  14370.1  196.662  14272.2
55  144  2025-06-08 18-22-41  200  14065.5  14366.5  196.748  14272.2
56  144  2025-06-08 18-22-41  201.6  14073.2  14362.9  196.835  14272.1
57  144  2025-06-08 18-22-41  203.2  14080.9  14359.3  196.921  14272
58  144  2025-06-08 18-22-41  204.8  14088.6  14355.7  197.007  14271.8
59  144  2025-06-08 18-22-41  206.4  14096.3  14352.1  197.094  14271.6
60  144  2025-06-08 18-22-41  208  14104  14348.5  197.18  14271.4
61  144  2025-06-08 18-22-41  209.6  14111.7  14344.9  197.266  14271.1
62  144  2025-06-08 18-22-41  211.2  14119.5  14341.3  197.353  14270.8
63  144  2025-06-08 18-22-41  212.8  14127.2  14337.7  197.439  14270.5
64  144  2025-06-08 18-22-41  214.4  14135  14334.2  197.525  14270.1
65  144  2025-06-08 18-22-41  216  14142.8  14330.6  197.612  14269.7
66  144  2025-06-08 18-22-41  217.6  14150.5  14327  197.698  14269.3
67  144  2025-06-08 18-22-41  219.2  14158.3  14323.4  197.784  14268.8
68  144  2025-06-08 18-22-41  220.8  14166.1  14319.8  197.871  14268.4
69  144  2025-06-08 18-22-41  222.4  14173.9  14316.2  197.957  14267.9
70  144  2025-06-08 18-22-41  224  14181.7  14312.6  198.043  14267.4
71  144  2025-06-08 18-22-41  225.6  14189.6  14309  198.13  14266.9
72  144  2025-06-08 18-22-41  227.2  14197.4  14305.4  198.216  14266.4
73  144  2025-06-08 18-22-41  228.8  14205.3  14301.8  198.302  14265.8
74  144  2025-06-08 18-22-41  230.4  14213.1  14298.2  198.389  14265.3
75  144  2025-06-08 18-22-41  232  14221  14294.6  198.475  14264.7
76  144  2025-06-08 18-22-41  233.6  14228.8  14291  198.561  14264.1
77  144  2025-06-08 18-22-41  235.2  14236.7  14287.4  198.648  14263.5
78  144  2025-06-08 18-22-41  236.8  14244.6  14283.8  198.734  14263
79  144  2025-06-08 18-22-41  238.4  14252.5  14280.2  198.82  14262.4
80  144  2025-06-08 18-22-41  240  14260.5  14276.7  198.907  14261.8
81  144  2025-06-08 18-22-41  241.6  14268.4  14273.1  198.993  14261.2
82  144  2025-06-08 18-22-41  243.2  14276.3  14269.5  199.079  14260.6
83  144  2025-06-08 18-22-41  244.8  14284.3  14265.9  199.166  14259.9
84  144  2025-06-08 18-22-41  246.4  14292.2  14262.3  199.252  14259.3
85  144  2025-06-08 18-22-41  248  14300.2  14258.8  199.338  14258.7
86  144  2025-06-08 18-22-41  249.6  14308.2  14255.2  199.425  14258.1
87  144  2025-06-08 18-22-41  251.2  14316.2  14251.6  199.511  14257.5
88  144  2025-06-08 18-22-41  252.8  14324.2  14248  199.597  14256.9
89  144  2025-06-08 18-22-41  254.4  14332.2  14244.5  199.684  14256.2
90  144  2025-06-08 18-22-41  256  14340.2  14240.9  199.77  14255.6
91  144  2025-06-08 18-22-41  257.6  14348.2  14237.3  199.856  14255
92  144  2025-06-08 18-22-41  259.2  14356.3  14233.8  199.943  14254.4
93  144  2025-06-08 18-22-41  260.8  14364.3  14230.2  200.029  14253.7
94  144  2025-06-08 18-22-41  262.4  14372.4  14226.7  200.115  14253.1
95  144  2025-06-08 18-22-41  264  14380.4  14223.1  200.202  14252.5
96  144  2025-06-08 18-22-41  265.6  14388.5  14219.5  200.288  14251.9
97  144  2025-06-08 18-22-41  267.2  14396.6  14216  200.374  14251.2
98  144  2025-06-08 18-22-41  268.8  14404.7  14212.4  200.461  14250.6
99  144  2025-06-08 18-22-41  270.4  14412.8  14208.9  200.547  14250
100  144  2025-06-08 18-22-41  1392  14421  14205.3  200.633  14249.4
101  144  2025-06-08 18-22-41  1393.6  14429.1  14201.8  200.72  14248.8
102  144  2025-06-08 18-22-41  1395.2  14437.2  14198.3  200.806  14248.2
103  144  2025-06-08 18-22-41  1396.8  14445.4  14194.7  200.892  14247.6
104  144  2025-06-08 18-22-41  1398.4  14453.5  14191.2  200.979  14246.9
105  144  2025-06-08 18-22-41  1400  14461.7  14187.6  201.065  14246.3
106  144  2025-06-08 18-22-41  1401.6  14469.9  14184.1  201.151  14245.7
107  144  2025-06-08 18-22-41  1403.2  14478.1  14180.6  201.238  14245.1
108  144  2025-06-08 18-22-41  1404.8  14486.3  14177  201.324  14244.5
109  144  2025-06-08 18-22-41  1406.4  14494.5  14173.5  201.41  14243.9
110  144  2025-06-08 18-22-41  1408  14502.7  14170  201.497  14243.4
111  144  2025-06-08 18-22-41  1409.6  14511  14166.5  201.583  14242.8
112  144  2025-06-08 18-22-41  1411.2  14519.2  14162.9  201.669  14242.2
113  144  2025-06-08 18-22-41  1412.8  14527.5  14159.4  201.756  14241.6
114  144  2025-06-08 18-22-41  1414.4  14535.8  14155.9  201.842  14241
115  144  2025-06-08 18-22-41  1416  14544  14152.4  201.928  14240.4
116  144  2025-06-08 18-22-41  1417.6  14552.3  14148.9  202.015  14239.9
117  144  2025-06-08 18-22-41  1419.2  14560.6  14145.4  202.101  14239.3
118  144  2025-06-08 18-22-41  1420.8  14568.9  14141.8  202.187  14238.7
119  144  2025-06-08 18-22-41  1422.4  14577.2  14138.3  202.274  14238.1
120  144  2025-06-08 18-22-41  1424  14585.6  14134.8  202.36  14237.6
121  144  2025-06-08 18-22-41  1425.6  14593.9  14131.3  202.446  14237
122  144  2025-06-08 18-22-41  1427.2  14602.2  14127.8  202.533  14236.5
123  144  2025-06-08 18-22-41  1428.8  14610.6  14124.3  202.619  14235.9
124  144  2025-06-08 18-22-41  1430.4  14619  14120.8  202.705  14235.4
125  144  2025-06-08 18-22-41  1432  14627.3  14117.3  202.792  14234.8
126  144  2025-06-08 18-22-41  1433.6  14635.7  14113.8  202.878  14234.3
127  144  2025-06-08 18-22-41  1435.2  14644.1  14110.3  202.964  14233.7
128  144  2025-06-08 18-22-41  1436.8  14652.5  14106.8  203.051  14233.2
129  144  2025-06-08 18-22-41  1438.4  14661  14103.3  203.137  14232.6
130  144  2025-06-08 18-22-41  1440  14669.4  14099.8  203.223  14232.1
131  144  2025-06-08 18-22-41  1441.6  14677.8  14096.3  203.31  14231.6
132  144  2025-06-08 18-22-41  1443.2  14686.3  14092.8  203.396  14231
133  144  2025-06-08 18-22-41  1444.8  14694.7  14089.4  203.482  14230.5
134  144  2025-06-08 18-22-41  1446.4  14703.2  14085.9  203.569  14230
135  144  2025-06-08 18-22-41  1448  14711.7  14082.4  203.655  14229.5
136  144  2025-06-08 18-22-41  1449.6  14720.2  14078.9  203.741  14228.9
137  144  2025-06-08 18-22-41  1451.2  14728.7  14075.4  203.828  14228.4
138  144  2025-06-08 18-22-41  1452.8  14737.2  14071.9  203.914  14227.9
139  144  2025-06-08 18-22-41  1454.4  14745.7  14068.5  204  14227.4
140  144  2025-06-08 18-22-41  1456  14754.2  14065  204.087  14226.9
141  144  2025-06-08 18-22-41  1457.6  14762.7  14061.5  204.173  14226.4
142  144  2025-06-08 18-22-41  1459.2  14771.3  14058  204.259  14225.9
143  144  2025-06-08 18-22-41  1460.8  14779.9  14054.6  204.346  14225.4
144  144  2025-06-08 18-22-41  1462.4  14788.4  14051.1  204.432  14224.9
145  144  2025-06-08 18-22-41  1464  14797  14047.6  204.518  14224.4
146  144  2025-06-08 18-22-41  1465.6  14805.6  14044.2  204.605  14223.9
147  144  2025-06-08 18-22-41  1467.2  14814.2  14040.7  204.691  14223.4
148  144  2025-06-08 18-22-41  1468.8  14822.8  14037.2  204.777  14222.9
149  144  2025-06-08 18-22-41  1470.4  14831.4  14033.8  204.864  14222.5
150  144  2025-06-08 18-22-41  1472  14840  2830.3  204.95  14222
151  144  2025-06-08 18-22-41  1473.6  14848.7  2826.84  205.036  14221.5
152  144  2025-06-08 18-22-41  1475.2  14857.3  2823.38  205.123  14221
153  144  2025-06-08 18-22-41  1476.8  14866  2819.92  205.209  14220.5
154  144  2025-06-08 18-22-41  1478.4  14874.6  2816.47  205.295  14220.1
155  144  2025-06-08 18-22-41  1480  14883.3  2813.01  205.382  14219.6
156  144  2025-06-08 18-22-41  1481.6  14892  2809.55  205.468  14219.1
157  144  2025-06-08 18-22-41  1483.2  14900.7  2806.1  205.554  14218.7
158  144  2025-06-08 18-22-41  1484.8  14909.4  2802.65  205.641  14218.2
159  144  2025-06-08 18-22-41  1486.4  14918.1  2799.19  205.727  14217.8
160  144  2025-06-08 18-22-41  1488  14926.8  2795.74  205.813  14217.3
161  144  2025-06-08 18-22-41  1489.6  14935.6  2792.29  205.9  14216.8
162  144  2025-06-08 18-22-41  1491.2  14944.3  2788.85  205.986  14216.4
163  144  2025-06-08 18-22-41  1492.8  14953.1  2785.4  206.072  14215.9
164  144  2025-06-08 18-22-41  1494.4  14961.8  2781.95  206.159  14215.5
165  144  2025-06-08 18-22-41  1496  14970.6  2778.51  206.245  14215
166  144  2025-06-08 18-22-41  1497.6  14979.4  2775.06  206.331  14214.6
167  144  2025-06-08 18-22-41  1499.2  14988.2  2771.62  206.418  14214.2
168  144  2025-06-08 18-22-41  1500.8  14997  2768.18  206.504  14213.7
169  144  2025-06-08 18-22-41  1502.4  15005.8  2764.74  206.59  14213.3
170  144  2025-06-08 18-22-41  1504  15014.6  2761.3  206.677  14212.9
171  144  2025-06-08 18-22-41  1505.6  15023.4  2757.86  206.763  14212.4
172  144  2025-06-08 18-22-41  1507.2  15032.3  2754.42  206.849  14212
173  144  2025-06-08 18-22-41  1508.8  15041.1  2750.99  206.936  14211.6
174  144  2025-06-08 18-22-41  1510.4  15050  2747.55  207.022  14211.1
175  144  2025-06-08 18-22-41  1512  15058.8  2744.12  207.108  14210.7
176  144  2025-06-08 18-22-41  1513.6  15067.7  2740.68  207.195  14210.3
177  144  2025-06-08 18-22-41  1515.2  15076.6  2737.25  207.281  14209.9
178  144  2025-06-08 18-22-41  1516.8  15085.5  2733.82  207.367  14209.4
179  144  2025-06-08 18-22-41  1518.4  15094.4  2730.39  207.454  14209
180  144  2025-06-08 18-22-41  1520  15103.3  2726.96  207.54  14208.6
181  144  2025-06-08 18-22-41  1521.6  15112.3  2723.53  207.626  14208.2
182  144  2025-06-08 18-22-41  1523.2  15121.2  2720.1  207.713  14207.8
183  144  2025-06-08 18-22-41  1524.8  15130.1  2716.67  207.799  14207.4
184  144  2025-06-08 18-22-41  1526.4  15139.1  2713.25  207.885  14207
185  144  2025-06-08 18-22-41  1528  15148.1  2709.82  207.972  14206.6
186  144  2025-06-08 18-22-41  1529.6  15157  2706.4  208.058  14206.2
187  144  2025-06-08 18-22-41  1531.2  15166  2702.97  208.145  14205.8
188  144  2025-06-08 18-22-41  1532.8  15175  2699.55  208.231  14205.4
189  144  2025-06-08 18-22-41  1534.4  15184  2696.13  208.317  14205
190  144  2025-06-08 18-22-41  1536  15193  2692.71  208.404  14204.6
191  144  2025-06-08 18-22-41  1537.6  15202.1  2689.29  208.49  14204.2
192  144  2025-06-08 18-22-41  1539.2  15211.1  2685.87  208.576  14203.8
193  144  2025-06-08 18-22-41  1540.8  15220.1  2682.45  208.663  14203.4
194  144  2025-06-08 18-22-41  1542.4  15229.2  2679.03  208.749  14203
195  144  2025-06-08 18-22-41  1544  15238.2  2675.62  208.835  14202.6
196  144  2025-06-08 18-22-41  1545.6  15247.3  2672.2  208.922  14202.2
197  144  2025-06-08 18-22-41  1547.2  15256.4  2668.79  209.008  14201.8
198  144  2025-06-08 18-22-41  1548.8  15265.5  2665.37  209.094  14201.4
199  144  2025-06-08 18-22-41  1550.4  15274.6  2661.96  209.181  14201.1
200  144  2025-06-08 18-22-41  1552  15283.7  2658.54  209.267  14200.7
201  144  2025-06-08 18-22-41  1553.6  15292.8  2655.13  209.353  14200.3
202  144  2025-06-08 18-22-41  1555.2  15301.9  2651.72  209.44  14199.9
203  144  2025-06-08 18-22-41  1556.8  15311.1  2648.31  209.526  14199.5
204  144  2025-06-08 18-22-41  1558.4  15320.2  2644.9  209.612  14199.2
205  144  2025-06-08 18-22-41  1560  15329.4  2641.49  209.699  14198.8
206  144  2025-06-08 18-22-41  1561.6  15338.5  2638.08  209.785  14198.4
207  144  2025-06-08 18-22-41  1563.2  15347.7  2634.67  209.871  14198
208  144  2025-06-08 18-22-41  1564.8  15356.9  2631.27  209.958  14197.7
209  144  2025-06-08 18-22-41  1566.4  15366.1  2627.86  210.044  14197.3
210  144  2025-06-08 18-22-41  1568  15375.3  2624.45  210.13  14196.9
211  144  2025-06-08 18-22-41  1569.6  15384.5  2621.05  210.217  14196.6
212  144  2025-06-08 18-22-41  1571.2  15393.7  2617.64  210.303  14196.2
213  144  2025-06-08 18-22-41  1572.8  15403  2614.24  210.389  14195.8
214  144  2025-06-08 18-22-41  1574.4  15412.2  2610.84  210.476  14195.5
215  144  2025-06-08 18-22-41  1576  15421.4  2607.43  210.562  14195.1
216  144  2025-06-08 18-22-41  1577.6  15430.7  2604.03  210.648  14194.8
217  144  2025-06-08 18-22-41  1579.2  15440  2600.63  210.735  14194.4
218  144  2025-06-08 18-22-41  1580.8  15449.3  2597.23  210.821  14194.1
219  144  2025-06-08 18-22-41  1582.4  15458.5  2593.83  210.907  14193.7
220  144  2025-06-08 18-22-41  1584  15467.8  2590.43  210.994  14193.3
221  144  2025-06-08 18-22-41  1585.6  15477.1  2587.03  211.08  14193
222  144  2025-06-08 18-22-41  1587.2  15486.5  2583.63  211.166  14192.6
223  144  2025-06-08 18-22-41  1588.8  15495.8  2580.24  211.253  14192.3
224  144  2025-06-08 18-22-41  1590.4  15505.1  2576.84  211.339  14191.9
225  144  2025-06-08 18-22-41  1592  15514.5  2573.44  211.425  14191.6
226  144  2025-06-08 18-22-41  1593.6  15523.8  2570.05  211.512  14191.3
227  144  2025-06-08 18-22-41  1595.2  15533.2  2566.65  211.598  14190.9
228  144  2025-06-08 18-22-41  1596.8  15542.6  2563.26  211.684  14190.6
229  144  2025-06-08 18-22-41  1598.4  15551.9  2559.86  211.771  14190.2
230  144  2025-06-08 18-22-41  1600  15561.3  2556.47  211.857  14189.9
231  144  2025-06-08 18-22-41  1601.6  15570.7  2553.08  211.943  14189.5
232  144  2025-06-08 18-22-41  1603.2  15580.1  2549.68  212.03  14189.2
233  144  2025-06-08 18-22-41  1604.8  15589.6  2546.29  212.116  14188.9
234  144  2025-06-08 18-22-41  1606.4  15599  2542.9  212.202  14188.5
235  144  2025-06-08 18-22-41  1608  15608.4  2539.51  212.289  14188.2
236  144  2025-06-08 18-22-41  1609.6  15617.9  2536.12  212.375  14187.9
237  144  2025-06-08 18-22-41  1611.2  15627.3  2532.73  212.461  14187.5
238  144  2025-06-08 18-22-41  1612.8  15636.8  2529.34  212.548  14187.2
239  144  2025-06-08 18-22-41  1614.4  15646.3  2525.95  212.634  14186.9
240  144  2025-06-08 18-22-41  1616  15655.8  2522.56  212.72  14186.5
241  144  2025-06-08 18-22-41  1617.6  15665.3  2519.18  212.807  14186.2
242  144  2025-06-08 18-22-41  1619.2  15674.8  2515.79  212.893  14185.9
243  144  2025-06-08 18-22-41  1620.8  15684.3  2512.4  212.979  14185.5
244  144  2025-06-08 18-22-41  1622.4  15693.8  2509.02  213.066  14185.2
245  144  2025-06-08 18-22-41  1624  15703.3  2505.63  213.152  14184.9
246  144  2025-06-08 18-22-41  1625.6  15712.9  2502.24  213.238  14184.6
247  144  2025-06-08 18-22-41  1627.2  15722.4  2498.86  213.325  14184.2
248  144  2025-06-08 18-22-41  1628.8  15732  2495.48  213.411  14183.9
249  144  2025-06-08 18-22-41  1630.4  15741.5  2492.09  213.497  14183.6
250  144  2025-06-08 18-22-41  1632  15751.1  2488.71  213.584  14183.3
251  144  2025-06-08 18-22-41  1633.6  15760.7  2485.33  213.67  14183
252  144  2025-06-08 18-22-41  1635.2  15770.3  2481.94  213.756  14182.6
253  144  2025-06-08 18-22-41  1636.8  15779.9  2478.56  213.843  14182.3
254  144  2025-06-08 18-22-41  1638.4  15789.5  2475.18  213.929  14182
255  144  2025-06-08 18-22-41  1640  15799.2  2471.8  214.015  14181.7
256  144  2025-06-08 18-22-41  1641.6  15808.8  2468.42  214.102  14181.4
257  144  2025-06-08 18-22-41  1643.2  15818.4  2465.04  214.188  14181.1
258  144  2025-06-08 18-22-41  1644.8  15828.1  2461.66  214.274  14180.8
259  144  2025-06-08 18-22-41  1646.4  15837.7  2458.28  214.361  14180.4
260  144  2025-06-08 18-22-41  1648  15847.4  2454.9  214.447  14180.1
261  144  2025-06-08 18-22-41  1649.6  15857.1  2451.52  214.533  14179.8
262  144  2025-06-08 18-22-41  1651.2  15866.8  2448.14  214.62  14179.5
263  144  2025-06-08 18-22-41  1652.8  15876.5  2444.76  214.706  14179.2
264  144  2025-06-08 18-22-41  1654.4  15886.2  2441.39  214.792  14178.9
265  144  2025-06-08 18-22-41  1656  15895.9  2438.01  214.879  14178.6
266  144  2025-06-08 18-22-41  1657.6  15905.6  2434.63  214.965  14178.3
267  144  2025-06-08 18-22-41  1659.2  15915.4  2431.26  215.051  14178
268  144  2025-06-08 18-22-41  1660.8  15925.1  2427.88  215.138  14177.7
269  144  2025-06-08 18-22-41  1662.4  15934.9  2424.51  215.224  14177.4
270  144  2025-06-08 18-22-41  1664  15944.6  2421.13  215.31  14177.1
271  144  2025-06-08 18-22-41  1665.6  15954.4  2417.76  215.397  14176.8
272  144  2025-06-08 18-22-41  1667.2  15964.2  2414.38  215.483  14176.5
273  144  2025-06-08 18-22-41  1668.8  15974  2411.01  215.569  14176.2
274  144  2025-06-08 18-22-41  1670.4  15983.8  2407.64  215.656  14175.9
275  144  2025-06-08 18-22-41  1672  15993.6  2404.26  215.742  14175.6
276  144  2025-06-08 18-22-41  1673.6  16003.4  2400.89  215.828  14175.3
277  144  2025-06-08 18-22-41  1675.2  16013.3  2397.52  215.915  14175
278  144  2025-06-08 18-22-41  1676.8  16023.1  2394.15  216.001  14174.7
279  144  2025-06-08 18-22-41  1678.4  16032.9  2390.78  216.087  14174.4
280  144  2025-06-08 18-22-41  1680  16042.8  2387.41  216.174  14174.1
281  144  2025-06-08 18-22-41  1681.6  16052.7  2384.04  216.26  14173.8
282  144  2025-06-08 18-22-41  1683.2  16062.5  2380.67  216.346  14173.5
283  144  2025-06-08 18-22-41  1684.8  16072.4  2377.3  216.433  14173.2
284  144  2025-06-08 18-22-41  1686.4  16082.3  2373.93  216.519  14172.9
285  144  2025-06-08 18-22-41  1688  16092.2  2370.56  216.605  14172.6
286  144  2025-06-08 18-22-41  1689.6  16102.1  2367.19  216.692  14172.3
287  144  2025-06-08 18-22-41  1691.2  16112.1  2363.82  216.778  14172
288  144  2025-06-08 18-22-41  1692.8  16122  2360.45  216.864  14171.7
289  144  2025-06-08 18-22-41  1694.4  16131.9  2357.08  216.951  14171.5
290  144  2025-06-08 18-22-41  1696  16141.9  2353.72  217.037  14171.2
291  144  2025-06-08 18-22-41  1697.6  16151.8  2350.35  217.123  14170.9
292  144  2025-06-08 18-22-41  1699.2  16161.8  2346.98  217.21  14170.6
293  144  2025-06-08 18-22-41  1700.8  16171.8  2343.62  217.296  14170.3
294  144  2025-06-08 18-22-41  1702.4  16181.8  2340.25  217.382  14170
295  144  2025-06-08 18-22-41  1704  16191.8  2336.89  217.469  14169.7
296  144  2025-06-08 18-22-41  1705.6  16201.8  2333.52  217.555  14169.5
297  144  2025-06-08 18-22-41  1707.2  16211.8  2330.16  217.641  14169.2
298  144  2025-06-08 18-22-41  1708.8  16221.8  2326.79  217.728  14168.9
299  144  2025-06-08 18-22-41  1710.4  16231.8  2323.43  217.814  14168.6
300  144  2025-06-08 18-22-41  1712  16241.9  2320.06  217.9  14168.3
301  144  2025-06-08 18-22-41  1713.6  16251.9  2316.7  217.987  14168
302  144  2025-06-08 18-22-41  1715.2  16262  2313.34  218.073  14167.8
303  144  2025-06-08 18-22-41  1716.8  16272.1  2309.97  218.159  14167.5
304  144  2025-06-08 18-22-41  1718.4  16282.1  2306.61  218.246  14167.2
305  144  2025-06-08 18-22-41  1720  16292.2  2303.25  218.332  14166.9
306  144  2025-06-08 18-22-41  1721.6  16302.3  2299.89  218.418  14166.6
307  144  2025-06-08 18-22-41  1723.2  16312.4  2296.53  218.505  14166.4
308  144  2025-06-08 18-22-41  1724.8  16322.5  2293.17  218.591  14166.1
309  144  2025-06-08 18-22-41  1726.4  16332.7  2289.81  218.677  14165.8
310  144  2025-06-08 18-22-41  1728  16342.8  2286.44  218.764  14165.5
311  144  2025-06-08 18-22-41  1729.6  16352.9  2283.08  218.85  14165.3
312  144  2025-06-08 18-22-41  1731.2  16363.1  2279.72  218.936  14165
313  144  2025-06-08 18-22-41  1732.8  16373.3  2276.37  219.023  14164.7
314  144  2025-06-08 18-22-41  1734.4  16383.4  2273.01  219.109  14164.4
315  144  2025-06-08 18-22-41  1736  16393.6  2269.65  219.195  14164.2
316  144  2025-06-08 18-22-41  1737.6  16403.8  2266.29  219.282  14163.9
317  144  2025-06-08 18-22-41  1739.2  16414  2262.93  219.368  14163.6
318  144  2025-06-08 18-22-41  1740.8  16424.2  2259.57  219.454  14163.4
319  144  2025-06-08 18-22-41  1742.4  16434.4  2256.21  219.541  14163.1
320  144  2025-06-08 18-22-41  1744  16444.6  2252.86  219.627  14162.8
321  144  2025-06-08 18-22-41  1745.6  16454.9  2249.5  219.713  14162.5
322  144  2025-06-08 18-22-41  1747.2  16465.1  2246.14  219.8  14162.3
323  144  2025-06-08 18-22-41  1748.8  16475.4  2242.79  219.886  14162
324  144  2025-06-08 18-22-41  1750.4  16485.6  2239.43  219.972  14161.7
325  144  2025-06-08 18-22-41  1752  16495.9  2236.08  220.059  14161.5
326  144  2025-06-08 18-22-41  1753.6  16506.2  2232.72  220.145  14161.2
327  144  2025-06-08 18-22-41  1755.2  16516.5  2229.37  220.231  14160.9
328  144  2025-06-08 18-22-41  1756.8  16526.8  2226.01  220.318  14160.7
329  144  2025-06-08 18-22-41  1758.4  16537.1  2222.66  220.404  14160.4
330  144  2025-06-08 18-22-41  1760  16547.4  2219.3  220.49  14160.1
331  144  2025-06-08 18-22-41  1761.6  16557.7  2215.95  220.577  14159.9
332  144  2025-06-08 18-22-41  1763.2  16568.1  2212.59  220.663  14159.6
333  144  2025-06-08 18-22-41  1764.8  16578.4  2209.24  220.749  14159.4
334  144  2025-06-08 18-22-41  1766.4  16588.8  2205.89  220.836  14159.1
335  144  2025-06-08 18-22-41  1768  16599.1  2202.54  220.922  14158.8
336  144  2025-06-08 18-22-41  1769.6  16609.5  2199.18  221.008  14158.6
337  144  2025-06-08 18-22-41  1771.2  16619.9  2195.83  221.095  14158.3
338  144  2025-06-08 18-22-41  1772.8  16630.3  2192.48  221.181  14158
339  144  2025-06-08 18-22-41  1774.4  16640.7  2189.13  221.267  14157.8
340  144  2025-06-08 18-22-41  1776  16651.1  2185.78  221.354  14157.5
341  144  2025-06-08 18-22-41  1777.6  16661.5  2182.43  221.44  14157.3
342  144  2025-06-08 18-22-41  1779.2  16671.9  2179.08  221.526  14157
343  144  2025-06-08 18-22-41  1780.8  16682.4  2175.73  221.613  14156.7
344  144  2025-06-08 18-22-41  1782.4  16692.8  2172.38  221.699  14156.5
345  144  2025-06-08 18-22-41  1784  16703.3  2169.03  221.785  14156.2
346  144  2025-06-08 18-22-41  1785.6  16713.7  2165.68  221.872  14156
347  144  2025-06-08 18-22-41  1787.2  16724.2  2162.33  221.958  14155.7
348  144  2025-06-08 18-22-41  1788.8  16734.7  2158.98  222.044  14155.5
349  144  2025-06-08 18-22-41  1790.4  16745.2  2155.63  222.131  14155.2
350  144  2025-06-08 18-22-41  1792  16755.7  2152.28  222.217  14154.9
351  144  2025-06-08 18-22-41  1793.6  16766.2  2148.93  222.303  14154.7
352  144  2025-06-08 18-22-41  1795.2  16776.7  2145.59  222.39  14154.4
353  144  2025-06-08 18-22-41  1796.8  16787.2  2142.24  222.476  14154.2
354  144  2025-06-08 18-22-41  1798.4  16797.8  2138.89  222.562  14153.9
355  144  2025-06-08 18-22-41  1800  16808.3  2135.55  222.649  14153.7
356  144  2025-06-08 18-22-41  1801.6  16818.9  2132.2  222.735  14153.4
357  144  2025-06-08 18-22-41  1803.2  16829.4  2128.85  222.821  14153.2
358  144  2025-06-08 18-22-41  1804.8  16840  2125.51  222.908  14152.9
359  144  2025-06-08 18-22-41  1806.4  16850.6  2122.16  222.994  14152.7
360  144  2025-06-08 18-22-41  1808  16861.2  2118.82  223.08  14152.4
361  144  2025-06-08 18-22-41  1809.6  16871.8  2115.47  223.167  14152.2
362  144  2025-06-08 18-22-41  1811.2  16882.4  2112.13  223.253  14151.9
363  144  2025-06-08 18-22-41  1812.8  16893  2108.79  223.339  14151.7
364  144  2025-06-08 18-22-41  1814.4  16903.7  2105.44  223.426  14151.4
365  144  2025-06-08 18-22-41  1816  16914.3  2102.1  223.512  14151.2
366  144  2025-06-08 18-22-41  1817.6  16924.9  2098.75  223.598  14150.9
367  144  2025-06-08 18-22-41  1819.2  16935.6  2095.41  223.685  14150.7
368  144  2025-06-08 18-22-41  1820.8  16946.3  2092.07  223.771  14150.4
369  144  2025-06-08 18-22-41  1822.4  16956.9  2088.73  223.857  14150.2
370  144  2025-06-08 18-22-41  1824  16967.6  2085.38  223.944  14149.9
371  144  2025-06-08 18-22-41  1825.6  16978.3  2082.04  224.03  14149.7
372  144  2025-06-08 18-22-41  1827.2  16989  2078.7  224.116  14149.4
373  144  2025-06-08 18-22-41  1828.8  16999.7  2075.36  224.203  14149.2
374  144  2025-06-08 18-22-41  1830.4  17010.4  2072.02  224.289  14148.9
375  144  2025-06-08 18-22-41  1832  17021.2  2068.68  224.375  14148.7
376  144  2025-06-08 18-22-41  1833.6  17031.9  2065.34  224.462  14148.4
377  144  2025-06-08 18-22-41  1835.2  17042.7  2062  224.548  14148.2
378  144  2025-06-08 18-22-41  1836.8  17053.4  2058.66  224.634  14148
379  144  2025-06-08 18-22-41  1838.4  17064.2  2055.32  224.721  14147.7
380  144  2025-06-08 18-22-41  1840  17075  2051.98  224.807  14147.5
381  144  2025-06-08 18-22-41  1841.6  17085.7  2048.64  224.893  14147.2
382  144  2025-06-08 18-22-41  1843.2  17096.5  2045.3  224.98  14147
383  144  2025-06-08 18-22-41  1844.8  17107.3  2041.97  225.066  14146.7
384  144  2025-06-08 18-22-41  1846.4  17118.2  2038.63  225.152  14146.5
385  144  2025-06-08 18-22-41  1848  17129  2035.29  225.239  14146.3
386  144  2025-06-08 18-22-41  1849.6  17139.8  2031.95  225.325  14146
387  144  2025-06-08 18-22-41  1851.2  17150.6  2028.62  225.411  14145.8
388  144  2025-06-08 18-22-41  1852.8  17161.5  2025.28  225.498  14145.5
389  144  2025-06-08 18-22-41  1854.4  17172.3  2021.94  225.584  14145.3
390  144  2025-06-08 18-22-41  1856  17183.2  2018.61  225.67  14145.1
391  144  2025-06-08 18-22-41  1857.6  17194.1  2015.27  225.757  14144.8
392  144  2025-06-08 18-22-41  1859.2  17205  2011.94  225.843  14144.6
393  144  2025-06-08 18-22-41  1860.8  17215.9  2008.6  225.929  14144.3
394  144  2025-06-08 18-22-41  1862.4  17226.8  2005.27  226.016  14144.1
395  144  2025-06-08 18-22-41  1864  17237.7  2001.93  226.102  14143.9
396  144  2025-06-08 18-22-41  1865.6  17248.6  1998.6  226.188  14143.6
397  144  2025-06-08 18-22-41  1867.2  17259.5  1995.27  226.275  14143.4
398  144  2025-06-08 18-22-41  1868.8  17270.5  1991.93  226.361  14143.1
399  144  2025-06-08 18-22-41  1870.4  17281.4  1988.6  226.447  14142.9
400  144  2025-06-08 18-22-41  1872  17292.4  1985.27  226.534  14142.7
401  144  2025-06-08 18-22-41  1873.6  17303.3  1981.94  226.62  14142.4
402  144  2025-06-08 18-22-41  1875.2  17314.3  1978.6  226.706  14142.2
403  144  2025-06-08 18-22-41  1876.8  17325.3  1975.27  226.793  14142
404  144  2025-06-08 18-22-41  1878.4  17336.3  1971.94  226.879  14141.7
405  144  2025-06-08 18-22-41  1880  17347.3  1968.61  226.965  14141.5
406  144  2025-06-08 18-22-41  1881.6  17358.3  1965.28  227.052  14141.3
407  144  2025-06-08 18-22-41  1883.2  17369.3  1961.95  227.138  14141
408  144  2025-06-08 18-22-41  1884.8  17380.4  1958.62  227.224  14140.8
409  144  2025-06-08 18-22-41  1886.4  17391.4  1955.29  227.311  14140.5
410  144  2025-06-08 18-22-41  1888  17402.5  1951.96  227.397  14140.3
411  144  2025-06-08 18-22-41  1889.6  17413.5  1948.63  227.483  14140.1
412  144  2025-06-08 18-22-41  1891.2  17424.6  1945.3  227.57  14139.8
413  144  2025-06-08 18-22-41  1892.8  17435.7  1941.97  227.656  14139.6
414  144  2025-06-08 18-22-41  1894.4  17446.7  1938.64  227.742  14139.4
415  144  2025-06-08 18-22-41  1896  17457.8  1935.32  227.829  14139.1
416  144  2025-06-08 18-22-41  1897.6  17468.9  1931.99  227.915  14138.9
417  144  2025-06-08 18-22-41  1899.2  17480.1  1928.66  228.001  14138.7
418  144  2025-06-08 18-22-41  1900.8  17491.2  1925.33  228.088  14138.5
419  144  2025-06-08 18-22-41  1902.4  17502.3  1922.01  228.174  14138.2
420  144  2025-06-08 18-22-41  1904  17513.4  1918.68  228.26  14138
421  144  2025-06-08 18-22-41  1905.6  17524.6  1915.36  228.347  14137.8
422  144  2025-06-08 18-22-41  1907.2  17535.8  1912.03  228.433  14137.5
423  144  2025-06-08 18-22-41  1908.8  17546.9  1908.71  228.519  14137.3
424  144  2025-06-08 18-22-41  1910.4  17558.1  1905.38  228.606  14137.1
425  144  2025-06-08 18-22-41  1912  17569.3  1902.06  228.692  14136.8
426  144  2025-06-08 18-22-41  1913.6  17580.5  1898.73  228.778  14136.6
427  144  2025-06-08 18-22-41  1915.2  17591.7  1895.41  228.865  14136.4
428  144  2025-06-08 18-22-41  1916.8  17602.9  1892.08  228.951  14136.2
429  144  2025-06-08 18-22-41  1918.4  17614.1  1888.76  229.037  14135.9
430  144  2025-06-08 18-22-41  1920  17625.4  1885.44  229.124  14135.7
431  144  2025-06-08 18-22-41  1921.6  17636.6  1882.12  229.21  14135.5
432  144  2025-06-08 18-22-41  1923.2  17647.8  1878.79  229.296  14135.2
433  144  2025-06-08 18-22-41  1924.8  17659.1  1875.47  229.383  14135
434  144  2025-06-08 18-22-41  1926.4  17670.4  1872.15  229.469  14134.8
435  144  2025-06-08 18-22-41  1928  17681.6  1868.83  229.555  14134.6
436  144  2025-06-08 18-22-41  1929.6  17692.9  1865.51  229.642  14134.3
437  144  2025-06-08 18-22-41  1931.2  17704.2  1862.19  229.728  14134.1
438  144  2025-06-08 18-22-41  1932.8  17715.5  1858.87  229.814  14133.9
439  144  2025-06-08 18-22-41  1934.4  17726.8  1855.55  229.901  14133.7
440  144  2025-06-08 18-22-41  1936  17738.2  1852.23  229.987  14133.4
441  144  2025-06-08 18-22-41  1937.6  17749.5  1848.91  230.073  14133.2
442  144  2025-06-08 18-22-41  1939.2  17760.8  1845.59  230.16  14133
443  144  2025-06-08 18-22-41  1940.8  17772.2  1842.27  230.246  14132.8
444  144  2025-06-08 18-22-41  1942.4  17783.5  1838.96  230.332  14132.5
445  144  2025-06-08 18-22-41  1944  17794.9  1835.64  230.419  14132.3
446  144  2025-06-08 18-22-41  1945.6  17806.3  1832.32  230.505  14132.1
447  144  2025-06-08 18-22-41  1947.2  17817.7  1829.01  230.591  14131.9
448  144  2025-06-08 18-22-41  1948.8  17829.1  1825.69  230.678  14131.6
449  144  2025-06-08 18-22-41  1950.4  17840.5  1822.37  230.764  14131.4
450  144  2025-06-08 18-22-41  1952  17851.9  1819.06  230.85  14131.2
451  144  2025-06-08 18-22-41  1953.6  17863.3  1815.74  230.937  14131
452  144  2025-06-08 18-22-41  1955.2  17874.7  1812.43  231.023  14130.7
453  144  2025-06-08 18-22-41  1956.8  17886.2  1809.11  231.109  14130.5
454  144  2025-06-08 18-22-41  1958.4  17897.6  1805.8  231.196  14130.3
455  144  2025-06-08 18-22-41  1960  17909.1  1802.48  231.282  14130.1
456  144  2025-06-08 18-22-41  1961.6  17920.6  1799.17  231.368  14129.9
457  144  2025-06-08 18-22-41  1963.2  17932  1795.86  231.455  14129.6
458  144  2025-06-08 18-22-41  1964.8  17943.5  1792.54  231.541  14129.4
459  144  2025-06-08 18-22-41  1966.4  17955  1789.23  231.627  14129.2
460  144  2025-06-08 18-22-41  1968  17966.5  1785.92  231.714  14129
461  144  2025-06-08 18-22-41  1969.6  17978  1782.61  231.8  14128.8
462  144  2025-06-08 18-22-41  1971.2  17989.6  1779.3  231.886  14128.5
463  144  2025-06-08 18-22-41  1972.8  18001.1  1775.99  231.973  14128.3
464  144  2025-06-08 18-22-41  1974.4  18012.6  1772.68  232.059  14128.1
465  144  2025-06-08 18-22-41  1976  18024.2  1769.37  232.145  14127.9
466  144  2025-06-08 18-22-41  1977.6  18035.7  1766.06  232.232  14127.7
467  144  2025-06-08 18-22-41  1979.2  18047.3  1762.75  232.318  14127.4
468  144  2025-06-08 18-22-41  1980.8  18058.9  1759.44  232.404  14127.2
469  144  2025-06-08 18-22-41  1982.4  18070.5  1756.13  232.491  14127
470  144  2025-06-08 18-22-41  1984  18082.1  1752.82  232.577  14126.8
471  144  2025-06-08 18-22-41  1985.6  18093.7  1749.51  232.663  14126.6
472  144  2025-06-08 18-22-41  1987.2  18105.3  1746.21  232.75  14126.3
473  144  2025-06-08 18-22-41  1988.8  18116.9  1742.9  232.836  14126.1
474  144  2025-06-08 18-22-41  1990.4  18128.5  1739.59  232.922  14125.9
475  144  2025-06-08 18-22-41  1992  18140.2  1736.29  233.009  14125.7
476  144  2025-06-08 18-22-41  1993.6  18151.8  1732.98  233.095  14125.5
477  144  2025-06-08 18-22-41  1995.2  18163.5  1729.68  233.181  14125.3
478  144  2025-06-08 18-22-41  1996.8  18175.1  1726.37  233.268  14125
479  144  2025-06-08 18-22-41  1998.4  18186.8  1723.07  233.354  14124.8
480  144  2025-06-08 18-22-41  2000  18198.5  1719.76  233.44  14124.6
481  144  2025-06-08 18-22-41  2001.6  18210.2  1716.46  233.527  14124.4
482  144  2025-06-08 18-22-41  2003.2  18221.9  1713.15  233.613  14124.2
483  144  2025-06-08 18-22-41  2004.8  18233.6  1709.85  233.699  14124
484  144  2025-06-08 18-22-41  2006.4  18245.3  1706.55  233.786  14123.8
485  144  2025-06-08 18-22-41  2008  18257.1  1703.25  233.872  14123.5
486  144  2025-06-08 18-22-41  2009.6  18268.8  1699.94  233.958  14123.3
487  144  2025-06-08 18-22-41  2011.2  18280.6  1696.64  234.045  14123.1
488  144  2025-06-08 18-22-41  2012.8  18292.3  1693.34  234.131  14122.9
489  144  2025-06-08 18-22-41  2014.4  18304.1  1690.04  234.217  14122.7
490  144  2025-06-08 18-22-41  2016  18315.9  1686.74  234.304  14122.5
491  144  2025-06-08 18-22-41  2017.6  18327.7  1683.44  234.39  14122.3
492  144  2025-06-08 18-22-41  2019.2  18339.4  1680.14  234.476  14122
493  144  2025-06-08 18-22-41  2020.8  18351.3  1676.84  234.563  14121.8
494  144  2025-06-08 18-22-41  2022.4  18363.1  1673.54  234.649  14121.6
495  144  2025-06-08 18-22-41  2024  18374.9  1670.25  234.735  14121.4
496  144  2025-06-08 18-22-41  2025.6  18386.7  1666.95  234.822  14121.2
497  144  2025-06-08 18-22-41  2027.2  18398.6  1663.65  234.908  14121
498  144  2025-06-08 18-22-41  2028.8  18410.4  1660.35  234.994  14120.8
499  144  2025-06-08 18-22-41  2030.4  18422.3  1657.06  235.081  14120.6
500  144  2025-06-08 18-22-41  2032  18434.1  1653.76  235.167  14120.3
501  144  2025-06-08 18-22-41  2033.6  18446  1650.47  235.253  14120.1
502  144  2025-06-08 18-22-41  2035.2  18457.9  1647.17  235.34  14119.9
503  144  2025-06-08 18-22-41  2036.8  18469.8  1643.88  235.426  14119.7
504  144  2025-06-08 18-22-41  2038.4  18481.7  1640.58  235.512  14119.5
505  144  2025-06-08 18-22-41  2040  18493.6  1637.29  235.599  14119.3
506  144  2025-06-08 18-22-41  2041.6  18505.5  1634  235.685  14119.1
507  144  2025-06-08 18-22-41  2043.2  18517.5  1630.7  235.771  14118.9
508  144  2025-06-08 18-22-41  2044.8  18529.4  1627.41  235.858  14118.7
