SN    USVID    CurTime    simTime    CurX    CurY    CurVel      CurYaw   
0  160  2025-06-09 22-12-13  0  2440  -14512  192  2672
1  160  2025-06-09 22-12-13  1.6  2448.01  -14512.1  192.058  2681.7
2  160  2025-06-09 22-12-13  3.2  2456.02  -14512.3  192.115  2691.49
3  160  2025-06-09 22-12-13  4.8  2464.03  -14512.5  192.173  2701.38
4  160  2025-06-09 22-12-13  6.4  2472.04  -14512.9  192.23  2711.36
5  160  2025-06-09 22-12-13  8  2480.06  -14513.3  192.288  2721.44
6  160  2025-06-09 22-12-13  9.6  2488.08  -14513.8  192.345  2731.62
7  160  2025-06-09 22-12-13  11.2  2496.1  -14514.4  192.403  2741.89
8  160  2025-06-09 22-12-13  12.8  2504.11  -14515.1  192.46  2752.26
9  160  2025-06-09 22-12-13  14.4  2512.12  -14515.9  192.518  2762.72
10  160  2025-06-09 22-12-13  128  2520.13  -14516.8  192.576  2773.28
11  160  2025-06-09 22-12-13  129.6  2528.13  -14517.8  192.633  2783.94
12  160  2025-06-09 22-12-13  131.2  2536.13  -14518.9  192.691  2794.69
13  160  2025-06-09 22-12-13  132.8  2544.12  -14520  192.748  2805.54
14  160  2025-06-09 22-12-13  134.4  2552.1  -14521.3  192.806  2816.48
15  160  2025-06-09 22-12-13  136  2560.1  -14522.5  192.863  2809.74
16  160  2025-06-09 22-12-13  137.6  2568.08  -14523.8  192.921  2820.7
17  160  2025-06-09 22-12-13  139.2  2576.08  -14525.1  192.978  2813.98
18  160  2025-06-09 22-12-13  140.8  2584.1  -14526.3  193.036  2807.18
19  160  2025-06-09 22-12-13  142.4  2592.11  -14527.6  193.094  2818.08
20  160  2025-06-09 22-12-13  144  2600.13  -14528.8  193.151  2811.3
21  160  2025-06-09 22-12-13  145.6  2608.14  -14530.1  193.209  2822.21
22  160  2025-06-09 22-12-13  147.2  2616.17  -14531.4  193.266  2815.44
23  160  2025-06-09 22-12-13  148.8  2624.21  -14532.6  193.324  2808.59
24  160  2025-06-09 22-12-13  150.4  2632.24  -14533.9  193.381  2819.44
25  160  2025-06-09 22-12-13  152  2640.29  -14535.1  193.439  2812.61
26  160  2025-06-09 22-12-13  153.6  2648.33  -14536.5  193.496  2823.47
27  160  2025-06-09 22-12-13  155.2  2656.38  -14537.7  193.554  2816.66
28  160  2025-06-09 22-12-13  156.8  2664.45  -14539  193.612  2809.76
29  160  2025-06-09 22-12-13  158.4  2672.51  -14540.3  193.669  2820.56
30  160  2025-06-09 22-12-13  160  2680.59  -14541.5  193.727  2813.68
31  160  2025-06-09 22-12-13  161.6  2688.68  -14542.7  193.784  2806.72
32  160  2025-06-09 22-12-13  163.2  2696.76  -14544  193.842  2817.46
33  160  2025-06-09 22-12-13  164.8  2704.86  -14545.3  193.899  2810.51
34  160  2025-06-09 22-12-13  166.4  2712.94  -14546.6  193.957  2821.26
35  160  2025-06-09 22-12-13  168  2721.05  -14547.9  194.014  2814.34
36  160  2025-06-09 22-12-13  169.6  2729.16  -14549.1  194.072  2807.33
37  160  2025-06-09 22-12-13  171.2  2737.27  -14550.4  194.13  2818.02
38  160  2025-06-09 22-12-13  172.8  2745.4  -14551.6  194.187  2811.02
39  160  2025-06-09 22-12-13  174.4  2753.51  -14553  194.245  2821.73
40  160  2025-06-09 22-12-13  176  2761.64  -14554.2  194.302  2814.75
41  160  2025-06-09 22-12-13  177.6  2769.79  -14555.4  194.36  2807.7
42  160  2025-06-09 22-12-13  179.2  2777.93  -14556.8  194.417  2818.34
43  160  2025-06-09 22-12-13  180.8  2786.08  -14558  194.475  2811.3
44  160  2025-06-09 22-12-13  182.4  2794.22  -14559.3  194.532  2821.95
45  160  2025-06-09 22-12-13  184  2802.38  -14560.6  194.59  2814.93
46  160  2025-06-09 22-12-13  185.6  2810.55  -14561.9  194.648  2807.82
47  160  2025-06-09 22-12-13  187.2  2818.72  -14563.2  194.705  2818.42
48  160  2025-06-09 22-12-13  188.8  2826.9  -14564.4  194.763  2811.33
49  160  2025-06-09 22-12-13  190.4  14035.1  -14565.8  194.82  2821.94
50  160  2025-06-09 22-12-13  192  14043.3  -14567.1  194.878  2814.86
51  160  2025-06-09 22-12-13  193.6  14051.5  -14568.3  194.935  2807.71
52  160  2025-06-09 22-12-13  195.2  14059.7  -14569.6  194.993  2818.26
53  160  2025-06-09 22-12-13  196.8  14067.9  -14570.9  195.05  2811.12
54  160  2025-06-09 22-12-13  198.4  14076.1  -14572.2  195.108  2821.68
55  160  2025-06-09 22-12-13  200  14084.3  -14573.5  195.166  2814.56
56  160  2025-06-09 22-12-13  201.6  14092.5  -14574.7  195.223  2807.36
57  160  2025-06-09 22-12-13  203.2  14100.7  -14576  195.281  2817.86
58  160  2025-06-09 22-12-13  204.8  14109  -14577.3  195.338  2810.67
59  160  2025-06-09 22-12-13  206.4  14117.2  -14578.6  195.396  2821.18
60  160  2025-06-09 22-12-13  208  14125.5  -14579.9  195.453  2814.02
61  160  2025-06-09 22-12-13  209.6  14133.7  -14581.3  195.511  2824.54
62  160  2025-06-09 22-12-13  211.2  14141.9  -14582.6  195.568  2817.39
63  160  2025-06-09 22-12-13  212.8  14150.2  -14583.9  195.626  2810.16
64  160  2025-06-09 22-12-13  214.4  14158.5  -14585.2  195.684  2820.62
65  160  2025-06-09 22-12-13  216  14166.7  -14586.5  195.741  2813.41
66  160  2025-06-09 22-12-13  217.6  14175  -14587.9  195.799  2823.89
67  160  2025-06-09 22-12-13  219.2  14183.3  -14589.2  195.856  2816.69
68  160  2025-06-09 22-12-13  220.8  14191.6  -14590.5  195.914  2809.41
69  160  2025-06-09 22-12-13  222.4  14199.9  -14591.8  195.971  2819.82
70  160  2025-06-09 22-12-13  224  14208.2  -14593.1  196.029  2812.56
71  160  2025-06-09 22-12-13  225.6  14216.5  -14594.5  196.086  2822.99
72  160  2025-06-09 22-12-13  227.2  14224.8  -14595.8  196.144  2815.74
73  160  2025-06-09 22-12-13  228.8  14233.1  -14597.1  196.202  2808.42
74  160  2025-06-09 22-12-13  230.4  14241.4  -14598.4  196.259  2818.78
75  160  2025-06-09 22-12-13  232  14249.8  -14599.7  196.317  2811.47
76  160  2025-06-09 22-12-13  233.6  14258.1  -14601  196.374  2821.86
77  160  2025-06-09 22-12-13  235.2  14266.4  -14602.4  196.432  2814.56
78  160  2025-06-09 22-12-13  236.8  14274.8  -14603.8  196.489  2824.96
79  160  2025-06-09 22-12-13  238.4  14283.1  -14605.1  196.547  2817.68
80  160  2025-06-09 22-12-13  240  14291.5  -14606.4  196.604  2810.32
81  160  2025-06-09 22-12-13  241.6  14299.8  -14607.7  196.662  2820.66
82  160  2025-06-09 22-12-13  243.2  14308.2  -14609  196.72  2813.31
83  160  2025-06-09 22-12-13  244.8  14316.6  -14610.4  196.777  2823.66
84  160  2025-06-09 22-12-13  246.4  14324.9  -14611.8  196.835  2816.34
85  160  2025-06-09 22-12-13  248  14333.3  -14613  196.892  2808.93
86  160  2025-06-09 22-12-13  249.6  14341.7  -14614.4  196.95  2819.22
87  160  2025-06-09 22-12-13  251.2  14350.1  -14615.7  197.007  2811.82
88  160  2025-06-09 22-12-13  252.8  14358.5  -14617.1  197.065  2822.13
89  160  2025-06-09 22-12-13  254.4  14366.9  -14618.4  197.122  2814.75
90  160  2025-06-09 22-12-13  256  14375.3  -14619.8  197.18  2825.07
91  160  2025-06-09 22-12-13  257.6  14383.7  -14621.1  197.238  2817.71
92  160  2025-06-09 22-12-13  259.2  14392.2  -14622.4  197.295  2810.27
93  160  2025-06-09 22-12-13  260.8  14400.6  -14623.8  197.353  2820.53
94  160  2025-06-09 22-12-13  262.4  14409  -14625.1  197.41  2813.1
95  160  2025-06-09 22-12-13  264  14417.5  -14626.5  197.468  2823.38
96  160  2025-06-09 22-12-13  265.6  14425.9  -14627.9  197.525  2815.97
97  160  2025-06-09 22-12-13  267.2  14434.3  -14629.3  197.583  2826.26
98  160  2025-06-09 22-12-13  268.8  14442.8  -14630.7  197.641  2818.86
99  160  2025-06-09 22-12-13  270.4  14451.3  -14632  197.698  2811.39
100  160  2025-06-09 22-12-13  1392  14459.7  -14633.3  197.756  2821.62
101  160  2025-06-09 22-12-13  1393.6  14468.2  -14634.7  197.813  2814.16
102  160  2025-06-09 22-12-13  1395.2  14476.7  -14636.1  197.871  2824.4
103  160  2025-06-09 22-12-13  1396.8  14485.2  -14637.4  197.928  2816.96
104  160  2025-06-09 22-12-13  1398.4  14493.7  -14638.7  197.986  2809.44
105  160  2025-06-09 22-12-13  1400  14502.2  -14640.1  198.043  2819.62
106  160  2025-06-09 22-12-13  1401.6  14510.7  -14641.4  198.101  2812.11
107  160  2025-06-09 22-12-13  1403.2  14519.2  -14642.8  198.159  2822.3
108  160  2025-06-09 22-12-13  1404.8  14527.7  -14644.2  198.216  2814.82
109  160  2025-06-09 22-12-13  1406.4  14536.2  -14645.6  198.274  2825.02
110  160  2025-06-09 22-12-13  1408  14544.7  -14647  198.331  2817.55
111  160  2025-06-09 22-12-13  1409.6  14553.3  -14648.3  198.389  2810
112  160  2025-06-09 22-12-13  1411.2  14561.8  -14649.7  198.446  2820.14
113  160  2025-06-09 22-12-13  1412.8  14570.3  -14651  198.504  2812.61
114  160  2025-06-09 22-12-13  1414.4  14578.9  -14652.4  198.561  2822.77
115  160  2025-06-09 22-12-13  1416  14587.4  -14653.7  198.619  2815.25
116  160  2025-06-09 22-12-13  1417.6  14596  -14655.2  198.677  2825.42
117  160  2025-06-09 22-12-13  1419.2  14604.6  -14656.6  198.734  2817.92
118  160  2025-06-09 22-12-13  1420.8  14613.1  -14657.9  198.792  2810.34
119  160  2025-06-09 22-12-13  1422.4  14621.7  -14659.3  198.849  2820.45
120  160  2025-06-09 22-12-13  1424  14630.3  -14660.6  198.907  2812.88
121  160  2025-06-09 22-12-13  1425.6  14638.9  -14662  198.964  2823.01
122  160  2025-06-09 22-12-13  1427.2  14647.5  -14663.4  199.022  2815.46
123  160  2025-06-09 22-12-13  1428.8  14656.1  -14664.8  199.079  2825.6
124  160  2025-06-09 22-12-13  1430.4  14664.7  -14666.2  199.137  2818.06
125  160  2025-06-09 22-12-13  1432  14673.3  -14667.5  199.195  2810.45
126  160  2025-06-09 22-12-13  1433.6  14681.9  -14668.9  199.252  2820.53
127  160  2025-06-09 22-12-13  1435.2  14690.5  -14670.3  199.31  2812.93
128  160  2025-06-09 22-12-13  1436.8  14699.1  -14671.7  199.367  2823.02
129  160  2025-06-09 22-12-13  1438.4  14707.8  -14673.1  199.425  2815.44
130  160  2025-06-09 22-12-13  1440  14716.4  -14674.5  199.482  2825.55
131  160  2025-06-09 22-12-13  1441.6  14725  -14675.9  199.54  2817.98
132  160  2025-06-09 22-12-13  1443.2  14733.7  -14677.2  199.597  2810.34
133  160  2025-06-09 22-12-13  1444.8  14742.3  -14678.6  199.655  2820.38
134  160  2025-06-09 22-12-13  1446.4  14751  -14680  199.713  2812.75
135  160  2025-06-09 22-12-13  1448  14759.7  -14681.4  199.77  2822.82
136  160  2025-06-09 22-12-13  1449.6  14768.4  -14682.8  199.828  2815.2
137  160  2025-06-09 22-12-13  1451.2  14777  -14684.2  199.885  2825.28
138  160  2025-06-09 22-12-13  1452.8  14785.7  -14685.6  199.943  2817.68
139  160  2025-06-09 22-12-13  1454.4  14794.4  -14687  200  2810
140  160  2025-06-09 22-12-13  1456  14803.1  -14688.4  200.058  2820.02
141  160  2025-06-09 22-12-13  1457.6  14811.8  -14689.7  200.115  2812.35
142  160  2025-06-09 22-12-13  1459.2  14820.5  -14691.2  200.173  2822.38
143  160  2025-06-09 22-12-13  1460.8  14829.2  -14692.5  200.231  2814.74
144  160  2025-06-09 22-12-13  1462.4  14837.9  -14694  200.288  2824.78
145  160  2025-06-09 22-12-13  1464  14846.6  -14695.4  200.346  2817.15
146  160  2025-06-09 22-12-13  1465.6  14855.4  -14696.9  200.403  2827.22
147  160  2025-06-09 22-12-13  1467.2  14864.1  -14698.3  200.461  2819.6
148  160  2025-06-09 22-12-13  1468.8  14872.8  -14699.6  200.518  2811.9
149  160  2025-06-09 22-12-13  1470.4  14881.6  -14701.1  200.576  2821.9
150  160  2025-06-09 22-12-13  1472  14890.3  -14702.4  200.633  2814.22
151  160  2025-06-09 22-12-13  1473.6  14899.1  -14703.9  200.691  2824.24
152  160  2025-06-09 22-12-13  1475.2  14907.8  -14705.3  200.749  2816.58
153  160  2025-06-09 22-12-13  1476.8  14916.6  -14706.8  200.806  2826.61
154  160  2025-06-09 22-12-13  1478.4  14925.4  -14708.2  200.864  2818.96
155  160  2025-06-09 22-12-13  1480  14934.2  -14709.6  200.921  2811.23
156  160  2025-06-09 22-12-13  1481.6  14942.9  -14711  200.979  2821.2
157  160  2025-06-09 22-12-13  1483.2  14951.7  -14712.4  201.036  2813.49
158  160  2025-06-09 22-12-13  1484.8  14960.5  -14713.8  201.094  2823.47
159  160  2025-06-09 22-12-13  1486.4  14969.3  -14715.2  201.151  2815.78
160  160  2025-06-09 22-12-13  1488  14978.1  -14716.7  201.209  2825.78
161  160  2025-06-09 22-12-13  1489.6  14986.9  -14718.1  201.267  2818.1
162  160  2025-06-09 22-12-13  1491.2  14995.8  -14719.5  201.324  2810.34
163  160  2025-06-09 22-12-13  1492.8  15004.6  -14720.9  201.382  2820.27
164  160  2025-06-09 22-12-13  1494.4  15013.4  -14722.3  201.439  2812.53
165  160  2025-06-09 22-12-13  1496  15022.3  -14723.7  201.497  2822.48
166  160  2025-06-09 22-12-13  1497.6  15031.1  -14725.1  201.554  2814.75
167  160  2025-06-09 22-12-13  1499.2  15040  -14726.6  201.612  2824.72
168  160  2025-06-09 22-12-13  1500.8  15048.8  -14728  201.669  2817.01
169  160  2025-06-09 22-12-13  1502.4  15057.7  -14729.5  201.727  2826.99
170  160  2025-06-09 22-12-13  1504  15066.5  -14731  201.785  2819.3
171  160  2025-06-09 22-12-13  1505.6  15075.4  -14732.3  201.842  2811.52
172  160  2025-06-09 22-12-13  1507.2  15084.3  -14733.8  201.9  2821.44
173  160  2025-06-09 22-12-13  1508.8  15093.2  -14735.2  201.957  2813.68
174  160  2025-06-09 22-12-13  1510.4  15102  -14736.7  202.015  2823.62
175  160  2025-06-09 22-12-13  1512  15110.9  -14738.1  202.072  2815.87
176  160  2025-06-09 22-12-13  1513.6  15119.8  -14739.6  202.13  2825.82
177  160  2025-06-09 22-12-13  1515.2  15128.7  -14741  202.187  2818.1
178  160  2025-06-09 22-12-13  1516.8  15137.6  -14742.4  202.245  2810.29
179  160  2025-06-09 22-12-13  1518.4  15146.6  -14743.8  202.303  2820.18
180  160  2025-06-09 22-12-13  1520  15155.5  -14745.2  202.36  2812.38
181  160  2025-06-09 22-12-13  1521.6  15164.4  -14746.7  202.418  2822.29
182  160  2025-06-09 22-12-13  1523.2  15173.3  -14748.1  202.475  2814.51
183  160  2025-06-09 22-12-13  1524.8  15182.3  -14749.6  202.533  2824.43
184  160  2025-06-09 22-12-13  1526.4  15191.2  -14751  202.59  2816.67
185  160  2025-06-09 22-12-13  1528  15200.2  -14752.5  202.648  2826.61
186  160  2025-06-09 22-12-13  1529.6  15209.1  -14754  202.705  2818.86
187  160  2025-06-09 22-12-13  1531.2  15218.1  -14755.3  202.763  2811.04
188  160  2025-06-09 22-12-13  1532.8  15227  -14756.8  202.821  2820.91
189  160  2025-06-09 22-12-13  1534.4  15236  -14758.2  202.878  2813.1
190  160  2025-06-09 22-12-13  1536  15245  -14759.7  202.936  2822.99
191  160  2025-06-09 22-12-13  1537.6  15254  -14761.1  202.993  2815.2
192  160  2025-06-09 22-12-13  1539.2  15263  -14762.6  203.051  2825.1
193  160  2025-06-09 22-12-13  1540.8  15272  -14764.1  203.108  2817.33
194  160  2025-06-09 22-12-13  1542.4  15280.9  -14765.6  203.166  2827.25
195  160  2025-06-09 22-12-13  1544  15289.9  -14767.1  203.223  2819.49
196  160  2025-06-09 22-12-13  1545.6  15299  -14768.4  203.281  2811.65
197  160  2025-06-09 22-12-13  1547.2  15308  -14769.9  203.339  2821.5
198  160  2025-06-09 22-12-13  1548.8  15317  -14771.3  203.396  2813.68
199  160  2025-06-09 22-12-13  1550.4  15326  -14772.8  203.454  2823.55
200  160  2025-06-09 22-12-13  1552  15335.1  -14774.3  203.511  2815.74
201  160  2025-06-09 22-12-13  1553.6  15344.1  -14775.8  203.569  2825.63
202  160  2025-06-09 22-12-13  1555.2  15353.2  -14777.2  203.626  2817.84
203  160  2025-06-09 22-12-13  1556.8  15362.2  -14778.8  203.684  2827.74
204  160  2025-06-09 22-12-13  1558.4  15371.2  -14780.3  203.741  2819.97
205  160  2025-06-09 22-12-13  1560  15380.3  -14781.7  203.799  2812.11
206  160  2025-06-09 22-12-13  1561.6  15389.4  -14783.2  203.857  2821.95
207  160  2025-06-09 22-12-13  1563.2  15398.5  -14784.6  203.914  2814.11
208  160  2025-06-09 22-12-13  1564.8  15407.5  -14786.1  203.972  2823.97
209  160  2025-06-09 22-12-13  1566.4  15416.6  -14787.5  204.029  2816.14
210  160  2025-06-09 22-12-13  1568  15425.7  -14789.1  204.087  2826.02
211  160  2025-06-09 22-12-13  1569.6  15434.8  -14790.5  204.144  2818.21
212  160  2025-06-09 22-12-13  1571.2  15443.9  -14792.1  204.202  2828.1
213  160  2025-06-09 22-12-13  1572.8  15453  -14793.6  204.259  2820.3
214  160  2025-06-09 22-12-13  1574.4  15462.1  -14795  204.317  2812.43
215  160  2025-06-09 22-12-13  1576  15471.2  -14796.5  204.375  2822.26
216  160  2025-06-09 22-12-13  1577.6  15480.4  -14797.9  204.432  2814.4
217  160  2025-06-09 22-12-13  1579.2  15489.5  -14799.5  204.49  2824.24
218  160  2025-06-09 22-12-13  1580.8  15498.6  -14800.9  204.547  2816.4
219  160  2025-06-09 22-12-13  1582.4  15507.7  -14802.5  204.605  2826.26
220  160  2025-06-09 22-12-13  1584  15516.9  -14803.9  204.662  2818.43
221  160  2025-06-09 22-12-13  1585.6  15526.1  -14805.3  204.72  2810.53
222  160  2025-06-09 22-12-13  1587.2  15535.2  -14806.8  204.777  2820.32
223  160  2025-06-09 22-12-13  1588.8  15544.4  -14808.2  204.835  2812.43
224  160  2025-06-09 22-12-13  1590.4  15553.6  -14809.8  204.893  2822.24
225  160  2025-06-09 22-12-13  1592  15562.7  -14811.2  204.95  2814.37
226  160  2025-06-09 22-12-13  1593.6  15571.9  -14812.7  205.008  2824.19
227  160  2025-06-09 22-12-13  1595.2  15581.1  -14814.2  205.065  2816.34
228  160  2025-06-09 22-12-13  1596.8  15590.3  -14815.8  205.123  2826.18
229  160  2025-06-09 22-12-13  1598.4  15599.5  -14817.2  205.18  2818.34
230  160  2025-06-09 22-12-13  1600  15608.7  -14818.8  205.238  2828.19
231  160  2025-06-09 22-12-13  1601.6  15617.9  -14820.3  205.295  2820.37
232  160  2025-06-09 22-12-13  1603.2  15627.1  -14821.7  205.353  2812.46
233  160  2025-06-09 22-12-13  1604.8  15636.3  -14823.3  205.411  2822.26
234  160  2025-06-09 22-12-13  1606.4  15645.6  -14824.7  205.468  2814.37
235  160  2025-06-09 22-12-13  1608  15654.8  -14826.3  205.526  2824.18
236  160  2025-06-09 22-12-13  1609.6  15664  -14827.7  205.583  2816.3
237  160  2025-06-09 22-12-13  1611.2  15673.3  -14829.3  205.641  2826.13
238  160  2025-06-09 22-12-13  1612.8  15682.5  -14830.8  205.698  2818.27
239  160  2025-06-09 22-12-13  1614.4  15691.8  -14832.2  205.756  2810.34
240  160  2025-06-09 22-12-13  1616  15701  -14833.7  205.813  2820.1
241  160  2025-06-09 22-12-13  1617.6  15710.3  -14835.1  205.871  2812.18
242  160  2025-06-09 22-12-13  1619.2  15719.6  -14836.7  205.929  2821.95
243  160  2025-06-09 22-12-13  1620.8  15728.9  -14838.1  205.986  2814.05
244  160  2025-06-09 22-12-13  1622.4  15738.1  -14839.7  206.044  2823.84
245  160  2025-06-09 22-12-13  1624  15747.4  -14841.1  206.101  2815.95
246  160  2025-06-09 22-12-13  1625.6  15756.7  -14842.7  206.159  2825.76
247  160  2025-06-09 22-12-13  1627.2  15766  -14844.2  206.216  2817.89
248  160  2025-06-09 22-12-13  1628.8  15775.3  -14845.8  206.274  2827.71
249  160  2025-06-09 22-12-13  1630.4  15784.6  -14847.3  206.331  2819.86
250  160  2025-06-09 22-12-13  1632  15794  -14848.7  206.389  2811.92
251  160  2025-06-09 22-12-13  1633.6  15803.3  -14850.3  206.447  2821.68
252  160  2025-06-09 22-12-13  1635.2  15812.6  -14851.7  206.504  2813.76
253  160  2025-06-09 22-12-13  1636.8  15821.9  -14853.3  206.562  2823.54
254  160  2025-06-09 22-12-13  1638.4  15831.3  -14854.8  206.619  2815.63
255  160  2025-06-09 22-12-13  1640  15840.6  -14856.3  206.677  2825.42
256  160  2025-06-09 22-12-13  1641.6  15850  -14857.8  206.734  2817.54
257  160  2025-06-09 22-12-13  1643.2  15859.3  -14859.4  206.792  2827.34
258  160  2025-06-09 22-12-13  1644.8  15868.7  -14861  206.849  2819.47
259  160  2025-06-09 22-12-13  1646.4  15878.1  -14862.4  206.907  2811.52
260  160  2025-06-09 22-12-13  1648  15887.4  -14863.9  206.965  2821.26
261  160  2025-06-09 22-12-13  1649.6  15896.8  -14865.4  207.022  2813.33
262  160  2025-06-09 22-12-13  1651.2  15906.2  -14867  207.08  2823.09
263  160  2025-06-09 22-12-13  1652.8  15915.6  -14868.4  207.137  2815.17
264  160  2025-06-09 22-12-13  1654.4  15925  -14870  207.195  2824.94
265  160  2025-06-09 22-12-13  1656  15934.4  -14871.5  207.252  2817.04
266  160  2025-06-09 22-12-13  1657.6  15943.8  -14873.1  207.31  2826.83
267  160  2025-06-09 22-12-13  1659.2  15953.2  -14874.6  207.367  2818.94
268  160  2025-06-09 22-12-13  1660.8  15962.6  -14876.1  207.425  2810.98
269  160  2025-06-09 22-12-13  1662.4  15972.1  -14877.6  207.483  2820.7
270  160  2025-06-09 22-12-13  1664  15981.5  -14879.1  207.54  2812.75
271  160  2025-06-09 22-12-13  1665.6  15990.9  -14880.6  207.598  2822.5
272  160  2025-06-09 22-12-13  1667.2  16000.4  -14882.1  207.655  2814.56
273  160  2025-06-09 22-12-13  1668.8  16009.8  -14883.7  207.713  2824.32
274  160  2025-06-09 22-12-13  1670.4  16019.3  -14885.2  207.77  2816.4
275  160  2025-06-09 22-12-13  1672  16028.7  -14886.8  207.828  2826.18
276  160  2025-06-09 22-12-13  1673.6  16038.2  -14888.3  207.885  2818.27
277  160  2025-06-09 22-12-13  1675.2  16047.7  -14890  207.943  2828.06
278  160  2025-06-09 22-12-13  1676.8  16057.1  -14891.5  208.001  2820.18
279  160  2025-06-09 22-12-13  1678.4  16066.6  -14893  208.058  2812.21
280  160  2025-06-09 22-12-13  1680  16076.1  -14894.5  208.116  2821.94
281  160  2025-06-09 22-12-13  1681.6  16085.6  -14896  208.173  2813.98
282  160  2025-06-09 22-12-13  1683.2  16095.1  -14897.6  208.231  2823.73
283  160  2025-06-09 22-12-13  1684.8  16104.6  -14899.1  208.288  2815.79
284  160  2025-06-09 22-12-13  1686.4  16114.1  -14900.7  208.346  2825.55
285  160  2025-06-09 22-12-13  1688  16123.6  -14902.2  208.404  2817.63
286  160  2025-06-09 22-12-13  1689.6  16133.1  -14903.9  208.461  2827.41
287  160  2025-06-09 22-12-13  1691.2  16142.7  -14905.4  208.519  2819.5
288  160  2025-06-09 22-12-13  1692.8  16152.2  -14906.9  208.576  2811.52
289  160  2025-06-09 22-12-13  1694.4  16161.7  -14908.4  208.634  2821.23
290  160  2025-06-09 22-12-13  1696  16171.3  -14909.9  208.691  2813.26
291  160  2025-06-09 22-12-13  1697.6  16180.8  -14911.5  208.749  2822.99
292  160  2025-06-09 22-12-13  1699.2  16190.4  -14913  208.806  2815.04
293  160  2025-06-09 22-12-13  1700.8  16200  -14914.6  208.864  2824.78
294  160  2025-06-09 22-12-13  1702.4  16209.5  -14916.2  208.922  2816.85
295  160  2025-06-09 22-12-13  1704  16219.1  -14917.8  208.979  2826.61
296  160  2025-06-09 22-12-13  1705.6  16228.7  -14919.3  209.037  2818.69
297  160  2025-06-09 22-12-13  1707.2  16238.3  -14920.8  209.094  2810.69
298  160  2025-06-09 22-12-13  1708.8  16247.9  -14922.4  209.152  2820.38
299  160  2025-06-09 22-12-13  1710.4  16257.5  -14923.8  209.209  2812.4
300  160  2025-06-09 22-12-13  1712  16267.1  -14925.4  209.267  2822.11
301  160  2025-06-09 22-12-13  1713.6  16276.7  -14926.9  209.324  2814.14
302  160  2025-06-09 22-12-13  1715.2  16286.3  -14928.5  209.382  2823.87
303  160  2025-06-09 22-12-13  1716.8  16295.9  -14930.1  209.44  2815.92
304  160  2025-06-09 22-12-13  1718.4  16305.5  -14931.7  209.497  2825.66
305  160  2025-06-09 22-12-13  1720  16315.1  -14933.2  209.555  2817.73
306  160  2025-06-09 22-12-13  1721.6  16324.8  -14934.9  209.612  2827.49
307  160  2025-06-09 22-12-13  1723.2  16334.4  -14936.4  209.67  2819.57
308  160  2025-06-09 22-12-13  1724.8  16344.1  -14937.9  209.727  2811.57
309  160  2025-06-09 22-12-13  1726.4  16353.7  -14939.5  209.785  2821.26
310  160  2025-06-09 22-12-13  1728  16363.4  -14941  209.842  2813.28
311  160  2025-06-09 22-12-13  1729.6  16373  -14942.6  209.9  2822.99
312  160  2025-06-09 22-12-13  1731.2  16382.7  -14944.1  209.958  2815.02
313  160  2025-06-09 22-12-13  1732.8  16392.4  -14945.8  210.015  2824.75
314  160  2025-06-09 22-12-13  1734.4  16402.1  -14947.3  210.073  2816.8
315  160  2025-06-09 22-12-13  1736  16411.7  -14949  210.13  2826.54
316  160  2025-06-09 22-12-13  1737.6  16421.4  -14950.5  210.188  2818.61
317  160  2025-06-09 22-12-13  1739.2  16431.2  -14952  210.245  2810.59
318  160  2025-06-09 22-12-13  1740.8  16440.9  -14953.6  210.303  2820.27
319  160  2025-06-09 22-12-13  1742.4  16450.6  -14955.1  210.36  2812.27
320  160  2025-06-09 22-12-13  1744  16460.3  -14956.7  210.418  2821.97
321  160  2025-06-09 22-12-13  1745.6  16470  -14958.2  210.476  2813.98
322  160  2025-06-09 22-12-13  1747.2  16479.7  -14959.8  210.533  2823.7
323  160  2025-06-09 22-12-13  1748.8  16489.5  -14961.4  210.591  2815.73
324  160  2025-06-09 22-12-13  1750.4  16499.2  -14963  210.648  2825.46
325  160  2025-06-09 22-12-13  1752  16508.9  -14964.6  210.706  2817.5
326  160  2025-06-09 22-12-13  1753.6  16518.7  -14966.2  210.763  2827.25
327  160  2025-06-09 22-12-13  1755.2  16528.4  -14967.8  210.821  2819.31
328  160  2025-06-09 22-12-13  1756.8  16538.2  -14969.3  210.878  2811.3
329  160  2025-06-09 22-12-13  1758.4  16548  -14970.9  210.936  2820.98
330  160  2025-06-09 22-12-13  1760  16557.8  -14972.4  210.994  2812.98
331  160  2025-06-09 22-12-13  1761.6  16567.5  -14974  211.051  2822.67
332  160  2025-06-09 22-12-13  1763.2  16577.3  -14975.6  211.109  2814.69
333  160  2025-06-09 22-12-13  1764.8  16587.1  -14977.2  211.166  2824.4
334  160  2025-06-09 22-12-13  1766.4  16596.9  -14978.8  211.224  2816.43
335  160  2025-06-09 22-12-13  1768  16606.7  -14980.4  211.281  2826.16
336  160  2025-06-09 22-12-13  1769.6  16616.5  -14982  211.339  2818.21
337  160  2025-06-09 22-12-13  1771.2  16626.3  -14983.5  211.396  2810.18
338  160  2025-06-09 22-12-13  1772.8  16636.1  -14985.1  211.454  2819.84
339  160  2025-06-09 22-12-13  1774.4  16646  -14986.6  211.512  2811.82
340  160  2025-06-09 22-12-13  1776  16655.8  -14988.2  211.569  2821.5
341  160  2025-06-09 22-12-13  1777.6  16665.6  -14989.8  211.627  2813.5
342  160  2025-06-09 22-12-13  1779.2  16675.5  -14991.4  211.684  2823.2
343  160  2025-06-09 22-12-13  1780.8  16685.3  -14993  211.742  2815.22
344  160  2025-06-09 22-12-13  1782.4  16695.2  -14994.6  211.799  2824.93
345  160  2025-06-09 22-12-13  1784  16705  -14996.2  211.857  2816.96
346  160  2025-06-09 22-12-13  1785.6  16714.9  -14997.9  211.914  2826.69
347  160  2025-06-09 22-12-13  1787.2  16724.7  -14999.5  211.972  2818.74
348  160  2025-06-09 22-12-13  1788.8  16734.6  -15001  212.03  2810.7
349  160  2025-06-09 22-12-13  1790.4  16744.5  -15002.6  212.087  2820.37
350  160  2025-06-09 22-12-13  1792  16754.4  -15004.1  212.145  2812.35
351  160  2025-06-09 22-12-13  1793.6  16764.3  -15005.7  212.202  2822.03
352  160  2025-06-09 22-12-13  1795.2  16774.2  -15007.3  212.26  2814.03
353  160  2025-06-09 22-12-13  1796.8  16784.1  -15008.9  212.317  2823.73
354  160  2025-06-09 22-12-13  1798.4  16794  -15010.5  212.375  2815.74
355  160  2025-06-09 22-12-13  1800  16803.9  -15012.2  212.432  2825.46
356  160  2025-06-09 22-12-13  1801.6  16813.8  -15013.8  212.49  2817.49
357  160  2025-06-09 22-12-13  1803.2  16823.8  -15015.3  212.548  2809.44
358  160  2025-06-09 22-12-13  1804.8  16833.7  -15016.9  212.605  2819.09
359  160  2025-06-09 22-12-13  1806.4  16843.7  -15018.4  212.663  2811.06
360  160  2025-06-09 22-12-13  1808  16853.6  -15020  212.72  2820.72
361  160  2025-06-09 22-12-13  1809.6  16863.6  -15021.6  212.778  2812.7
362  160  2025-06-09 22-12-13  1811.2  16873.5  -15023.2  212.835  2822.38
363  160  2025-06-09 22-12-13  1812.8  16883.5  -15024.8  212.893  2814.38
364  160  2025-06-09 22-12-13  1814.4  16893.4  -15026.4  212.95  2824.08
365  160  2025-06-09 22-12-13  1816  16903.4  -15028  213.008  2816.1
366  160  2025-06-09 22-12-13  1817.6  16913.4  -15029.7  213.066  2825.81
367  160  2025-06-09 22-12-13  1819.2  16923.4  -15031.3  213.123  2817.84
368  160  2025-06-09 22-12-13  1820.8  16933.4  -15032.8  213.181  2809.79
369  160  2025-06-09 22-12-13  1822.4  16943.4  -15034.4  213.238  2819.44
370  160  2025-06-09 22-12-13  1824  16953.4  -15036  213.296  2811.41
371  160  2025-06-09 22-12-13  1825.6  16963.4  -15037.6  213.353  2821.07
372  160  2025-06-09 22-12-13  1827.2  16973.4  -15039.2  213.411  2813.06
373  160  2025-06-09 22-12-13  1828.8  16983.4  -15040.8  213.468  2822.74
374  160  2025-06-09 22-12-13  1830.4  16993.4  -15042.4  213.526  2814.74
375  160  2025-06-09 22-12-13  1832  17003.5  -15044.1  213.584  2824.43
376  160  2025-06-09 22-12-13  1833.6  17013.5  -15045.7  213.641  2816.45
377  160  2025-06-09 22-12-13  1835.2  17023.5  -15047.4  213.699  2826.16
378  160  2025-06-09 22-12-13  1836.8  17033.6  -15049  213.756  2818.19
379  160  2025-06-09 22-12-13  1838.4  17043.6  -15050.5  213.814  2810.14
380  160  2025-06-09 22-12-13  1840  17053.7  -15052.2  213.871  2819.79
381  160  2025-06-09 22-12-13  1841.6  17063.8  -15053.7  213.929  2811.76
382  160  2025-06-09 22-12-13  1843.2  17073.8  -15055.4  213.986  2821.42
383  160  2025-06-09 22-12-13  1844.8  17083.9  -15056.9  214.044  2813.41
384  160  2025-06-09 22-12-13  1846.4  17094  -15058.6  214.102  2823.09
385  160  2025-06-09 22-12-13  1848  17104.1  -15060.2  214.159  2815.09
386  160  2025-06-09 22-12-13  1849.6  17114.1  -15061.9  214.217  2824.78
387  160  2025-06-09 22-12-13  1851.2  17124.2  -15063.5  214.274  2816.8
388  160  2025-06-09 22-12-13  1852.8  17134.4  -15065  214.332  2808.74
389  160  2025-06-09 22-12-13  1854.4  17144.5  -15066.7  214.389  2818.37
390  160  2025-06-09 22-12-13  1856  17154.6  -15068.2  214.447  2810.32
391  160  2025-06-09 22-12-13  1857.6  17164.7  -15069.8  214.504  2819.97
392  160  2025-06-09 22-12-13  1859.2  17174.9  -15071.4  214.562  2811.94
393  160  2025-06-09 22-12-13  1860.8  17185  -15073.1  214.62  2821.6
394  160  2025-06-09 22-12-13  1862.4  17195.1  -15074.7  214.677  2813.58
395  160  2025-06-09 22-12-13  1864  17205.3  -15076.3  214.735  2823.26
396  160  2025-06-09 22-12-13  1865.6  17215.4  -15077.9  214.792  2815.26
397  160  2025-06-09 22-12-13  1867.2  17225.6  -15079.6  214.85  2824.96
398  160  2025-06-09 22-12-13  1868.8  17235.7  -15081.3  214.907  2816.98
399  160  2025-06-09 22-12-13  1870.4  17245.9  -15082.8  214.965  2808.91
400  160  2025-06-09 22-12-13  1872  17256.1  -15084.4  215.022  2818.54
401  160  2025-06-09 22-12-13  1873.6  17266.3  -15086  215.08  2810.5
402  160  2025-06-09 22-12-13  1875.2  17276.4  -15087.7  215.138  2820.14
403  160  2025-06-09 22-12-13  1876.8  17286.6  -15089.2  215.195  2812.11
404  160  2025-06-09 22-12-13  1878.4  17296.8  -15090.9  215.253  2821.78
405  160  2025-06-09 22-12-13  1880  17307  -15092.5  215.31  2813.76
406  160  2025-06-09 22-12-13  1881.6  17317.2  -15094.2  215.368  2823.44
407  160  2025-06-09 22-12-13  1883.2  17327.5  -15095.8  215.425  2815.44
408  160  2025-06-09 22-12-13  1884.8  17337.7  -15097.5  215.483  2825.14
409  160  2025-06-09 22-12-13  1886.4  17347.9  -15099.2  215.54  2817.15
410  160  2025-06-09 22-12-13  1888  17358.1  -15100.7  215.598  2809.09
411  160  2025-06-09 22-12-13  1889.6  17368.4  -15102.4  215.656  2818.72
412  160  2025-06-09 22-12-13  1891.2  17378.6  -15103.9  215.713  2810.67
413  160  2025-06-09 22-12-13  1892.8  17388.9  -15105.6  215.771  2820.32
414  160  2025-06-09 22-12-13  1894.4  17399.1  -15107.2  215.828  2812.29
415  160  2025-06-09 22-12-13  1896  17409.4  -15108.9  215.886  2821.95
416  160  2025-06-09 22-12-13  1897.6  17419.6  -15110.5  215.943  2813.94
417  160  2025-06-09 22-12-13  1899.2  17429.9  -15112.2  216.001  2823.62
418  160  2025-06-09 22-12-13  1900.8  17440.2  -15113.8  216.058  2815.62
419  160  2025-06-09 22-12-13  1902.4  17450.4  -15115.5  216.116  2825.31
420  160  2025-06-09 22-12-13  1904  17460.7  -15117.2  216.174  2817.33
421  160  2025-06-09 22-12-13  1905.6  17471  -15118.7  216.231  2809.26
422  160  2025-06-09 22-12-13  1907.2  17481.3  -15120.4  216.289  2818.9
423  160  2025-06-09 22-12-13  1908.8  17491.6  -15122  216.346  2810.85
424  160  2025-06-09 22-12-13  1910.4  17501.9  -15123.7  216.404  2820.5
425  160  2025-06-09 22-12-13  1912  17512.3  -15125.2  216.461  2812.46
426  160  2025-06-09 22-12-13  1913.6  17522.6  -15127  216.519  2822.13
427  160  2025-06-09 22-12-13  1915.2  17532.9  -15128.6  216.576  2814.11
428  160  2025-06-09 22-12-13  1916.8  17543.2  -15130.3  216.634  2823.79
429  160  2025-06-09 22-12-13  1918.4  17553.6  -15131.9  216.692  2815.79
430  160  2025-06-09 22-12-13  1920  17563.9  -15133.5  216.749  2807.71
431  160  2025-06-09 22-12-13  1921.6  17574.3  -15135.1  216.807  2817.33
432  160  2025-06-09 22-12-13  1923.2  17584.7  -15136.7  216.864  2809.26
433  160  2025-06-09 22-12-13  1924.8  17595  -15138.4  216.922  2818.9
434  160  2025-06-09 22-12-13  1926.4  17605.4  -15140  216.979  2810.85
435  160  2025-06-09 22-12-13  1928  17615.8  -15141.6  217.037  2820.5
436  160  2025-06-09 22-12-13  1929.6  17626.1  -15143.2  217.094  2812.46
437  160  2025-06-09 22-12-13  1931.2  17636.5  -15145  217.152  2822.13
438  160  2025-06-09 22-12-13  1932.8  17646.9  -15146.6  217.21  2814.11
439  160  2025-06-09 22-12-13  1934.4  17657.3  -15148.3  217.267  2823.79
440  160  2025-06-09 22-12-13  1936  17667.7  -15150  217.325  2815.79
441  160  2025-06-09 22-12-13  1937.6  17678.1  -15151.5  217.382  2807.71
442  160  2025-06-09 22-12-13  1939.2  17688.5  -15153.2  217.44  2817.33
443  160  2025-06-09 22-12-13  1940.8  17699  -15154.8  217.497  2809.26
444  160  2025-06-09 22-12-13  1942.4  17709.4  -15156.4  217.555  2818.9
445  160  2025-06-09 22-12-13  1944  17719.8  -15158  217.612  2810.85
446  160  2025-06-09 22-12-13  1945.6  17730.3  -15159.7  217.67  2820.5
447  160  2025-06-09 22-12-13  1947.2  17740.7  -15161.4  217.728  2812.46
448  160  2025-06-09 22-12-13  1948.8  17751.1  -15163.1  217.785  2822.13
449  160  2025-06-09 22-12-13  1950.4  17761.6  -15164.7  217.843  2814.11
450  160  2025-06-09 22-12-13  1952  17772  -15166.5  217.9  2823.79
451  160  2025-06-09 22-12-13  1953.6  17782.5  -15168.1  217.958  2815.79
452  160  2025-06-09 22-12-13  1955.2  17793  -15169.7  218.015  2807.71
453  160  2025-06-09 22-12-13  1956.8  17803.5  -15171.4  218.073  2817.33
454  160  2025-06-09 22-12-13  1958.4  17814  -15172.9  218.13  2809.26
455  160  2025-06-09 22-12-13  1960  17824.4  -15174.6  218.188  2818.9
456  160  2025-06-09 22-12-13  1961.6  17834.9  -15176.2  218.246  2810.85
457  160  2025-06-09 22-12-13  1963.2  17845.4  -15177.9  218.303  2820.5
458  160  2025-06-09 22-12-13  1964.8  17855.9  -15179.6  218.361  2812.46
459  160  2025-06-09 22-12-13  1966.4  17866.4  -15181.3  218.418  2822.13
460  160  2025-06-09 22-12-13  1968  17877  -15183  218.476  2814.11
461  160  2025-06-09 22-12-13  1969.6  17887.5  -15184.7  218.533  2823.79
462  160  2025-06-09 22-12-13  1971.2  17898  -15186.4  218.591  2815.79
463  160  2025-06-09 22-12-13  1972.8  17908.6  -15187.9  218.648  2807.71
464  160  2025-06-09 22-12-13  1974.4  17919.1  -15189.6  218.706  2817.33
465  160  2025-06-09 22-12-13  1976  17929.6  -15191.2  218.764  2809.26
466  160  2025-06-09 22-12-13  1977.6  17940.2  -15192.9  218.821  2818.9
467  160  2025-06-09 22-12-13  1979.2  17950.8  -15194.5  218.879  2810.85
468  160  2025-06-09 22-12-13  1980.8  17961.3  -15196.3  218.936  2820.5
469  160  2025-06-09 22-12-13  1982.4  17971.9  -15197.9  218.994  2812.46
470  160  2025-06-09 22-12-13  1984  17982.4  -15199.6  219.051  2822.13
471  160  2025-06-09 22-12-13  1985.6  17993  -15201.3  219.109  2814.11
472  160  2025-06-09 22-12-13  1987.2  18003.6  -15202.9  219.167  2806.02
473  160  2025-06-09 22-12-13  1988.8  18014.2  -15204.5  219.224  2815.62
474  160  2025-06-09 22-12-13  1990.4  18024.8  -15206.1  219.282  2807.54
475  160  2025-06-09 22-12-13  1992  18035.4  -15207.8  219.339  2817.15
476  160  2025-06-09 22-12-13  1993.6  18046.1  -15209.4  219.397  2809.09
477  160  2025-06-09 22-12-13  1995.2  18056.7  -15211.1  219.454  2818.72
478  160  2025-06-09 22-12-13  1996.8  18067.3  -15212.7  219.512  2810.67
479  160  2025-06-09 22-12-13  1998.4  18077.9  -15214.5  219.569  2820.32
480  160  2025-06-09 22-12-13  2000  18088.5  -15216.1  219.627  2812.29
481  160  2025-06-09 22-12-13  2001.6  18099.2  -15217.9  219.685  2821.95
482  160  2025-06-09 22-12-13  2003.2  18109.8  -15219.5  219.742  2813.94
483  160  2025-06-09 22-12-13  2004.8  18120.5  -15221.1  219.8  2805.84
484  160  2025-06-09 22-12-13  2006.4  18131.1  -15222.8  219.857  2815.44
485  160  2025-06-09 22-12-13  2008  18141.8  -15224.4  219.915  2807.36
486  160  2025-06-09 22-12-13  2009.6  18152.5  -15226.1  219.972  2816.98
487  160  2025-06-09 22-12-13  2011.2  18163.2  -15227.7  220.03  2808.91
488  160  2025-06-09 22-12-13  2012.8  18173.8  -15229.4  220.087  2818.54
489  160  2025-06-09 22-12-13  2014.4  18184.5  -15231  220.145  2810.5
490  160  2025-06-09 22-12-13  2016  18195.2  -15232.8  220.203  2820.14
491  160  2025-06-09 22-12-13  2017.6  18205.9  -15234.4  220.26  2812.11
492  160  2025-06-09 22-12-13  2019.2  18216.6  -15236.2  220.318  2821.78
