SN    USVID    CurTime    simTime    CurX    CurY    CurVel      CurYaw   
0  208  2025-06-14 00-28-24  0  17240  4.89843e-16  192  2672
1  208  2025-06-14 00-28-24  1.6  17248.3  9.97306e-16  194.878  2672
2  208  2025-06-14 00-28-24  3.2  17256.9  1.52207e-15  197.704  2672
3  208  2025-06-14 00-28-24  4.8  17265.7  2.06383e-15  200.479  2672
4  208  2025-06-14 00-28-24  6.4  17274.8  2.62228e-15  203.204  2672
5  208  2025-06-14 00-28-24  8  17284.2  3.19711e-15  205.881  2672
6  208  2025-06-14 00-28-24  9.6  17293.9  3.78804e-15  208.509  2672
7  208  2025-06-14 00-28-24  11.2  17303.8  4.39477e-15  211.09  2672
8  208  2025-06-14 00-28-24  12.8  17313.9  5.01702e-15  213.624  2672
9  208  2025-06-14 00-28-24  14.4  17324.3  5.6545e-15  216.113  2672
10  208  2025-06-14 00-28-24  128  17335  6.30695e-15  218.557  2672
11  208  2025-06-14 00-28-24  129.6  17345.9  6.9741e-15  220.957  2672
12  208  2025-06-14 00-28-24  131.2  17357  7.65568e-15  223.314  2672
13  208  2025-06-14 00-28-24  132.8  17368.4  8.35143e-15  225.629  2672
14  208  2025-06-14 00-28-24  134.4  17380  9.0611e-15  227.902  2672
15  208  2025-06-14 00-28-24  136  17391.8  9.78444e-15  230.134  2672
16  208  2025-06-14 00-28-24  137.6  17403.8  1.05212e-14  232.326  2672
17  208  2025-06-14 00-28-24  139.2  17416.1  1.12711e-14  234.478  2672
18  208  2025-06-14 00-28-24  140.8  17428.5  1.2034e-14  236.592  2672
19  208  2025-06-14 00-28-24  142.4  17441.2  1.28096e-14  238.668  2672
20  208  2025-06-14 00-28-24  144  17454.1  1.35977e-14  240.706  2672
21  208  2025-06-14 00-28-24  145.6  17467.1  1.4398e-14  242.708  2672
22  208  2025-06-14 00-28-24  147.2  17480.4  1.52104e-14  244.674  2672
23  208  2025-06-14 00-28-24  148.8  17493.9  1.60345e-14  246.604  2672
24  208  2025-06-14 00-28-24  150.4  17507.5  1.68703e-14  248.5  2672
25  208  2025-06-14 00-28-24  152  17521.4  1.77175e-14  250.361  2672
26  208  2025-06-14 00-28-24  153.6  17535.4  1.85759e-14  252.189  2672
27  208  2025-06-14 00-28-24  155.2  17549.6  1.94453e-14  253.984  2672
28  208  2025-06-14 00-28-24  156.8  17564  2.03255e-14  255.747  2672
29  208  2025-06-14 00-28-24  158.4  17578.5  2.12162e-14  257.479  2672
30  208  2025-06-14 00-28-24  160  17593.2  2.21174e-14  259.179  2672
31  208  2025-06-14 00-28-24  161.6  17608.1  2.30288e-14  260.848  2672
32  208  2025-06-14 00-28-24  163.2  17623.2  2.39503e-14  262.488  2672
33  208  2025-06-14 00-28-24  164.8  17638.4  2.48816e-14  264.098  2672
34  208  2025-06-14 00-28-24  166.4  17653.7  2.58225e-14  265.679  2672
35  208  2025-06-14 00-28-24  168  17669.3  2.6773e-14  267.231  2672
36  208  2025-06-14 00-28-24  169.6  17684.9  2.77328e-14  268.756  2672
37  208  2025-06-14 00-28-24  171.2  17700.8  2.87018e-14  270.253  2672
38  208  2025-06-14 00-28-24  172.8  17716.7  2.96798e-14  271.724  2672
39  208  2025-06-14 00-28-24  174.4  17732.8  3.06667e-14  1393.17  2672
40  208  2025-06-14 00-28-24  176  17749.1  3.16622e-14  1394.59  2672
41  208  2025-06-14 00-28-24  177.6  17765.5  3.26662e-14  1395.98  2672
42  208  2025-06-14 00-28-24  179.2  17782  3.36786e-14  1397.35  2672
43  208  2025-06-14 00-28-24  180.8  17798.7  3.46993e-14  1398.69  2672
44  208  2025-06-14 00-28-24  182.4  17815.5  3.57279e-14  1400  2672
45  208  2025-06-14 00-28-24  184  17832.4  3.67644e-14  1401.28  2672
46  208  2025-06-14 00-28-24  185.6  17849.5  3.78086e-14  1402.53  2672
47  208  2025-06-14 00-28-24  187.2  17866.7  3.88603e-14  1403.75  2672
48  208  2025-06-14 00-28-24  188.8  17884  3.99192e-14  1404.94  2672
49  208  2025-06-14 00-28-24  190.4  17901.4  4.09853e-14  1406.11  2672
50  208  2025-06-14 00-28-24  192  17918.9  4.20583e-14  1407.24  2672
51  208  2025-06-14 00-28-24  193.6  17936.5  4.3138e-14  1408.34  2672
52  208  2025-06-14 00-28-24  195.2  17954.3  4.42243e-14  1409.42  2672
53  208  2025-06-14 00-28-24  196.8  17972.1  4.53171e-14  1410.46  2672
54  208  2025-06-14 00-28-24  198.4  17990.1  4.64161e-14  1411.48  2672
55  208  2025-06-14 00-28-24  200  18008.1  4.75211e-14  1412.47  2672
56  208  2025-06-14 00-28-24  201.6  18026.2  4.86321e-14  1413.44  2672
57  208  2025-06-14 00-28-24  203.2  18044.5  4.97487e-14  1414.37  2672
58  208  2025-06-14 00-28-24  204.8  18062.8  5.0871e-14  1415.29  2672
59  208  2025-06-14 00-28-24  206.4  18081.2  5.19987e-14  1416.17  2672
60  208  2025-06-14 00-28-24  208  18099.7  5.31316e-14  1417.03  2672
61  208  2025-06-14 00-28-24  209.6  18118.3  5.42696e-14  1417.86  2672
62  208  2025-06-14 00-28-24  211.2  18137  5.54126e-14  1418.67  2672
63  208  2025-06-14 00-28-24  212.8  18155.7  5.65603e-14  1419.45  2672
64  208  2025-06-14 00-28-24  214.4  18174.6  5.77127e-14  1420.21  2672
65  208  2025-06-14 00-28-24  216  18193.4  5.88696e-14  1420.94  2672
66  208  2025-06-14 00-28-24  217.6  18212.4  6.00308e-14  1421.65  2672
67  208  2025-06-14 00-28-24  219.2  18231.4  6.11962e-14  1422.33  2672
68  208  2025-06-14 00-28-24  220.8  18250.5  6.23657e-14  1422.99  2672
69  208  2025-06-14 00-28-24  222.4  18269.7  6.3539e-14  1423.63  2672
70  208  2025-06-14 00-28-24  224  18288.9  6.47162e-14  1424.25  2672
71  208  2025-06-14 00-28-24  225.6  18308.2  6.58969e-14  1424.84  2672
72  208  2025-06-14 00-28-24  227.2  18327.6  6.70812e-14  1425.41  2672
73  208  2025-06-14 00-28-24  228.8  18347  6.82688e-14  1425.96  2672
74  208  2025-06-14 00-28-24  230.4  18366.4  6.94596e-14  1426.48  2672
75  208  2025-06-14 00-28-24  232  18385.9  7.06535e-14  1426.99  2672
76  208  2025-06-14 00-28-24  233.6  18405.4  7.18504e-14  1427.47  2672
77  208  2025-06-14 00-28-24  235.2  18425  7.30501e-14  1427.93  2672
78  208  2025-06-14 00-28-24  236.8  18444.7  7.42525e-14  1428.38  2672
79  208  2025-06-14 00-28-24  238.4  18464.4  7.54575e-14  1428.8  2672
80  208  2025-06-14 00-28-24  240  18484.1  7.6665e-14  1429.2  2672
81  208  2025-06-14 00-28-24  241.6  18503.8  7.78748e-14  1429.58  2672
82  208  2025-06-14 00-28-24  243.2  18523.6  7.90869e-14  1429.95  2672
83  208  2025-06-14 00-28-24  244.8  18543.5  8.0301e-14  1430.29  2672
84  208  2025-06-14 00-28-24  246.4  18563.3  8.15172e-14  1430.62  2672
85  208  2025-06-14 00-28-24  248  18583.2  8.27352e-14  1430.92  2672
86  208  2025-06-14 00-28-24  249.6  18603.1  8.3955e-14  1431.21  2672
87  208  2025-06-14 00-28-24  251.2  18623.1  8.51764e-14  1431.48  2672
88  208  2025-06-14 00-28-24  252.8  18643.1  8.63994e-14  1431.73  2672
89  208  2025-06-14 00-28-24  254.4  18663.1  8.76238e-14  1431.97  2672
90  208  2025-06-14 00-28-24  256  18683.1  8.88496e-14  1432.19  2672
91  208  2025-06-14 00-28-24  257.6  18703.1  9.00765e-14  1432.39  2672
92  208  2025-06-14 00-28-24  259.2  18723.2  9.13047e-14  1432.57  2672
93  208  2025-06-14 00-28-24  260.8  18743.2  9.25338e-14  1432.74  2672
94  208  2025-06-14 00-28-24  262.4  18763.3  9.37639e-14  1432.89  2672
95  208  2025-06-14 00-28-24  264  18783.4  9.49948e-14  1433.03  2672
96  208  2025-06-14 00-28-24  265.6  18803.5  9.62265e-14  1433.15  2672
97  208  2025-06-14 00-28-24  267.2  18823.7  9.74588e-14  1433.26  2672
98  208  2025-06-14 00-28-24  268.8  18843.8  9.86916e-14  1433.35  2672
99  208  2025-06-14 00-28-24  270.4  18864  9.99249e-14  1433.42  2672
100  208  2025-06-14 00-28-24  1392  18884.1  1.01159e-13  1433.48  2672
101  208  2025-06-14 00-28-24  1393.6  18904.3  1.02393e-13  1433.53  2672
102  208  2025-06-14 00-28-24  1395.2  18924.4  1.03627e-13  1433.56  2672
103  208  2025-06-14 00-28-24  1396.8  18944.6  1.04861e-13  1433.58  2672
104  208  2025-06-14 00-28-24  1398.4  18964.7  1.06095e-13  1433.58  2672
105  208  2025-06-14 00-28-24  1400  18984.9  1.0733e-13  1433.58  2672
106  208  2025-06-14 00-28-24  1401.6  19005  1.08564e-13  1433.56  2672
107  208  2025-06-14 00-28-24  1403.2  19025.2  1.09798e-13  1433.52  2672
108  208  2025-06-14 00-28-24  1404.8  19045.3  1.11031e-13  1433.47  2672
109  208  2025-06-14 00-28-24  1406.4  19065.5  1.12265e-13  1433.42  2672
110  208  2025-06-14 00-28-24  1408  19085.6  1.13497e-13  1433.34  2672
111  208  2025-06-14 00-28-24  1409.6  19105.7  1.1473e-13  1433.26  2672
112  208  2025-06-14 00-28-24  1411.2  19125.9  1.15961e-13  1433.17  2672
113  208  2025-06-14 00-28-24  1412.8  19146  1.17193e-13  1433.06  2672
114  208  2025-06-14 00-28-24  1414.4  19166.1  1.18423e-13  1432.94  2672
115  208  2025-06-14 00-28-24  1416  19186.1  1.19652e-13  1432.81  2672
116  208  2025-06-14 00-28-24  1417.6  19206.2  1.20881e-13  1432.67  2672
117  208  2025-06-14 00-28-24  1419.2  19226.3  1.22109e-13  1432.52  2672
118  208  2025-06-14 00-28-24  1420.8  19246.3  1.23336e-13  1432.36  2672
119  208  2025-06-14 00-28-24  1422.4  19266.3  1.24562e-13  1432.19  2672
120  208  2025-06-14 00-28-24  1424  19286.3  1.25786e-13  1432.01  2672
121  208  2025-06-14 00-28-24  1425.6  19306.3  1.2701e-13  1431.82  2672
122  208  2025-06-14 00-28-24  1427.2  19326.3  1.28232e-13  1431.62  2672
123  208  2025-06-14 00-28-24  1428.8  19346.2  1.29453e-13  1431.41  2672
124  208  2025-06-14 00-28-24  1430.4  19366.1  1.30673e-13  1431.2  2672
125  208  2025-06-14 00-28-24  1432  19386  1.31891e-13  1430.97  2672
126  208  2025-06-14 00-28-24  1433.6  19405.9  1.33108e-13  1430.73  2672
127  208  2025-06-14 00-28-24  1435.2  19425.7  1.34323e-13  1430.49  2672
128  208  2025-06-14 00-28-24  1436.8  19445.6  1.35537e-13  1430.24  2672
129  208  2025-06-14 00-28-24  1438.4  19465.4  1.36749e-13  1429.98  2672
130  208  2025-06-14 00-28-24  1440  19485.1  1.3796e-13  1429.71  2672
131  208  2025-06-14 00-28-24  1441.6  19504.9  1.39169e-13  1429.43  2672
132  208  2025-06-14 00-28-24  1443.2  19524.6  1.40376e-13  1429.15  2672
133  208  2025-06-14 00-28-24  1444.8  19544.3  1.41581e-13  1428.86  2672
134  208  2025-06-14 00-28-24  1446.4  19563.9  1.42785e-13  1428.56  2672
135  208  2025-06-14 00-28-24  1448  19583.6  1.43987e-13  1428.26  2672
136  208  2025-06-14 00-28-24  1449.6  19603.2  1.45186e-13  1427.94  2672
137  208  2025-06-14 00-28-24  1451.2  19622.7  1.46384e-13  1427.63  2672
138  208  2025-06-14 00-28-24  1452.8  19642.2  1.4758e-13  1427.3  2672
139  208  2025-06-14 00-28-24  1454.4  19661.7  1.48774e-13  1426.97  2672
140  208  2025-06-14 00-28-24  1456  19681.2  1.49966e-13  1426.63  2672
141  208  2025-06-14 00-28-24  1457.6  19700.6  1.51155e-13  1426.29  2672
142  208  2025-06-14 00-28-24  1459.2  19720  1.52343e-13  1425.94  2672
143  208  2025-06-14 00-28-24  1460.8  19739.4  1.53528e-13  1425.59  2672
144  208  2025-06-14 00-28-24  1462.4  19758.7  1.54711e-13  1425.23  2672
145  208  2025-06-14 00-28-24  1464  19778  1.55892e-13  1424.86  2672
146  208  2025-06-14 00-28-24  1465.6  19797.2  1.57071e-13  1424.49  2672
147  208  2025-06-14 00-28-24  1467.2  19816.5  1.58247e-13  1424.12  2672
148  208  2025-06-14 00-28-24  1468.8  19835.6  1.59421e-13  1423.74  2672
149  208  2025-06-14 00-28-24  1470.4  19854.8  1.60593e-13  1423.35  2672
150  208  2025-06-14 00-28-24  1472  19873.9  1.61762e-13  1422.96  2672
151  208  2025-06-14 00-28-24  1473.6  19892.9  1.62929e-13  1422.57  2672
152  208  2025-06-14 00-28-24  1475.2  19911.9  1.64093e-13  1422.17  2672
153  208  2025-06-14 00-28-24  1476.8  19930.9  1.65255e-13  1421.77  2672
154  208  2025-06-14 00-28-24  1478.4  19949.8  1.66415e-13  1421.36  2672
155  208  2025-06-14 00-28-24  1480  19968.7  1.67572e-13  1420.95  2672
156  208  2025-06-14 00-28-24  1481.6  19987.6  1.68726e-13  1420.54  2672
157  208  2025-06-14 00-28-24  1483.2  20006.4  1.69878e-13  1420.13  2672
158  208  2025-06-14 00-28-24  1484.8  20025.2  1.71027e-13  1419.71  2672
159  208  2025-06-14 00-28-24  1486.4  20043.9  1.72174e-13  1419.28  2672
160  208  2025-06-14 00-28-24  1488  20062.6  1.73318e-13  1418.86  2672
161  208  2025-06-14 00-28-24  1489.6  20081.2  1.7446e-13  1418.43  2672
162  208  2025-06-14 00-28-24  1491.2  20099.8  1.75599e-13  1418  2672
163  208  2025-06-14 00-28-24  1492.8  20118.4  1.76735e-13  1417.56  2672
164  208  2025-06-14 00-28-24  1494.4  20136.9  1.77868e-13  1417.13  2672
165  208  2025-06-14 00-28-24  1496  20155.4  1.78999e-13  1416.69  2672
166  208  2025-06-14 00-28-24  1497.6  20173.8  1.80127e-13  1416.25  2672
167  208  2025-06-14 00-28-24  1499.2  20192.2  1.81253e-13  1415.8  2672
168  208  2025-06-14 00-28-24  1500.8  20210.5  1.82375e-13  1415.36  2672
169  208  2025-06-14 00-28-24  1502.4  20228.8  1.83495e-13  1414.91  2672
170  208  2025-06-14 00-28-24  1504  20247.1  1.84613e-13  1414.46  2672
171  208  2025-06-14 00-28-24  1505.6  20265.3  1.85727e-13  1414.01  2672
172  208  2025-06-14 00-28-24  1507.2  20283.4  1.86839e-13  1413.55  2672
173  208  2025-06-14 00-28-24  1508.8  20301.5  1.87948e-13  1413.1  2672
174  208  2025-06-14 00-28-24  1510.4  20319.6  1.89054e-13  1412.64  2672
175  208  2025-06-14 00-28-24  1512  20337.6  1.90157e-13  1412.19  2672
176  208  2025-06-14 00-28-24  1513.6  20355.6  1.91257e-13  1411.73  2672
177  208  2025-06-14 00-28-24  1515.2  20373.5  1.92355e-13  1411.27  2672
178  208  2025-06-14 00-28-24  1516.8  20391.4  1.9345e-13  1410.81  2672
179  208  2025-06-14 00-28-24  1518.4  20409.2  1.94542e-13  1410.35  2672
180  208  2025-06-14 00-28-24  1520  20427  1.95631e-13  1409.89  2672
181  208  2025-06-14 00-28-24  1521.6  20444.7  1.96718e-13  1409.42  2672
182  208  2025-06-14 00-28-24  1523.2  20462.4  1.97801e-13  1408.96  2672
183  208  2025-06-14 00-28-24  1524.8  20480.1  1.98882e-13  1408.5  2672
184  208  2025-06-14 00-28-24  1526.4  20497.7  1.9996e-13  1408.03  2672
185  208  2025-06-14 00-28-24  1528  20515.3  2.01035e-13  1407.57  2672
186  208  2025-06-14 00-28-24  1529.6  20532.8  2.02107e-13  1407.11  2672
187  208  2025-06-14 00-28-24  1531.2  20550.2  2.03176e-13  1406.64  2672
188  208  2025-06-14 00-28-24  1532.8  20567.6  2.04243e-13  1406.18  2672
189  208  2025-06-14 00-28-24  1534.4  20585  2.05306e-13  1405.71  2672
190  208  2025-06-14 00-28-24  1536  20602.3  2.06367e-13  1405.25  2672
191  208  2025-06-14 00-28-24  1537.6  20619.6  2.07425e-13  1404.78  2672
192  208  2025-06-14 00-28-24  1539.2  20636.9  2.0848e-13  1404.32  2672
193  208  2025-06-14 00-28-24  1540.8  20654  2.09533e-13  1403.86  2672
194  208  2025-06-14 00-28-24  1542.4  20671.2  2.10582e-13  1403.39  2672
195  208  2025-06-14 00-28-24  1544  20688.3  2.11629e-13  1402.93  2672
196  208  2025-06-14 00-28-24  1545.6  20705.3  2.12672e-13  1402.47  2672
197  208  2025-06-14 00-28-24  1547.2  20722.3  2.13713e-13  1402.01  2672
198  208  2025-06-14 00-28-24  1548.8  20739.3  2.14752e-13  1401.55  2672
199  208  2025-06-14 00-28-24  1550.4  20756.2  2.15787e-13  1401.09  2672
200  208  2025-06-14 00-28-24  1552  20773  2.16819e-13  1400.63  2672
201  208  2025-06-14 00-28-24  1553.6  20789.9  2.17849e-13  1400.17  2672
202  208  2025-06-14 00-28-24  1555.2  20806.6  2.18876e-13  1399.71  2672
203  208  2025-06-14 00-28-24  1556.8  20823.4  2.199e-13  1399.26  2672
204  208  2025-06-14 00-28-24  1558.4  20840  2.20922e-13  1398.8  2672
205  208  2025-06-14 00-28-24  1560  20856.7  2.2194e-13  1398.35  2672
206  208  2025-06-14 00-28-24  1561.6  20873.3  2.22956e-13  1397.9  2672
207  208  2025-06-14 00-28-24  1563.2  20889.8  2.23969e-13  1397.45  2672
208  208  2025-06-14 00-28-24  1564.8  20906.3  2.24979e-13  1397  2672
209  208  2025-06-14 00-28-24  1566.4  20922.8  2.25987e-13  1396.55  2672
210  208  2025-06-14 00-28-24  1568  20939.2  2.26992e-13  1396.1  2672
211  208  2025-06-14 00-28-24  1569.6  20955.5  2.27994e-13  1395.66  2672
212  208  2025-06-14 00-28-24  1571.2  20971.9  2.28993e-13  1395.21  2672
213  208  2025-06-14 00-28-24  1572.8  20988.1  2.2999e-13  1394.77  2672
214  208  2025-06-14 00-28-24  1574.4  21004.4  2.30984e-13  1394.33  2672
215  208  2025-06-14 00-28-24  1576  21020.6  2.31975e-13  1393.89  2672
216  208  2025-06-14 00-28-24  1577.6  21036.7  2.32964e-13  1393.46  2672
217  208  2025-06-14 00-28-24  1579.2  21052.8  2.33949e-13  1393.02  2672
218  208  2025-06-14 00-28-24  1580.8  21068.9  2.34933e-13  1392.59  2672
219  208  2025-06-14 00-28-24  1582.4  21084.9  2.35913e-13  1392.16  2672
220  208  2025-06-14 00-28-24  1584  21100.9  2.36891e-13  271.73  2672
221  208  2025-06-14 00-28-24  1585.6  21116.8  2.37867e-13  271.303  2672
222  208  2025-06-14 00-28-24  1587.2  21132.7  2.3884e-13  270.878  2672
223  208  2025-06-14 00-28-24  1588.8  21148.5  2.3981e-13  270.455  2672
224  208  2025-06-14 00-28-24  1590.4  21164.3  2.40778e-13  270.034  2672
225  208  2025-06-14 00-28-24  1592  21180.1  2.41743e-13  269.616  2672
226  208  2025-06-14 00-28-24  1593.6  21195.8  2.42705e-13  269.199  2672
227  208  2025-06-14 00-28-24  1595.2  21211.5  2.43665e-13  268.785  2672
228  208  2025-06-14 00-28-24  1596.8  21227.1  2.44623e-13  268.373  2672
229  208  2025-06-14 00-28-24  1598.4  21242.7  2.45578e-13  267.964  2672
230  208  2025-06-14 00-28-24  1600  21258.3  2.4653e-13  267.556  2672
231  208  2025-06-14 00-28-24  1601.6  21273.8  2.4748e-13  267.152  2672
232  208  2025-06-14 00-28-24  1603.2  21289.3  2.48428e-13  266.749  2672
233  208  2025-06-14 00-28-24  1604.8  21304.7  2.49373e-13  266.349  2672
234  208  2025-06-14 00-28-24  1606.4  21320.1  2.50315e-13  265.952  2672
235  208  2025-06-14 00-28-24  1608  21335.5  2.51256e-13  265.557  2672
236  208  2025-06-14 00-28-24  1609.6  21350.8  2.52193e-13  265.164  2672
237  208  2025-06-14 00-28-24  1611.2  21366  2.53129e-13  264.774  2672
238  208  2025-06-14 00-28-24  1612.8  21381.3  2.54062e-13  264.386  2672
239  208  2025-06-14 00-28-24  1614.4  21396.5  2.54993e-13  264.002  2672
240  208  2025-06-14 00-28-24  1616  21411.6  2.55921e-13  263.619  2672
241  208  2025-06-14 00-28-24  1617.6  21426.8  2.56847e-13  263.24  2672
242  208  2025-06-14 00-28-24  1619.2  21441.9  2.57771e-13  262.863  2672
243  208  2025-06-14 00-28-24  1620.8  21456.9  2.58692e-13  262.488  2672
244  208  2025-06-14 00-28-24  1622.4  21471.9  2.59611e-13  262.117  2672
245  208  2025-06-14 00-28-24  1624  21486.9  2.60528e-13  261.748  2672
246  208  2025-06-14 00-28-24  1625.6  21501.8  2.61443e-13  261.381  2672
247  208  2025-06-14 00-28-24  1627.2  21516.7  2.62355e-13  261.018  2672
248  208  2025-06-14 00-28-24  1628.8  21531.6  2.63266e-13  260.657  2672
249  208  2025-06-14 00-28-24  1630.4  21546.4  2.64174e-13  260.299  2672
250  208  2025-06-14 00-28-24  1632  21561.2  2.6508e-13  259.944  2672
251  208  2025-06-14 00-28-24  1633.6  21576  2.65983e-13  259.592  2672
252  208  2025-06-14 00-28-24  1635.2  21590.7  2.66885e-13  259.242  2672
253  208  2025-06-14 00-28-24  1636.8  21605.4  2.67784e-13  258.895  2672
254  208  2025-06-14 00-28-24  1638.4  21620  2.68682e-13  258.552  2672
255  208  2025-06-14 00-28-24  1640  21634.7  2.69577e-13  258.21  2672
256  208  2025-06-14 00-28-24  1641.6  21649.3  2.7047e-13  257.872  2672
257  208  2025-06-14 00-28-24  1643.2  21663.8  2.71361e-13  257.537  2672
258  208  2025-06-14 00-28-24  1644.8  21678.3  2.7225e-13  257.205  2672
259  208  2025-06-14 00-28-24  1646.4  21692.8  2.73137e-13  256.875  2672
260  208  2025-06-14 00-28-24  1648  21707.3  2.74022e-13  256.548  2672
261  208  2025-06-14 00-28-24  1649.6  21721.7  2.74906e-13  256.225  2672
262  208  2025-06-14 00-28-24  1651.2  21736.1  2.75787e-13  255.904  2672
263  208  2025-06-14 00-28-24  1652.8  21750.4  2.76666e-13  255.586  2672
264  208  2025-06-14 00-28-24  1654.4  21764.8  2.77543e-13  255.271  2672
265  208  2025-06-14 00-28-24  1656  21779.1  2.78418e-13  254.959  2672
266  208  2025-06-14 00-28-24  1657.6  21793.3  2.79292e-13  254.649  2672
267  208  2025-06-14 00-28-24  1659.2  21807.6  2.80163e-13  254.343  2672
268  208  2025-06-14 00-28-24  1660.8  21821.8  2.81033e-13  254.04  2672
269  208  2025-06-14 00-28-24  1662.4  21835.9  2.81901e-13  253.739  2672
270  208  2025-06-14 00-28-24  1664  21850.1  2.82767e-13  253.442  2672
271  208  2025-06-14 00-28-24  1665.6  21864.2  2.83631e-13  253.147  2672
272  208  2025-06-14 00-28-24  1667.2  21878.3  2.84494e-13  252.856  2672
273  208  2025-06-14 00-28-24  1668.8  21892.3  2.85354e-13  252.567  2672
274  208  2025-06-14 00-28-24  1670.4  21906.4  2.86213e-13  252.281  2672
275  208  2025-06-14 00-28-24  1672  21920.4  2.87071e-13  251.999  2672
276  208  2025-06-14 00-28-24  1673.6  21934.3  2.87926e-13  251.719  2672
277  208  2025-06-14 00-28-24  1675.2  21948.3  2.8878e-13  251.442  2672
278  208  2025-06-14 00-28-24  1676.8  21962.2  2.89632e-13  251.168  2672
279  208  2025-06-14 00-28-24  1678.4  21976.1  2.90483e-13  250.896  2672
280  208  2025-06-14 00-28-24  1680  21990  2.91331e-13  250.628  2672
281  208  2025-06-14 00-28-24  1681.6  22003.8  2.92179e-13  250.363  2672
282  208  2025-06-14 00-28-24  1683.2  22017.6  2.93024e-13  250.101  2672
283  208  2025-06-14 00-28-24  1684.8  22031.4  2.93868e-13  249.841  2672
284  208  2025-06-14 00-28-24  1686.4  22045.1  2.94711e-13  249.585  2672
285  208  2025-06-14 00-28-24  1688  22058.9  2.95551e-13  249.331  2672
286  208  2025-06-14 00-28-24  1689.6  22072.6  2.96391e-13  249.08  2672
287  208  2025-06-14 00-28-24  1691.2  22086.3  2.97229e-13  248.832  2672
288  208  2025-06-14 00-28-24  1692.8  22099.9  2.98065e-13  248.587  2672
289  208  2025-06-14 00-28-24  1694.4  22113.6  2.989e-13  248.345  2672
290  208  2025-06-14 00-28-24  1696  22127.2  2.99733e-13  248.106  2672
291  208  2025-06-14 00-28-24  1697.6  22140.8  3.00565e-13  247.869  2672
292  208  2025-06-14 00-28-24  1699.2  22154.3  3.01396e-13  247.635  2672
293  208  2025-06-14 00-28-24  1700.8  22167.9  3.02225e-13  247.405  2672
294  208  2025-06-14 00-28-24  1702.4  22181.4  3.03052e-13  247.177  2672
295  208  2025-06-14 00-28-24  1704  22194.9  3.03879e-13  246.951  2672
296  208  2025-06-14 00-28-24  1705.6  22208.4  3.04704e-13  246.729  2672
297  208  2025-06-14 00-28-24  1707.2  22221.8  3.05527e-13  246.509  2672
298  208  2025-06-14 00-28-24  1708.8  22235.2  3.0635e-13  246.292  2672
299  208  2025-06-14 00-28-24  1710.4  22248.6  3.07171e-13  246.078  2672
300  208  2025-06-14 00-28-24  1712  22262  3.0799e-13  245.867  2672
301  208  2025-06-14 00-28-24  1713.6  22275.4  3.08809e-13  245.659  2672
302  208  2025-06-14 00-28-24  1715.2  22288.7  3.09626e-13  245.453  2672
303  208  2025-06-14 00-28-24  1716.8  22302.1  3.10442e-13  245.25  2672
304  208  2025-06-14 00-28-24  1718.4  22315.4  3.11256e-13  245.049  2672
305  208  2025-06-14 00-28-24  1720  22328.7  3.1207e-13  244.852  2672
306  208  2025-06-14 00-28-24  1721.6  22341.9  3.12882e-13  244.656  2672
307  208  2025-06-14 00-28-24  1723.2  22355.2  3.13693e-13  244.464  2672
308  208  2025-06-14 00-28-24  1724.8  22368.4  3.14503e-13  244.274  2672
309  208  2025-06-14 00-28-24  1726.4  22381.6  3.15312e-13  244.087  2672
310  208  2025-06-14 00-28-24  1728  22394.8  3.16119e-13  243.903  2672
311  208  2025-06-14 00-28-24  1729.6  22408  3.16926e-13  243.721  2672
312  208  2025-06-14 00-28-24  1731.2  22421.1  3.17731e-13  243.542  2672
313  208  2025-06-14 00-28-24  1732.8  22434.3  3.18536e-13  243.365  2672
314  208  2025-06-14 00-28-24  1734.4  22447.4  3.19339e-13  243.191  2672
315  208  2025-06-14 00-28-24  1736  22460.5  3.20141e-13  243.02  2672
316  208  2025-06-14 00-28-24  1737.6  22473.6  3.20942e-13  242.851  2672
317  208  2025-06-14 00-28-24  1739.2  22486.6  3.21743e-13  242.684  2672
318  208  2025-06-14 00-28-24  1740.8  22499.7  3.22542e-13  242.52  2672
319  208  2025-06-14 00-28-24  1742.4  22512.7  3.2334e-13  242.359  2672
320  208  2025-06-14 00-28-24  1744  22525.7  3.24137e-13  242.2  2672
321  208  2025-06-14 00-28-24  1745.6  22538.7  3.24934e-13  242.044  2672
322  208  2025-06-14 00-28-24  1747.2  22551.7  3.25729e-13  241.89  2672
323  208  2025-06-14 00-28-24  1748.8  22564.7  3.26523e-13  241.738  2672
324  208  2025-06-14 00-28-24  1750.4  22577.7  3.27317e-13  241.589  2672
325  208  2025-06-14 00-28-24  1752  22590.6  3.28109e-13  241.442  2672
326  208  2025-06-14 00-28-24  1753.6  22603.5  3.28901e-13  241.298  2672
327  208  2025-06-14 00-28-24  1755.2  22616.5  3.29692e-13  241.156  2672
328  208  2025-06-14 00-28-24  1756.8  22629.4  3.30482e-13  241.016  2672
329  208  2025-06-14 00-28-24  1758.4  22642.2  3.31271e-13  240.878  2672
330  208  2025-06-14 00-28-24  1760  22655.1  3.32059e-13  240.743  2672
331  208  2025-06-14 00-28-24  1761.6  22668  3.32847e-13  240.611  2672
332  208  2025-06-14 00-28-24  1763.2  22680.8  3.33633e-13  240.48  2672
333  208  2025-06-14 00-28-24  1764.8  22693.7  3.34419e-13  240.352  2672
334  208  2025-06-14 00-28-24  1766.4  22706.5  3.35204e-13  240.226  2672
335  208  2025-06-14 00-28-24  1768  22719.3  3.35989e-13  240.102  2672
336  208  2025-06-14 00-28-24  1769.6  22732.1  3.36772e-13  239.981  2672
337  208  2025-06-14 00-28-24  1771.2  22744.9  3.37555e-13  239.861  2672
338  208  2025-06-14 00-28-24  1772.8  22757.7  3.38337e-13  239.744  2672
339  208  2025-06-14 00-28-24  1774.4  22770.4  3.39119e-13  239.629  2672
340  208  2025-06-14 00-28-24  1776  22783.2  3.399e-13  239.516  2672
341  208  2025-06-14 00-28-24  1777.6  22795.9  3.4068e-13  239.405  2672
342  208  2025-06-14 00-28-24  1779.2  22808.6  3.41459e-13  239.297  2672
343  208  2025-06-14 00-28-24  1780.8  22821.4  3.42238e-13  239.19  2672
344  208  2025-06-14 00-28-24  1782.4  22834.1  3.43016e-13  239.085  2672
345  208  2025-06-14 00-28-24  1784  22846.8  3.43794e-13  238.983  2672
346  208  2025-06-14 00-28-24  1785.6  22859.5  3.44571e-13  238.882  2672
347  208  2025-06-14 00-28-24  1787.2  22872.1  3.45347e-13  238.784  2672
348  208  2025-06-14 00-28-24  1788.8  22884.8  3.46123e-13  238.688  2672
349  208  2025-06-14 00-28-24  1790.4  22897.5  3.46898e-13  238.593  2672
350  208  2025-06-14 00-28-24  1792  22910.1  3.47672e-13  238.501  2672
351  208  2025-06-14 00-28-24  1793.6  22922.7  3.48446e-13  238.41  2672
352  208  2025-06-14 00-28-24  1795.2  22935.4  3.4922e-13  238.321  2672
353  208  2025-06-14 00-28-24  1796.8  22948  3.49993e-13  238.234  2672
354  208  2025-06-14 00-28-24  1798.4  22960.6  3.50765e-13  238.149  2672
355  208  2025-06-14 00-28-24  1800  22973.2  3.51537e-13  238.066  2672
356  208  2025-06-14 00-28-24  1801.6  22985.8  3.52309e-13  237.985  2672
357  208  2025-06-14 00-28-24  1803.2  22998.4  3.53079e-13  237.906  2672
358  208  2025-06-14 00-28-24  1804.8  23011  3.5385e-13  237.828  2672
359  208  2025-06-14 00-28-24  1806.4  23023.6  3.5462e-13  237.752  2672
360  208  2025-06-14 00-28-24  1808  23036.1  3.55389e-13  237.678  2672
361  208  2025-06-14 00-28-24  1809.6  23048.7  3.56158e-13  237.606  2672
362  208  2025-06-14 00-28-24  1811.2  23061.3  3.56927e-13  237.535  2672
363  208  2025-06-14 00-28-24  1812.8  23073.8  3.57695e-13  237.467  2672
364  208  2025-06-14 00-28-24  1814.4  23086.3  3.58463e-13  237.399  2672
365  208  2025-06-14 00-28-24  1816  23098.9  3.59231e-13  237.334  2672
366  208  2025-06-14 00-28-24  1817.6  23111.4  3.59998e-13  237.27  2672
367  208  2025-06-14 00-28-24  1819.2  23123.9  3.60764e-13  237.208  2672
368  208  2025-06-14 00-28-24  1820.8  23136.4  3.61531e-13  237.147  2672
369  208  2025-06-14 00-28-24  1822.4  23148.9  3.62297e-13  237.088  2672
370  208  2025-06-14 00-28-24  1824  23161.4  3.63062e-13  237.031  2672
371  208  2025-06-14 00-28-24  1825.6  23173.9  3.63827e-13  236.975  2672
372  208  2025-06-14 00-28-24  1827.2  23186.4  3.64592e-13  236.921  2672
373  208  2025-06-14 00-28-24  1828.8  23198.9  3.65357e-13  236.868  2672
374  208  2025-06-14 00-28-24  1830.4  23211.4  3.66121e-13  236.817  2672
375  208  2025-06-14 00-28-24  1832  23223.9  3.66885e-13  236.767  2672
376  208  2025-06-14 00-28-24  1833.6  23236.4  3.67649e-13  236.719  2672
377  208  2025-06-14 00-28-24  1835.2  23248.8  3.68412e-13  236.672  2672
378  208  2025-06-14 00-28-24  1836.8  23261.3  3.69175e-13  236.627  2672
379  208  2025-06-14 00-28-24  1838.4  23273.7  3.69938e-13  236.583  2672
380  208  2025-06-14 00-28-24  1840  23286.2  3.70701e-13  236.54  2672
381  208  2025-06-14 00-28-24  1841.6  23298.6  3.71463e-13  236.499  2672
382  208  2025-06-14 00-28-24  1843.2  23311.1  3.72225e-13  236.459  2672
383  208  2025-06-14 00-28-24  1844.8  23323.5  3.72987e-13  236.421  2672
384  208  2025-06-14 00-28-24  1846.4  23336  3.73748e-13  236.384  2672
385  208  2025-06-14 00-28-24  1848  23348.4  3.7451e-13  236.348  2672
386  208  2025-06-14 00-28-24  1849.6  23360.8  3.75271e-13  236.314  2672
387  208  2025-06-14 00-28-24  1851.2  23373.3  3.76032e-13  236.28  2672
388  208  2025-06-14 00-28-24  1852.8  23385.7  3.76793e-13  236.249  2672
389  208  2025-06-14 00-28-24  1854.4  23398.1  3.77553e-13  236.218  2672
390  208  2025-06-14 00-28-24  1856  23410.5  3.78314e-13  236.188  2672
391  208  2025-06-14 00-28-24  1857.6  23423  3.79074e-13  236.16  2672
392  208  2025-06-14 00-28-24  1859.2  23435.4  3.79834e-13  236.133  2672
393  208  2025-06-14 00-28-24  1860.8  23447.8  3.80594e-13  236.107  2672
394  208  2025-06-14 00-28-24  1862.4  23460.2  3.81354e-13  236.083  2672
395  208  2025-06-14 00-28-24  1864  23472.6  3.82113e-13  236.059  2672
396  208  2025-06-14 00-28-24  1865.6  23485  3.82873e-13  236.037  2672
397  208  2025-06-14 00-28-24  1867.2  23497.4  3.83632e-13  236.015  2672
398  208  2025-06-14 00-28-24  1868.8  23509.8  3.84391e-13  235.995  2672
399  208  2025-06-14 00-28-24  1870.4  23522.2  3.8515e-13  235.976  2672
400  208  2025-06-14 00-28-24  1872  23534.6  3.85909e-13  235.958  2672
401  208  2025-06-14 00-28-24  1873.6  23547  3.86668e-13  235.941  2672
402  208  2025-06-14 00-28-24  1875.2  23559.4  3.87427e-13  235.925  2672
403  208  2025-06-14 00-28-24  1876.8  23571.8  3.88186e-13  235.91  2672
404  208  2025-06-14 00-28-24  1878.4  23584.2  3.88944e-13  235.896  2672
405  208  2025-06-14 00-28-24  1880  23596.5  3.89703e-13  235.883  2672
406  208  2025-06-14 00-28-24  1881.6  23608.9  3.90461e-13  235.871  2672
407  208  2025-06-14 00-28-24  1883.2  23621.3  3.9122e-13  235.86  2672
408  208  2025-06-14 00-28-24  1884.8  23633.7  3.91978e-13  235.85  2672
409  208  2025-06-14 00-28-24  1886.4  23646.1  3.92736e-13  235.841  2672
410  208  2025-06-14 00-28-24  1888  23658.5  3.93495e-13  235.833  2672
411  208  2025-06-14 00-28-24  1889.6  23670.9  3.94253e-13  235.826  2672
412  208  2025-06-14 00-28-24  1891.2  23683.2  3.95011e-13  235.819  2672
413  208  2025-06-14 00-28-24  1892.8  23695.6  3.95769e-13  235.813  2672
414  208  2025-06-14 00-28-24  1894.4  23708  3.96527e-13  235.809  2672
415  208  2025-06-14 00-28-24  1896  23720.4  3.97285e-13  235.805  2672
416  208  2025-06-14 00-28-24  1897.6  23732.8  3.98043e-13  235.802  2672
417  208  2025-06-14 00-28-24  1899.2  23745.1  3.98801e-13  235.8  2672
418  208  2025-06-14 00-28-24  1900.8  23757.5  3.99559e-13  235.798  2672
419  208  2025-06-14 00-28-24  1902.4  23769.9  4.00317e-13  235.797  2672
420  208  2025-06-14 00-28-24  1904  23782.3  4.01075e-13  235.797  2672
421  208  2025-06-14 00-28-24  1905.6  23794.7  4.01833e-13  235.798  2672
422  208  2025-06-14 00-28-24  1907.2  23807  4.02591e-13  235.8  2672
423  208  2025-06-14 00-28-24  1908.8  23819.4  4.0335e-13  235.802  2672
424  208  2025-06-14 00-28-24  1910.4  23831.8  4.04108e-13  235.805  2672
425  208  2025-06-14 00-28-24  1912  23844.2  4.04866e-13  235.809  2672
426  208  2025-06-14 00-28-24  1913.6  23856.6  4.05624e-13  235.813  2672
427  208  2025-06-14 00-28-24  1915.2  23868.9  4.06382e-13  235.818  2672
428  208  2025-06-14 00-28-24  1916.8  23881.3  4.0714e-13  235.824  2672
429  208  2025-06-14 00-28-24  1918.4  23893.7  4.07898e-13  235.831  2672
430  208  2025-06-14 00-28-24  1920  23906.1  4.08657e-13  235.838  2672
431  208  2025-06-14 00-28-24  1921.6  23918.5  4.09415e-13  235.845  2672
432  208  2025-06-14 00-28-24  1923.2  23930.9  4.10173e-13  235.853  2672
433  208  2025-06-14 00-28-24  1924.8  23943.2  4.10932e-13  235.862  2672
434  208  2025-06-14 00-28-24  1926.4  23955.6  4.1169e-13  235.872  2672
435  208  2025-06-14 00-28-24  1928  23968  4.12449e-13  235.882  2672
436  208  2025-06-14 00-28-24  1929.6  23980.4  4.13207e-13  235.892  2672
437  208  2025-06-14 00-28-24  1931.2  23992.8  4.13966e-13  235.903  2672
438  208  2025-06-14 00-28-24  1932.8  24005.2  4.14725e-13  235.915  2672
439  208  2025-06-14 00-28-24  1934.4  24017.6  4.15483e-13  235.927  2672
440  208  2025-06-14 00-28-24  1936  24030  4.16242e-13  235.94  2672
441  208  2025-06-14 00-28-24  1937.6  24042.4  4.17001e-13  235.953  2672
442  208  2025-06-14 00-28-24  1939.2  24054.8  4.1776e-13  235.967  2672
443  208  2025-06-14 00-28-24  1940.8  24067.2  4.1852e-13  235.981  2672
444  208  2025-06-14 00-28-24  1942.4  24079.6  4.19279e-13  235.996  2672
445  208  2025-06-14 00-28-24  1944  24092  4.20038e-13  236.011  2672
446  208  2025-06-14 00-28-24  1945.6  24104.4  4.20797e-13  236.026  2672
447  208  2025-06-14 00-28-24  1947.2  24116.8  4.21557e-13  236.042  2672
448  208  2025-06-14 00-28-24  1948.8  24129.2  4.22317e-13  236.059  2672
449  208  2025-06-14 00-28-24  1950.4  24141.6  4.23076e-13  236.075  2672
450  208  2025-06-14 00-28-24  1952  24154  4.23836e-13  236.093  2672
451  208  2025-06-14 00-28-24  1953.6  24166.4  4.24596e-13  236.11  2672
452  208  2025-06-14 00-28-24  1955.2  24178.8  4.25356e-13  236.128  2672
453  208  2025-06-14 00-28-24  1956.8  24191.2  4.26116e-13  236.147  2672
454  208  2025-06-14 00-28-24  1958.4  24203.7  4.26877e-13  236.165  2672
455  208  2025-06-14 00-28-24  1960  24216.1  4.27637e-13  236.184  2672
456  208  2025-06-14 00-28-24  1961.6  24228.5  4.28397e-13  236.204  2672
457  208  2025-06-14 00-28-24  1963.2  24240.9  4.29158e-13  236.224  2672
458  208  2025-06-14 00-28-24  1964.8  24253.3  4.29919e-13  236.244  2672
459  208  2025-06-14 00-28-24  1966.4  24265.8  4.3068e-13  236.264  2672
460  208  2025-06-14 00-28-24  1968  24278.2  4.31441e-13  236.285  2672
461  208  2025-06-14 00-28-24  1969.6  24290.6  4.32202e-13  236.306  2672
462  208  2025-06-14 00-28-24  1971.2  24303.1  4.32963e-13  236.327  2672
463  208  2025-06-14 00-28-24  1972.8  24315.5  4.33724e-13  236.349  2672
464  208  2025-06-14 00-28-24  1974.4  24327.9  4.34486e-13  236.37  2672
465  208  2025-06-14 00-28-24  1976  24340.4  4.35248e-13  236.392  2672
466  208  2025-06-14 00-28-24  1977.6  24353  0.0326424  238.472  2669.63
467  208  2025-06-14 00-28-24  1979.2  24365.9  0.0991777  240.514  2667.25
468  208  2025-06-14 00-28-24  1980.8  24378.9  0.20083  242.519  2664.86
469  208  2025-06-14 00-28-24  1982.4  24392.2  0.338798  244.488  2662.45
470  208  2025-06-14 00-28-24  1984  24405.6  0.514251  246.422  2660.03
471  208  2025-06-14 00-28-24  1985.6  24419.2  0.728337  248.321  2657.6
472  208  2025-06-14 00-28-24  1987.2  24433.1  0.982176  250.186  2655.16
473  208  2025-06-14 00-28-24  1988.8  24447.1  1.27686  252.017  2652.7
474  208  2025-06-14 00-28-24  1990.4  24461.2  1.61347  253.815  2650.24
475  208  2025-06-14 00-28-24  1992  24475.6  1.99304  255.581  2647.76
476  208  2025-06-14 00-28-24  1993.6  24490.1  2.41658  257.315  2645.28
477  208  2025-06-14 00-28-24  1995.2  24504.8  2.8851  259.018  2642.78
478  208  2025-06-14 00-28-24  1996.8  24519.7  3.39956  260.691  2640.28
479  208  2025-06-14 00-28-24  1998.4  24534.7  3.96091  262.333  2637.76
480  208  2025-06-14 00-28-24  2000  24549.9  4.57005  263.946  2635.24
481  208  2025-06-14 00-28-24  2001.6  24565.2  5.22789  265.53  2632.71
482  208  2025-06-14 00-28-24  2003.2  24580.7  5.9353  267.085  2630.17
483  208  2025-06-14 00-28-24  2004.8  24596.3  6.69311  268.612  2627.62
484  208  2025-06-14 00-28-24  2006.4  24612.1  7.50214  270.112  2625.07
485  208  2025-06-14 00-28-24  2008  24628.1  8.3632  271.585  2622.51
486  208  2025-06-14 00-28-24  2009.6  24644.1  9.27706  1393.03  2619.95
487  208  2025-06-14 00-28-24  2011.2  24660.4  10.2445  1394.45  2617.38
488  208  2025-06-14 00-28-24  2012.8  24676.7  11.2661  1395.85  2614.8
489  208  2025-06-14 00-28-24  2014.4  24693.2  12.3427  1397.22  2612.22
490  208  2025-06-14 00-28-24  2016  24709.8  13.475  1398.56  2609.63
491  208  2025-06-14 00-28-24  2017.6  24726.6  14.6636  1399.88  2607.04
492  208  2025-06-14 00-28-24  2019.2  24743.4  15.9091  1401.18  2604.45
493  208  2025-06-14 00-28-24  2020.8  24760.4  129.212  1402.45  2601.85
494  208  2025-06-14 00-28-24  2022.4  24777.5  130.573  1403.7  2599.25
495  208  2025-06-14 00-28-24  2024  24794.8  131.993  1404.93  2596.65
496  208  2025-06-14 00-28-24  2025.6  24812.1  133.472  1406.14  2594.04
497  208  2025-06-14 00-28-24  2027.2  24829.6  135.011  1407.32  2591.43
498  208  2025-06-14 00-28-24  2028.8  24847.2  136.61  1408.49  2588.82
499  208  2025-06-14 00-28-24  2030.4  24864.9  138.27  1409.63  2586.21
500  208  2025-06-14 00-28-24  2032  24882.7  139.991  1410.75  2583.6
501  208  2025-06-14 00-28-24  2033.6  24900.5  141.774  1411.85  2580.98
502  208  2025-06-14 00-28-24  2035.2  24918.5  143.619  1412.93  2578.37
503  208  2025-06-14 00-28-24  2036.8  24936.6  145.526  1414  2575.75
504  208  2025-06-14 00-28-24  2038.4  24954.8  147.496  1415.04  2573.14
505  208  2025-06-14 00-28-24  2040  24973.1  149.529  1416.06  2570.52
506  208  2025-06-14 00-28-24  2041.6  24991.5  151.626  1417.07  2567.91
507  208  2025-06-14 00-28-24  2043.2  25010  153.787  1418.06  2565.3
508  208  2025-06-14 00-28-24  2044.8  25028.6  156.012  1419.03  2562.67
509  208  2025-06-14 00-28-24  2046.4  25047.2  158.303  1419.98  2560.02
510  208  2025-06-14 00-28-24  2048  25066  160.659  1420.92  2557.36
511  208  2025-06-14 00-28-24  2049.6  25084.8  163.082  1421.84  2554.68
512  208  2025-06-14 00-28-24  2051.2  25103.7  165.572  1422.74  2551.98
513  208  2025-06-14 00-28-24  2052.8  25122.7  168.13  1423.62  2549.26
514  208  2025-06-14 00-28-24  2054.4  25141.8  170.756  1424.49  2546.53
515  208  2025-06-14 00-28-24  2056  25160.9  173.452  1425.35  2543.77
516  208  2025-06-14 00-28-24  2057.6  25180.1  176.217  1426.19  2541
517  208  2025-06-14 00-28-24  2059.2  25199.4  179.053  1427.01  2538.22
518  208  2025-06-14 00-28-24  2060.8  25218.8  181.96  1427.82  2535.41
519  208  2025-06-14 00-28-24  2062.4  25238.2  184.938  1428.62  2532.59
520  208  2025-06-14 00-28-24  2064  25257.7  187.989  1429.4  2529.75
521  208  2025-06-14 00-28-24  2065.6  25277.3  191.113  1430.16  2526.9
522  208  2025-06-14 00-28-24  2067.2  25296.9  194.309  1430.91  2524.02
523  208  2025-06-14 00-28-24  2068.8  25316.6  197.58  1431.65  2521.13
524  208  2025-06-14 00-28-24  2070.4  25336.4  200.926  1432.38  2518.23
525  208  2025-06-14 00-28-24  2072  25356.2  204.346  1433.09  2515.3
526  208  2025-06-14 00-28-24  2073.6  25376.1  207.843  1433.79  2512.36
527  208  2025-06-14 00-28-24  2075.2  25396  211.415  1434.48  2509.4
528  208  2025-06-14 00-28-24  2076.8  25416  215.065  1435.15  2506.42
529  208  2025-06-14 00-28-24  2078.4  25436  218.792  1435.82  2503.42
530  208  2025-06-14 00-28-24  2080  25456.1  222.597  1436.47  2500.41
531  208  2025-06-14 00-28-24  2081.6  25476.3  226.48  1437.11  2497.38
532  208  2025-06-14 00-28-24  2083.2  25496.5  230.442  1437.73  2494.33
533  208  2025-06-14 00-28-24  2084.8  25516.7  234.484  1438.35  2491.27
534  208  2025-06-14 00-28-24  2086.4  25537  238.606  1438.96  2488.18
535  208  2025-06-14 00-28-24  2088  25557.3  242.809  1439.55  2485.08
536  208  2025-06-14 00-28-24  2089.6  25577.7  247.092  1440.13  2481.97
537  208  2025-06-14 00-28-24  2091.2  25598.1  251.098  1440.71  2494.97
538  208  2025-06-14 00-28-24  2092.8  25618.7  254.823  1441.27  2507.92
539  208  2025-06-14 00-28-24  2094.4  25639.4  258.268  1441.82  2520.82
540  208  2025-06-14 00-28-24  2096  25660.2  261.43  1442.36  2533.66
541  208  2025-06-14 00-28-24  2097.6  25681.1  264.31  1442.9  2546.45
542  208  2025-06-14 00-28-24  2099.2  25702.1  266.905  1443.42  2559.19
543  208  2025-06-14 00-28-24  2100.8  25723.2  269.215  1443.94  2571.87
544  208  2025-06-14 00-28-24  2102.4  25744.3  271.24  1444.44  2584.49
545  208  2025-06-14 00-28-24  2104  25765.5  1392.98  1444.94  2597.06
546  208  2025-06-14 00-28-24  2105.6  25786.8  1394.43  1445.42  2609.56
547  208  2025-06-14 00-28-24  2107.2  25808.2  1395.6  1445.9  2622.01
548  208  2025-06-14 00-28-24  2108.8  25829.6  1396.48  1446.37  2634.4
549  208  2025-06-14 00-28-24  2110.4  25851.1  1397.07  1446.83  2646.72
550  208  2025-06-14 00-28-24  2112  25872.6  1397.37  1447.28  2658.98
551  208  2025-06-14 00-28-24  2113.6  25894.2  1397.39  1447.73  2671.18
552  208  2025-06-14 00-28-24  2115.2  25915.8  1397.13  1448.16  2683.31
553  208  2025-06-14 00-28-24  2116.8  25937.5  1396.57  1448.59  2695.38
554  208  2025-06-14 00-28-24  2118.4  25959.1  1395.74  1449.01  2707.38
555  208  2025-06-14 00-28-24  2120  25980.9  1394.62  1449.43  2719.32
556  208  2025-06-14 00-28-24  2121.6  26002.6  1393.21  1449.83  2731.18
557  208  2025-06-14 00-28-24  2123.2  26024.4  271.522  1450.23  2742.98
558  208  2025-06-14 00-28-24  2124.8  26046.1  269.552  1450.62  2754.71
559  208  2025-06-14 00-28-24  2126.4  26067.9  267.302  1451.01  2766.37
560  208  2025-06-14 00-28-24  2128  26089.7  264.771  1451.39  2777.97
561  208  2025-06-14 00-28-24  2129.6  26111.5  261.963  1451.76  2789.49
562  208  2025-06-14 00-28-24  2131.2  26133.3  258.877  1452.12  2800.93
563  208  2025-06-14 00-28-24  2132.8  26155.1  255.516  1452.48  2812.31
564  208  2025-06-14 00-28-24  2134.4  26176.9  251.88  1452.83  2823.62
565  208  2025-06-14 00-28-24  2136  26198.6  247.972  1453.17  14034.8
566  208  2025-06-14 00-28-24  2137.6  26220.4  243.792  1453.51  14046
567  208  2025-06-14 00-28-24  2139.2  26242.1  239.344  1453.85  14057.1
568  208  2025-06-14 00-28-24  2140.8  26263.8  234.627  1454.17  14068.1
569  208  2025-06-14 00-28-24  2142.4  26285.5  229.645  1454.49  14079
570  208  2025-06-14 00-28-24  2144  26307.2  224.399  1454.81  14089.9
571  208  2025-06-14 00-28-24  2145.6  26328.8  218.891  1455.12  14100.7
572  208  2025-06-14 00-28-24  2147.2  26350.4  213.123  1455.42  14111.4
573  208  2025-06-14 00-28-24  2148.8  26371.9  207.097  1455.72  14122
574  208  2025-06-14 00-28-24  2150.4  26393.4  200.815  1456.01  14132.6
575  208  2025-06-14 00-28-24  2152  26414.9  194.28  1456.3  14143
576  208  2025-06-14 00-28-24  2153.6  26436.3  187.493  1456.58  14153.4
577  208  2025-06-14 00-28-24  2155.2  26457.6  180.456  1456.86  14163.8
578  208  2025-06-14 00-28-24  2156.8  26478.9  173.173  1457.13  14174
579  208  2025-06-14 00-28-24  2158.4  26500.2  165.645  1457.4  14184.2
580  208  2025-06-14 00-28-24  2160  26521.4  157.875  1457.66  14194.3
581  208  2025-06-14 00-28-24  2161.6  26542.5  149.866  1457.92  14204.2
582  208  2025-06-14 00-28-24  2163.2  26563.6  141.623  1458.17  14214
583  208  2025-06-14 00-28-24  2164.8  26584.6  133.149  1458.42  14223.6
584  208  2025-06-14 00-28-24  2166.4  26605.5  12.4485  1458.67  14233.2
585  208  2025-06-14 00-28-24  2168  26626.4  3.52518  1458.91  14242.5
586  208  2025-06-14 00-28-24  2169.6  26647.1  -5.61715  1459.14  14251.7
587  208  2025-06-14 00-28-24  2171.2  26667.9  -14.9747  1459.37  14260.8
588  208  2025-06-14 00-28-24  2172.8  26688.5  -136.544  1459.6  14269.8
589  208  2025-06-14 00-28-24  2174.4  26709.1  -146.32  1459.82  14278.6
590  208  2025-06-14 00-28-24  2176  26729.6  -156.301  1460.04  14287.3
591  208  2025-06-14 00-28-24  2177.6  26750  -166.482  1460.26  14295.8
592  208  2025-06-14 00-28-24  2179.2  26770.4  -176.86  1460.47  14304.2
593  208  2025-06-14 00-28-24  2180.8  26790.7  -187.431  1460.67  14312.5
594  208  2025-06-14 00-28-24  2182.4  26810.9  -198.191  1460.88  14320.7
595  208  2025-06-14 00-28-24  2184  26831  -209.138  1461.08  14328.7
596  208  2025-06-14 00-28-24  2185.6  26851  -220.266  1461.28  14336.6
597  208  2025-06-14 00-28-24  2187.2  26871  -231.574  1461.47  14344.4
598  208  2025-06-14 00-28-24  2188.8  26890.9  -243.058  1461.66  14352
599  208  2025-06-14 00-28-24  2190.4  26910.7  -254.714  1461.84  14359.6
600  208  2025-06-14 00-28-24  2192  26930.4  -266.539  1462.03  14367
601  208  2025-06-14 00-28-24  2193.6  26950.1  -1398.53  1462.21  14374.3
602  208  2025-06-14 00-28-24  2195.2  26969.7  -1410.68  1462.38  14381.4
603  208  2025-06-14 00-28-24  2196.8  26989.1  -1423  1462.55  14388.5
604  208  2025-06-14 00-28-24  2198.4  27008.6  -1435.46  1462.72  14395.4
605  208  2025-06-14 00-28-24  2200  27027.9  -1448.09  1462.89  14402.2
606  208  2025-06-14 00-28-24  2201.6  27047.1  -1460.86  1463.06  14408.9
607  208  2025-06-14 00-28-24  2203.2  27066.3  -1473.78  1463.22  14415.5
608  208  2025-06-14 00-28-24  2204.8  27085.4  -1486.84  1463.37  14422
609  208  2025-06-14 00-28-24  2206.4  27104.4  -1500.04  1463.53  14428.3
610  208  2025-06-14 00-28-24  2208  27123.4  -1513.39  1463.68  14434.6
611  208  2025-06-14 00-28-24  2209.6  27142.2  -1526.86  1463.83  14440.7
612  208  2025-06-14 00-28-24  2211.2  27161  -1540.48  1463.98  14446.8
613  208  2025-06-14 00-28-24  2212.8  27179.7  -1554.22  1464.12  14452.7
614  208  2025-06-14 00-28-24  2214.4  27198.4  -1568.08  1464.26  14458.6
615  208  2025-06-14 00-28-24  2216  27216.9  -1582.08  1464.4  14464.3
616  208  2025-06-14 00-28-24  2217.6  27235.4  -1596.19  1464.54  14469.9
