SN    USVID    CurTime    simTime    CurX    CurY    CurVel      CurYaw   
0  144  2025-06-09 22-05-57  0  2440  14512  192  2672
1  144  2025-06-09 22-05-57  1.6  2448.01  14511.9  192.058  2680.08
2  144  2025-06-09 22-05-57  3.2  2456.02  14511.8  192.115  2688.24
3  144  2025-06-09 22-05-57  4.8  2464.03  14511.6  192.173  2696.48
4  144  2025-06-09 22-05-57  6.4  2472.05  14511.3  192.23  2704.8
5  144  2025-06-09 22-05-57  8  2480.07  14510.9  192.288  2713.2
6  144  2025-06-09 22-05-57  9.6  2488.09  14510.5  192.345  2721.68
7  144  2025-06-09 22-05-57  11.2  2496.12  14510  192.403  2730.24
8  144  2025-06-09 22-05-57  12.8  2504.14  14509.4  192.46  2738.88
9  144  2025-06-09 22-05-57  14.4  2512.16  14508.7  192.518  2747.6
10  144  2025-06-09 22-05-57  128  2520.19  14508  192.576  2756.4
11  144  2025-06-09 22-05-57  129.6  2528.21  14507.2  192.633  2765.28
12  144  2025-06-09 22-05-57  131.2  2536.23  14506.3  192.691  2774.24
13  144  2025-06-09 22-05-57  132.8  2544.25  14505.4  192.748  2775.2
14  144  2025-06-09 22-05-57  134.4  2552.28  14504.4  192.806  2776.16
15  144  2025-06-09 22-05-57  136  2560.31  14503.5  192.863  2777.12
16  144  2025-06-09 22-05-57  137.6  2568.35  14502.6  192.921  2778.08
17  144  2025-06-09 22-05-57  139.2  2576.39  14501.6  192.978  2779.04
18  144  2025-06-09 22-05-57  140.8  2584.44  14500.7  193.036  2780
19  144  2025-06-09 22-05-57  142.4  2592.49  14499.7  193.094  2780.96
20  144  2025-06-09 22-05-57  144  2600.55  14498.8  193.151  2781.92
21  144  2025-06-09 22-05-57  145.6  2608.61  14497.8  193.209  2782.88
22  144  2025-06-09 22-05-57  147.2  2616.68  14496.8  193.266  2783.84
23  144  2025-06-09 22-05-57  148.8  2624.75  14495.8  193.324  2784.8
24  144  2025-06-09 22-05-57  150.4  2632.83  14494.8  193.381  2785.76
25  144  2025-06-09 22-05-57  152  2640.91  14493.8  193.439  2786.72
26  144  2025-06-09 22-05-57  153.6  2648.99  14492.7  193.496  2787.68
27  144  2025-06-09 22-05-57  155.2  2657.08  14491.7  193.554  2788.64
28  144  2025-06-09 22-05-57  156.8  2665.17  14490.7  193.612  2789.6
29  144  2025-06-09 22-05-57  158.4  2673.27  14489.6  193.669  2790.56
30  144  2025-06-09 22-05-57  160  2681.38  14488.6  193.727  2791.52
31  144  2025-06-09 22-05-57  161.6  2689.48  14487.5  193.784  2792.48
32  144  2025-06-09 22-05-57  163.2  2697.6  14486.4  193.842  2793.44
33  144  2025-06-09 22-05-57  164.8  2705.71  14485.3  193.899  2794.4
34  144  2025-06-09 22-05-57  166.4  2713.83  14484.2  193.957  2795.36
35  144  2025-06-09 22-05-57  168  2721.96  14483.1  194.014  2796.32
36  144  2025-06-09 22-05-57  169.6  2730.09  14482  194.072  2797.28
37  144  2025-06-09 22-05-57  171.2  2738.23  14480.9  194.13  2798.24
38  144  2025-06-09 22-05-57  172.8  2746.37  14479.7  194.187  2799.2
39  144  2025-06-09 22-05-57  174.4  2754.51  14478.6  194.245  2800.16
40  144  2025-06-09 22-05-57  176  2762.66  14477.4  194.302  2801.12
41  144  2025-06-09 22-05-57  177.6  2770.81  14476.3  194.36  2802.08
42  144  2025-06-09 22-05-57  179.2  2778.97  14475.1  194.417  2803.04
43  144  2025-06-09 22-05-57  180.8  2787.13  14473.9  194.475  2804
44  144  2025-06-09 22-05-57  182.4  2795.3  14472.7  194.532  2804.96
45  144  2025-06-09 22-05-57  184  2803.47  14471.5  194.59  2805.92
46  144  2025-06-09 22-05-57  185.6  2811.65  14470.3  194.648  2806.88
47  144  2025-06-09 22-05-57  187.2  2819.83  14469.1  194.705  2807.84
48  144  2025-06-09 22-05-57  188.8  2828.01  14467.8  194.763  2808.8
49  144  2025-06-09 22-05-57  190.4  14036.2  14466.6  194.82  2809.76
50  144  2025-06-09 22-05-57  192  14044.4  14465.3  194.878  2810.72
51  144  2025-06-09 22-05-57  193.6  14052.6  14464.1  194.935  2811.68
52  144  2025-06-09 22-05-57  195.2  14060.8  14462.8  194.993  2812.64
53  144  2025-06-09 22-05-57  196.8  14069  14461.5  195.05  2813.6
54  144  2025-06-09 22-05-57  198.4  14077.2  14460.3  195.108  2814.56
55  144  2025-06-09 22-05-57  200  14085.4  14459  195.166  2815.52
56  144  2025-06-09 22-05-57  201.6  14093.6  14457.7  195.223  2816.48
57  144  2025-06-09 22-05-57  203.2  14101.9  14456.3  195.281  2817.44
58  144  2025-06-09 22-05-57  204.8  14110.1  14455  195.338  2818.4
59  144  2025-06-09 22-05-57  206.4  14118.3  14453.7  195.396  2819.36
60  144  2025-06-09 22-05-57  208  14126.6  14452.3  195.453  2820.32
61  144  2025-06-09 22-05-57  209.6  14134.8  14451  195.511  2821.28
62  144  2025-06-09 22-05-57  211.2  14143  14449.6  195.568  2822.24
63  144  2025-06-09 22-05-57  212.8  14151.3  14448.2  195.626  2823.2
64  144  2025-06-09 22-05-57  214.4  14159.5  14446.9  195.684  2824.16
65  144  2025-06-09 22-05-57  216  14167.8  14445.5  195.741  2825.12
66  144  2025-06-09 22-05-57  217.6  14176.1  14444.1  195.799  2826.08
67  144  2025-06-09 22-05-57  219.2  14184.3  14442.7  195.856  2827.04
68  144  2025-06-09 22-05-57  220.8  14192.6  14441.2  195.914  2828
69  144  2025-06-09 22-05-57  222.4  14200.9  14439.8  195.971  2828.96
70  144  2025-06-09 22-05-57  224  14209.2  14438.4  196.029  2829.92
71  144  2025-06-09 22-05-57  225.6  14217.4  14436.9  196.086  2830.88
72  144  2025-06-09 22-05-57  227.2  14225.7  14435.5  196.144  2831.84
73  144  2025-06-09 22-05-57  228.8  14234  14434  196.202  14032.8
74  144  2025-06-09 22-05-57  230.4  14242.3  14432.5  196.259  14033.8
75  144  2025-06-09 22-05-57  232  14250.6  14431  196.317  14034.7
76  144  2025-06-09 22-05-57  233.6  14258.9  14429.5  196.374  14035.7
77  144  2025-06-09 22-05-57  235.2  14267.2  14428  196.432  14036.6
78  144  2025-06-09 22-05-57  236.8  14275.5  14426.5  196.489  14037.6
79  144  2025-06-09 22-05-57  238.4  14283.9  14425  196.547  14038.6
80  144  2025-06-09 22-05-57  240  14292.2  14423.4  196.604  14039.5
81  144  2025-06-09 22-05-57  241.6  14300.5  14421.9  196.662  14040.5
82  144  2025-06-09 22-05-57  243.2  14308.8  14420.3  196.72  14041.4
83  144  2025-06-09 22-05-57  244.8  14317.2  14418.8  196.777  14042.4
84  144  2025-06-09 22-05-57  246.4  14325.5  14417.2  196.835  14043.4
85  144  2025-06-09 22-05-57  248  14333.8  14415.6  196.892  14044.3
86  144  2025-06-09 22-05-57  249.6  14342.2  14414  196.95  14045.3
87  144  2025-06-09 22-05-57  251.2  14350.5  14412.4  197.007  14046.2
88  144  2025-06-09 22-05-57  252.8  14358.9  14410.8  197.065  14047.2
89  144  2025-06-09 22-05-57  254.4  14367.2  14409.1  197.122  14048.2
90  144  2025-06-09 22-05-57  256  14375.6  14407.5  197.18  14049.1
91  144  2025-06-09 22-05-57  257.6  14383.9  14405.9  197.238  14050.1
92  144  2025-06-09 22-05-57  259.2  14392.3  14404.2  197.295  14051
93  144  2025-06-09 22-05-57  260.8  14400.7  14402.5  197.353  14052
94  144  2025-06-09 22-05-57  262.4  14409.1  14400.9  197.41  14053
95  144  2025-06-09 22-05-57  264  14417.4  14399.2  197.468  14053.9
96  144  2025-06-09 22-05-57  265.6  14425.8  14397.5  197.525  14054.9
97  144  2025-06-09 22-05-57  267.2  14434.2  14395.8  197.583  14055.8
98  144  2025-06-09 22-05-57  268.8  14442.6  14394.1  197.641  14056.8
99  144  2025-06-09 22-05-57  270.4  14451  14392.3  197.698  14057.8
100  144  2025-06-09 22-05-57  1392  14459.4  14390.6  197.756  14058.7
101  144  2025-06-09 22-05-57  1393.6  14467.8  14388.9  197.813  14059.7
102  144  2025-06-09 22-05-57  1395.2  14476.2  14387.1  197.871  14060.6
103  144  2025-06-09 22-05-57  1396.8  14484.6  14385.3  197.928  14061.6
104  144  2025-06-09 22-05-57  1398.4  14493  14383.6  197.986  14062.6
105  144  2025-06-09 22-05-57  1400  14501.4  14381.8  198.043  14063.5
106  144  2025-06-09 22-05-57  1401.6  14509.9  14380  198.101  14064.5
107  144  2025-06-09 22-05-57  1403.2  14518.3  14378.2  198.159  14065.4
108  144  2025-06-09 22-05-57  1404.8  14526.7  14376.4  198.216  14066.4
109  144  2025-06-09 22-05-57  1406.4  14535.2  14374.6  198.274  14067.4
110  144  2025-06-09 22-05-57  1408  14543.6  14372.7  198.331  14068.3
111  144  2025-06-09 22-05-57  1409.6  14552  14370.9  198.389  14069.3
112  144  2025-06-09 22-05-57  1411.2  14560.5  14369  198.446  14070.2
113  144  2025-06-09 22-05-57  1412.8  14568.9  14367.2  198.504  14071.2
114  144  2025-06-09 22-05-57  1414.4  14577.4  14365.3  198.561  14072.2
115  144  2025-06-09 22-05-57  1416  14585.8  14363.4  198.619  14073.1
116  144  2025-06-09 22-05-57  1417.6  14594.3  14361.5  198.677  14074.1
117  144  2025-06-09 22-05-57  1419.2  14602.7  14359.6  198.734  14075
118  144  2025-06-09 22-05-57  1420.8  14611.2  14357.7  198.792  14076
119  144  2025-06-09 22-05-57  1422.4  14619.7  14355.8  198.849  14077
120  144  2025-06-09 22-05-57  1424  14628.1  14353.8  198.907  14077.9
121  144  2025-06-09 22-05-57  1425.6  14636.6  14351.9  198.964  14078.9
122  144  2025-06-09 22-05-57  1427.2  14645.1  14349.9  199.022  14079.8
123  144  2025-06-09 22-05-57  1428.8  14653.6  14347.9  199.079  14080.8
124  144  2025-06-09 22-05-57  1430.4  14662.1  14346  199.137  14081.8
125  144  2025-06-09 22-05-57  1432  14670.6  14344  199.195  14082.7
126  144  2025-06-09 22-05-57  1433.6  14679.1  14342  199.252  14083.7
127  144  2025-06-09 22-05-57  1435.2  14687.6  14340  199.31  14084.6
128  144  2025-06-09 22-05-57  1436.8  14696.1  14338  199.367  14085.6
129  144  2025-06-09 22-05-57  1438.4  14704.6  14335.9  199.425  14086.6
130  144  2025-06-09 22-05-57  1440  14713.1  14333.9  199.482  14087.5
131  144  2025-06-09 22-05-57  1441.6  14721.6  14331.8  199.54  14088.5
132  144  2025-06-09 22-05-57  1443.2  14730.1  14329.8  199.597  14089.4
133  144  2025-06-09 22-05-57  1444.8  14738.6  14327.7  199.655  14090.4
134  144  2025-06-09 22-05-57  1446.4  14747.1  14325.6  199.713  14091.4
135  144  2025-06-09 22-05-57  1448  14755.7  14323.6  199.77  14092.3
136  144  2025-06-09 22-05-57  1449.6  14764.2  14321.5  199.828  14093.3
137  144  2025-06-09 22-05-57  1451.2  14772.7  14319.3  199.885  14094.2
138  144  2025-06-09 22-05-57  1452.8  14781.2  14317.2  199.943  14095.2
139  144  2025-06-09 22-05-57  1454.4  14789.8  14315.1  200  14096.2
140  144  2025-06-09 22-05-57  1456  14798.3  14313  200.058  14097.1
141  144  2025-06-09 22-05-57  1457.6  14806.9  14310.8  200.115  14098.1
142  144  2025-06-09 22-05-57  1459.2  14815.4  14308.6  200.173  14099
143  144  2025-06-09 22-05-57  1460.8  14824  14306.5  200.231  14100
144  144  2025-06-09 22-05-57  1462.4  14832.5  14304.3  200.288  14101
145  144  2025-06-09 22-05-57  1464  14841.1  14302.1  200.346  14101.9
146  144  2025-06-09 22-05-57  1465.6  14849.6  14299.9  200.403  14102.9
147  144  2025-06-09 22-05-57  1467.2  14858.2  14297.7  200.461  14103.8
148  144  2025-06-09 22-05-57  1468.8  14866.8  14295.5  200.518  14104.8
149  144  2025-06-09 22-05-57  1470.4  14875.4  14293.2  200.576  14105.8
150  144  2025-06-09 22-05-57  1472  14883.9  14291  200.633  14106.7
151  144  2025-06-09 22-05-57  1473.6  14892.5  14288.7  200.691  14107.7
152  144  2025-06-09 22-05-57  1475.2  14901.1  14286.5  200.749  14108.6
153  144  2025-06-09 22-05-57  1476.8  14909.7  14284.2  200.806  14109.6
154  144  2025-06-09 22-05-57  1478.4  14918.3  14281.9  200.864  14110.6
155  144  2025-06-09 22-05-57  1480  14926.8  14279.6  200.921  14111.5
156  144  2025-06-09 22-05-57  1481.6  14935.4  14277.3  200.979  14112.5
157  144  2025-06-09 22-05-57  1483.2  14944  14275  201.036  14113.4
158  144  2025-06-09 22-05-57  1484.8  14952.6  14272.6  201.094  14114.4
159  144  2025-06-09 22-05-57  1486.4  14961.2  14270.3  201.151  14115.4
160  144  2025-06-09 22-05-57  1488  14969.8  14268  201.209  14116.3
161  144  2025-06-09 22-05-57  1489.6  14978.5  14265.6  201.267  14117.3
162  144  2025-06-09 22-05-57  1491.2  14987.1  14263.2  201.324  14118.2
163  144  2025-06-09 22-05-57  1492.8  14995.7  14260.8  201.382  14119.2
164  144  2025-06-09 22-05-57  1494.4  15004.3  14258.5  201.439  14120.2
165  144  2025-06-09 22-05-57  1496  15012.9  14256.1  201.497  14121.1
166  144  2025-06-09 22-05-57  1497.6  15021.5  14253.6  201.554  14122.1
167  144  2025-06-09 22-05-57  1499.2  15030.2  14251.2  201.612  14123
168  144  2025-06-09 22-05-57  1500.8  15038.8  14248.8  201.669  14124
169  144  2025-06-09 22-05-57  1502.4  15047.4  14246.3  201.727  14125
170  144  2025-06-09 22-05-57  1504  15056.1  14243.9  201.785  14125.9
171  144  2025-06-09 22-05-57  1505.6  15064.7  14241.4  201.842  14126.9
172  144  2025-06-09 22-05-57  1507.2  15073.4  14238.9  201.9  14127.8
173  144  2025-06-09 22-05-57  1508.8  15082  14236.5  201.957  14128.8
174  144  2025-06-09 22-05-57  1510.4  15090.6  14234  202.015  14129.8
175  144  2025-06-09 22-05-57  1512  15099.3  14231.4  202.072  14130.7
176  144  2025-06-09 22-05-57  1513.6  15108  14228.9  202.13  14131.7
177  144  2025-06-09 22-05-57  1515.2  15116.6  14226.4  202.187  14132.6
178  144  2025-06-09 22-05-57  1516.8  15125.3  14223.9  202.245  14133.6
179  144  2025-06-09 22-05-57  1518.4  15133.9  14221.3  202.303  14134.6
180  144  2025-06-09 22-05-57  1520  15142.6  14218.7  202.36  14135.5
181  144  2025-06-09 22-05-57  1521.6  15151.3  14216.2  202.418  14136.5
182  144  2025-06-09 22-05-57  1523.2  15159.9  14213.6  202.475  14137.4
183  144  2025-06-09 22-05-57  1524.8  15168.6  14211  202.533  14138.4
184  144  2025-06-09 22-05-57  1526.4  15177.3  14208.4  202.59  14139.4
185  144  2025-06-09 22-05-57  1528  15186  14205.8  202.648  14140.3
186  144  2025-06-09 22-05-57  1529.6  15194.6  14203.1  202.705  14141.3
187  144  2025-06-09 22-05-57  1531.2  15203.3  14200.5  202.763  14142.2
188  144  2025-06-09 22-05-57  1532.8  15212  14197.9  202.821  14143.2
189  144  2025-06-09 22-05-57  1534.4  15220.7  14195.2  202.878  14144.2
190  144  2025-06-09 22-05-57  1536  15229.4  14192.5  202.936  14145.1
191  144  2025-06-09 22-05-57  1537.6  15238.1  14189.9  202.993  14146.1
192  144  2025-06-09 22-05-57  1539.2  15246.8  14187.2  203.051  14147
193  144  2025-06-09 22-05-57  1540.8  15255.5  14184.5  203.108  14148
194  144  2025-06-09 22-05-57  1542.4  15264.2  14181.8  203.166  14149
195  144  2025-06-09 22-05-57  1544  15272.9  14179  203.223  14149.9
196  144  2025-06-09 22-05-57  1545.6  15281.6  14176.3  203.281  14150.9
197  144  2025-06-09 22-05-57  1547.2  15290.3  14173.5  203.339  14151.8
198  144  2025-06-09 22-05-57  1548.8  15299  14170.8  203.396  14152.8
199  144  2025-06-09 22-05-57  1550.4  15307.8  14168  203.454  14153.8
200  144  2025-06-09 22-05-57  1552  15316.5  14165.2  203.511  14154.7
201  144  2025-06-09 22-05-57  1553.6  15325.2  14162.5  203.569  14155.7
202  144  2025-06-09 22-05-57  1555.2  15333.9  14159.7  203.626  14156.6
203  144  2025-06-09 22-05-57  1556.8  15342.7  14156.8  203.684  14157.6
204  144  2025-06-09 22-05-57  1558.4  15351.4  14154  203.741  14158.6
205  144  2025-06-09 22-05-57  1560  15360.1  14151.2  203.799  14159.5
206  144  2025-06-09 22-05-57  1561.6  15368.8  14148.4  203.857  14160.5
207  144  2025-06-09 22-05-57  1563.2  15377.6  14145.5  203.914  14161.4
208  144  2025-06-09 22-05-57  1564.8  15386.3  14142.6  203.972  14162.4
209  144  2025-06-09 22-05-57  1566.4  15395.1  14139.8  204.029  14163.4
210  144  2025-06-09 22-05-57  1568  15403.8  14136.9  204.087  14164.3
211  144  2025-06-09 22-05-57  1569.6  15412.6  14134  204.144  14165.3
212  144  2025-06-09 22-05-57  1571.2  15421.3  14131.1  204.202  14166.2
213  144  2025-06-09 22-05-57  1572.8  15430.1  14128.1  204.259  14167.2
214  144  2025-06-09 22-05-57  1574.4  15438.8  14125.2  204.317  14168.2
215  144  2025-06-09 22-05-57  1576  15447.6  14122.3  204.375  14169.1
216  144  2025-06-09 22-05-57  1577.6  15456.3  14119.3  204.432  14170.1
217  144  2025-06-09 22-05-57  1579.2  15465.1  14116.4  204.49  14171
218  144  2025-06-09 22-05-57  1580.8  15473.9  14113.4  204.547  14172
219  144  2025-06-09 22-05-57  1582.4  15482.6  14110.4  204.605  14173
220  144  2025-06-09 22-05-57  1584  15491.4  14107.4  204.662  14173.9
221  144  2025-06-09 22-05-57  1585.6  15500.2  14104.4  204.72  14174.9
222  144  2025-06-09 22-05-57  1587.2  15508.9  14101.4  204.777  14175.8
223  144  2025-06-09 22-05-57  1588.8  15517.7  14098.3  204.835  14176.8
224  144  2025-06-09 22-05-57  1590.4  15526.5  14095.3  204.893  14177.8
225  144  2025-06-09 22-05-57  1592  15535.3  14092.2  204.95  14178.7
226  144  2025-06-09 22-05-57  1593.6  15544  14089.2  205.008  14179.7
227  144  2025-06-09 22-05-57  1595.2  15552.8  14086.1  205.065  14180.6
228  144  2025-06-09 22-05-57  1596.8  15561.6  14083  205.123  14181.6
229  144  2025-06-09 22-05-57  1598.4  15570.4  14079.9  205.18  14182.6
230  144  2025-06-09 22-05-57  1600  15579.2  14076.8  205.238  14183.5
231  144  2025-06-09 22-05-57  1601.6  15588  14073.7  205.295  14184.5
232  144  2025-06-09 22-05-57  1603.2  15596.8  14070.6  205.353  14185.4
233  144  2025-06-09 22-05-57  1604.8  15605.6  14067.4  205.411  14186.4
234  144  2025-06-09 22-05-57  1606.4  15614.4  14064.3  205.468  14187.4
235  144  2025-06-09 22-05-57  1608  15623.2  14061.1  205.526  14188.3
236  144  2025-06-09 22-05-57  1609.6  15632  14057.9  205.583  14189.3
237  144  2025-06-09 22-05-57  1611.2  15640.8  14054.8  205.641  14190.2
238  144  2025-06-09 22-05-57  1612.8  15649.6  14051.6  205.698  14191.2
239  144  2025-06-09 22-05-57  1614.4  15658.4  14048.4  205.756  14192.2
240  144  2025-06-09 22-05-57  1616  15667.2  14045.1  205.813  14193.1
241  144  2025-06-09 22-05-57  1617.6  15676  14041.9  205.871  14194.1
242  144  2025-06-09 22-05-57  1619.2  15684.8  14038.7  205.929  14195
243  144  2025-06-09 22-05-57  1620.8  15693.7  14035.4  205.986  14196
244  144  2025-06-09 22-05-57  1622.4  15702.5  14032.1  206.044  14197
245  144  2025-06-09 22-05-57  1624  15711.3  2828.87  206.101  14197.9
246  144  2025-06-09 22-05-57  1625.6  15720.1  2825.58  206.159  14198.9
247  144  2025-06-09 22-05-57  1627.2  15729  2822.28  206.216  14199.8
248  144  2025-06-09 22-05-57  1628.8  15737.8  2818.97  206.274  14200.8
249  144  2025-06-09 22-05-57  1630.4  15746.6  2815.65  206.331  14201.8
250  144  2025-06-09 22-05-57  1632  15755.4  2812.32  206.389  14202.7
251  144  2025-06-09 22-05-57  1633.6  15764.3  2808.98  206.447  14203.7
252  144  2025-06-09 22-05-57  1635.2  15773.1  2805.62  206.504  14204.6
253  144  2025-06-09 22-05-57  1636.8  15782  2802.26  206.562  14205.6
254  144  2025-06-09 22-05-57  1638.4  15790.8  2798.88  206.619  14206.6
255  144  2025-06-09 22-05-57  1640  15799.6  2795.49  206.677  14207.5
256  144  2025-06-09 22-05-57  1641.6  15808.5  2792.09  206.734  14208.5
257  144  2025-06-09 22-05-57  1643.2  15817.3  2788.68  206.792  14209.4
258  144  2025-06-09 22-05-57  1644.8  15826.2  2785.26  206.849  14210.4
259  144  2025-06-09 22-05-57  1646.4  15835  2781.83  206.907  14211.4
260  144  2025-06-09 22-05-57  1648  15843.9  2778.38  206.965  14212.3
261  144  2025-06-09 22-05-57  1649.6  15852.7  2774.93  207.022  14213.3
262  144  2025-06-09 22-05-57  1651.2  15861.6  2771.46  207.08  14214.2
263  144  2025-06-09 22-05-57  1652.8  15870.4  2767.98  207.137  14215.2
264  144  2025-06-09 22-05-57  1654.4  15879.3  2764.49  207.195  14216.2
265  144  2025-06-09 22-05-57  1656  15888.1  2760.99  207.252  14217.1
266  144  2025-06-09 22-05-57  1657.6  15897  2757.47  207.31  14218.1
267  144  2025-06-09 22-05-57  1659.2  15905.9  2753.95  207.367  14219
268  144  2025-06-09 22-05-57  1660.8  15914.7  2750.41  207.425  14220
269  144  2025-06-09 22-05-57  1662.4  15923.6  2746.87  207.483  14220.9
270  144  2025-06-09 22-05-57  1664  15932.4  2743.31  207.54  14221.9
271  144  2025-06-09 22-05-57  1665.6  15941.3  2739.74  207.598  14222.9
272  144  2025-06-09 22-05-57  1667.2  15950.2  2736.16  207.655  14223.8
273  144  2025-06-09 22-05-57  1668.8  15959.1  2732.56  207.713  14224.8
274  144  2025-06-09 22-05-57  1670.4  15967.9  2728.96  207.77  14225.7
275  144  2025-06-09 22-05-57  1672  15976.8  2725.34  207.828  14226.7
276  144  2025-06-09 22-05-57  1673.6  15985.7  2721.71  207.885  14227.7
277  144  2025-06-09 22-05-57  1675.2  15994.6  2718.08  207.943  14228.6
278  144  2025-06-09 22-05-57  1676.8  16003.4  2714.43  208.001  14229.6
279  144  2025-06-09 22-05-57  1678.4  16012.3  2710.76  208.058  14230.5
280  144  2025-06-09 22-05-57  1680  16021.2  2707.09  208.116  14231.5
281  144  2025-06-09 22-05-57  1681.6  16030.1  2703.4  208.173  14232.5
282  144  2025-06-09 22-05-57  1683.2  16039  2699.71  208.231  14233.4
283  144  2025-06-09 22-05-57  1684.8  16047.9  2696  208.288  14234.4
284  144  2025-06-09 22-05-57  1686.4  16056.7  2692.28  208.346  14235.3
285  144  2025-06-09 22-05-57  1688  16065.6  2688.55  208.404  14236.3
286  144  2025-06-09 22-05-57  1689.6  16074.5  2684.81  208.461  14237.3
287  144  2025-06-09 22-05-57  1691.2  16083.4  2681.05  208.519  14238.2
288  144  2025-06-09 22-05-57  1692.8  16092.3  2677.29  208.576  14239.2
289  144  2025-06-09 22-05-57  1694.4  16101.2  2673.51  208.634  14240.1
290  144  2025-06-09 22-05-57  1696  16110.1  2669.72  208.691  14241.1
291  144  2025-06-09 22-05-57  1697.6  16119  2665.92  208.749  14242.1
292  144  2025-06-09 22-05-57  1699.2  16127.9  2662.11  208.806  14243
293  144  2025-06-09 22-05-57  1700.8  16136.8  2658.29  208.864  14244
294  144  2025-06-09 22-05-57  1702.4  16145.7  2654.45  208.922  14244.9
295  144  2025-06-09 22-05-57  1704  16154.6  2650.6  208.979  14245.9
296  144  2025-06-09 22-05-57  1705.6  16163.5  2646.75  209.037  14246.9
297  144  2025-06-09 22-05-57  1707.2  16172.4  2642.88  209.094  14247.8
298  144  2025-06-09 22-05-57  1708.8  16181.3  2638.99  209.152  14248.8
299  144  2025-06-09 22-05-57  1710.4  16190.2  2635.1  209.209  14249.7
300  144  2025-06-09 22-05-57  1712  16199.1  2631.2  209.267  14250.7
301  144  2025-06-09 22-05-57  1713.6  16208  2627.28  209.324  14251.7
302  144  2025-06-09 22-05-57  1715.2  16216.9  2623.35  209.382  14252.6
303  144  2025-06-09 22-05-57  1716.8  16225.9  2619.41  209.44  14253.6
304  144  2025-06-09 22-05-57  1718.4  16234.8  2615.46  209.497  14254.5
305  144  2025-06-09 22-05-57  1720  16243.7  2611.5  209.555  14255.5
306  144  2025-06-09 22-05-57  1721.6  16252.6  2607.52  209.612  14256.5
307  144  2025-06-09 22-05-57  1723.2  16261.5  2603.54  209.67  14257.4
308  144  2025-06-09 22-05-57  1724.8  16270.4  2599.54  209.727  14258.4
309  144  2025-06-09 22-05-57  1726.4  16279.4  2595.53  209.785  14259.3
310  144  2025-06-09 22-05-57  1728  16288.3  2591.51  209.842  14260.3
311  144  2025-06-09 22-05-57  1729.6  16297.2  2587.47  209.9  14261.3
312  144  2025-06-09 22-05-57  1731.2  16306.1  2583.43  209.958  14262.2
313  144  2025-06-09 22-05-57  1732.8  16315  2579.37  210.015  14263.2
314  144  2025-06-09 22-05-57  1734.4  16324  2575.3  210.073  14264.1
315  144  2025-06-09 22-05-57  1736  16332.9  2571.22  210.13  14265.1
316  144  2025-06-09 22-05-57  1737.6  16341.8  2567.13  210.188  14266.1
317  144  2025-06-09 22-05-57  1739.2  16350.7  2563.03  210.245  14267
318  144  2025-06-09 22-05-57  1740.8  16359.7  2558.91  210.303  14268
319  144  2025-06-09 22-05-57  1742.4  16368.6  2554.78  210.36  14268.9
320  144  2025-06-09 22-05-57  1744  16377.5  2550.65  210.418  14269.9
321  144  2025-06-09 22-05-57  1745.6  16386.5  2546.49  210.476  14270.9
322  144  2025-06-09 22-05-57  1747.2  16395.4  2542.33  210.533  14271.8
323  144  2025-06-09 22-05-57  1748.8  16404.3  2538.16  210.591  14272.8
324  144  2025-06-09 22-05-57  1750.4  16413.2  2533.97  210.648  14273.7
325  144  2025-06-09 22-05-57  1752  16422.2  2529.81  210.706  14271.5
326  144  2025-06-09 22-05-57  1753.6  16431.2  2525.66  210.763  14269.2
327  144  2025-06-09 22-05-57  1755.2  16440.1  2521.54  210.677  14266.8
328  144  2025-06-09 22-05-57  1756.8  16449.1  2517.45  210.591  14264.5
329  144  2025-06-09 22-05-57  1758.4  16458.1  2513.38  210.504  14262.1
330  144  2025-06-09 22-05-57  1760  16467  2509.24  210.562  14269.3
331  144  2025-06-09 22-05-57  1761.6  16475.9  2505.03  210.476  14276.7
332  144  2025-06-09 22-05-57  1763.2  16484.8  2500.76  210.389  14284.1
333  144  2025-06-09 22-05-57  1764.8  16493.6  2496.42  210.303  14291.5
334  144  2025-06-09 22-05-57  1766.4  16502.4  2492  210.217  14299
335  144  2025-06-09 22-05-57  1768  16511.1  2487.52  210.13  14306.6
336  144  2025-06-09 22-05-57  1769.6  16519.8  2482.98  210.044  14314.3
337  144  2025-06-09 22-05-57  1771.2  16528.4  2478.36  209.958  14322
338  144  2025-06-09 22-05-57  1772.8  16537  2473.67  209.871  14329.7
339  144  2025-06-09 22-05-57  1774.4  16545.6  2468.98  209.929  14329.5
340  144  2025-06-09 22-05-57  1776  16554.2  2464.3  209.986  14329.3
341  144  2025-06-09 22-05-57  1777.6  16562.8  2459.61  210.044  14329
342  144  2025-06-09 22-05-57  1779.2  16571.5  2454.92  210.101  14328.7
343  144  2025-06-09 22-05-57  1780.8  16580.1  2450.24  210.159  14328.4
344  144  2025-06-09 22-05-57  1782.4  16588.7  2445.55  210.217  14328.1
345  144  2025-06-09 22-05-57  1784  16597.3  2440.86  210.274  14327.7
346  144  2025-06-09 22-05-57  1785.6  16606  2436.18  210.332  14327.4
347  144  2025-06-09 22-05-57  1787.2  16614.6  2431.41  210.245  14336.7
348  144  2025-06-09 22-05-57  1788.8  16623.1  2426.55  210.303  14346.1
349  144  2025-06-09 22-05-57  1790.4  16631.6  2421.59  210.36  14355.6
350  144  2025-06-09 22-05-57  1792  16640.1  2416.55  210.418  14365.2
351  144  2025-06-09 22-05-57  1793.6  16648.5  2411.42  210.476  14374.8
352  144  2025-06-09 22-05-57  1795.2  16656.8  2406.19  210.533  14384.5
353  144  2025-06-09 22-05-57  1796.8  16665.1  2400.87  210.591  14394.4
354  144  2025-06-09 22-05-57  1798.4  16673.4  2395.46  210.648  14404.2
355  144  2025-06-09 22-05-57  1800  16681.6  2390.03  210.706  14406.1
356  144  2025-06-09 22-05-57  1801.6  16689.9  2384.58  210.763  14408
357  144  2025-06-09 22-05-57  1803.2  16698.1  2379.11  210.821  14409.9
358  144  2025-06-09 22-05-57  1804.8  16706.3  2373.61  210.878  14411.8
359  144  2025-06-09 22-05-57  1806.4  16714.5  2368.1  210.936  14413.7
360  144  2025-06-09 22-05-57  1808  16722.7  2362.48  210.994  14425.3
361  144  2025-06-09 22-05-57  1809.6  16730.8  2356.76  211.051  14436.9
362  144  2025-06-09 22-05-57  1811.2  16738.8  2350.93  211.109  14448.7
363  144  2025-06-09 22-05-57  1812.8  16746.7  2344.99  211.166  14460.6
364  144  2025-06-09 22-05-57  1814.4  16754.6  2338.94  211.224  14472.6
365  144  2025-06-09 22-05-57  1816  16762.4  2332.79  211.281  14484.6
366  144  2025-06-09 22-05-57  1817.6  16770.1  2326.53  211.339  14496.8
367  144  2025-06-09 22-05-57  1819.2  16777.7  2320.17  211.396  14509
368  144  2025-06-09 22-05-57  1820.8  16785.3  2313.7  211.454  14521.4
369  144  2025-06-09 22-05-57  1822.4  16792.7  2307.12  211.512  14533.8
370  144  2025-06-09 22-05-57  1824  16800.1  2300.44  211.569  14546.4
371  144  2025-06-09 22-05-57  1825.6  16807.4  2293.65  211.627  14559
372  144  2025-06-09 22-05-57  1827.2  16814.6  2286.76  211.684  14571.8
373  144  2025-06-09 22-05-57  1828.8  16821.7  2279.77  211.742  14584.6
374  144  2025-06-09 22-05-57  1830.4  16828.8  2272.67  211.799  14597.4
375  144  2025-06-09 22-05-57  1832  16835.7  2265.47  211.857  14610.2
376  144  2025-06-09 22-05-57  1833.6  16842.5  2258.17  211.914  14623
377  144  2025-06-09 22-05-57  1835.2  16849.2  2250.77  211.972  14635.8
378  144  2025-06-09 22-05-57  1836.8  16855.8  2243.28  212.03  14648.6
379  144  2025-06-09 22-05-57  1838.4  16862.4  2235.68  212.087  14661.4
380  144  2025-06-09 22-05-57  1840  16868.8  2228  212.145  14674.2
381  144  2025-06-09 22-05-57  1841.6  16875.2  2220.34  212.202  14669.3
382  144  2025-06-09 22-05-57  1843.2  16881.6  2212.59  212.26  14682.1
383  144  2025-06-09 22-05-57  1844.8  16888  2204.87  212.317  14677.2
384  144  2025-06-09 22-05-57  1846.4  16894.5  2197.18  212.375  14672.2
385  144  2025-06-09 22-05-57  1848  16901  2189.52  212.432  14667.2
386  144  2025-06-09 22-05-57  1849.6  16907.3  2181.77  212.49  14679.9
387  144  2025-06-09 22-05-57  1851.2  16913.8  2174.04  212.548  14674.8
388  144  2025-06-09 22-05-57  1852.8  16920.3  2166.35  212.605  14669.7
389  144  2025-06-09 22-05-57  1854.4  16926.8  2158.69  212.663  14664.5
390  144  2025-06-09 22-05-57  1856  16933.2  2150.94  212.72  14677.1
391  144  2025-06-09 22-05-57  1857.6  16939.7  2143.22  212.778  14671.9
392  144  2025-06-09 22-05-57  1859.2  16946.2  2135.54  212.835  14666.6
393  144  2025-06-09 22-05-57  1860.8  16952.8  2127.88  212.893  14661.3
394  144  2025-06-09 22-05-57  1862.4  16959.3  2120.14  212.95  14673.7
395  144  2025-06-09 22-05-57  1864  16965.8  2112.43  213.008  14668.4
396  144  2025-06-09 22-05-57  1865.6  16972.4  2104.75  213.066  14663
397  144  2025-06-09 22-05-57  1867.2  16978.9  2096.98  213.123  14675.3
398  144  2025-06-09 22-05-57  1868.8  16985.4  2089.24  213.181  14669.9
399  144  2025-06-09 22-05-57  1870.4  16992  2081.54  213.238  14664.5
400  144  2025-06-09 22-05-57  1872  16998.6  2073.88  213.296  14658.9
401  144  2025-06-09 22-05-57  1873.6  17005.1  2066.12  213.353  14671.1
402  144  2025-06-09 22-05-57  1875.2  17011.7  2058.4  213.411  14665.6
403  144  2025-06-09 22-05-57  1876.8  17018.3  2050.71  213.468  14660
404  144  2025-06-09 22-05-57  1878.4  17024.8  2042.93  213.526  14672.1
405  144  2025-06-09 22-05-57  1880  17031.4  2035.19  213.584  14666.5
406  144  2025-06-09 22-05-57  1881.6  17038  2027.48  213.641  14660.8
407  144  2025-06-09 22-05-57  1883.2  17044.7  2019.82  213.699  14655.1
408  144  2025-06-09 22-05-57  1884.8  17051.3  2012.06  213.756  14667
409  144  2025-06-09 22-05-57  1886.4  17057.9  2004.33  213.814  14661.3
410  144  2025-06-09 22-05-57  1888  17064.6  1996.65  213.871  14655.5
411  144  2025-06-09 22-05-57  1889.6  17071.2  1988.87  213.929  14667.4
412  144  2025-06-09 22-05-57  1891.2  17077.8  1981.14  213.986  14661.6
413  144  2025-06-09 22-05-57  1892.8  17084.5  1973.44  214.044  14655.7
414  144  2025-06-09 22-05-57  1894.4  17091.3  1965.78  214.102  14649.7
415  144  2025-06-09 22-05-57  1896  17097.9  1958.03  214.159  14661.5
416  144  2025-06-09 22-05-57  1897.6  17104.7  1950.32  214.217  14655.6
417  144  2025-06-09 22-05-57  1899.2  17111.4  1942.65  214.274  14649.5
418  144  2025-06-09 22-05-57  1900.8  17118.1  1934.88  214.332  14661.2
419  144  2025-06-09 22-05-57  1902.4  17124.8  1927.16  214.389  14655.2
420  144  2025-06-09 22-05-57  1904  17131.6  1919.48  214.447  14649.1
421  144  2025-06-09 22-05-57  1905.6  17138.3  1911.71  214.504  14660.8
422  144  2025-06-09 22-05-57  1907.2  17145  1903.98  214.562  14654.7
423  144  2025-06-09 22-05-57  1908.8  17151.8  1896.29  214.62  14648.5
424  144  2025-06-09 22-05-57  1910.4  17158.5  1888.51  214.677  14660.1
425  144  2025-06-09 22-05-57  1912  17165.3  1880.77  214.735  14654
426  144  2025-06-09 22-05-57  1913.6  17172.1  1873.07  214.792  14647.8
427  144  2025-06-09 22-05-57  1915.2  17178.8  1865.29  214.85  14659.3
428  144  2025-06-09 22-05-57  1916.8  17185.6  1857.54  214.907  14653.1
429  144  2025-06-09 22-05-57  1918.4  17192.4  1849.84  214.965  14646.8
430  144  2025-06-09 22-05-57  1920  17199.3  1842.18  215.022  14640.4
431  144  2025-06-09 22-05-57  1921.6  17206.1  1834.43  215.08  14651.8
432  144  2025-06-09 22-05-57  1923.2  17213  1826.73  215.138  14645.4
433  144  2025-06-09 22-05-57  1924.8  17219.9  1819.07  215.195  14639
434  144  2025-06-09 22-05-57  1926.4  17226.7  1811.32  215.253  14650.3
435  144  2025-06-09 22-05-57  1928  17233.6  1803.61  215.31  14643.9
436  144  2025-06-09 22-05-57  1929.6  17240.5  1795.95  215.368  14637.4
437  144  2025-06-09 22-05-57  1931.2  17247.4  1788.2  215.425  14648.6
438  144  2025-06-09 22-05-57  1932.8  17254.3  1780.49  215.483  14642.2
439  144  2025-06-09 22-05-57  1934.4  17261.2  1772.83  215.54  14635.6
440  144  2025-06-09 22-05-57  1936  17268.1  1765.08  215.598  14646.8
441  144  2025-06-09 22-05-57  1937.6  17275  1757.37  215.656  14640.3
442  144  2025-06-09 22-05-57  1939.2  17282  1749.71  215.713  14633.7
443  144  2025-06-09 22-05-57  1940.8  17288.9  1741.97  215.771  14644.7
444  144  2025-06-09 22-05-57  1942.4  17295.9  1734.26  215.828  14638.1
445  144  2025-06-09 22-05-57  1944  17302.8  1726.47  215.886  14649.3
446  144  2025-06-09 22-05-57  1945.6  17309.7  1718.73  215.943  14642.7
447  144  2025-06-09 22-05-57  1947.2  17316.7  1711.03  216.001  14636
448  144  2025-06-09 22-05-57  1948.8  17323.6  1703.24  216.058  14647.1
449  144  2025-06-09 22-05-57  1950.4  17330.6  1695.5  216.116  14640.4
450  144  2025-06-09 22-05-57  1952  17337.6  1687.81  216.174  14633.7
451  144  2025-06-09 22-05-57  1953.6  17344.5  1680.03  216.231  14644.7
452  144  2025-06-09 22-05-57  1955.2  17351.5  1672.29  216.289  14638
453  144  2025-06-09 22-05-57  1956.8  17358.6  1664.61  216.346  14631.2
454  144  2025-06-09 22-05-57  1958.4  17365.5  1656.83  216.404  14642.1
455  144  2025-06-09 22-05-57  1960  17372.6  1649.11  216.461  14635.3
456  144  2025-06-09 22-05-57  1961.6  17379.7  1641.43  216.519  14628.5
457  144  2025-06-09 22-05-57  1963.2  17386.7  1633.66  216.576  14639.3
458  144  2025-06-09 22-05-57  1964.8  17393.7  1625.94  216.634  14632.5
459  144  2025-06-09 22-05-57  1966.4  17400.9  1618.27  216.692  14625.6
460  144  2025-06-09 22-05-57  1968  17407.9  1610.52  216.749  14636.4
461  144  2025-06-09 22-05-57  1969.6  17415  1602.81  216.807  14629.5
462  144  2025-06-09 22-05-57  1971.2  17422.2  1595.15  216.864  14622.5
463  144  2025-06-09 22-05-57  1972.8  17429.2  1587.41  216.922  14633.2
464  144  2025-06-09 22-05-57  1974.4  17436.4  1579.71  216.979  14626.3
465  144  2025-06-09 22-05-57  1976  17443.4  1571.93  217.037  14637
466  144  2025-06-09 22-05-57  1977.6  17450.6  1564.2  217.094  14630.1
467  144  2025-06-09 22-05-57  1979.2  17457.7  1556.51  217.152  14623
468  144  2025-06-09 22-05-57  1980.8  17464.8  1548.74  217.21  14633.7
469  144  2025-06-09 22-05-57  1982.4  17472  1541.02  217.267  14626.7
470  144  2025-06-09 22-05-57  1984  17479.2  1533.35  217.325  14619.6
471  144  2025-06-09 22-05-57  1985.6  17486.3  1525.6  217.382  14630.2
472  144  2025-06-09 22-05-57  1987.2  17493.5  1517.89  217.44  14623.1
473  144  2025-06-09 22-05-57  1988.8  17500.6  1510.1  217.497  14633.8
474  144  2025-06-09 22-05-57  1990.4  17507.8  1502.36  217.555  14626.7
475  144  2025-06-09 22-05-57  1992  17515.1  1494.67  217.612  14619.6
476  144  2025-06-09 22-05-57  1993.6  17522.2  1486.9  217.67  14630.1
477  144  2025-06-09 22-05-57  1995.2  17529.4  1479.17  217.728  14623
478  144  2025-06-09 22-05-57  1996.8  17536.7  1471.5  217.785  14615.8
479  144  2025-06-09 22-05-57  1998.4  17543.9  1463.74  217.843  14626.3
480  144  2025-06-09 22-05-57  2000  17551.2  1456.03  217.9  14619.1
481  144  2025-06-09 22-05-57  2001.6  17558.4  1448.24  217.958  14629.6
482  144  2025-06-09 22-05-57  2003.2  17565.6  1440.5  218.015  14622.5
483  144  2025-06-09 22-05-57  2004.8  17572.9  1432.81  218.073  14615.2
484  144  2025-06-09 22-05-57  2006.4  17580.1  1425.04  218.13  14625.7
485  144  2025-06-09 22-05-57  2008  17587.4  1417.31  218.188  14618.4
486  144  2025-06-09 22-05-57  2009.6  17594.8  1409.65  218.246  14611.1
487  144  2025-06-09 22-05-57  2011.2  17602  1401.89  218.303  14621.5
488  144  2025-06-09 22-05-57  2012.8  17609.4  1394.19  218.361  14614.2
489  144  2025-06-09 22-05-57  2014.4  17616.6  266.402  218.418  14624.6
490  144  2025-06-09 22-05-57  2016  17624  258.668  218.476  14617.3
491  144  2025-06-09 22-05-57  2017.6  17631.3  250.989  218.533  14610
492  144  2025-06-09 22-05-57  2019.2  17638.6  243.223  218.591  14620.3
493  144  2025-06-09 22-05-57  2020.8  17646  235.511  218.648  14613
494  144  2025-06-09 22-05-57  2022.4  17653.4  227.855  218.706  14605.5
495  144  2025-06-09 22-05-57  2024  17660.8  220.112  218.764  14615.8
496  144  2025-06-09 22-05-57  2025.6  17668.2  212.425  218.821  14608.4
