SN    USVID    CurTime    simTime    CurX    CurY    CurVel      CurYaw   
0  128  2025-06-14 19-53-29  0  8  4.89843e-16  192  2672
1  128  2025-06-14 19-53-29  1.6  128.288  9.97306e-16  194.878  2672
2  128  2025-06-14 19-53-29  3.2  136.858  1.52207e-15  197.704  2672
3  128  2025-06-14 19-53-29  4.8  145.706  2.06383e-15  200.479  2672
4  128  2025-06-14 19-53-29  6.4  154.826  2.62228e-15  203.204  2672
5  128  2025-06-14 19-53-29  8  164.215  3.19711e-15  205.881  2672
6  128  2025-06-14 19-53-29  9.6  173.865  3.78804e-15  208.509  2672
7  128  2025-06-14 19-53-29  11.2  183.774  4.39477e-15  211.09  2672
8  128  2025-06-14 19-53-29  12.8  193.937  5.01702e-15  213.624  2672
9  128  2025-06-14 19-53-29  14.4  204.348  5.6545e-15  216.113  2672
10  128  2025-06-14 19-53-29  128  215.004  6.30695e-15  218.557  2672
11  128  2025-06-14 19-53-29  129.6  225.899  6.9741e-15  220.957  2672
12  128  2025-06-14 19-53-29  131.2  237.031  7.65568e-15  223.314  2672
13  128  2025-06-14 19-53-29  132.8  248.394  8.35143e-15  225.629  2672
14  128  2025-06-14 19-53-29  134.4  259.984  9.0611e-15  227.902  2672
15  128  2025-06-14 19-53-29  136  271.797  9.78444e-15  230.134  2672
16  128  2025-06-14 19-53-29  137.6  1403.83  1.05212e-14  232.326  2672
17  128  2025-06-14 19-53-29  139.2  1416.08  1.12711e-14  234.478  2672
18  128  2025-06-14 19-53-29  140.8  1428.54  1.2034e-14  236.592  2672
19  128  2025-06-14 19-53-29  142.4  1441.2  1.28096e-14  238.668  2672
20  128  2025-06-14 19-53-29  144  1454.07  1.35977e-14  240.706  2672
21  128  2025-06-14 19-53-29  145.6  1467.14  1.4398e-14  242.708  2672
22  128  2025-06-14 19-53-29  147.2  1480.41  1.52104e-14  244.674  2672
23  128  2025-06-14 19-53-29  148.8  1493.87  1.60345e-14  246.604  2672
24  128  2025-06-14 19-53-29  150.4  1507.52  1.68703e-14  248.5  2672
25  128  2025-06-14 19-53-29  152  1521.36  1.77175e-14  250.361  2672
26  128  2025-06-14 19-53-29  153.6  1535.38  1.85759e-14  252.189  2672
27  128  2025-06-14 19-53-29  155.2  1549.58  1.94453e-14  253.984  2672
28  128  2025-06-14 19-53-29  156.8  1563.95  2.03255e-14  255.747  2672
29  128  2025-06-14 19-53-29  158.4  1578.5  2.12162e-14  257.479  2672
30  128  2025-06-14 19-53-29  160  1593.22  2.21174e-14  259.179  2672
31  128  2025-06-14 19-53-29  161.6  1608.1  2.30288e-14  260.848  2672
32  128  2025-06-14 19-53-29  163.2  1623.15  2.39503e-14  262.488  2672
33  128  2025-06-14 19-53-29  164.8  1638.36  2.48816e-14  264.098  2672
34  128  2025-06-14 19-53-29  166.4  1653.73  2.58225e-14  265.679  2672
35  128  2025-06-14 19-53-29  168  1669.25  2.6773e-14  267.231  2672
36  128  2025-06-14 19-53-29  169.6  1684.93  2.77328e-14  268.756  2672
37  128  2025-06-14 19-53-29  171.2  1700.75  2.87018e-14  270.253  2672
38  128  2025-06-14 19-53-29  172.8  1716.72  2.96798e-14  271.724  2672
39  128  2025-06-14 19-53-29  174.4  1732.84  3.06667e-14  1393.17  2672
40  128  2025-06-14 19-53-29  176  1749.1  3.16622e-14  1394.59  2672
41  128  2025-06-14 19-53-29  177.6  1765.5  3.26662e-14  1395.98  2672
42  128  2025-06-14 19-53-29  179.2  1782.03  3.36786e-14  1397.35  2672
43  128  2025-06-14 19-53-29  180.8  1798.7  3.46993e-14  1398.69  2672
44  128  2025-06-14 19-53-29  182.4  1815.5  3.5728e-14  1400.01  2672
45  128  2025-06-14 19-53-29  184  1832.43  3.67646e-14  1401.3  2672
46  128  2025-06-14 19-53-29  185.6  1849.49  3.7809e-14  1402.57  2672
47  128  2025-06-14 19-53-29  187.2  1866.67  3.88611e-14  1403.82  2672
48  128  2025-06-14 19-53-29  188.8  1883.98  3.99207e-14  1405.05  2672
49  128  2025-06-14 19-53-29  190.4  1901.4  4.09876e-14  1406.25  2672
50  128  2025-06-14 19-53-29  192  1918.94  4.20618e-14  1407.43  2672
51  128  2025-06-14 19-53-29  193.6  1936.6  4.31431e-14  1408.6  2672
52  128  2025-06-14 19-53-29  195.2  1954.38  4.42314e-14  1409.74  2672
53  128  2025-06-14 19-53-29  196.8  1972.26  4.53265e-14  1410.86  2672
54  128  2025-06-14 19-53-29  198.4  1990.26  4.64284e-14  1411.96  2672
55  128  2025-06-14 19-53-29  200  2008.36  4.75369e-14  1413.04  2672
56  128  2025-06-14 19-53-29  201.6  2026.57  4.86519e-14  1414.1  2672
57  128  2025-06-14 19-53-29  203.2  2044.89  4.97733e-14  1415.14  2672
58  128  2025-06-14 19-53-29  204.8  2063.3  5.09009e-14  1416.16  2672
59  128  2025-06-14 19-53-29  206.4  2081.82  5.20346e-14  1417.17  2672
60  128  2025-06-14 19-53-29  208  2100.43  5.31745e-14  1418.15  2672
61  128  2025-06-14 19-53-29  209.6  2119.15  5.43202e-14  1419.12  2672
62  128  2025-06-14 19-53-29  211.2  2137.95  5.54718e-14  1420.07  2672
63  128  2025-06-14 19-53-29  212.8  2156.85  5.6629e-14  1421  2672
64  128  2025-06-14 19-53-29  214.4  2175.85  5.77919e-14  1421.92  2672
65  128  2025-06-14 19-53-29  216  2194.93  5.89604e-14  1422.82  2672
66  128  2025-06-14 19-53-29  217.6  2214.1  6.01342e-14  1423.71  2672
67  128  2025-06-14 19-53-29  219.2  2233.36  6.13133e-14  1424.58  2672
68  128  2025-06-14 19-53-29  220.8  2252.61  6.24923e-14  1424.55  2672
69  128  2025-06-14 19-53-29  222.4  2271.86  6.36711e-14  1424.52  2672
70  128  2025-06-14 19-53-29  224  2291.11  6.48497e-14  1424.49  2672
71  128  2025-06-14 19-53-29  225.6  2310.36  6.60282e-14  1424.46  2672
72  128  2025-06-14 19-53-29  227.2  2329.6  6.72064e-14  1424.43  2672
73  128  2025-06-14 19-53-29  228.8  2348.84  6.83845e-14  1424.4  2672
74  128  2025-06-14 19-53-29  230.4  2368.08  6.95625e-14  1424.37  2672
75  128  2025-06-14 19-53-29  232  2387.31  7.07402e-14  1424.35  2672
76  128  2025-06-14 19-53-29  233.6  2406.54  7.19178e-14  1424.32  2672
77  128  2025-06-14 19-53-29  235.2  2425.77  7.30951e-14  1424.29  2672
78  128  2025-06-14 19-53-29  236.8  2445  7.42724e-14  1424.26  2672
79  128  2025-06-14 19-53-29  238.4  2464.31  7.54548e-14  1425.12  2672
80  128  2025-06-14 19-53-29  240  2483.62  7.66371e-14  1425.09  2672
81  128  2025-06-14 19-53-29  241.6  2502.93  7.78192e-14  1425.06  2672
82  128  2025-06-14 19-53-29  243.2  2522.23  7.90012e-14  1425.03  2672
83  128  2025-06-14 19-53-29  244.8  2541.53  8.01829e-14  1425  2672
84  128  2025-06-14 19-53-29  246.4  2560.83  8.13645e-14  1424.97  2672
85  128  2025-06-14 19-53-29  248  2580.12  8.25459e-14  1424.95  2672
86  128  2025-06-14 19-53-29  249.6  2599.41  8.37272e-14  1424.92  2672
87  128  2025-06-14 19-53-29  251.2  2618.7  8.49082e-14  1424.89  2672
88  128  2025-06-14 19-53-29  252.8  2637.99  8.60891e-14  1424.86  2672
89  128  2025-06-14 19-53-29  254.4  2657.36  8.72752e-14  1425.71  2672
90  128  2025-06-14 19-53-29  256  2676.73  8.84611e-14  1425.68  2672
91  128  2025-06-14 19-53-29  257.6  2696.09  8.96468e-14  1425.65  2672
92  128  2025-06-14 19-53-29  259.2  2715.45  9.08323e-14  1425.62  2672
93  128  2025-06-14 19-53-29  260.8  2734.81  9.20177e-14  1425.59  2672
94  128  2025-06-14 19-53-29  262.4  2754.17  9.32029e-14  1425.56  2672
95  128  2025-06-14 19-53-29  264  2773.52  9.43879e-14  1425.53  2672
96  128  2025-06-14 19-53-29  265.6  2792.87  9.55728e-14  1425.51  2672
97  128  2025-06-14 19-53-29  267.2  2812.31  9.67627e-14  1426.34  2672
98  128  2025-06-14 19-53-29  268.8  2831.74  9.79525e-14  1426.31  2672
99  128  2025-06-14 19-53-29  270.4  14051.2  9.91421e-14  1426.28  2672
100  128  2025-06-14 19-53-29  1392  14070.6  1.00332e-13  1426.26  2672
101  128  2025-06-14 19-53-29  1393.6  14090  1.01521e-13  1426.23  2672
102  128  2025-06-14 19-53-29  1395.2  14109.4  1.0271e-13  1426.2  2672
103  128  2025-06-14 19-53-29  1396.8  14128.9  1.03899e-13  1426.17  2672
104  128  2025-06-14 19-53-29  1398.4  14148.4  1.05093e-13  1426.99  2672
105  128  2025-06-14 19-53-29  1400  14167.8  1.06287e-13  1426.96  2672
106  128  2025-06-14 19-53-29  1401.6  14187.3  1.0748e-13  1426.94  2672
107  128  2025-06-14 19-53-29  1403.2  14206.8  1.08674e-13  1426.91  2672
108  128  2025-06-14 19-53-29  1404.8  14226.3  1.09867e-13  1426.88  2672
109  128  2025-06-14 19-53-29  1406.4  14245.8  1.1106e-13  1426.85  2672
110  128  2025-06-14 19-53-29  1408  14265.4  1.12258e-13  1427.66  2672
111  128  2025-06-14 19-53-29  1409.6  14284.9  1.13456e-13  1427.63  2672
112  128  2025-06-14 19-53-29  1411.2  14304.5  1.14653e-13  1427.6  2672
113  128  2025-06-14 19-53-29  1412.8  14324.1  1.15851e-13  1427.58  2672
114  128  2025-06-14 19-53-29  1414.4  14343.6  1.17048e-13  1427.55  2672
115  128  2025-06-14 19-53-29  1416  14363.2  1.18245e-13  1427.52  2672
116  128  2025-06-14 19-53-29  1417.6  14382.8  1.19448e-13  1428.32  2672
117  128  2025-06-14 19-53-29  1419.2  14402.4  1.20649e-13  1428.29  2672
118  128  2025-06-14 19-53-29  1420.8  14422  1.21851e-13  1428.26  2672
119  128  2025-06-14 19-53-29  1422.4  14441.7  1.23053e-13  1428.23  2672
120  128  2025-06-14 19-53-29  1424  14461.3  1.24254e-13  1428.2  2672
121  128  2025-06-14 19-53-29  1425.6  14481  1.2546e-13  1428.99  2672
122  128  2025-06-14 19-53-29  1427.2  14500.7  1.26666e-13  1428.96  2672
123  128  2025-06-14 19-53-29  1428.8  14520.4  1.27872e-13  1428.93  2672
124  128  2025-06-14 19-53-29  1430.4  14540.1  1.29078e-13  1428.9  2672
125  128  2025-06-14 19-53-29  1432  14559.8  1.30283e-13  1428.88  2672
126  128  2025-06-14 19-53-29  1433.6  14579.4  1.31488e-13  1428.85  2672
127  128  2025-06-14 19-53-29  1435.2  14599.2  1.32698e-13  1429.62  2672
128  128  2025-06-14 19-53-29  1436.8  14619  1.33908e-13  1429.59  2672
129  128  2025-06-14 19-53-29  1438.4  14638.7  1.35118e-13  1429.57  2672
130  128  2025-06-14 19-53-29  1440  14658.5  1.36328e-13  1429.54  2672
131  128  2025-06-14 19-53-29  1441.6  14678.2  1.37537e-13  1429.51  2672
132  128  2025-06-14 19-53-29  1443.2  14698  1.38751e-13  1430.27  2672
133  128  2025-06-14 19-53-29  1444.8  14717.9  1.39965e-13  1430.24  2672
134  128  2025-06-14 19-53-29  1446.4  14737.7  1.41178e-13  1430.21  2672
135  128  2025-06-14 19-53-29  1448  14757.5  1.42392e-13  1430.19  2672
136  128  2025-06-14 19-53-29  1449.6  14777.4  1.4361e-13  1430.94  2672
137  128  2025-06-14 19-53-29  1451.2  14797.3  1.44828e-13  1430.91  2672
138  128  2025-06-14 19-53-29  1452.8  14817.2  1.46046e-13  1430.88  2672
139  128  2025-06-14 19-53-29  1454.4  14837.1  1.47263e-13  1430.85  2672
140  128  2025-06-14 19-53-29  1456  14857  1.48481e-13  1430.82  2672
141  128  2025-06-14 19-53-29  1457.6  14876.9  1.49703e-13  1431.56  2672
142  128  2025-06-14 19-53-29  1459.2  14896.9  1.50924e-13  1431.53  2672
143  128  2025-06-14 19-53-29  1460.8  14916.8  -0.140734  1431.59  2678.46
144  128  2025-06-14 19-53-29  1462.4  14936.8  -0.282839  1431.56  2678.53
145  128  2025-06-14 19-53-29  1464  14956.7  -0.426316  1431.53  2678.59
146  128  2025-06-14 19-53-29  1465.6  14976.8  -0.568795  1432.26  2678.52
147  128  2025-06-14 19-53-29  1467.2  14996.8  -0.536147  1432.18  2670.5
148  128  2025-06-14 19-53-29  1468.8  15016.8  -0.679491  1432.09  2678.57
149  128  2025-06-14 19-53-29  1470.4  15036.8  -0.64786  1432  2670.55
150  128  2025-06-14 19-53-29  1472  15056.9  -0.616362  1432.72  2670.56
151  128  2025-06-14 19-53-29  1473.6  15076.9  -0.761342  1432.64  2678.62
152  128  2025-06-14 19-53-29  1475.2  15097  -0.730874  1432.55  2670.61
153  128  2025-06-14 19-53-29  1476.8  15117.1  -0.700524  1433.26  2670.62
154  128  2025-06-14 19-53-29  1478.4  15137.2  -0.84713  1433.17  2678.68
155  128  2025-06-14 19-53-29  1480  15157.3  -0.817826  1433.09  2670.66
156  128  2025-06-14 19-53-29  1481.6  15177.4  -0.965326  1433  2678.73
157  128  2025-06-14 19-53-29  1483.2  15197.6  -1.11172  1433.7  2678.65
158  128  2025-06-14 19-53-29  1484.8  15217.8  -1.25945  1433.67  2678.72
159  128  2025-06-14 19-53-29  1486.4  15237.9  -1.40852  1433.64  2678.78
160  128  2025-06-14 19-53-29  1488  15258.2  -1.5564  1434.33  2678.7
161  128  2025-06-14 19-53-29  1489.6  15278.4  -1.70561  1434.31  2678.76
162  128  2025-06-14 19-53-29  1491.2  15298.6  -1.85613  1434.28  2678.82
163  128  2025-06-14 19-53-29  1492.8  15318.8  -2.00796  1434.25  2678.88
164  128  2025-06-14 19-53-29  1494.4  15339.1  -2.15851  1434.93  2678.8
165  128  2025-06-14 19-53-29  1496  15359.4  -2.31035  1434.9  2678.86
166  128  2025-06-14 19-53-29  1497.6  15379.7  -2.46347  1434.87  2678.92
167  128  2025-06-14 19-53-29  1499.2  15400  -2.61788  1434.84  2678.98
168  128  2025-06-14 19-53-29  1500.8  15420.3  -2.77091  1435.51  2678.89
169  128  2025-06-14 19-53-29  1502.4  15440.7  -2.92519  1435.48  2678.95
170  128  2025-06-14 19-53-29  1504  15461  -3.08073  1435.45  2679.01
171  128  2025-06-14 19-53-29  1505.6  15481.4  -3.23753  1435.42  2679.07
172  128  2025-06-14 19-53-29  1507.2  15501.8  -3.39286  1436.08  2678.98
173  128  2025-06-14 19-53-29  1508.8  15522.2  -3.54941  1436.05  2679.03
174  128  2025-06-14 19-53-29  1510.4  15542.6  -3.7072  1436.02  2679.09
175  128  2025-06-14 19-53-29  1512  15563  -3.86622  1435.99  2679.15
176  128  2025-06-14 19-53-29  1513.6  15583.5  -4.02367  1436.64  2679.05
177  128  2025-06-14 19-53-29  1515.2  15603.9  -4.18232  1436.61  2679.11
178  128  2025-06-14 19-53-29  1516.8  15624.4  -4.34216  1436.58  2679.16
179  128  2025-06-14 19-53-29  1518.4  15644.8  -4.50321  1436.56  2679.22
180  128  2025-06-14 19-53-29  1520  15665.3  -4.66259  1437.19  2679.12
181  128  2025-06-14 19-53-29  1521.6  15685.9  -4.82314  1437.16  2679.17
182  128  2025-06-14 19-53-29  1523.2  15706.4  -4.98487  1437.14  2679.23
183  128  2025-06-14 19-53-29  1524.8  15726.9  -5.14776  1437.11  2679.28
184  128  2025-06-14 19-53-29  1526.4  15747.5  -5.3089  1437.73  2679.18
185  128  2025-06-14 19-53-29  1528  15768  -5.47118  1437.71  2679.23
186  128  2025-06-14 19-53-29  1529.6  15788.6  -5.6346  1437.68  2679.28
187  128  2025-06-14 19-53-29  1531.2  15809.2  -5.79916  1437.65  2679.34
188  128  2025-06-14 19-53-29  1532.8  15829.8  -5.96188  1438.27  2679.23
189  128  2025-06-14 19-53-29  1534.4  15850.4  -6.12571  1438.24  2679.28
190  128  2025-06-14 19-53-29  1536  15871  -6.29064  1438.21  2679.33
191  128  2025-06-14 19-53-29  1537.6  15891.6  -6.45668  1438.18  2679.38
192  128  2025-06-14 19-53-29  1539.2  15912.3  -6.6208  1438.79  2679.28
193  128  2025-06-14 19-53-29  1540.8  15933  -6.786  1438.76  2679.32
194  128  2025-06-14 19-53-29  1542.4  15953.7  -6.95226  1438.73  2679.37
195  128  2025-06-14 19-53-29  1544  15974.4  -7.11655  1439.33  2679.26
196  128  2025-06-14 19-53-29  1545.6  15995.1  -7.28188  1439.3  2679.31
197  128  2025-06-14 19-53-29  1547.2  16015.9  -7.44825  1439.27  2679.36
198  128  2025-06-14 19-53-29  1548.8  16036.6  -7.61567  1439.24  2679.41
199  128  2025-06-14 19-53-29  1550.4  16057.4  -7.78102  1439.83  2679.29
200  128  2025-06-14 19-53-29  1552  16078.1  -7.94739  1439.8  2679.34
201  128  2025-06-14 19-53-29  1553.6  16098.9  -8.11476  1439.77  2679.38
202  128  2025-06-14 19-53-29  1555.2  16119.7  -8.28315  1439.75  2679.43
203  128  2025-06-14 19-53-29  1556.8  16140.5  -8.44939  1440.33  2679.32
204  128  2025-06-14 19-53-29  1558.4  16161.4  -8.61661  1440.3  2679.36
205  128  2025-06-14 19-53-29  1560  16182.2  -8.78481  1440.27  2679.4
206  128  2025-06-14 19-53-29  1561.6  16203.1  -8.95081  1440.84  2679.29
207  128  2025-06-14 19-53-29  1563.2  16223.9  -9.11776  1440.81  2679.33
208  128  2025-06-14 19-53-29  1564.8  16244.8  -9.28565  1440.78  2679.37
209  128  2025-06-14 19-53-29  1566.4  16265.7  -9.45447  1440.75  2679.41
210  128  2025-06-14 19-53-29  1568  16286.6  -9.62104  1441.31  2679.3
211  128  2025-06-14 19-53-29  1569.6  16307.6  -9.78851  1441.29  2679.34
212  128  2025-06-14 19-53-29  1571.2  16328.5  -9.95689  1441.26  2679.38
213  128  2025-06-14 19-53-29  1572.8  16349.5  -10.123  1441.81  2679.26
214  128  2025-06-14 19-53-29  1574.4  16370.4  -10.2899  1441.78  2679.3
215  128  2025-06-14 19-53-29  1576  16391.4  -10.4577  1441.75  2679.33
216  128  2025-06-14 19-53-29  1577.6  16412.4  -10.6264  1441.72  2679.37
217  128  2025-06-14 19-53-29  1579.2  16433.4  -10.7927  1442.27  2679.25
218  128  2025-06-14 19-53-29  1580.8  16454.4  -10.9598  1442.24  2679.29
219  128  2025-06-14 19-53-29  1582.4  16475.5  -11.1278  1442.21  2679.33
220  128  2025-06-14 19-53-29  1584  16496.5  -11.2934  1442.75  2679.2
221  128  2025-06-14 19-53-29  1585.6  16517.6  -11.4597  1442.72  2679.24
222  128  2025-06-14 19-53-29  1587.2  16538.7  -11.6269  1442.69  2679.27
223  128  2025-06-14 19-53-29  1588.8  16559.7  -11.7948  1442.66  2679.31
224  128  2025-06-14 19-53-29  1590.4  16580.8  -11.9603  1443.19  2679.18
225  128  2025-06-14 19-53-29  1592  16602  -12.1638  1443.24  2680.83
226  128  2025-06-14 19-53-29  1593.6  16623.1  -12.3685  1443.22  2680.88
227  128  2025-06-14 19-53-29  1595.2  16644.2  -12.6116  1443.24  2682.55
228  128  2025-06-14 19-53-29  1596.8  16665.4  -12.8515  1443.76  2682.39
229  128  2025-06-14 19-53-29  1598.4  16686.6  -13.0556  1443.82  2680.84
230  128  2025-06-14 19-53-29  1600  16707.8  -13.2236  1443.88  2679.27
231  128  2025-06-14 19-53-29  1601.6  16729  -13.355  1443.93  2677.68
232  128  2025-06-14 19-53-29  1603.2  16750.1  -13.4494  1443.96  2676.08
233  128  2025-06-14 19-53-29  1604.8  16771.3  -13.5064  1443.99  2674.47
234  128  2025-06-14 19-53-29  1606.4  16792.6  -13.5617  1444.5  2674.38
235  128  2025-06-14 19-53-29  1608  16813.8  -13.5791  1444.5  2672.75
236  128  2025-06-14 19-53-29  1609.6  16835.1  -13.5959  1444.99  2672.72
237  128  2025-06-14 19-53-29  1611.2  16856.5  -13.6118  1445.48  2672.69
238  128  2025-06-14 19-53-29  1612.8  16877.9  -13.6271  1445.95  2672.65
239  128  2025-06-14 19-53-29  1614.4  16899.3  -13.6417  1446.42  2672.62
240  128  2025-06-14 19-53-29  1616  16920.8  -13.6555  1446.88  2672.59
241  128  2025-06-14 19-53-29  1617.6  16942.4  -13.6685  1447.33  2672.56
242  128  2025-06-14 19-53-29  1619.2  16963.9  -13.6809  1447.78  2672.52
243  128  2025-06-14 19-53-29  1620.8  16985.6  -13.6924  1448.21  2672.49
244  128  2025-06-14 19-53-29  1622.4  17007.2  -13.7033  1448.64  2672.46
245  128  2025-06-14 19-53-29  1624  17028.9  -13.7134  1449.06  2672.43
246  128  2025-06-14 19-53-29  1625.6  17050.7  -13.7227  1449.47  2672.39
247  128  2025-06-14 19-53-29  1627.2  17072.5  -13.7313  1449.88  2672.36
248  128  2025-06-14 19-53-29  1628.8  17094.3  -13.7391  1450.28  2672.33
249  128  2025-06-14 19-53-29  1630.4  17116.2  -13.7461  1450.67  2672.3
250  128  2025-06-14 19-53-29  1632  17138.1  -13.7524  1451.05  2672.26
251  128  2025-06-14 19-53-29  1633.6  17160  -13.7579  1451.43  2672.23
252  128  2025-06-14 19-53-29  1635.2  17182  -13.7627  1451.8  2672.2
253  128  2025-06-14 19-53-29  1636.8  17204  -13.7667  1452.16  2672.17
254  128  2025-06-14 19-53-29  1638.4  17226  -13.7699  1452.52  2672.13
255  128  2025-06-14 19-53-29  1640  17248.1  -13.7723  1452.87  2672.1
256  128  2025-06-14 19-53-29  1641.6  17270.3  -13.7739  1453.21  2672.07
257  128  2025-06-14 19-53-29  1643.2  17292.4  -13.7747  1453.55  2672.03
258  128  2025-06-14 19-53-29  1644.8  17314.6  -13.7748  1453.88  2672
259  128  2025-06-14 19-53-29  1646.4  17336.8  -13.7741  1454.21  2671.97
260  128  2025-06-14 19-53-29  1648  17359.1  -13.7725  1454.53  2671.94
261  128  2025-06-14 19-53-29  1649.6  17381.4  -13.7702  1454.84  2671.9
262  128  2025-06-14 19-53-29  1651.2  17403.7  -13.7671  1455.15  2671.87
263  128  2025-06-14 19-53-29  1652.8  17426  -13.7632  1455.45  2671.84
264  128  2025-06-14 19-53-29  1654.4  17448.4  -13.7585  1455.75  2671.81
265  128  2025-06-14 19-53-29  1656  17470.8  -13.7529  1456.04  2671.77
266  128  2025-06-14 19-53-29  1657.6  17493.2  -13.7466  1456.33  2671.74
267  128  2025-06-14 19-53-29  1659.2  17515.7  -13.7395  1456.61  2671.71
268  128  2025-06-14 19-53-29  1660.8  17538.2  -13.7316  1456.89  2671.68
269  128  2025-06-14 19-53-29  1662.4  17560.7  -13.7228  1457.16  2671.64
270  128  2025-06-14 19-53-29  1664  17583.2  -13.7132  1457.43  2671.61
271  128  2025-06-14 19-53-29  1665.6  17605.8  -13.7029  1457.69  2671.58
272  128  2025-06-14 19-53-29  1667.2  17628.4  -13.6917  1457.95  2671.55
273  128  2025-06-14 19-53-29  1668.8  17651  -13.6797  1458.2  2671.51
274  128  2025-06-14 19-53-29  1670.4  17673.7  -13.6668  1458.45  2671.48
275  128  2025-06-14 19-53-29  1672  17696.3  -13.6532  1458.69  2671.45
276  128  2025-06-14 19-53-29  1673.6  17719  -13.6387  1458.93  2671.42
277  128  2025-06-14 19-53-29  1675.2  17741.7  -13.6235  1459.17  2671.38
278  128  2025-06-14 19-53-29  1676.8  17764.5  -13.6073  1459.4  2671.35
279  128  2025-06-14 19-53-29  1678.4  17787.2  -13.5904  1459.62  2671.32
280  128  2025-06-14 19-53-29  1680  17810  -13.5726  1459.85  2671.29
281  128  2025-06-14 19-53-29  1681.6  17832.8  -13.554  1460.07  2671.25
282  128  2025-06-14 19-53-29  1683.2  17855.7  -13.5346  1460.28  2671.22
283  128  2025-06-14 19-53-29  1684.8  17878.5  -13.5144  1460.49  2671.19
284  128  2025-06-14 19-53-29  1686.4  17901.4  -13.4933  1460.7  2671.15
285  128  2025-06-14 19-53-29  1688  17924.3  -13.4714  1460.9  2671.12
286  128  2025-06-14 19-53-29  1689.6  17947.2  -13.4486  1461.1  2671.09
287  128  2025-06-14 19-53-29  1691.2  17970.1  -13.425  1461.3  2671.06
288  128  2025-06-14 19-53-29  1692.8  17993.1  -13.4006  1461.49  2671.02
289  128  2025-06-14 19-53-29  1694.4  18016  -13.3754  1461.68  2670.99
290  128  2025-06-14 19-53-29  1696  18039  -13.3493  1461.86  2670.96
291  128  2025-06-14 19-53-29  1697.6  18062  -13.3223  1462.05  2670.93
292  128  2025-06-14 19-53-29  1699.2  18085  -13.2946  1462.23  2670.89
293  128  2025-06-14 19-53-29  1700.8  18108.1  -13.266  1462.4  2670.86
294  128  2025-06-14 19-53-29  1702.4  18131.1  -13.2365  1462.57  2670.83
295  128  2025-06-14 19-53-29  1704  18154.2  -13.2062  1462.74  2670.8
296  128  2025-06-14 19-53-29  1705.6  18177.3  -13.1751  1462.91  2670.76
297  128  2025-06-14 19-53-29  1707.2  18200.4  -13.1431  1463.07  2670.73
298  128  2025-06-14 19-53-29  1708.8  18223.5  -13.1103  1463.23  2670.7
299  128  2025-06-14 19-53-29  1710.4  18246.7  -13.0766  1463.39  2670.67
300  128  2025-06-14 19-53-29  1712  18269.8  -13.0421  1463.55  2670.63
301  128  2025-06-14 19-53-29  1713.6  18293  -13.0067  1463.7  2670.6
302  128  2025-06-14 19-53-29  1715.2  18316.2  -12.9705  1463.85  2670.57
303  128  2025-06-14 19-53-29  1716.8  18339.4  -12.9334  1463.99  2670.54
304  128  2025-06-14 19-53-29  1718.4  18362.6  -12.8955  1464.14  2670.5
305  128  2025-06-14 19-53-29  1720  18385.8  -12.8568  1464.28  2670.47
306  128  2025-06-14 19-53-29  1721.6  18409.1  -12.8172  1464.42  2670.44
307  128  2025-06-14 19-53-29  1723.2  18432.3  -12.7767  1464.56  2670.41
308  128  2025-06-14 19-53-29  1724.8  18455.6  -12.7354  1464.69  2670.37
309  128  2025-06-14 19-53-29  1726.4  18478.9  -12.6933  1464.82  2670.34
310  128  2025-06-14 19-53-29  1728  18502.2  -12.6503  1464.95  2670.31
311  128  2025-06-14 19-53-29  1729.6  18525.5  -12.6064  1465.08  2670.27
312  128  2025-06-14 19-53-29  1731.2  18548.8  -12.5617  1465.2  2670.24
313  128  2025-06-14 19-53-29  1732.8  18572.1  -12.5161  1465.32  2670.21
314  128  2025-06-14 19-53-29  1734.4  18595.5  -12.4697  1465.44  2670.18
315  128  2025-06-14 19-53-29  1736  18618.8  -12.4224  1465.56  2670.14
316  128  2025-06-14 19-53-29  1737.6  18642.2  -12.3743  1465.68  2670.11
317  128  2025-06-14 19-53-29  1739.2  18665.6  -12.3253  1465.79  2670.08
318  128  2025-06-14 19-53-29  1740.8  18689  -12.2755  1465.9  2670.05
319  128  2025-06-14 19-53-29  1742.4  18712.4  -12.2248  1466.01  2670.01
320  128  2025-06-14 19-53-29  1744  18735.8  -12.1732  1466.12  2669.98
321  128  2025-06-14 19-53-29  1745.6  18759.2  -12.1208  1466.23  2669.95
322  128  2025-06-14 19-53-29  1747.2  18782.6  -12.0676  1466.33  2669.92
323  128  2025-06-14 19-53-29  1748.8  18806.1  -12.0135  1466.43  2669.88
324  128  2025-06-14 19-53-29  1750.4  18829.5  -11.9585  1466.53  2669.85
325  128  2025-06-14 19-53-29  1752  18853  -11.9027  1466.63  2669.82
326  128  2025-06-14 19-53-29  1753.6  18876.5  -11.846  1466.73  2669.79
327  128  2025-06-14 19-53-29  1755.2  18900  -11.7884  1466.82  2669.75
328  128  2025-06-14 19-53-29  1756.8  18923.4  -11.73  1466.91  2669.72
329  128  2025-06-14 19-53-29  1758.4  18946.9  -11.6708  1467.01  2669.69
330  128  2025-06-14 19-53-29  1760  18970.5  -11.6106  1467.1  2669.66
331  128  2025-06-14 19-53-29  1761.6  18994  -11.5497  1467.18  2669.62
332  128  2025-06-14 19-53-29  1763.2  19017.5  -11.4878  1467.27  2669.59
333  128  2025-06-14 19-53-29  1764.8  19041  -11.4251  1467.36  2669.56
334  128  2025-06-14 19-53-29  1766.4  19064.6  -11.3616  1467.44  2669.53
335  128  2025-06-14 19-53-29  1768  19088.1  -11.2971  1467.52  2669.49
336  128  2025-06-14 19-53-29  1769.6  19111.7  -11.2319  1467.6  2669.46
337  128  2025-06-14 19-53-29  1771.2  19135.3  -11.1657  1467.68  2669.43
338  128  2025-06-14 19-53-29  1772.8  19158.8  -11.0987  1467.76  2669.39
339  128  2025-06-14 19-53-29  1774.4  19182.4  -11.0309  1467.83  2669.36
340  128  2025-06-14 19-53-29  1776  19206  -10.9622  1467.91  2669.33
341  128  2025-06-14 19-53-29  1777.6  19229.6  -10.8926  1467.98  2669.3
342  128  2025-06-14 19-53-29  1779.2  19253.2  -10.8221  1468.06  2669.26
343  128  2025-06-14 19-53-29  1780.8  19276.8  -10.7509  1468.13  2669.23
344  128  2025-06-14 19-53-29  1782.4  19300.4  -10.6787  1468.2  2669.2
345  128  2025-06-14 19-53-29  1784  19324.1  -10.6057  1468.26  2669.17
346  128  2025-06-14 19-53-29  1785.6  19347.7  -10.5318  1468.33  2669.13
347  128  2025-06-14 19-53-29  1787.2  19371.3  -10.457  1468.4  2669.1
348  128  2025-06-14 19-53-29  1788.8  19395  -10.3814  1468.46  2669.07
349  128  2025-06-14 19-53-29  1790.4  19418.6  -10.305  1468.53  2669.04
350  128  2025-06-14 19-53-29  1792  19442.3  -10.2277  1468.59  2669
351  128  2025-06-14 19-53-29  1793.6  19466  -10.1495  1468.65  2668.97
352  128  2025-06-14 19-53-29  1795.2  19489.6  -10.0704  1468.71  2668.94
353  128  2025-06-14 19-53-29  1796.8  19513.3  -9.99051  1468.77  2668.91
354  128  2025-06-14 19-53-29  1798.4  19537  -9.90974  1468.83  2668.87
355  128  2025-06-14 19-53-29  1800  19560.7  -9.8281  1468.88  2668.84
356  128  2025-06-14 19-53-29  1801.6  19584.4  -9.74561  1468.94  2668.81
357  128  2025-06-14 19-53-29  1803.2  19608.1  -9.66225  1469  2668.78
358  128  2025-06-14 19-53-29  1804.8  19631.8  -9.57803  1469.05  2668.74
359  128  2025-06-14 19-53-29  1806.4  19655.5  -9.49295  1469.1  2668.71
360  128  2025-06-14 19-53-29  1808  19679.2  -9.40701  1469.15  2668.68
361  128  2025-06-14 19-53-29  1809.6  19702.9  -9.32021  1469.21  2668.65
362  128  2025-06-14 19-53-29  1811.2  19726.7  -9.23254  1469.26  2668.61
363  128  2025-06-14 19-53-29  1812.8  19750.4  -9.14401  1469.31  2668.58
364  128  2025-06-14 19-53-29  1814.4  19774.1  -9.05462  1469.35  2668.55
365  128  2025-06-14 19-53-29  1816  19797.9  -8.96437  1469.4  2668.51
366  128  2025-06-14 19-53-29  1817.6  19821.6  -8.87326  1469.45  2668.48
367  128  2025-06-14 19-53-29  1819.2  19845.4  -8.78128  1469.49  2668.45
368  128  2025-06-14 19-53-29  1820.8  19869.1  -8.68844  1469.54  2668.42
369  128  2025-06-14 19-53-29  1822.4  19892.9  -8.59474  1469.58  2668.38
370  128  2025-06-14 19-53-29  1824  19916.6  -8.50018  1469.63  2668.35
371  128  2025-06-14 19-53-29  1825.6  19940.4  -8.40476  1469.67  2668.32
372  128  2025-06-14 19-53-29  1827.2  19964.2  -8.30847  1469.71  2668.29
373  128  2025-06-14 19-53-29  1828.8  19987.9  -8.21132  1469.75  2668.25
374  128  2025-06-14 19-53-29  1830.4  20011.7  -8.11332  1469.79  2668.22
375  128  2025-06-14 19-53-29  1832  20035.5  -8.01444  1469.83  2668.19
376  128  2025-06-14 19-53-29  1833.6  20059.3  -7.91471  1469.87  2668.16
377  128  2025-06-14 19-53-29  1835.2  20083.1  -7.81411  1469.91  2668.12
378  128  2025-06-14 19-53-29  1836.8  20106.9  -7.71266  1469.95  2668.09
379  128  2025-06-14 19-53-29  1838.4  20130.7  -7.61034  1469.98  2668.06
380  128  2025-06-14 19-53-29  1840  20154.5  -7.50716  1470.02  2668.03
381  128  2025-06-14 19-53-29  1841.6  20178.3  -7.40312  1470.06  2667.99
382  128  2025-06-14 19-53-29  1843.2  20202.1  -7.29821  1470.09  2667.96
383  128  2025-06-14 19-53-29  1844.8  20225.9  -7.19244  1470.13  2667.93
384  128  2025-06-14 19-53-29  1846.4  20249.7  -7.08582  1470.16  2667.9
385  128  2025-06-14 19-53-29  1848  20273.5  -6.97833  1470.19  2667.86
386  128  2025-06-14 19-53-29  1849.6  20297.4  -6.86998  1470.23  2667.83
387  128  2025-06-14 19-53-29  1851.2  20321.2  -6.76076  1470.26  2667.8
388  128  2025-06-14 19-53-29  1852.8  20345  -6.65069  1470.29  2667.77
389  128  2025-06-14 19-53-29  1854.4  20368.8  -6.53975  1470.32  2667.73
390  128  2025-06-14 19-53-29  1856  20392.7  -6.42796  1470.35  2667.7
391  128  2025-06-14 19-53-29  1857.6  20416.5  -6.3153  1470.38  2667.67
392  128  2025-06-14 19-53-29  1859.2  20440.4  -6.20178  1470.41  2667.63
393  128  2025-06-14 19-53-29  1860.8  20464.2  -6.0874  1470.44  2667.6
394  128  2025-06-14 19-53-29  1862.4  20488  -5.97215  1470.47  2667.57
395  128  2025-06-14 19-53-29  1864  20511.9  -5.85605  1470.49  2667.54
396  128  2025-06-14 19-53-29  1865.6  20535.7  -5.73908  1470.52  2667.5
397  128  2025-06-14 19-53-29  1867.2  20559.6  -5.62126  1470.55  2667.47
398  128  2025-06-14 19-53-29  1868.8  20583.5  -5.50257  1470.57  2667.44
399  128  2025-06-14 19-53-29  1870.4  20607.3  -5.38302  1470.6  2667.41
400  128  2025-06-14 19-53-29  1872  20631.2  -5.26261  1470.62  2667.37
401  128  2025-06-14 19-53-29  1873.6  20655  -5.14134  1470.65  2667.34
402  128  2025-06-14 19-53-29  1875.2  20678.9  -5.01921  1470.67  2667.31
403  128  2025-06-14 19-53-29  1876.8  20702.8  -4.89622  1470.7  2667.28
404  128  2025-06-14 19-53-29  1878.4  20726.7  -4.77237  1470.72  2667.24
405  128  2025-06-14 19-53-29  1880  20750.5  -4.64765  1470.74  2667.21
406  128  2025-06-14 19-53-29  1881.6  20774.4  -4.52208  1470.77  2667.18
407  128  2025-06-14 19-53-29  1883.2  20798.3  -4.39564  1470.79  2667.15
408  128  2025-06-14 19-53-29  1884.8  20822.2  -4.26835  1470.81  2667.11
409  128  2025-06-14 19-53-29  1886.4  20846  -4.14019  1470.83  2667.08
410  128  2025-06-14 19-53-29  1888  20869.9  -4.01117  1470.85  2667.05
411  128  2025-06-14 19-53-29  1889.6  20893.8  -3.8813  1470.87  2667.02
412  128  2025-06-14 19-53-29  1891.2  20917.7  -3.75056  1470.89  2666.98
413  128  2025-06-14 19-53-29  1892.8  20941.6  -3.61896  1470.91  2666.95
414  128  2025-06-14 19-53-29  1894.4  20965.5  -3.48651  1470.93  2666.92
415  128  2025-06-14 19-53-29  1896  20989.4  -3.35319  1470.95  2666.89
416  128  2025-06-14 19-53-29  1897.6  21013.3  -3.21901  1470.97  2666.85
417  128  2025-06-14 19-53-29  1899.2  21037.2  -3.08397  1470.99  2666.82
418  128  2025-06-14 19-53-29  1900.8  21061.1  -2.94807  1471.01  2666.79
419  128  2025-06-14 19-53-29  1902.4  21085  -2.81131  1471.02  2666.75
420  128  2025-06-14 19-53-29  1904  21108.9  -2.6737  1471.04  2666.72
421  128  2025-06-14 19-53-29  1905.6  21132.8  -2.53522  1471.06  2666.69
422  128  2025-06-14 19-53-29  1907.2  21156.7  -2.39588  1471.08  2666.66
423  128  2025-06-14 19-53-29  1908.8  21180.6  -2.25568  1471.09  2666.62
424  128  2025-06-14 19-53-29  1910.4  21204.5  -2.11463  1471.11  2666.59
425  128  2025-06-14 19-53-29  1912  21228.4  -1.97271  1471.13  2666.56
426  128  2025-06-14 19-53-29  1913.6  21252.3  -1.82993  1471.14  2666.53
427  128  2025-06-14 19-53-29  1915.2  21276.3  -1.6863  1471.16  2666.49
428  128  2025-06-14 19-53-29  1916.8  21300.2  -1.5418  1471.17  2666.46
429  128  2025-06-14 19-53-29  1918.4  21324.1  -1.39645  1471.19  2666.43
430  128  2025-06-14 19-53-29  1920  21348  -1.25023  1471.2  2666.4
431  128  2025-06-14 19-53-29  1921.6  21371.9  -1.10316  1471.22  2666.36
432  128  2025-06-14 19-53-29  1923.2  21395.9  -0.955228  1471.23  2666.33
433  128  2025-06-14 19-53-29  1924.8  21419.8  -0.806437  1471.24  2666.3
434  128  2025-06-14 19-53-29  1926.4  21443.7  -0.656786  1471.26  2666.27
435  128  2025-06-14 19-53-29  1928  21467.6  -0.506277  1471.27  2666.23
436  128  2025-06-14 19-53-29  1929.6  21491.6  -0.354908  1471.28  2666.2
437  128  2025-06-14 19-53-29  1931.2  21515.5  -0.202681  1471.3  2666.17
438  128  2025-06-14 19-53-29  1932.8  21539.4  -0.0495948  1471.31  2666.14
439  128  2025-06-14 19-53-29  1934.4  21563.4  0.10435  1471.32  2666.1
440  128  2025-06-14 19-53-29  1936  21587.3  0.259154  1471.33  2666.07
441  128  2025-06-14 19-53-29  1937.6  21611.2  0.414816  1471.35  2666.04
442  128  2025-06-14 19-53-29  1939.2  21635.2  0.571337  1471.36  2666.01
443  128  2025-06-14 19-53-29  1940.8  21659.1  0.728717  1471.37  2665.97
444  128  2025-06-14 19-53-29  1942.4  21683  0.886955  1471.38  2665.94
445  128  2025-06-14 19-53-29  1944  21707  1.04605  1471.39  2665.91
446  128  2025-06-14 19-53-29  1945.6  21730.9  1.20601  1471.4  2665.87
447  128  2025-06-14 19-53-29  1947.2  21754.8  1.36682  1471.41  2665.84
448  128  2025-06-14 19-53-29  1948.8  21778.8  1.52849  1471.42  2665.81
449  128  2025-06-14 19-53-29  1950.4  21802.7  1.69102  1471.43  2665.78
450  128  2025-06-14 19-53-29  1952  21826.7  1.85441  1471.44  2665.74
451  128  2025-06-14 19-53-29  1953.6  21850.6  2.01866  1471.45  2665.71
452  128  2025-06-14 19-53-29  1955.2  21874.6  2.18376  1471.46  2665.68
453  128  2025-06-14 19-53-29  1956.8  21898.5  2.34972  1471.47  2665.65
454  128  2025-06-14 19-53-29  1958.4  21922.5  2.51654  1471.48  2665.61
455  128  2025-06-14 19-53-29  1960  21946.4  2.68422  1471.49  2665.58
456  128  2025-06-14 19-53-29  1961.6  21970.4  2.85276  1471.5  2665.55
457  128  2025-06-14 19-53-29  1963.2  21994.3  3.02215  1471.51  2665.52
458  128  2025-06-14 19-53-29  1964.8  22018.3  3.1924  1471.52  2665.48
459  128  2025-06-14 19-53-29  1966.4  22042.2  3.36351  1471.53  2665.45
460  128  2025-06-14 19-53-29  1968  22066.2  3.53548  1471.54  2665.42
461  128  2025-06-14 19-53-29  1969.6  22090.1  3.7083  1471.55  2665.39
462  128  2025-06-14 19-53-29  1971.2  22114.1  3.88199  1471.55  2665.35
463  128  2025-06-14 19-53-29  1972.8  22138  4.05653  1471.56  2665.32
464  128  2025-06-14 19-53-29  1974.4  22162  4.23192  1471.57  2665.29
465  128  2025-06-14 19-53-29  1976  22185.9  4.40818  1471.58  2665.26
466  128  2025-06-14 19-53-29  1977.6  22209.9  4.58529  1471.58  2665.22
467  128  2025-06-14 19-53-29  1979.2  22233.9  4.76326  1471.59  2665.19
468  128  2025-06-14 19-53-29  1980.8  22257.8  4.94209  1471.6  2665.16
469  128  2025-06-14 19-53-29  1982.4  22281.8  5.12177  1471.61  2665.13
470  128  2025-06-14 19-53-29  1984  22305.7  5.30231  1471.61  2665.09
471  128  2025-06-14 19-53-29  1985.6  22329.7  5.48371  1471.62  2665.06
472  128  2025-06-14 19-53-29  1987.2  22353.7  5.66597  1471.63  2665.03
473  128  2025-06-14 19-53-29  1988.8  22377.6  5.84908  1471.63  2664.99
474  128  2025-06-14 19-53-29  1990.4  22401.6  6.03305  1471.64  2664.96
475  128  2025-06-14 19-53-29  1992  22425.6  6.21787  1471.65  2664.93
476  128  2025-06-14 19-53-29  1993.6  22449.5  6.40356  1471.65  2664.9
477  128  2025-06-14 19-53-29  1995.2  22473.5  6.5901  1471.66  2664.86
478  128  2025-06-14 19-53-29  1996.8  22497.4  6.77749  1471.67  2664.83
479  128  2025-06-14 19-53-29  1998.4  22521.4  6.96575  1471.67  2664.8
480  128  2025-06-14 19-53-29  2000  22545.4  7.15486  1471.68  2664.77
481  128  2025-06-14 19-53-29  2001.6  22569.4  7.34483  1471.68  2664.73
482  128  2025-06-14 19-53-29  2003.2  22593.3  7.53565  1471.69  2664.7
483  128  2025-06-14 19-53-29  2004.8  22617.3  7.72733  1471.69  2664.67
484  128  2025-06-14 19-53-29  2006.4  22641.3  7.91987  1471.7  2664.64
485  128  2025-06-14 19-53-29  2008  22665.2  8.11326  1471.71  2664.6
486  128  2025-06-14 19-53-29  2009.6  22689.2  8.30751  1471.71  2664.57
487  128  2025-06-14 19-53-29  2011.2  22713.2  8.50262  1471.72  2664.54
488  128  2025-06-14 19-53-29  2012.8  22737.1  8.69858  1471.72  2664.51
489  128  2025-06-14 19-53-29  2014.4  22761.1  8.8954  1471.73  2664.47
490  128  2025-06-14 19-53-29  2016  22785.1  9.09307  1471.73  2664.44
491  128  2025-06-14 19-53-29  2017.6  22809.1  9.29161  1471.74  2664.41
492  128  2025-06-14 19-53-29  2019.2  22833  9.49099  1471.74  2664.38
493  128  2025-06-14 19-53-29  2020.8  22857  9.69124  1471.75  2664.34
494  128  2025-06-14 19-53-29  2022.4  22881  9.89234  1471.75  2664.31
495  128  2025-06-14 19-53-29  2024  22905  10.0943  1471.75  2664.28
496  128  2025-06-14 19-53-29  2025.6  22928.9  10.2971  1471.76  2664.25
497  128  2025-06-14 19-53-29  2027.2  22952.9  10.5008  1471.76  2664.21
498  128  2025-06-14 19-53-29  2028.8  22976.9  10.7053  1471.77  2664.18
499  128  2025-06-14 19-53-29  2030.4  23000.9  10.9107  1471.77  2664.15
500  128  2025-06-14 19-53-29  2032  23024.8  11.1169  1471.78  2664.11
501  128  2025-06-14 19-53-29  2033.6  23048.8  11.324  1471.78  2664.08
502  128  2025-06-14 19-53-29  2035.2  23072.8  11.532  1471.78  2664.05
503  128  2025-06-14 19-53-29  2036.8  23096.8  11.7408  1471.79  2664.02
504  128  2025-06-14 19-53-29  2038.4  23120.7  11.9504  1471.79  2663.98
505  128  2025-06-14 19-53-29  2040  23144.7  12.1609  1471.8  2663.95
506  128  2025-06-14 19-53-29  2041.6  23168.7  12.3723  1471.8  2663.92
507  128  2025-06-14 19-53-29  2043.2  23192.7  12.5845  1471.8  2663.89
508  128  2025-06-14 19-53-29  2044.8  23216.7  12.7976  1471.81  2663.85
509  128  2025-06-14 19-53-29  2046.4  23240.6  13.0116  1471.81  2663.82
510  128  2025-06-14 19-53-29  2048  23264.6  13.2263  1471.79  2663.79
511  128  2025-06-14 19-53-29  2049.6  23288.6  13.4419  1471.76  2663.76
512  128  2025-06-14 19-53-29  2051.2  23312.6  13.6583  1471.7  2663.72
513  128  2025-06-14 19-53-29  2052.8  23336.5  13.8755  1471.63  2663.69
514  128  2025-06-14 19-53-29  2054.4  23360.5  14.0935  1471.53  2663.66
515  128  2025-06-14 19-53-29  2056  23384.4  14.3122  1471.42  2663.63
516  128  2025-06-14 19-53-29  2057.6  23408.3  14.5316  1471.29  2663.59
517  128  2025-06-14 19-53-29  2059.2  23432.3  14.7517  1471.14  2663.56
518  128  2025-06-14 19-53-29  2060.8  23456.2  14.9726  1470.98  2663.53
519  128  2025-06-14 19-53-29  2062.4  23480  15.1941  1470.79  2663.5
520  128  2025-06-14 19-53-29  2064  23503.9  15.4163  1470.59  2663.46
521  128  2025-06-14 19-53-29  2065.6  23527.7  15.6391  1470.38  2663.43
522  128  2025-06-14 19-53-29  2067.2  23551.5  15.8626  1470.15  2663.4
523  128  2025-06-14 19-53-29  2068.8  23575.3  128.087  1469.9  2663.37
524  128  2025-06-14 19-53-29  2070.4  23599.1  128.311  1469.64  2663.33
525  128  2025-06-14 19-53-29  2072  23622.8  128.537  1469.36  2663.3
526  128  2025-06-14 19-53-29  2073.6  23646.5  128.762  1469.07  2663.27
527  128  2025-06-14 19-53-29  2075.2  23670.2  128.989  1468.76  2663.23
528  128  2025-06-14 19-53-29  2076.8  23693.8  129.216  1468.44  2663.2
529  128  2025-06-14 19-53-29  2078.4  23717.5  129.443  1468.11  2663.17
530  128  2025-06-14 19-53-29  2080  23741  129.671  1467.76  2663.14
531  128  2025-06-14 19-53-29  2081.6  23764.6  129.899  1467.4  2663.1
532  128  2025-06-14 19-53-29  2083.2  23788.1  130.128  1467.02  2663.07
533  128  2025-06-14 19-53-29  2084.8  23811.5  130.358  1466.64  2663.04
534  128  2025-06-14 19-53-29  2086.4  23835  130.587  1466.24  2663.01
535  128  2025-06-14 19-53-29  2088  23858.3  130.818  1465.83  2662.97
536  128  2025-06-14 19-53-29  2089.6  23881.7  131.048  1465.41  2662.94
537  128  2025-06-14 19-53-29  2091.2  23905  131.279  1464.97  2662.91
538  128  2025-06-14 19-53-29  2092.8  23928.2  131.511  1464.53  2662.88
539  128  2025-06-14 19-53-29  2094.4  23951.4  131.743  1464.07  2662.84
540  128  2025-06-14 19-53-29  2096  23974.6  131.975  1463.61  2662.81
541  128  2025-06-14 19-53-29  2097.6  23997.7  132.207  1463.13  2662.78
542  128  2025-06-14 19-53-29  2099.2  24020.8  132.44  1462.64  2662.75
543  128  2025-06-14 19-53-29  2100.8  24043.8  132.673  1462.15  2662.71
544  128  2025-06-14 19-53-29  2102.4  24066.7  132.907  1461.64  2662.68
545  128  2025-06-14 19-53-29  2104  24089.7  133.14  1461.13  2662.65
546  128  2025-06-14 19-53-29  2105.6  24112.5  133.374  1460.6  2662.62
547  128  2025-06-14 19-53-29  2107.2  24135.3  133.609  1460.07  2662.58
548  128  2025-06-14 19-53-29  2108.8  24158.1  133.843  1459.53  2662.55
549  128  2025-06-14 19-53-29  2110.4  24180.8  134.078  1458.98  2662.52
550  128  2025-06-14 19-53-29  2112  24203.4  134.313  1458.42  2662.49
551  128  2025-06-14 19-53-29  2113.6  24226  134.548  1457.86  2662.45
552  128  2025-06-14 19-53-29  2115.2  24248.5  134.784  1457.29  2662.42
553  128  2025-06-14 19-53-29  2116.8  24271  135.019  1456.71  2662.39
554  128  2025-06-14 19-53-29  2118.4  24293.4  135.255  1456.12  2662.35
555  128  2025-06-14 19-53-29  2120  24315.8  135.491  1455.53  2662.32
556  128  2025-06-14 19-53-29  2121.6  24338  135.727  1454.93  2662.29
557  128  2025-06-14 19-53-29  2123.2  24360.3  135.963  1454.32  2662.26
558  128  2025-06-14 19-53-29  2124.8  24382.4  136.2  1453.71  2662.22
559  128  2025-06-14 19-53-29  2126.4  24404.6  136.436  1453.09  2662.19
560  128  2025-06-14 19-53-29  2128  24426.6  136.673  1452.47  2662.16
561  128  2025-06-14 19-53-29  2129.6  24448.6  136.91  1451.84  2662.13
562  128  2025-06-14 19-53-29  2131.2  24470.5  137.147  1451.21  2662.09
563  128  2025-06-14 19-53-29  2132.8  24492.4  137.384  1450.57  2662.06
564  128  2025-06-14 19-53-29  2134.4  24514.2  137.621  1449.92  2662.03
565  128  2025-06-14 19-53-29  2136  24535.9  137.858  1449.28  2662
566  128  2025-06-14 19-53-29  2137.6  24557.5  138.095  1448.62  2661.96
567  128  2025-06-14 19-53-29  2139.2  24579.1  138.332  1447.97  2661.93
568  128  2025-06-14 19-53-29  2140.8  24600.7  138.569  1447.3  2661.9
569  128  2025-06-14 19-53-29  2142.4  24622.1  138.807  1446.64  2661.87
570  128  2025-06-14 19-53-29  2144  24643.5  139.044  1445.97  2661.83
571  128  2025-06-14 19-53-29  2145.6  24664.9  139.281  1445.3  2661.8
572  128  2025-06-14 19-53-29  2147.2  24686.1  139.518  1444.62  2661.77
573  128  2025-06-14 19-53-29  2148.8  24707.3  139.756  1443.95  2661.74
574  128  2025-06-14 19-53-29  2150.4  24728.4  139.993  1443.26  2661.7
575  128  2025-06-14 19-53-29  2152  24749.5  140.23  1442.58  2661.67
576  128  2025-06-14 19-53-29  2153.6  24770.5  140.468  1441.89  2661.64
577  128  2025-06-14 19-53-29  2155.2  24791.4  140.705  1441.2  2661.61
578  128  2025-06-14 19-53-29  2156.8  24812.2  140.942  1440.51  2661.57
579  128  2025-06-14 19-53-29  2158.4  24833  141.179  1439.82  2661.54
580  128  2025-06-14 19-53-29  2160  24853.7  141.416  1439.12  2661.51
581  128  2025-06-14 19-53-29  2161.6  24874.4  141.653  1438.43  2661.47
582  128  2025-06-14 19-53-29  2163.2  24894.9  141.89  1437.73  2661.44
583  128  2025-06-14 19-53-29  2164.8  24915.5  142.127  1437.03  2661.41
584  128  2025-06-14 19-53-29  2166.4  24935.9  142.364  1436.33  2661.38
585  128  2025-06-14 19-53-29  2168  24956.2  142.6  1435.63  2661.34
586  128  2025-06-14 19-53-29  2169.6  24976.5  142.837  1434.92  2661.31
587  128  2025-06-14 19-53-29  2171.2  24996.8  143.073  1434.22  2661.28
588  128  2025-06-14 19-53-29  2172.8  25016.9  143.31  1433.51  2661.25
589  128  2025-06-14 19-53-29  2174.4  25037  143.546  1432.81  2661.21
590  128  2025-06-14 19-53-29  2176  25057  143.782  1432.1  2661.18
591  128  2025-06-14 19-53-29  2177.6  25076.9  144.018  1431.4  2661.15
592  128  2025-06-14 19-53-29  2179.2  25096.8  144.254  1430.69  2661.12
593  128  2025-06-14 19-53-29  2180.8  25116.6  144.49  1429.98  2661.08
594  128  2025-06-14 19-53-29  2182.4  25136.3  144.725  1429.28  2661.05
595  128  2025-06-14 19-53-29  2184  25156  144.961  1428.57  2661.02
596  128  2025-06-14 19-53-29  2185.6  25175.6  145.196  1427.87  2660.99
597  128  2025-06-14 19-53-29  2187.2  25195.1  145.431  1427.16  2660.95
598  128  2025-06-14 19-53-29  2188.8  25214.5  145.666  1426.46  2660.92
599  128  2025-06-14 19-53-29  2190.4  25233.9  145.901  1425.75  2660.89
600  128  2025-06-14 19-53-29  2192  25253.2  146.136  1425.05  2660.86
601  128  2025-06-14 19-53-29  2193.6  25272.4  146.37  1424.35  2660.82
602  128  2025-06-14 19-53-29  2195.2  25291.6  146.605  1423.65  2660.79
603  128  2025-06-14 19-53-29  2196.8  25310.7  146.839  1422.95  2660.76
604  128  2025-06-14 19-53-29  2198.4  25329.7  147.073  1422.25  2660.73
605  128  2025-06-14 19-53-29  2200  25348.7  147.307  1421.55  2660.69
606  128  2025-06-14 19-53-29  2201.6  25367.6  147.54  1420.86  2660.66
607  128  2025-06-14 19-53-29  2203.2  25386.4  147.774  1420.16  2660.63
608  128  2025-06-14 19-53-29  2204.8  25405.1  148.007  1419.47  2660.59
609  128  2025-06-14 19-53-29  2206.4  25423.8  148.24  1418.78  2660.56
610  128  2025-06-14 19-53-29  2208  25442.4  148.473  1418.09  2660.53
611  128  2025-06-14 19-53-29  2209.6  25460.9  148.705  1417.4  2660.5
612  128  2025-06-14 19-53-29  2211.2  25479.4  148.938  1416.72  2660.46
613  128  2025-06-14 19-53-29  2212.8  25497.8  149.17  1416.04  2660.43
614  128  2025-06-14 19-53-29  2214.4  25516.1  149.402  1415.36  2660.4
615  128  2025-06-14 19-53-29  2216  25534.4  149.634  1414.68  2660.37
616  128  2025-06-14 19-53-29  2217.6  25552.6  149.866  1414  2660.33
617  128  2025-06-14 19-53-29  2219.2  25570.7  150.097  1413.33  2660.3
618  128  2025-06-14 19-53-29  2220.8  25588.8  150.328  1412.66  2660.27
619  128  2025-06-14 19-53-29  2222.4  25606.8  150.559  1411.99  2660.24
620  128  2025-06-14 19-53-29  2224  25624.7  150.79  1411.32  2660.2
621  128  2025-06-14 19-53-29  2225.6  25642.6  151.02  1410.66  2660.17
622  128  2025-06-14 19-53-29  2227.2  25660.4  151.251  1410  2660.14
623  128  2025-06-14 19-53-29  2228.8  25678.1  151.481  1409.34  2660.11
624  128  2025-06-14 19-53-29  2230.4  25695.8  151.711  1408.69  2660.07
625  128  2025-06-14 19-53-29  2232  25713.4  151.94  1408.04  2660.04
626  128  2025-06-14 19-53-29  2233.6  25730.9  152.17  1407.39  2660.01
627  128  2025-06-14 19-53-29  2235.2  25748.4  152.399  1406.74  2659.98
628  128  2025-06-14 19-53-29  2236.8  25765.8  152.628  1406.1  2659.94
629  128  2025-06-14 19-53-29  2238.4  25783.2  152.857  1405.46  2659.91
630  128  2025-06-14 19-53-29  2240  25800.4  153.085  1404.83  2659.88
631  128  2025-06-14 19-53-29  2241.6  25817.7  153.313  1404.2  2659.85
632  128  2025-06-14 19-53-29  2243.2  25834.8  153.541  1403.57  2659.81
633  128  2025-06-14 19-53-29  2244.8  25851.9  153.769  1402.94  2659.78
634  128  2025-06-14 19-53-29  2246.4  25868.9  153.997  1402.32  2659.75
635  128  2025-06-14 19-53-29  2248  25885.9  154.224  1401.7  2659.71
636  128  2025-06-14 19-53-29  2249.6  25902.8  154.452  1401.09  2659.68
637  128  2025-06-14 19-53-29  2251.2  25919.7  154.679  1400.48  2659.65
638  128  2025-06-14 19-53-29  2252.8  25936.4  154.905  1399.87  2659.62
639  128  2025-06-14 19-53-29  2254.4  25953.2  155.132  1399.27  2659.58
640  128  2025-06-14 19-53-29  2256  25969.8  155.358  1398.67  2659.55
641  128  2025-06-14 19-53-29  2257.6  25986.4  155.584  1398.07  2659.52
642  128  2025-06-14 19-53-29  2259.2  26003  155.81  1397.48  2659.49
643  128  2025-06-14 19-53-29  2260.8  26019.5  156.036  1396.89  2659.45
644  128  2025-06-14 19-53-29  2262.4  26035.9  156.261  1396.31  2659.42
645  128  2025-06-14 19-53-29  2264  26052.3  156.486  1395.73  2659.39
646  128  2025-06-14 19-53-29  2265.6  26068.6  156.711  1395.15  2659.36
647  128  2025-06-14 19-53-29  2267.2  26084.8  156.936  1394.58  2659.32
648  128  2025-06-14 19-53-29  2268.8  26101  157.161  1394.01  2659.29
649  128  2025-06-14 19-53-29  2270.4  26117.2  157.385  1393.45  2659.26
650  128  2025-06-14 19-53-29  2272  26133.3  157.609  1392.89  2659.23
651  128  2025-06-14 19-53-29  2273.6  26149.3  157.833  1392.33  2659.19
652  128  2025-06-14 19-53-29  2275.2  26165.3  158.057  271.781  2659.16
653  128  2025-06-14 19-53-29  2276.8  26181.2  158.281  271.234  2659.13
654  128  2025-06-14 19-53-29  2278.4  26197.1  158.504  270.691  2659.1
655  128  2025-06-14 19-53-29  2280  26212.9  158.727  270.153  2659.06
656  128  2025-06-14 19-53-29  2281.6  26228.6  158.95  269.618  2659.03
657  128  2025-06-14 19-53-29  2283.2  26244.4  159.173  269.088  2659
658  128  2025-06-14 19-53-29  2284.8  26260  159.396  268.562  2658.97
659  128  2025-06-14 19-53-29  2286.4  26275.6  159.618  268.041  2658.93
660  128  2025-06-14 19-53-29  2288  26291.2  159.84  267.524  2658.9
661  128  2025-06-14 19-53-29  2289.6  26306.7  160.062  267.011  2658.87
662  128  2025-06-14 19-53-29  2291.2  26322.1  160.284  266.502  2658.83
663  128  2025-06-14 19-53-29  2292.8  26337.5  160.506  265.998  2658.8
664  128  2025-06-14 19-53-29  2294.4  26352.9  160.727  265.498  2658.77
665  128  2025-06-14 19-53-29  2296  26368.2  160.949  265.003  2658.74
666  128  2025-06-14 19-53-29  2297.6  26383.4  161.17  264.512  2658.7
667  128  2025-06-14 19-53-29  2299.2  26398.6  161.391  264.026  2658.67
668  128  2025-06-14 19-53-29  2300.8  26413.8  161.612  263.544  2658.64
669  128  2025-06-14 19-53-29  2302.4  26428.9  161.833  263.066  2658.61
670  128  2025-06-14 19-53-29  2304  26443.9  162.053  262.593  2658.57
671  128  2025-06-14 19-53-29  2305.6  26458.9  162.273  262.124  2658.54
672  128  2025-06-14 19-53-29  2307.2  26473.9  162.494  261.66  2658.51
673  128  2025-06-14 19-53-29  2308.8  26488.8  162.714  261.2  2658.48
674  128  2025-06-14 19-53-29  2310.4  26503.7  162.934  260.745  2658.44
675  128  2025-06-14 19-53-29  2312  26518.5  163.154  260.294  2658.41
676  128  2025-06-14 19-53-29  2313.6  26533.3  163.373  259.847  2658.38
677  128  2025-06-14 19-53-29  2315.2  26548  163.593  259.405  2658.35
678  128  2025-06-14 19-53-29  2316.8  26562.7  163.812  258.968  2658.31
679  128  2025-06-14 19-53-29  2318.4  26577.4  164.031  258.535  2658.28
680  128  2025-06-14 19-53-29  2320  26592  164.251  258.106  2658.25
681  128  2025-06-14 19-53-29  2321.6  26606.6  164.47  257.682  2658.22
682  128  2025-06-14 19-53-29  2323.2  26621.1  164.689  257.262  2658.18
683  128  2025-06-14 19-53-29  2324.8  26635.6  164.907  256.847  2658.15
684  128  2025-06-14 19-53-29  2326.4  26650  165.126  256.436  2658.12
685  128  2025-06-14 19-53-29  2328  26664.4  165.345  256.03  2658.09
686  128  2025-06-14 19-53-29  2329.6  26678.8  165.563  255.628  2658.05
687  128  2025-06-14 19-53-29  2331.2  26693.1  165.782  255.23  2658.02
688  128  2025-06-14 19-53-29  2332.8  26707.4  166  254.837  2657.99
689  128  2025-06-14 19-53-29  2334.4  26721.6  166.218  254.449  2657.95
690  128  2025-06-14 19-53-29  2336  26735.8  166.436  254.064  2657.92
691  128  2025-06-14 19-53-29  2337.6  26750  166.654  253.684  2657.89
692  128  2025-06-14 19-53-29  2339.2  26764.1  166.872  253.309  2657.86
693  128  2025-06-14 19-53-29  2340.8  26778.2  167.09  252.937  2657.82
694  128  2025-06-14 19-53-29  2342.4  26792.3  167.308  252.571  2657.79
695  128  2025-06-14 19-53-29  2344  26806.3  167.526  252.208  2657.76
696  128  2025-06-14 19-53-29  2345.6  26820.3  167.744  251.85  2657.73
697  128  2025-06-14 19-53-29  2347.2  26834.2  167.961  251.496  2657.69
698  128  2025-06-14 19-53-29  2348.8  26848.1  168.179  251.146  2657.66
699  128  2025-06-14 19-53-29  2350.4  26862  168.397  250.801  2657.63
700  128  2025-06-14 19-53-29  2352  26875.9  168.614  250.46  2657.6
701  128  2025-06-14 19-53-29  2353.6  26889.7  168.832  250.123  2657.56
702  128  2025-06-14 19-53-29  2355.2  26903.4  169.049  249.791  2657.53
703  128  2025-06-14 19-53-29  2356.8  26917.2  169.267  249.462  2657.5
704  128  2025-06-14 19-53-29  2358.4  26930.9  169.484  249.138  2657.47
705  128  2025-06-14 19-53-29  2360  26944.6  169.701  248.818  2657.43
706  128  2025-06-14 19-53-29  2361.6  26958.2  169.919  248.502  2657.4
707  128  2025-06-14 19-53-29  2363.2  26971.8  170.136  248.191  2657.37
708  128  2025-06-14 19-53-29  2364.8  26985.4  170.354  247.883  2657.34
709  128  2025-06-14 19-53-29  2366.4  26999  170.571  247.58  2657.3
710  128  2025-06-14 19-53-29  2368  27012.5  170.788  247.281  2657.27
711  128  2025-06-14 19-53-29  2369.6  27026  171.006  246.985  2657.24
712  128  2025-06-14 19-53-29  2371.2  27039.5  171.223  246.694  2657.21
713  128  2025-06-14 19-53-29  2372.8  27052.9  171.44  246.407  2657.17
714  128  2025-06-14 19-53-29  2374.4  27066.3  171.658  246.124  2657.14
715  128  2025-06-14 19-53-29  2376  27079.7  171.875  245.845  2657.11
716  128  2025-06-14 19-53-29  2377.6  27093.1  172.093  245.57  2657.07
717  128  2025-06-14 19-53-29  2379.2  27106.4  172.31  245.299  2657.04
718  128  2025-06-14 19-53-29  2380.8  27119.7  172.528  245.031  2657.01
719  128  2025-06-14 19-53-29  2382.4  27133  172.745  244.768  2656.98
720  128  2025-06-14 19-53-29  2384  27146.2  172.963  244.508  2656.94
721  128  2025-06-14 19-53-29  2385.6  27159.4  173.18  244.253  2656.91
722  128  2025-06-14 19-53-29  2387.2  27172.6  173.398  244.001  2656.88
723  128  2025-06-14 19-53-29  2388.8  27185.8  173.616  243.753  2656.85
724  128  2025-06-14 19-53-29  2390.4  27199  173.834  243.509  2656.81
725  128  2025-06-14 19-53-29  2392  27212.1  174.052  243.268  2656.78
726  128  2025-06-14 19-53-29  2393.6  27225.2  174.27  243.032  2656.75
727  128  2025-06-14 19-53-29  2395.2  27238.3  174.488  242.799  2656.72
728  128  2025-06-14 19-53-29  2396.8  27251.3  174.706  242.569  2656.68
729  128  2025-06-14 19-53-29  2398.4  27264.4  174.924  242.344  2656.65
730  128  2025-06-14 19-53-29  2400  27277.4  175.142  242.122  2656.62
731  128  2025-06-14 19-53-29  2401.6  27290.4  175.361  241.903  2656.59
732  128  2025-06-14 19-53-29  2403.2  27303.3  175.579  241.689  2656.55
733  128  2025-06-14 19-53-29  2404.8  27316.3  175.798  241.477  2656.52
734  128  2025-06-14 19-53-29  2406.4  27329.2  176.017  241.27  2656.49
735  128  2025-06-14 19-53-29  2408  27342.1  176.235  241.065  2656.46
736  128  2025-06-14 19-53-29  2409.6  27355  176.454  240.865  2656.42
737  128  2025-06-14 19-53-29  2411.2  27367.8  176.674  240.667  2656.39
738  128  2025-06-14 19-53-29  2412.8  27380.7  176.893  240.474  2656.36
739  128  2025-06-14 19-53-29  2414.4  27393.5  177.112  240.283  2656.33
740  128  2025-06-14 19-53-29  2416  27406.3  177.332  240.096  2656.29
741  128  2025-06-14 19-53-29  2417.6  27419.1  177.551  239.912  2656.26
742  128  2025-06-14 19-53-29  2419.2  27431.9  177.771  239.732  2656.23
743  128  2025-06-14 19-53-29  2420.8  27444.6  177.991  239.555  2656.19
744  128  2025-06-14 19-53-29  2422.4  27457.4  178.211  239.381  2656.16
745  128  2025-06-14 19-53-29  2424  27470.1  178.431  239.21  2656.13
746  128  2025-06-14 19-53-29  2425.6  27483  178.693  241.239  2653.44
747  128  2025-06-14 19-53-29  2427.2  27496.1  178.996  243.231  2650.79
748  128  2025-06-14 19-53-29  2428.8  27509.5  179.342  245.188  2648.17
749  128  2025-06-14 19-53-29  2430.4  27523  179.732  247.109  2645.58
750  128  2025-06-14 19-53-29  2432  27536.7  179.963  248.995  2656.51
751  128  2025-06-14 19-53-29  2433.6  27550.5  180.362  250.848  2645.68
752  128  2025-06-14 19-53-29  2435.2  27564.6  180.93  252.667  2634.93
753  128  2025-06-14 19-53-29  2436.8  27578.8  181.672  254.454  2624.27
754  128  2025-06-14 19-53-29  2438.4  27593.2  182.588  256.208  2613.7
755  128  2025-06-14 19-53-29  2440  27607.8  183.682  257.931  2603.22
756  128  2025-06-14 19-53-29  2441.6  27622.5  184.955  259.623  2592.83
757  128  2025-06-14 19-53-29  2443.2  27637.3  186.41  261.285  2582.53
758  128  2025-06-14 19-53-29  2444.8  27652.3  188.048  262.917  2572.32
759  128  2025-06-14 19-53-29  2446.4  27667.5  189.87  264.519  2562.2
760  128  2025-06-14 19-53-29  2448  27682.7  191.879  266.092  2552.17
761  128  2025-06-14 19-53-29  2449.6  27698.2  193.955  267.637  2549.33
762  128  2025-06-14 19-53-29  2451.2  27713.7  196.22  269.155  2539.42
763  128  2025-06-14 19-53-29  2452.8  27729.4  198.555  270.645  2536.57
764  128  2025-06-14 19-53-29  2454.4  27745.2  201.081  1392.11  2526.78
765  128  2025-06-14 19-53-29  2456  27761.2  203.679  1393.55  2523.92
766  128  2025-06-14 19-53-29  2457.6  27777.2  206.469  1394.96  2514.25
767  128  2025-06-14 19-53-29  2459.2  27793.4  209.334  1396.34  2511.39
768  128  2025-06-14 19-53-29  2460.8  27809.7  212.392  1397.7  2501.85
769  128  2025-06-14 19-53-29  2462.4  27826.1  215.5  1399.03  2500.44
770  128  2025-06-14 19-53-29  2464  27842.6  218.801  1400.34  2491.01
771  128  2025-06-14 19-53-29  2465.6  27859.2  222.298  1401.63  2481.69
772  128  2025-06-14 19-53-29  2467.2  27875.9  225.873  1402.89  2478.8
773  128  2025-06-14 19-53-29  2468.8  27892.7  229.642  1404.14  2469.61
774  128  2025-06-14 19-53-29  2470.4  27909.6  233.492  1405.36  2466.71
775  128  2025-06-14 19-53-29  2472  27926.6  237.421  1406.56  2463.85
776  128  2025-06-14 19-53-29  2473.6  27943.7  241.546  1407.73  2454.84
777  128  2025-06-14 19-53-29  2475.2  27960.9  245.75  1408.89  2451.97
778  128  2025-06-14 19-53-29  2476.8  27978.2  250.036  1410.02  2449.14
779  128  2025-06-14 19-53-29  2478.4  27995.5  254.515  1411.14  2440.31
780  128  2025-06-14 19-53-29  2480  28013  259.076  1412.23  2437.47
781  128  2025-06-14 19-53-29  2481.6  28030.5  263.718  1413.31  2434.67
782  128  2025-06-14 19-53-29  2483.2  28048.1  268.552  1414.36  2426.02
783  128  2025-06-14 19-53-29  2484.8  28065.7  1393.47  1415.4  2423.22
784  128  2025-06-14 19-53-29  2486.4  28083.5  1398.47  1416.42  2420.44
785  128  2025-06-14 19-53-29  2488  28101.3  1403.65  1417.42  2411.99
786  128  2025-06-14 19-53-29  2489.6  28119.2  1408.92  1418.4  2409.22
787  128  2025-06-14 19-53-29  2491.2  28137.1  1414.28  1419.36  2406.47
788  128  2025-06-14 19-53-29  2492.8  28155.1  1419.71  1420.31  2403.76
789  128  2025-06-14 19-53-29  2494.4  28173.3  1425.21  1421.24  2401.72
790  128  2025-06-14 19-53-29  2496  28191.4  1430.89  1422.15  2393.55
791  128  2025-06-14 19-53-29  2497.6  28209.6  1436.66  1423.05  2390.87
792  128  2025-06-14 19-53-29  2499.2  28227.9  1442.51  1423.93  2388.21
793  128  2025-06-14 19-53-29  2500.8  28246.2  1448.43  1424.79  2385.59
794  128  2025-06-14 19-53-29  2502.4  28264.6  1454.55  1425.64  2377.67
795  128  2025-06-14 19-53-29  2504  28283.1  1460.74  1426.48  2375.05
796  128  2025-06-14 19-53-29  2505.6  28301.5  1467  1427.3  2372.45
797  128  2025-06-14 19-53-29  2507.2  28320.1  1473.35  1428.1  2369.89
798  128  2025-06-14 19-53-29  2508.8  28338.7  1479.77  1428.89  2367.35
799  128  2025-06-14 19-53-29  2510.4  28357.4  1486.27  1429.67  2364.83
800  128  2025-06-14 19-53-29  2512  28376.1  1492.85  1430.43  2362.35
801  128  2025-06-14 19-53-29  2513.6  28394.9  1499.5  1431.17  2359.89
802  128  2025-06-14 19-53-29  2515.2  28413.7  1506.23  1431.91  2357.45
803  128  2025-06-14 19-53-29  2516.8  140433  1513.03  1432.63  2355.04
804  128  2025-06-14 19-53-29  2518.4  140452  1519.9  1433.34  2352.66
805  128  2025-06-14 19-53-29  2520  140470  1526.84  1434.03  2350.31
806  128  2025-06-14 19-53-29  2521.6  140489  1533.86  1434.72  2347.98
807  128  2025-06-14 19-53-29  2523.2  140509  1540.95  1435.39  2345.67
808  128  2025-06-14 19-53-29  2524.8  140528  1548.11  1436.05  2343.39
809  128  2025-06-14 19-53-29  2526.4  140547  1555.33  1436.69  2341.13
810  128  2025-06-14 19-53-29  2528  140566  1562.63  1437.33  2338.9
811  128  2025-06-14 19-53-29  2529.6  140585  1570  1437.95  2336.7
812  128  2025-06-14 19-53-29  2531.2  140605  1577.43  1438.56  2334.52
813  128  2025-06-14 19-53-29  2532.8  140624  1584.93  1439.16  2332.36
814  128  2025-06-14 19-53-29  2534.4  140643  1592.5  1439.75  2330.22
815  128  2025-06-14 19-53-29  2536  140663  1600.13  1440.33  2328.11
816  128  2025-06-14 19-53-29  2537.6  140682  1607.83  1440.9  2326.03
817  128  2025-06-14 19-53-29  2539.2  140701  1615.59  1441.46  2323.96
818  128  2025-06-14 19-53-29  2540.8  140721  1623.42  1442.01  2321.92
819  128  2025-06-14 19-53-29  2542.4  140740  1631.31  1442.55  2319.91
820  128  2025-06-14 19-53-29  2544  140760  1639.26  1443.08  2317.91
821  128  2025-06-14 19-53-29  2545.6  140780  1647.27  1443.6  2315.94
822  128  2025-06-14 19-53-29  2547.2  140799  1655.35  1444.11  2313.99
823  128  2025-06-14 19-53-29  2548.8  140819  1663.48  1444.61  2312.06
824  128  2025-06-14 19-53-29  2550.4  140839  1671.68  1445.11  2310.14
825  128  2025-06-14 19-53-29  2552  140858  1679.93  1445.59  2308.22
826  128  2025-06-14 19-53-29  2553.6  140878  1688.25  1446.07  2306.3
827  128  2025-06-14 19-53-29  2555.2  140898  1696.62  1446.53  2304.38
828  128  2025-06-14 19-53-29  2556.8  140917  1705.06  1446.99  2302.47
829  128  2025-06-14 19-53-29  2558.4  140937  1713.55  1447.44  2300.56
830  128  2025-06-14 19-53-29  2560  140957  1722.1  1447.88  2298.65
831  128  2025-06-14 19-53-29  2561.6  140977  1730.71  1448.32  2296.74
832  128  2025-06-14 19-53-29  2563.2  140997  1739.38  1448.74  2294.84
833  128  2025-06-14 19-53-29  2564.8  141017  1748.1  1449.16  2292.94
834  128  2025-06-14 19-53-29  2566.4  141037  1756.89  1449.57  2291.04
835  128  2025-06-14 19-53-29  2568  141057  1765.73  1449.97  2289.14
836  128  2025-06-14 19-53-29  2569.6  141076  1774.63  1450.37  2287.25
837  128  2025-06-14 19-53-29  2571.2  141096  1783.58  1450.76  2285.36
838  128  2025-06-14 19-53-29  2572.8  141116  1792.59  1451.14  2283.47
839  128  2025-06-14 19-53-29  2574.4  141136  1801.66  1451.52  2281.59
840  128  2025-06-14 19-53-29  2576  141156  1810.79  1451.89  2279.71
841  128  2025-06-14 19-53-29  2577.6  141176  1819.97  1452.25  2277.83
842  128  2025-06-14 19-53-29  2579.2  141196  1829.2  1452.6  2275.95
843  128  2025-06-14 19-53-29  2580.8  141216  1838.5  1452.95  2274.07
844  128  2025-06-14 19-53-29  2582.4  141237  1847.84  1453.29  2272.2
845  128  2025-06-14 19-53-29  2584  141257  1857.25  1453.63  2270.33
846  128  2025-06-14 19-53-29  2585.6  141277  1866.71  1453.96  2268.47
847  128  2025-06-14 19-53-29  2587.2  141297  1876.22  1454.28  2266.6
848  128  2025-06-14 19-53-29  2588.8  141317  1885.79  1454.6  2264.74
849  128  2025-06-14 19-53-29  2590.4  141337  1895.41  1454.92  2262.88
850  128  2025-06-14 19-53-29  2592  141357  1905.08  1455.22  2261.03
851  128  2025-06-14 19-53-29  2593.6  141377  1914.81  1455.53  2259.17
852  128  2025-06-14 19-53-29  2595.2  141397  1924.59  1455.82  2257.32
853  128  2025-06-14 19-53-29  2596.8  141417  1934.43  1456.11  2255.47
854  128  2025-06-14 19-53-29  2598.4  141438  1944.32  1456.4  2253.63
855  128  2025-06-14 19-53-29  2600  141458  1954.26  1456.68  2251.78
856  128  2025-06-14 19-53-29  2601.6  141478  1964.26  1456.95  2249.94
857  128  2025-06-14 19-53-29  2603.2  141498  1974.3  1457.23  2248.11
858  128  2025-06-14 19-53-29  2604.8  141518  1984.4  1457.49  2246.27
859  128  2025-06-14 19-53-29  2606.4  141538  1994.55  1457.75  2244.44
860  128  2025-06-14 19-53-29  2608  141559  2004.76  1458.01  2242.61
861  128  2025-06-14 19-53-29  2609.6  141579  2015.01  1458.26  2240.78
862  128  2025-06-14 19-53-29  2611.2  141599  2025.32  1458.51  2238.96
863  128  2025-06-14 19-53-29  2612.8  141619  2035.68  1458.75  2237.14
864  128  2025-06-14 19-53-29  2614.4  141639  2046.08  1458.99  2235.32
865  128  2025-06-14 19-53-29  2616  141659  2056.54  1459.22  2233.5
866  128  2025-06-14 19-53-29  2617.6  141680  2067.05  1459.45  2231.68
867  128  2025-06-14 19-53-29  2619.2  141700  2077.61  1459.68  2229.87
868  128  2025-06-14 19-53-29  2620.8  141720  2088.22  1459.9  2228.06
869  128  2025-06-14 19-53-29  2622.4  141740  2098.88  1460.12  2226.26
870  128  2025-06-14 19-53-29  2624  141760  2109.59  1460.33  2224.45
871  128  2025-06-14 19-53-29  2625.6  141780  2120.35  1460.54  2222.65
872  128  2025-06-14 19-53-29  2627.2  141801  2131.16  1460.75  2220.86
873  128  2025-06-14 19-53-29  2628.8  141821  2142.02  1460.95  2219.06
874  128  2025-06-14 19-53-29  2630.4  141841  2152.92  1461.15  2217.27
875  128  2025-06-14 19-53-29  2632  141861  2163.88  1461.34  2215.48
876  128  2025-06-14 19-53-29  2633.6  141881  2174.88  1461.53  2213.69
877  128  2025-06-14 19-53-29  2635.2  141901  2185.93  1461.72  2211.9
878  128  2025-06-14 19-53-29  2636.8  141921  2197.03  1461.91  2210.12
879  128  2025-06-14 19-53-29  2638.4  141942  2208.18  1462.09  2208.34
880  128  2025-06-14 19-53-29  2640  141962  2219.37  1462.27  2206.56
881  128  2025-06-14 19-53-29  2641.6  141982  2230.62  1462.44  2204.79
882  128  2025-06-14 19-53-29  2643.2  142002  2241.91  1462.61  2203.02
883  128  2025-06-14 19-53-29  2644.8  142022  2253.24  1462.78  2201.25
884  128  2025-06-14 19-53-29  2646.4  142042  2264.63  1462.95  2199.48
885  128  2025-06-14 19-53-29  2648  142062  2276.06  1463.11  2197.72
886  128  2025-06-14 19-53-29  2649.6  142082  2287.53  1463.27  2195.96
887  128  2025-06-14 19-53-29  2651.2  142102  2299.06  1463.43  2194.2
888  128  2025-06-14 19-53-29  2652.8  142122  2310.63  1463.58  2192.44
889  128  2025-06-14 19-53-29  2654.4  142143  2322.24  1463.73  2190.69
890  128  2025-06-14 19-53-29  2656  142163  2333.9  1463.88  2188.94
891  128  2025-06-14 19-53-29  2657.6  142183  2345.61  1464.03  2187.19
892  128  2025-06-14 19-53-29  2659.2  142203  2357.36  1464.17  2185.44
893  128  2025-06-14 19-53-29  2660.8  142223  2369.16  1464.31  2183.7
894  128  2025-06-14 19-53-29  2662.4  142243  2381  1464.45  2181.96
895  128  2025-06-14 19-53-29  2664  142263  2392.89  1464.59  2180.22
896  128  2025-06-14 19-53-29  2665.6  142283  2404.82  1464.72  2178.48
897  128  2025-06-14 19-53-29  2667.2  142303  2416.8  1464.85  2176.75
898  128  2025-06-14 19-53-29  2668.8  142323  2428.82  1464.98  2175.02
899  128  2025-06-14 19-53-29  2670.4  142342  2440.88  1465.11  2173.29
900  128  2025-06-14 19-53-29  2672  142362  2452.99  1465.23  2171.57
901  128  2025-06-14 19-53-29  2673.6  142382  2465.14  1465.35  2169.85
902  128  2025-06-14 19-53-29  2675.2  142402  2477.34  1465.47  2168.13
903  128  2025-06-14 19-53-29  2676.8  142422  2489.58  1465.59  2166.41
904  128  2025-06-14 19-53-29  2678.4  142442  2501.86  1465.7  2164.7
905  128  2025-06-14 19-53-29  2680  142462  2514.19  1465.82  2162.99
906  128  2025-06-14 19-53-29  2681.6  142482  2526.56  1465.93  2161.28
907  128  2025-06-14 19-53-29  2683.2  142502  2538.97  1466.04  2159.57
908  128  2025-06-14 19-53-29  2684.8  142521  2551.42  1466.15  2157.87
909  128  2025-06-14 19-53-29  2686.4  142541  2563.92  1466.25  2156.17
910  128  2025-06-14 19-53-29  2688  142561  2576.46  1466.35  2154.47
911  128  2025-06-14 19-53-29  2689.6  142581  2589.04  1466.46  2152.77
912  128  2025-06-14 19-53-29  2691.2  142601  2601.66  1466.56  2151.08
913  128  2025-06-14 19-53-29  2692.8  142620  2614.33  1466.65  2149.39
914  128  2025-06-14 19-53-29  2694.4  142640  2627.03  1466.75  2147.7
915  128  2025-06-14 19-53-29  2696  142660  2639.78  1466.84  2146.01
916  128  2025-06-14 19-53-29  2697.6  142679  2652.57  1466.94  2144.33
917  128  2025-06-14 19-53-29  2699.2  142699  2665.4  1467.03  2142.65
918  128  2025-06-14 19-53-29  2700.8  142719  2678.27  1467.12  2140.97
919  128  2025-06-14 19-53-29  2702.4  142739  2691.18  1467.2  2139.3
920  128  2025-06-14 19-53-29  2704  142758  2704.13  1467.29  2137.63
921  128  2025-06-14 19-53-29  2705.6  142778  2717.12  1467.38  2135.96
922  128  2025-06-14 19-53-29  2707.2  142797  2730.15  1467.46  2134.29
923  128  2025-06-14 19-53-29  2708.8  142817  2743.23  1467.54  2132.63
924  128  2025-06-14 19-53-29  2710.4  142837  2756.34  1467.62  2130.97
925  128  2025-06-14 19-53-29  2712  142856  2769.49  1467.7  2129.31
926  128  2025-06-14 19-53-29  2713.6  142876  2782.68  1467.78  2127.65
927  128  2025-06-14 19-53-29  2715.2  142895  2795.91  1467.85  2126
928  128  2025-06-14 19-53-29  2716.8  142915  2809.19  1467.93  2124.35
929  128  2025-06-14 19-53-29  2718.4  142934  2822.5  1468  2122.7
930  128  2025-06-14 19-53-29  2720  142954  14035.8  1468.07  2121.05
931  128  2025-06-14 19-53-29  2721.6  142973  14049.2  1468.14  2119.41
932  128  2025-06-14 19-53-29  2723.2  142993  14062.7  1468.21  2117.77
933  128  2025-06-14 19-53-29  2724.8  143012  14076.1  1468.28  2116.13
934  128  2025-06-14 19-53-29  2726.4  143031  14089.6  1468.35  2114.49
935  128  2025-06-14 19-53-29  2728  143051  14103.2  1468.41  2112.86
936  128  2025-06-14 19-53-29  2729.6  143070  14116.7  1468.48  2111.23
937  128  2025-06-14 19-53-29  2731.2  143089  14130.4  1468.54  2109.6
938  128  2025-06-14 19-53-29  2732.8  143109  14144  1468.6  2107.98
939  128  2025-06-14 19-53-29  2734.4  143128  14157.7  1468.66  2106.36
940  128  2025-06-14 19-53-29  2736  143147  14171.4  1468.72  2104.74
941  128  2025-06-14 19-53-29  2737.6  143167  14185.2  1468.78  2103.12
942  128  2025-06-14 19-53-29  2739.2  143186  14199  1468.84  2101.51
943  128  2025-06-14 19-53-29  2740.8  143205  14212.9  1468.9  2099.89
944  128  2025-06-14 19-53-29  2742.4  143224  14226.7  1468.95  2098.29
945  128  2025-06-14 19-53-29  2744  143243  14240.7  1469.01  2096.68
946  128  2025-06-14 19-53-29  2745.6  143263  14254.6  1469.06  2095.08
947  128  2025-06-14 19-53-29  2747.2  143282  14268.6  1469.12  2093.47
948  128  2025-06-14 19-53-29  2748.8  143301  14282.6  1469.17  2091.88
949  128  2025-06-14 19-53-29  2750.4  143320  14296.7  1469.22  2090.28
950  128  2025-06-14 19-53-29  2752  143339  14310.8  1469.27  2088.69
951  128  2025-06-14 19-53-29  2753.6  143358  14324.9  1469.32  2087.1
952  128  2025-06-14 19-53-29  2755.2  143377  14339.1  1469.37  2085.51
953  128  2025-06-14 19-53-29  2756.8  143396  14353.3  1469.41  2083.92
954  128  2025-06-14 19-53-29  2758.4  143415  14367.5  1469.46  2082.34
955  128  2025-06-14 19-53-29  2760  143434  14381.8  1469.51  2080.76
956  128  2025-06-14 19-53-29  2761.6  143453  14396.1  1469.55  2079.18
957  128  2025-06-14 19-53-29  2763.2  143472  14410.5  1469.59  2077.61
958  128  2025-06-14 19-53-29  2764.8  143491  14424.9  1469.64  2076.04
959  128  2025-06-14 19-53-29  2766.4  143510  14439.3  1469.68  2074.47
960  128  2025-06-14 19-53-29  2768  143529  14453.7  1469.72  2072.9
961  128  2025-06-14 19-53-29  2769.6  143548  14468.2  1469.76  2071.33
962  128  2025-06-14 19-53-29  2771.2  143566  14482.8  1469.8  2069.77
963  128  2025-06-14 19-53-29  2772.8  143585  14497.3  1469.84  2068.21
964  128  2025-06-14 19-53-29  2774.4  143604  14511.9  1469.88  2066.66
965  128  2025-06-14 19-53-29  2776  143623  14526.5  1469.92  2065.1
966  128  2025-06-14 19-53-29  2777.6  143642  14541.2  1469.96  2063.55
967  128  2025-06-14 19-53-29  2779.2  143660  14555.9  1469.99  2062
968  128  2025-06-14 19-53-29  2780.8  143679  14570.6  1470.03  2060.46
969  128  2025-06-14 19-53-29  2782.4  143698  14585.4  1470.06  2058.91
970  128  2025-06-14 19-53-29  2784  143716  14600.2  1470.1  2057.37
971  128  2025-06-14 19-53-29  2785.6  143735  14615  1470.13  2055.84
972  128  2025-06-14 19-53-29  2787.2  143754  14629.8  1470.17  2054.3
973  128  2025-06-14 19-53-29  2788.8  143772  14644.7  1470.2  2052.77
974  128  2025-06-14 19-53-29  2790.4  143791  14659.7  1470.23  2051.24
975  128  2025-06-14 19-53-29  2792  143809  14674.6  1470.26  2049.71
976  128  2025-06-14 19-53-29  2793.6  143828  14689.6  1470.3  2048.18
977  128  2025-06-14 19-53-29  2795.2  143846  14704.6  1470.33  2046.66
978  128  2025-06-14 19-53-29  2796.8  143865  14719.7  1470.36  2045.14
979  128  2025-06-14 19-53-29  2798.4  143883  14734.8  1470.39  2043.63
980  128  2025-06-14 19-53-29  2800  143902  14749.9  1470.42  2042.11
981  128  2025-06-14 19-53-29  2801.6  143920  14765.1  1470.44  2040.6
982  128  2025-06-14 19-53-29  2803.2  143938  14780.3  1470.47  2039.09
983  128  2025-06-14 19-53-29  2804.8  143957  14795.5  1470.5  2037.58
984  128  2025-06-14 19-53-29  2806.4  143975  14810.7  1470.53  2036.08
985  128  2025-06-14 19-53-29  2808  143993  14826  1470.55  2034.58
986  128  2025-06-14 19-53-29  2809.6  144012  14841.3  1470.58  2033.08
987  128  2025-06-14 19-53-29  2811.2  144030  14856.7  1470.6  2031.58
988  128  2025-06-14 19-53-29  2812.8  144048  14872  1470.63  2030.09
989  128  2025-06-14 19-53-29  2814.4  144067  14887.5  1470.65  2028.6
990  128  2025-06-14 19-53-29  2816  144085  14902.9  1470.68  2027.11
991  128  2025-06-14 19-53-29  2817.6  144103  14918.4  1470.7  2025.63
992  128  2025-06-14 19-53-29  2819.2  144121  14933.9  1470.73  2024.14
993  128  2025-06-14 19-53-29  2820.8  144139  14949.4  1470.75  2022.66
994  128  2025-06-14 19-53-29  2822.4  144157  14965  1470.77  2021.19
995  128  2025-06-14 19-53-29  2824  144175  14980.6  1470.79  2019.71
996  128  2025-06-14 19-53-29  2825.6  144193  14996.2  1470.81  2018.24
997  128  2025-06-14 19-53-29  2827.2  144211  15011.8  1470.84  2016.77
998  128  2025-06-14 19-53-29  2828.8  144229  15027.5  1470.86  2015.3
999  128  2025-06-14 19-53-29  2830.4  144247  15043.2  1470.88  2013.84
1000  128  2025-06-14 19-53-29  14032  144265  15059  1470.9  2012.38
1001  128  2025-06-14 19-53-29  14033.6  144283  15074.7  1470.92  2010.92
1002  128  2025-06-14 19-53-29  14035.2  144301  15090.6  1470.94  2009.46
1003  128  2025-06-14 19-53-29  14036.8  144319  15106.4  1470.96  2008.01
1004  128  2025-06-14 19-53-29  14038.4  144337  15122.2  1470.97  2006.55
1005  128  2025-06-14 19-53-29  14040  144355  15137.8  1470.99  2022.55
1006  128  2025-06-14 19-53-29  14041.6  144374  15153  1471.01  2038.55
1007  128  2025-06-14 19-53-29  14043.2  144392  15167.9  1471.03  2054.55
1008  128  2025-06-14 19-53-29  14044.8  144411  15182.5  1471.05  2070.55
1009  128  2025-06-14 19-53-29  14046.4  144430  15196.8  1471.06  2086.55
1010  128  2025-06-14 19-53-29  14048  144450  15210.7  1471.07  2102.55
1011  128  2025-06-14 19-53-29  14049.6  144470  15224.3  1471.07  2118.55
1012  128  2025-06-14 19-53-29  14051.2  144490  15237.5  1471.07  2134.55
1013  128  2025-06-14 19-53-29  14052.8  144510  15250.4  1471.06  2150.55
1014  128  2025-06-14 19-53-29  14054.4  144530  15262.9  1471.03  2166.55
1015  128  2025-06-14 19-53-29  14056  144551  15275  1471  2182.55
1016  128  2025-06-14 19-53-29  14057.6  144571  15286.8  1470.96  2198.55
1017  128  2025-06-14 19-53-29  14059.2  144592  15298.3  1470.91  2214.55
