SN    USVID    CurTime    simTime    CurX    CurY    CurVel      CurYaw   
0  144  2025-06-14 19-53-29  0  2440  14512  192  2672
1  144  2025-06-14 19-53-29  1.6  2448.01  14512  192.086  2673.62
2  144  2025-06-14 19-53-29  3.2  2456.03  14512  192.173  2675.25
3  144  2025-06-14 19-53-29  4.8  2464.05  14511.9  192.259  2676.9
4  144  2025-06-14 19-53-29  6.4  2472.09  14511.9  192.345  2678.56
5  144  2025-06-14 19-53-29  8  2480.13  14511.8  192.432  2680.24
6  144  2025-06-14 19-53-29  9.6  2488.18  14511.7  192.518  2681.94
7  144  2025-06-14 19-53-29  11.2  2496.24  14511.6  192.604  2683.65
8  144  2025-06-14 19-53-29  12.8  2504.31  14511.5  192.691  2685.38
9  144  2025-06-14 19-53-29  14.4  2512.38  14511.3  192.777  2687.12
10  144  2025-06-14 19-53-29  128  2520.47  14511.2  192.863  2688.88
11  144  2025-06-14 19-53-29  129.6  2528.56  14511  192.95  2690.66
12  144  2025-06-14 19-53-29  131.2  2536.66  14510.8  193.036  2692.45
13  144  2025-06-14 19-53-29  132.8  2544.77  14510.7  193.122  2694.26
14  144  2025-06-14 19-53-29  134.4  2552.89  14510.4  193.209  2696.08
15  144  2025-06-14 19-53-29  136  2561.02  14510.2  193.295  2697.92
16  144  2025-06-14 19-53-29  137.6  2569.15  14510  193.381  2699.78
17  144  2025-06-14 19-53-29  139.2  2577.3  14509.7  193.468  2701.65
18  144  2025-06-14 19-53-29  140.8  2585.45  14509.4  193.554  2703.54
19  144  2025-06-14 19-53-29  142.4  2593.6  14509.1  193.64  2705.44
20  144  2025-06-14 19-53-29  144  2601.77  14508.8  193.727  2707.36
21  144  2025-06-14 19-53-29  145.6  2609.95  14508.5  193.813  2710.91
22  144  2025-06-14 19-53-29  147.2  2618.13  14508.1  193.899  2714.5
23  144  2025-06-14 19-53-29  148.8  2626.31  14507.7  193.986  2718.11
24  144  2025-06-14 19-53-29  150.4  2634.51  14507.2  194.072  2721.76
25  144  2025-06-14 19-53-29  152  2642.71  14506.7  194.158  2725.44
26  144  2025-06-14 19-53-29  153.6  2650.92  14506.2  194.245  2729.15
27  144  2025-06-14 19-53-29  155.2  2659.14  14505.7  194.331  2732.9
28  144  2025-06-14 19-53-29  156.8  2667.36  14505.1  194.417  2736.67
29  144  2025-06-14 19-53-29  158.4  2675.58  14504.5  194.504  2740.48
30  144  2025-06-14 19-53-29  160  2683.82  14503.8  194.59  2744.32
31  144  2025-06-14 19-53-29  161.6  2692.06  14503.2  194.676  2748.19
32  144  2025-06-14 19-53-29  163.2  2700.3  14502.4  194.763  2752.1
33  144  2025-06-14 19-53-29  164.8  2708.55  14501.7  194.849  2756.03
34  144  2025-06-14 19-53-29  166.4  2716.81  14500.9  194.935  2760
35  144  2025-06-14 19-53-29  168  2725.07  14500  195.022  2764
36  144  2025-06-14 19-53-29  169.6  2733.33  14499.2  195.108  2768.03
37  144  2025-06-14 19-53-29  171.2  2741.6  14498.3  195.194  2772.1
38  144  2025-06-14 19-53-29  172.8  2749.88  14497.3  195.281  2776.19
39  144  2025-06-14 19-53-29  174.4  2758.15  14496.3  195.367  2780.32
40  144  2025-06-14 19-53-29  176  2766.44  14495.3  195.453  2784.48
41  144  2025-06-14 19-53-29  177.6  2774.72  14494.3  195.54  2788.67
42  144  2025-06-14 19-53-29  179.2  2783.01  14493.2  195.626  2792.9
43  144  2025-06-14 19-53-29  180.8  2791.31  14492  195.712  2797.15
44  144  2025-06-14 19-53-29  182.4  2799.6  14490.8  195.799  2801.44
45  144  2025-06-14 19-53-29  184  2808.17  14489.6  198.608  2807.47
46  144  2025-06-14 19-53-29  185.6  2816.74  14488.2  198.695  2811.84
47  144  2025-06-14 19-53-29  187.2  2825.31  14486.9  198.781  2816.24
48  144  2025-06-14 19-53-29  188.8  14033.9  14485.5  198.867  2820.68
49  144  2025-06-14 19-53-29  190.4  14042.5  14484  198.954  2825.14
50  144  2025-06-14 19-53-29  192  14051.3  14482.5  201.706  2830.85
51  144  2025-06-14 19-53-29  193.6  14060.1  14480.9  201.793  14035.4
52  144  2025-06-14 19-53-29  195.2  14069  14479.3  201.879  14040
53  144  2025-06-14 19-53-29  196.8  14077.8  14477.6  201.965  14044.6
54  144  2025-06-14 19-53-29  198.4  14086.6  14475.9  202.052  14049.2
55  144  2025-06-14 19-53-29  200  14095.7  14474  204.749  14054.6
56  144  2025-06-14 19-53-29  201.6  14104.8  14472.1  204.835  14059.3
57  144  2025-06-14 19-53-29  203.2  14113.9  14470.2  204.921  14064
58  144  2025-06-14 19-53-29  204.8  14123  14468.2  205.008  14068.8
59  144  2025-06-14 19-53-29  206.4  14132.3  14466.1  207.651  14073.9
60  144  2025-06-14 19-53-29  208  14141.7  14464  207.594  14075.5
61  144  2025-06-14 19-53-29  209.6  14151  14461.9  207.565  14077.1
62  144  2025-06-14 19-53-29  211.2  14160.3  14459.8  207.536  14078.7
63  144  2025-06-14 19-53-29  212.8  14169.6  14457.6  207.508  14080.3
64  144  2025-06-14 19-53-29  214.4  14179.1  14455.4  210.106  14085.2
65  144  2025-06-14 19-53-29  216  14188.7  14453.1  210.078  14086.9
66  144  2025-06-14 19-53-29  217.6  14198.2  14450.8  210.049  14088.5
67  144  2025-06-14 19-53-29  219.2  14207.7  14448.5  210.02  14090.1
68  144  2025-06-14 19-53-29  220.8  14217.5  14446.1  212.574  14094.8
69  144  2025-06-14 19-53-29  222.4  14227.3  14443.6  212.545  14096.5
70  144  2025-06-14 19-53-29  224  14237  14441.2  212.516  14098.2
71  144  2025-06-14 19-53-29  225.6  14246.7  14438.7  212.487  14099.8
72  144  2025-06-14 19-53-29  227.2  14256.7  14436.1  214.997  14104.4
73  144  2025-06-14 19-53-29  228.8  14266.7  14433.5  214.968  14106.1
74  144  2025-06-14 19-53-29  230.4  14276.6  14430.9  214.939  14107.8
75  144  2025-06-14 19-53-29  232  14286.8  14428.2  217.404  14112.1
76  144  2025-06-14 19-53-29  233.6  14297  14425.4  217.376  14113.8
77  144  2025-06-14 19-53-29  235.2  14307.2  14422.6  217.347  14115.6
78  144  2025-06-14 19-53-29  236.8  14317.3  14419.9  217.318  14117.3
79  144  2025-06-14 19-53-29  238.4  14327.7  14417  219.74  14121.5
80  144  2025-06-14 19-53-29  240  14338.1  14414  219.712  14123.2
81  144  2025-06-14 19-53-29  241.6  14348.4  14411.1  219.683  14125
82  144  2025-06-14 19-53-29  243.2  14359  14408.1  222.063  14129
83  144  2025-06-14 19-53-29  244.8  14369.6  14405  222.034  14130.8
84  144  2025-06-14 19-53-29  246.4  14380.1  14401.9  222.005  14132.6
85  144  2025-06-14 19-53-29  248  14390.9  14398.7  224.343  14136.5
86  144  2025-06-14 19-53-29  249.6  14401.6  14395.5  224.315  14138.3
87  144  2025-06-14 19-53-29  251.2  14412.4  14392.3  224.286  14140
88  144  2025-06-14 19-53-29  252.8  14423.4  14388.9  226.583  14143.8
89  144  2025-06-14 19-53-29  254.4  14434.3  14385.6  226.554  14145.6
90  144  2025-06-14 19-53-29  256  14445.2  14382.2  226.525  14147.4
91  144  2025-06-14 19-53-29  257.6  14456.4  14378.7  228.782  14151
92  144  2025-06-14 19-53-29  259.2  14467.5  14375.1  228.753  14152.9
93  144  2025-06-14 19-53-29  260.8  14478.6  14371.6  228.725  14154.7
94  144  2025-06-14 19-53-29  262.4  14490  14367.9  230.942  14158.1
95  144  2025-06-14 19-53-29  264  14501.3  14364.3  230.913  14160
96  144  2025-06-14 19-53-29  265.6  14512.6  14360.6  230.884  14161.8
97  144  2025-06-14 19-53-29  267.2  14524.1  14356.8  233.063  14165.2
98  144  2025-06-14 19-53-29  268.8  14535.5  14352.9  233.034  14167
99  144  2025-06-14 19-53-29  270.4  14547.2  14349  235.174  14170.2
100  144  2025-06-14 19-53-29  1392  14558.9  14345  235.145  14172.1
101  144  2025-06-14 19-53-29  1393.6  14570.7  14341  237.247  14175.2
102  144  2025-06-14 19-53-29  1395.2  14582.6  14336.9  237.218  14177.1
103  144  2025-06-14 19-53-29  1396.8  14594.6  14332.7  239.282  14180.1
104  144  2025-06-14 19-53-29  1398.4  14606.6  14328.5  239.254  14182
105  144  2025-06-14 19-53-29  1400  14618.8  14324.1  241.281  14184.9
106  144  2025-06-14 19-53-29  1401.6  14630.9  14319.8  241.253  14186.9
107  144  2025-06-14 19-53-29  1403.2  14643.3  14315.3  243.245  14189.7
108  144  2025-06-14 19-53-29  1404.8  14655.6  14310.8  243.216  14191.6
109  144  2025-06-14 19-53-29  1406.4  14668.1  14306.3  245.172  14194.3
110  144  2025-06-14 19-53-29  1408  14680.6  14301.6  245.144  14196.2
111  144  2025-06-14 19-53-29  1409.6  14693.3  14296.9  247.066  14198.9
112  144  2025-06-14 19-53-29  1411.2  14706.1  14292.1  248.953  14201.4
113  144  2025-06-14 19-53-29  1412.8  14719.1  14287.2  250.806  14204
114  144  2025-06-14 19-53-29  1414.4  14732  14282.3  250.778  14205.9
115  144  2025-06-14 19-53-29  1416  14745.2  14277.2  252.598  14208.3
116  144  2025-06-14 19-53-29  1417.6  14758.4  14272.1  254.386  14210.7
117  144  2025-06-14 19-53-29  1419.2  14771.9  14266.8  256.142  14213
118  144  2025-06-14 19-53-29  1420.8  14785.4  14261.5  257.866  14215.3
119  144  2025-06-14 19-53-29  1422.4  14799.2  14256.1  259.559  14217.5
120  144  2025-06-14 19-53-29  1424  14813  14250.5  261.222  14219.7
121  144  2025-06-14 19-53-29  1425.6  14827  14244.9  262.854  14221.9
122  144  2025-06-14 19-53-29  1427.2  14841.1  14239.2  264.458  14223.9
123  144  2025-06-14 19-53-29  1428.8  14855.4  14233.4  266.032  14226
124  144  2025-06-14 19-53-29  1430.4  14869.8  14227.5  267.579  14228
125  144  2025-06-14 19-53-29  1432  14884.3  14221.5  269.097  14229.9
126  144  2025-06-14 19-53-29  1433.6  14899  14215.5  270.588  14231.8
127  144  2025-06-14 19-53-29  1435.2  14913.8  14209.3  1392.05  14233.7
128  144  2025-06-14 19-53-29  1436.8  14928.7  14203.1  1393.49  14235.5
129  144  2025-06-14 19-53-29  1438.4  14943.7  14196.8  1394.9  14237.3
130  144  2025-06-14 19-53-29  1440  14958.8  14190.4  1396.29  14239
131  144  2025-06-14 19-53-29  1441.6  14974.1  14183.9  1397.65  14240.6
132  144  2025-06-14 19-53-29  1443.2  14989.4  14177.3  1398.99  14242.3
133  144  2025-06-14 19-53-29  1444.8  15004.9  14170.7  1400.3  14243.9
134  144  2025-06-14 19-53-29  1446.4  15020.4  14164  1401.59  14245.4
135  144  2025-06-14 19-53-29  1448  15036.1  14157.2  1402.86  14246.9
136  144  2025-06-14 19-53-29  1449.6  15051.9  14150.3  1404.1  14248.4
137  144  2025-06-14 19-53-29  1451.2  15067.8  14143.3  1405.32  14249.8
138  144  2025-06-14 19-53-29  1452.8  15083.8  14136.3  1406.52  14251.2
139  144  2025-06-14 19-53-29  1454.4  15099.8  14129.2  1407.7  14252.5
140  144  2025-06-14 19-53-29  1456  15116  14122.1  1408.86  14253.8
141  144  2025-06-14 19-53-29  1457.6  15132.3  14114.9  1409.99  14255.1
142  144  2025-06-14 19-53-29  1459.2  15148.6  14107.6  1411.11  14256.3
143  144  2025-06-14 19-53-29  1460.8  15165.1  14100.2  1412.2  14257.5
144  144  2025-06-14 19-53-29  1462.4  15181.6  14092.8  1413.28  14258.7
145  144  2025-06-14 19-53-29  1464  15198.3  14085.3  1414.33  14259.8
146  144  2025-06-14 19-53-29  1465.6  15215  14077.8  1415.37  14260.8
147  144  2025-06-14 19-53-29  1467.2  15231.8  14070.2  1416.39  14261.9
148  144  2025-06-14 19-53-29  1468.8  15248.6  14062.5  1417.39  14262.9
149  144  2025-06-14 19-53-29  1470.4  15265.6  14054.8  1418.37  14263.8
150  144  2025-06-14 19-53-29  1472  15282.6  14047  1419.34  14264.8
151  144  2025-06-14 19-53-29  1473.6  15299.8  14039.1  1420.28  14265.7
152  144  2025-06-14 19-53-29  1475.2  15317  2831.25  1421.21  14266.5
153  144  2025-06-14 19-53-29  1476.8  15334.2  2823.3  1422.13  14267.3
154  144  2025-06-14 19-53-29  1478.4  15351.6  2815.3  1423.02  14268.1
155  144  2025-06-14 19-53-29  1480  15369  2807.25  1423.91  14268.9
156  144  2025-06-14 19-53-29  1481.6  15386.5  2799.15  1424.77  14269.6
157  144  2025-06-14 19-53-29  1483.2  15404.1  2791  1425.62  14270.3
158  144  2025-06-14 19-53-29  1484.8  15421.7  2782.8  1426.45  14271
159  144  2025-06-14 19-53-29  1486.4  15439.4  2774.56  1427.27  14271.6
160  144  2025-06-14 19-53-29  1488  15457.2  2766.27  1428.08  14272.2
161  144  2025-06-14 19-53-29  1489.6  15475  2757.94  1428.87  14272.7
162  144  2025-06-14 19-53-29  1491.2  15492.9  2749.56  1429.64  14273.3
163  144  2025-06-14 19-53-29  1492.8  15510.9  2741.14  1430.41  14273.8
164  144  2025-06-14 19-53-29  1494.4  15528.9  2732.68  1431.15  14274.2
165  144  2025-06-14 19-53-29  1496  15547  2724.18  1431.89  14274.7
166  144  2025-06-14 19-53-29  1497.6  15565.1  2715.64  1432.61  14275.1
167  144  2025-06-14 19-53-29  1499.2  15583.3  2707.06  1433.32  14275.5
168  144  2025-06-14 19-53-29  1500.8  15601.6  2698.45  1434.01  14275.8
169  144  2025-06-14 19-53-29  1502.4  15620  2689.8  1434.7  14276.2
170  144  2025-06-14 19-53-29  1504  15638.3  2681.11  1435.37  14276.5
171  144  2025-06-14 19-53-29  1505.6  15656.7  2672.4  1435.34  14278.1
172  144  2025-06-14 19-53-29  1507.2  15675.1  2663.65  1435.25  14279.7
173  144  2025-06-14 19-53-29  1508.8  15693.4  2654.94  1435.31  14278
174  144  2025-06-14 19-53-29  1510.4  15711.8  2646.26  1435.37  14276.4
175  144  2025-06-14 19-53-29  1512  15730.2  2637.61  1435.43  14274.7
176  144  2025-06-14 19-53-29  1513.6  15748.7  2628.99  1435.48  14273
177  144  2025-06-14 19-53-29  1515.2  15767.1  2620.4  1435.54  14271.2
178  144  2025-06-14 19-53-29  1516.8  15785.6  2611.85  1435.6  14269.5
179  144  2025-06-14 19-53-29  1518.4  15804.1  2603.33  1435.66  14267.6
180  144  2025-06-14 19-53-29  1520  15822.6  2594.84  1435.71  14265.8
181  144  2025-06-14 19-53-29  1521.6  15841.2  2586.4  1435.77  14263.9
182  144  2025-06-14 19-53-29  1523.2  15859.7  2577.98  1435.83  14262
183  144  2025-06-14 19-53-29  1524.8  15878.3  2569.61  1435.89  14260.1
184  144  2025-06-14 19-53-29  1526.4  15896.9  2561.27  1435.94  14258.1
185  144  2025-06-14 19-53-29  1528  15915.6  2552.97  1436  14256.1
186  144  2025-06-14 19-53-29  1529.6  15934.2  2544.71  1436.06  14254
187  144  2025-06-14 19-53-29  1531.2  15952.9  2536.49  1436.12  14252
188  144  2025-06-14 19-53-29  1532.8  15971.6  2528.31  1436.17  14249.9
189  144  2025-06-14 19-53-29  1534.4  15990.3  2520.17  1436.23  14247.7
190  144  2025-06-14 19-53-29  1536  16009.1  2512.08  1436.29  14245.6
191  144  2025-06-14 19-53-29  1537.6  16027.9  2504.02  1436.35  14243.4
192  144  2025-06-14 19-53-29  1539.2  16046.7  2496.01  1436.4  14241.1
193  144  2025-06-14 19-53-29  1540.8  16065.5  2488.05  1436.46  14238.9
194  144  2025-06-14 19-53-29  1542.4  16084.4  2480.13  1436.52  14236.6
195  144  2025-06-14 19-53-29  1544  16103.3  2472.25  1436.58  14234.2
196  144  2025-06-14 19-53-29  1545.6  16122.2  2464.42  1436.63  14231.9
197  144  2025-06-14 19-53-29  1547.2  16141.1  2456.64  1436.69  14229.5
198  144  2025-06-14 19-53-29  1548.8  16160.1  2448.91  1436.75  14227.1
199  144  2025-06-14 19-53-29  1550.4  16179  2441.22  1436.81  14224.6
200  144  2025-06-14 19-53-29  1552  16198  2433.59  1436.86  14222.1
201  144  2025-06-14 19-53-29  1553.6  16217.1  2426  1436.92  14219.6
202  144  2025-06-14 19-53-29  1555.2  16236.1  2418.47  1436.98  14217.1
203  144  2025-06-14 19-53-29  1556.8  16255.2  2410.99  1437.04  14214.5
204  144  2025-06-14 19-53-29  1558.4  16274.3  2403.55  1437.09  14211.9
205  144  2025-06-14 19-53-29  1560  16293.5  2396.18  1437.15  14209.2
206  144  2025-06-14 19-53-29  1561.6  16312.7  2388.85  1437.21  14206.5
207  144  2025-06-14 19-53-29  1563.2  16331.9  2381.58  1437.27  14203.8
208  144  2025-06-14 19-53-29  1564.8  16351.1  2374.37  1437.32  14201.1
209  144  2025-06-14 19-53-29  1566.4  16370.3  2367.21  1437.38  14198.3
210  144  2025-06-14 19-53-29  1568  16389.6  2360.11  1437.44  14195.5
211  144  2025-06-14 19-53-29  1569.6  16408.9  2353.07  1437.5  14192.7
212  144  2025-06-14 19-53-29  1571.2  16428.2  2346.09  1437.56  14189.8
213  144  2025-06-14 19-53-29  1572.8  16447.6  2339.16  1437.61  14186.9
214  144  2025-06-14 19-53-29  1574.4  16467  2332.3  1437.67  14184
215  144  2025-06-14 19-53-29  1576  16486.4  2325.5  1437.73  14181
216  144  2025-06-14 19-53-29  1577.6  16505.9  2318.75  1437.79  14178
217  144  2025-06-14 19-53-29  1579.2  16525.3  2312.07  1437.84  14175
218  144  2025-06-14 19-53-29  1580.8  16544.8  2305.46  1437.9  14171.9
219  144  2025-06-14 19-53-29  1582.4  16564.3  2298.91  1437.96  14168.8
220  144  2025-06-14 19-53-29  1584  16583.9  2292.42  1438.02  14165.7
221  144  2025-06-14 19-53-29  1585.6  16603.5  2286  1438.07  14162.5
222  144  2025-06-14 19-53-29  1587.2  16623.1  2279.64  1438.13  14159.3
223  144  2025-06-14 19-53-29  1588.8  16642.7  2273.35  1438.19  14156.1
224  144  2025-06-14 19-53-29  1590.4  16662.4  2267.13  1438.25  14152.8
225  144  2025-06-14 19-53-29  1592  16682.1  2260.98  1438.3  14149.6
226  144  2025-06-14 19-53-29  1593.6  16701.8  2254.9  1438.36  14146.2
227  144  2025-06-14 19-53-29  1595.2  16721.6  2248.89  1438.42  14142.9
228  144  2025-06-14 19-53-29  1596.8  16741.3  2242.95  1438.48  14139.5
229  144  2025-06-14 19-53-29  1598.4  16761.1  2237.08  1438.53  14136.1
230  144  2025-06-14 19-53-29  1600  16781  2231.29  1438.59  14132.6
231  144  2025-06-14 19-53-29  1601.6  16800.8  2225.57  1438.65  14129.2
232  144  2025-06-14 19-53-29  1603.2  16820.7  2219.92  1438.71  14125.7
233  144  2025-06-14 19-53-29  1604.8  16840.6  2214.35  1438.76  14122.1
234  144  2025-06-14 19-53-29  1606.4  16860.6  2208.85  1438.82  14118.5
235  144  2025-06-14 19-53-29  1608  16880.5  2203.43  1438.88  14114.9
236  144  2025-06-14 19-53-29  1609.6  16900.5  2197.98  1439.47  14116
237  144  2025-06-14 19-53-29  1611.2  16920.6  2192.6  1439.53  14112.4
238  144  2025-06-14 19-53-29  1612.8  16940.6  2187.29  1439.59  14108.8
239  144  2025-06-14 19-53-29  1614.4  16960.7  2182.07  1439.65  14105.1
240  144  2025-06-14 19-53-29  1616  16980.9  2177  1439.7  14098.1
241  144  2025-06-14 19-53-29  1617.6  17001.1  2171.93  1440.29  14097.6
242  144  2025-06-14 19-53-29  1619.2  17021.3  2166.85  1440.86  14097
243  144  2025-06-14 19-53-29  1620.8  17041.7  2161.78  1441.42  14096.5
244  144  2025-06-14 19-53-29  1622.4  17062  2156.7  1441.97  14095.9
245  144  2025-06-14 19-53-29  1624  17082.5  2151.62  1442.51  14095.4
246  144  2025-06-14 19-53-29  1625.6  17103  2146.54  1443.04  14094.8
247  144  2025-06-14 19-53-29  1627.2  17123.5  2141.46  1443.56  14094.3
248  144  2025-06-14 19-53-29  1628.8  17144.1  2136.38  1444.07  14093.7
249  144  2025-06-14 19-53-29  1630.4  17164.7  2131.31  1444.57  14093.1
250  144  2025-06-14 19-53-29  1632  17185.4  2126.23  1445.07  14092.6
251  144  2025-06-14 19-53-29  1633.6  17206.2  2121.15  1445.55  14092
252  144  2025-06-14 19-53-29  1635.2  17226.9  2116.08  1446.03  14091.5
253  144  2025-06-14 19-53-29  1636.8  17247.8  2111  1446.49  14090.9
254  144  2025-06-14 19-53-29  1638.4  17268.7  2105.93  1446.95  14090.4
255  144  2025-06-14 19-53-29  1640  17289.6  2100.86  1447.4  14089.8
256  144  2025-06-14 19-53-29  1641.6  17310.6  2095.79  1447.84  14089.3
257  144  2025-06-14 19-53-29  1643.2  17331.6  2090.72  1448.28  14088.7
258  144  2025-06-14 19-53-29  1644.8  17352.7  2085.66  1448.71  14088.2
259  144  2025-06-14 19-53-29  1646.4  17373.8  2080.6  1449.12  14087.6
260  144  2025-06-14 19-53-29  1648  17395  2075.54  1449.54  14087.1
261  144  2025-06-14 19-53-29  1649.6  17416.2  2070.49  1449.94  14086.5
262  144  2025-06-14 19-53-29  1651.2  17437.4  2065.44  1450.34  14086
263  144  2025-06-14 19-53-29  1652.8  17458.7  2060.39  1450.73  14085.4
264  144  2025-06-14 19-53-29  1654.4  17480  2055.35  1451.11  14084.9
265  144  2025-06-14 19-53-29  1656  17501.4  2050.31  1451.48  14084.3
266  144  2025-06-14 19-53-29  1657.6  17522.8  2045.28  1451.85  14083.8
267  144  2025-06-14 19-53-29  1659.2  17544.2  2040.25  1452.22  14083.2
268  144  2025-06-14 19-53-29  1660.8  17565.7  2035.23  1452.57  14082.7
269  144  2025-06-14 19-53-29  1662.4  17587.2  2030.21  1452.92  14082.1
270  144  2025-06-14 19-53-29  1664  17608.8  2025.19  1453.26  14081.6
271  144  2025-06-14 19-53-29  1665.6  17630.3  2020.19  1453.6  14081
272  144  2025-06-14 19-53-29  1667.2  17652  2015.18  1453.93  14080.5
273  144  2025-06-14 19-53-29  1668.8  17673.6  2010.19  1454.26  14079.9
274  144  2025-06-14 19-53-29  1670.4  17695.3  2005.19  1454.58  14079.3
275  144  2025-06-14 19-53-29  1672  17717  2000.21  1454.89  14078.8
276  144  2025-06-14 19-53-29  1673.6  17738.8  1995.23  1455.2  14078.2
277  144  2025-06-14 19-53-29  1675.2  17760.6  1990.26  1455.5  14077.7
278  144  2025-06-14 19-53-29  1676.8  17782.4  1985.29  1455.8  14077.1
279  144  2025-06-14 19-53-29  1678.4  17804.3  1980.33  1456.09  14076.6
280  144  2025-06-14 19-53-29  1680  17826.1  1975.38  1456.37  14076
281  144  2025-06-14 19-53-29  1681.6  17848.1  1970.43  1456.66  14075.5
282  144  2025-06-14 19-53-29  1683.2  17870  1965.49  1456.93  14074.9
283  144  2025-06-14 19-53-29  1684.8  17892  1960.56  1457.2  14074.4
284  144  2025-06-14 19-53-29  1686.4  17914  1955.64  1457.47  14073.8
285  144  2025-06-14 19-53-29  1688  17936  1950.72  1457.73  14073.3
286  144  2025-06-14 19-53-29  1689.6  17958.1  1945.81  1457.99  14072.7
287  144  2025-06-14 19-53-29  1691.2  17980.2  1940.91  1458.24  14072.2
288  144  2025-06-14 19-53-29  1692.8  18002.3  1936.02  1458.49  14071.6
289  144  2025-06-14 19-53-29  1694.4  18024.4  1931.14  1458.73  14071.1
290  144  2025-06-14 19-53-29  1696  18046.6  1926.26  1458.97  14070.5
291  144  2025-06-14 19-53-29  1697.6  18068.8  1921.39  1459.2  14070
292  144  2025-06-14 19-53-29  1699.2  18091  1916.53  1459.43  14069.4
293  144  2025-06-14 19-53-29  1700.8  18113.2  1911.68  1459.66  14068.9
294  144  2025-06-14 19-53-29  1702.4  18135.5  1906.84  1459.88  14068.3
295  144  2025-06-14 19-53-29  1704  18157.8  1902  1460.1  14067.8
296  144  2025-06-14 19-53-29  1705.6  18180.1  1897.18  1460.31  14067.2
297  144  2025-06-14 19-53-29  1707.2  18202.4  1892.36  1460.52  14066.7
298  144  2025-06-14 19-53-29  1708.8  18224.8  1887.56  1460.73  14066.1
299  144  2025-06-14 19-53-29  1710.4  18247.2  1882.76  1460.93  14065.5
300  144  2025-06-14 19-53-29  1712  18269.6  1877.97  1461.13  14065
301  144  2025-06-14 19-53-29  1713.6  18292  1873.19  1461.33  14064.4
302  144  2025-06-14 19-53-29  1715.2  18314.5  1868.42  1461.52  14063.9
303  144  2025-06-14 19-53-29  1716.8  18336.9  1863.66  1461.71  14063.3
304  144  2025-06-14 19-53-29  1718.4  18359.4  1858.91  1461.89  14062.8
305  144  2025-06-14 19-53-29  1720  18382  1854.17  1462.07  14062.2
306  144  2025-06-14 19-53-29  1721.6  18404.5  1849.44  1462.25  14061.7
307  144  2025-06-14 19-53-29  1723.2  18427  1844.72  1462.43  14061.1
308  144  2025-06-14 19-53-29  1724.8  18449.6  1840.01  1462.6  14060.6
309  144  2025-06-14 19-53-29  1726.4  18472.2  1835.31  1462.77  14060
310  144  2025-06-14 19-53-29  1728  18494.8  1830.62  1462.93  14059.5
311  144  2025-06-14 19-53-29  1729.6  18517.5  1825.94  1463.1  14058.9
312  144  2025-06-14 19-53-29  1731.2  18540.1  1821.27  1463.26  14058.4
313  144  2025-06-14 19-53-29  1732.8  18562.8  1816.61  1463.42  14057.8
314  144  2025-06-14 19-53-29  1734.4  18585.5  1811.97  1463.57  14057.3
315  144  2025-06-14 19-53-29  1736  18608.2  1807.33  1463.72  14056.7
316  144  2025-06-14 19-53-29  1737.6  18630.9  1802.7  1463.87  14056.2
317  144  2025-06-14 19-53-29  1739.2  18653.6  1798.09  1464.02  14055.6
318  144  2025-06-14 19-53-29  1740.8  18676.4  1793.48  1464.16  14055.1
319  144  2025-06-14 19-53-29  1742.4  18699.1  1788.89  1464.3  14054.5
320  144  2025-06-14 19-53-29  1744  18721.9  1784.3  1464.44  14054
321  144  2025-06-14 19-53-29  1745.6  18744.7  1779.73  1464.58  14053.4
322  144  2025-06-14 19-53-29  1747.2  18767.6  1775.17  1464.71  14052.9
323  144  2025-06-14 19-53-29  1748.8  18790.4  1770.62  1464.84  14052.3
324  144  2025-06-14 19-53-29  1750.4  18813.2  1766.08  1464.97  14051.7
325  144  2025-06-14 19-53-29  1752  18836.1  1761.55  1465.1  14051.2
326  144  2025-06-14 19-53-29  1753.6  18859  1757.04  1465.22  14050.6
327  144  2025-06-14 19-53-29  1755.2  18881.9  1752.53  1465.34  14050.1
328  144  2025-06-14 19-53-29  1756.8  18904.8  1748.04  1465.46  14049.5
329  144  2025-06-14 19-53-29  1758.4  18927.7  1743.56  1465.58  14049
330  144  2025-06-14 19-53-29  1760  18950.7  1739.09  1465.69  14048.4
331  144  2025-06-14 19-53-29  1761.6  18973.6  1734.63  1465.81  14047.9
332  144  2025-06-14 19-53-29  1763.2  18996.6  1730.18  1465.92  14047.3
333  144  2025-06-14 19-53-29  1764.8  19019.5  1725.75  1466.03  14046.8
334  144  2025-06-14 19-53-29  1766.4  19042.5  1721.32  1466.14  14046.2
335  144  2025-06-14 19-53-29  1768  19065.5  1716.91  1466.24  14045.7
336  144  2025-06-14 19-53-29  1769.6  19088.6  1712.51  1466.35  14045.1
337  144  2025-06-14 19-53-29  1771.2  19111.6  1708.13  1466.45  14044.6
338  144  2025-06-14 19-53-29  1772.8  19134.6  1703.75  1466.55  14044
339  144  2025-06-14 19-53-29  1774.4  19157.7  1699.39  1466.64  14043.5
340  144  2025-06-14 19-53-29  1776  19180.8  1695.04  1466.74  14042.9
341  144  2025-06-14 19-53-29  1777.6  19203.8  1690.7  1466.84  14042.4
342  144  2025-06-14 19-53-29  1779.2  19226.9  1686.37  1466.93  14041.8
343  144  2025-06-14 19-53-29  1780.8  19250  1682.06  1467.02  14041.3
344  144  2025-06-14 19-53-29  1782.4  19273.1  1677.75  1467.11  14040.7
345  144  2025-06-14 19-53-29  1784  19296.3  1673.46  1467.2  14040.2
346  144  2025-06-14 19-53-29  1785.6  19319.4  1669.19  1467.28  14039.6
347  144  2025-06-14 19-53-29  1787.2  19342.6  1664.92  1467.37  14039.1
348  144  2025-06-14 19-53-29  1788.8  19365.7  1660.67  1467.45  14038.5
349  144  2025-06-14 19-53-29  1790.4  19388.9  1656.43  1467.53  14037.9
350  144  2025-06-14 19-53-29  1792  19412.1  1652.2  1467.61  14037.4
351  144  2025-06-14 19-53-29  1793.6  19435.2  1647.98  1467.69  14036.8
352  144  2025-06-14 19-53-29  1795.2  19458.4  1643.78  1467.77  14036.3
353  144  2025-06-14 19-53-29  1796.8  19481.7  1639.59  1467.85  14035.7
354  144  2025-06-14 19-53-29  1798.4  19504.9  1635.41  1467.92  14035.2
355  144  2025-06-14 19-53-29  1800  19528.1  1631.25  1467.99  14034.6
356  144  2025-06-14 19-53-29  1801.6  19551.3  1627.1  1468.07  14034.1
357  144  2025-06-14 19-53-29  1803.2  19574.6  1622.96  1468.14  14033.5
358  144  2025-06-14 19-53-29  1804.8  19597.9  1618.83  1468.21  14033
359  144  2025-06-14 19-53-29  1806.4  19621.1  1614.72  1468.27  14032.4
360  144  2025-06-14 19-53-29  1808  19644.4  1610.62  1468.34  2831.88
361  144  2025-06-14 19-53-29  1809.6  19667.7  1606.53  1468.41  2831.32
362  144  2025-06-14 19-53-29  1811.2  19691  1602.45  1468.47  2830.77
363  144  2025-06-14 19-53-29  1812.8  19714.3  1598.39  1468.54  2830.22
364  144  2025-06-14 19-53-29  1814.4  19737.6  1594.34  1468.6  2829.67
365  144  2025-06-14 19-53-29  1816  19760.9  1590.31  1468.66  2829.12
366  144  2025-06-14 19-53-29  1817.6  19784.2  1586.28  1468.72  2828.56
367  144  2025-06-14 19-53-29  1819.2  19807.6  1582.27  1468.78  2828.01
368  144  2025-06-14 19-53-29  1820.8  19830.9  1578.28  1468.84  2827.46
369  144  2025-06-14 19-53-29  1822.4  19854.3  1574.29  1468.89  2826.91
370  144  2025-06-14 19-53-29  1824  19877.6  1570.32  1468.95  2826.36
371  144  2025-06-14 19-53-29  1825.6  19901  1566.36  1469  2825.8
372  144  2025-06-14 19-53-29  1827.2  19924.4  1562.42  1469.06  2825.25
373  144  2025-06-14 19-53-29  1828.8  19947.7  1558.49  1469.11  2824.7
374  144  2025-06-14 19-53-29  1830.4  19971.1  1554.57  1469.16  2824.15
375  144  2025-06-14 19-53-29  1832  19994.5  1550.66  1469.21  2823.6
376  144  2025-06-14 19-53-29  1833.6  20017.9  1546.77  1469.26  2823.04
377  144  2025-06-14 19-53-29  1835.2  20041.4  1542.89  1469.31  2822.49
378  144  2025-06-14 19-53-29  1836.8  20064.8  1539.03  1469.36  2821.94
379  144  2025-06-14 19-53-29  1838.4  20088.2  1535.18  1469.41  2821.39
380  144  2025-06-14 19-53-29  1840  20111.6  1531.34  1469.46  2820.84
381  144  2025-06-14 19-53-29  1841.6  20135.1  1527.51  1469.5  2820.28
382  144  2025-06-14 19-53-29  1843.2  20158.5  1523.7  1469.55  2819.73
383  144  2025-06-14 19-53-29  1844.8  20182  1519.91  1469.59  2819.18
384  144  2025-06-14 19-53-29  1846.4  20205.4  1516.12  1469.63  2818.63
385  144  2025-06-14 19-53-29  1848  20228.9  1512.35  1469.68  2818.08
386  144  2025-06-14 19-53-29  1849.6  20252.4  1508.59  1469.72  2817.52
387  144  2025-06-14 19-53-29  1851.2  20275.9  1504.85  1469.76  2816.97
388  144  2025-06-14 19-53-29  1852.8  20299.3  1501.12  1469.8  2816.42
389  144  2025-06-14 19-53-29  1854.4  20322.8  1497.4  1469.84  2815.87
390  144  2025-06-14 19-53-29  1856  20346.3  1493.7  1469.88  2815.32
391  144  2025-06-14 19-53-29  1857.6  20369.8  1490.01  1469.92  2814.76
392  144  2025-06-14 19-53-29  1859.2  20393.3  1486.33  1469.95  2814.21
393  144  2025-06-14 19-53-29  1860.8  20416.9  1482.67  1469.99  2813.66
394  144  2025-06-14 19-53-29  1862.4  20440.4  1479.02  1470.03  2813.11
395  144  2025-06-14 19-53-29  1864  20463.9  1475.38  1470.06  2812.56
396  144  2025-06-14 19-53-29  1865.6  20487.4  1471.76  1470.1  2812
397  144  2025-06-14 19-53-29  1867.2  20511  1468.15  1470.13  2811.45
398  144  2025-06-14 19-53-29  1868.8  20534.5  1464.56  1470.16  2810.9
399  144  2025-06-14 19-53-29  1870.4  20558.1  1460.97  1470.2  2810.35
400  144  2025-06-14 19-53-29  1872  20581.6  1457.41  1470.23  2809.8
401  144  2025-06-14 19-53-29  1873.6  20605.2  1453.85  1470.26  2809.24
402  144  2025-06-14 19-53-29  1875.2  20628.7  1450.31  1470.29  2808.69
403  144  2025-06-14 19-53-29  1876.8  20652.3  1446.79  1470.32  2808.14
404  144  2025-06-14 19-53-29  1878.4  20675.9  1443.27  1470.35  2807.59
405  144  2025-06-14 19-53-29  1880  20699.5  1439.78  1470.38  2807.04
406  144  2025-06-14 19-53-29  1881.6  20723.1  1436.29  1470.41  2806.48
407  144  2025-06-14 19-53-29  1883.2  20746.6  1432.82  1470.44  2805.93
408  144  2025-06-14 19-53-29  1884.8  20770.2  1429.36  1470.47  2805.38
409  144  2025-06-14 19-53-29  1886.4  20793.8  1425.92  1470.5  2804.83
410  144  2025-06-14 19-53-29  1888  20817.4  1422.49  1470.52  2804.28
411  144  2025-06-14 19-53-29  1889.6  20841.1  1419.07  1470.55  2803.72
412  144  2025-06-14 19-53-29  1891.2  20864.7  1415.67  1470.58  2803.17
413  144  2025-06-14 19-53-29  1892.8  20888.3  1412.28  1470.6  2802.62
414  144  2025-06-14 19-53-29  1894.4  20911.9  1408.91  1470.63  2802.07
415  144  2025-06-14 19-53-29  1896  20935.5  1405.55  1470.65  2801.52
416  144  2025-06-14 19-53-29  1897.6  20959.2  1402.2  1470.68  2800.96
417  144  2025-06-14 19-53-29  1899.2  20982.8  1398.87  1470.7  2800.41
418  144  2025-06-14 19-53-29  1900.8  21006.4  1395.55  1470.72  2799.86
419  144  2025-06-14 19-53-29  1902.4  21030.1  1392.25  1470.75  2799.31
420  144  2025-06-14 19-53-29  1904  21053.7  268.955  1470.77  2798.76
421  144  2025-06-14 19-53-29  1905.6  21077.4  265.678  1470.79  2798.2
422  144  2025-06-14 19-53-29  1907.2  21101.1  262.415  1470.81  2797.65
423  144  2025-06-14 19-53-29  1908.8  21124.7  259.166  1470.83  2797.1
424  144  2025-06-14 19-53-29  1910.4  21148.4  255.93  1470.86  2796.55
425  144  2025-06-14 19-53-29  1912  21172  252.709  1470.88  2796
426  144  2025-06-14 19-53-29  1913.6  21195.7  249.502  1470.9  2795.44
427  144  2025-06-14 19-53-29  1915.2  21219.4  246.309  1470.92  2794.89
428  144  2025-06-14 19-53-29  1916.8  21243.1  243.13  1470.94  2794.34
429  144  2025-06-14 19-53-29  1918.4  21266.8  239.965  1470.95  2793.79
430  144  2025-06-14 19-53-29  1920  21290.5  236.814  1470.97  2793.24
431  144  2025-06-14 19-53-29  1921.6  21314.1  233.676  1470.99  2792.68
432  144  2025-06-14 19-53-29  1923.2  21337.8  230.553  1471.01  2792.13
433  144  2025-06-14 19-53-29  1924.8  21361.5  227.444  1471.03  2791.58
434  144  2025-06-14 19-53-29  1926.4  21385.2  224.349  1471.05  2791.03
435  144  2025-06-14 19-53-29  1928  21409  221.268  1471.06  2790.48
436  144  2025-06-14 19-53-29  1929.6  21432.7  218.201  1471.08  2789.92
437  144  2025-06-14 19-53-29  1931.2  21456.4  215.149  1471.1  2789.37
438  144  2025-06-14 19-53-29  1932.8  21480.1  212.11  1471.11  2788.82
439  144  2025-06-14 19-53-29  1934.4  21503.8  209.085  1471.13  2788.27
440  144  2025-06-14 19-53-29  1936  21527.5  206.074  1471.14  2787.72
441  144  2025-06-14 19-53-29  1937.6  21551.3  203.078  1471.16  2787.16
442  144  2025-06-14 19-53-29  1939.2  21575  200.096  1471.17  2786.61
443  144  2025-06-14 19-53-29  1940.8  21598.7  197.127  1471.19  2786.06
444  144  2025-06-14 19-53-29  1942.4  21622.5  194.173  1471.2  2785.51
445  144  2025-06-14 19-53-29  1944  21646.2  191.233  1471.22  2784.96
446  144  2025-06-14 19-53-29  1945.6  21669.9  188.307  1471.23  2784.4
447  144  2025-06-14 19-53-29  1947.2  21693.7  185.395  1471.25  2783.85
448  144  2025-06-14 19-53-29  1948.8  21717.4  182.498  1471.26  2783.3
449  144  2025-06-14 19-53-29  1950.4  21741.2  179.614  1471.27  2782.75
450  144  2025-06-14 19-53-29  1952  21765  176.745  1471.29  2782.2
451  144  2025-06-14 19-53-29  1953.6  21788.7  173.889  1471.3  2781.64
452  144  2025-06-14 19-53-29  1955.2  21812.5  171.048  1471.31  2781.09
453  144  2025-06-14 19-53-29  1956.8  21836.2  168.221  1471.32  2780.54
454  144  2025-06-14 19-53-29  1958.4  21860  165.409  1471.34  2779.99
455  144  2025-06-14 19-53-29  1960  21883.8  162.61  1471.35  2779.44
456  144  2025-06-14 19-53-29  1961.6  21907.6  159.826  1471.36  2778.88
457  144  2025-06-14 19-53-29  1963.2  21931.3  157.055  1471.37  2778.33
458  144  2025-06-14 19-53-29  1964.8  21955.1  154.299  1471.38  2777.78
459  144  2025-06-14 19-53-29  1966.4  21978.9  151.557  1471.39  2777.23
460  144  2025-06-14 19-53-29  1968  22002.7  148.83  1471.4  2776.68
461  144  2025-06-14 19-53-29  1969.6  22026.5  146.116  1471.41  2776.12
462  144  2025-06-14 19-53-29  1971.2  22050.3  143.417  1471.43  2775.57
463  144  2025-06-14 19-53-29  1972.8  22074  140.732  1471.44  2775.02
464  144  2025-06-14 19-53-29  1974.4  22097.8  138.061  1471.45  2774.47
465  144  2025-06-14 19-53-29  1976  22121.6  135.405  1471.46  2773.92
466  144  2025-06-14 19-53-29  1977.6  22145.4  132.762  1471.47  2773.36
467  144  2025-06-14 19-53-29  1979.2  22169.2  130.134  1471.48  2772.81
468  144  2025-06-14 19-53-29  1980.8  22193  15.5201  1471.48  2772.26
469  144  2025-06-14 19-53-29  1982.4  22216.9  12.9204  1471.49  2771.71
470  144  2025-06-14 19-53-29  1984  22240.7  10.335  1471.5  2771.16
471  144  2025-06-14 19-53-29  1985.6  22264.5  7.76375  1471.51  2770.6
472  144  2025-06-14 19-53-29  1987.2  22288.3  5.20678  1471.52  2770.05
473  144  2025-06-14 19-53-29  1988.8  22312.1  2.66406  1471.53  2769.5
474  144  2025-06-14 19-53-29  1990.4  22335.9  0.135592  1471.54  2768.95
475  144  2025-06-14 19-53-29  1992  22359.8  -2.37862  1471.55  2768.4
476  144  2025-06-14 19-53-29  1993.6  22383.6  -4.87857  1471.55  2767.84
477  144  2025-06-14 19-53-29  1995.2  22407.4  -7.36426  1471.56  2767.29
478  144  2025-06-14 19-53-29  1996.8  22431.2  -9.83568  1471.57  2766.74
479  144  2025-06-14 19-53-29  1998.4  22455.1  -12.2928  1471.58  2766.19
480  144  2025-06-14 19-53-29  2000  22478.9  -14.7357  1471.59  2765.64
481  144  2025-06-14 19-53-29  2001.6  22502.7  -129.164  1471.59  2765.08
482  144  2025-06-14 19-53-29  2003.2  22526.6  -131.579  1471.6  2764.53
483  144  2025-06-14 19-53-29  2004.8  22550.4  -133.979  1471.61  2763.98
484  144  2025-06-14 19-53-29  2006.4  22574.3  -136.364  1471.61  2763.43
485  144  2025-06-14 19-53-29  2008  22598.1  -138.736  1471.62  2762.88
486  144  2025-06-14 19-53-29  2009.6  22621.9  -141.093  1471.63  2762.32
487  144  2025-06-14 19-53-29  2011.2  22645.8  -143.436  1471.64  2761.77
488  144  2025-06-14 19-53-29  2012.8  22669.6  -145.765  1471.64  2761.22
489  144  2025-06-14 19-53-29  2014.4  22693.5  -148.079  1471.65  2760.67
490  144  2025-06-14 19-53-29  2016  22717.4  -150.379  1471.65  2760.12
491  144  2025-06-14 19-53-29  2017.6  22741.2  -152.665  1471.66  2759.56
492  144  2025-06-14 19-53-29  2019.2  22765.1  -154.936  1471.67  2759.01
493  144  2025-06-14 19-53-29  2020.8  22788.9  -157.193  1471.67  2758.46
494  144  2025-06-14 19-53-29  2022.4  22812.8  -159.436  1471.68  2757.91
495  144  2025-06-14 19-53-29  2024  22836.7  -161.664  1471.68  2757.36
496  144  2025-06-14 19-53-29  2025.6  22860.5  -163.878  1471.69  2756.8
497  144  2025-06-14 19-53-29  2027.2  22884.4  -166.078  1471.7  2756.25
498  144  2025-06-14 19-53-29  2028.8  22908.3  -168.264  1471.7  2755.7
499  144  2025-06-14 19-53-29  2030.4  22932.1  -170.435  1471.71  2755.15
500  144  2025-06-14 19-53-29  2032  22956  -172.591  1471.71  2754.6
501  144  2025-06-14 19-53-29  2033.6  22979.9  -174.734  1471.72  2754.04
502  144  2025-06-14 19-53-29  2035.2  23003.8  -176.862  1471.72  2753.49
503  144  2025-06-14 19-53-29  2036.8  23027.6  -178.976  1471.73  2752.94
504  144  2025-06-14 19-53-29  2038.4  23051.5  -181.075  1471.73  2752.39
505  144  2025-06-14 19-53-29  2040  23075.4  -183.161  1471.74  2751.84
506  144  2025-06-14 19-53-29  2041.6  23099.3  -185.231  1471.74  2751.28
507  144  2025-06-14 19-53-29  2043.2  23123.2  -187.288  1471.75  2750.73
508  144  2025-06-14 19-53-29  2044.8  23147.1  -189.33  1471.75  2750.18
509  144  2025-06-14 19-53-29  2046.4  23171  -191.358  1471.76  2749.63
510  144  2025-06-14 19-53-29  2048  23194.8  -193.371  1471.74  2749.08
511  144  2025-06-14 19-53-29  2049.6  23218.7  -195.37  1471.7  2748.52
512  144  2025-06-14 19-53-29  2051.2  23242.6  -197.353  1471.65  2747.97
513  144  2025-06-14 19-53-29  2052.8  23266.5  -199.322  1471.57  2747.42
514  144  2025-06-14 19-53-29  2054.4  23290.4  -201.276  1471.48  2746.87
515  144  2025-06-14 19-53-29  2056  23314.2  -203.214  1471.37  2746.32
516  144  2025-06-14 19-53-29  2057.6  23338.1  -205.137  1471.24  2745.76
517  144  2025-06-14 19-53-29  2059.2  23361.9  -207.044  1471.09  2745.21
518  144  2025-06-14 19-53-29  2060.8  23385.7  -208.936  1470.93  2744.66
519  144  2025-06-14 19-53-29  2062.4  23409.5  -210.812  1470.75  2744.11
520  144  2025-06-14 19-53-29  2064  23433.3  -212.672  1470.55  2743.56
521  144  2025-06-14 19-53-29  2065.6  23457.1  -214.516  1470.33  2743
522  144  2025-06-14 19-53-29  2067.2  23480.8  -216.344  1470.1  2742.45
523  144  2025-06-14 19-53-29  2068.8  23504.5  -218.156  1469.86  2741.9
524  144  2025-06-14 19-53-29  2070.4  23528.2  -219.952  1469.6  2741.35
525  144  2025-06-14 19-53-29  2072  23551.9  -221.731  1469.32  2740.8
526  144  2025-06-14 19-53-29  2073.6  23575.5  -223.494  1469.03  2740.24
527  144  2025-06-14 19-53-29  2075.2  23599.1  -225.24  1468.72  2739.69
528  144  2025-06-14 19-53-29  2076.8  23622.7  -226.97  1468.4  2739.14
529  144  2025-06-14 19-53-29  2078.4  23646.2  -228.683  1468.07  2738.59
530  144  2025-06-14 19-53-29  2080  23669.7  -230.38  1467.72  2738.04
531  144  2025-06-14 19-53-29  2081.6  23693.2  -232.06  1467.36  2737.48
532  144  2025-06-14 19-53-29  2083.2  23716.7  -233.723  1466.99  2736.93
533  144  2025-06-14 19-53-29  2084.8  23740.1  -235.369  1466.6  2736.38
534  144  2025-06-14 19-53-29  2086.4  23763.4  -236.998  1466.2  2735.83
535  144  2025-06-14 19-53-29  2088  23786.8  -238.61  1465.79  2735.28
536  144  2025-06-14 19-53-29  2089.6  23810  -240.206  1465.37  2734.72
537  144  2025-06-14 19-53-29  2091.2  23833.3  -241.785  1464.94  2734.17
538  144  2025-06-14 19-53-29  2092.8  23856.5  -243.346  1464.5  2733.62
539  144  2025-06-14 19-53-29  2094.4  23879.6  -244.891  1464.04  2733.07
540  144  2025-06-14 19-53-29  2096  23902.7  -246.418  1463.58  2732.52
541  144  2025-06-14 19-53-29  2097.6  23925.8  -247.929  1463.1  2731.96
542  144  2025-06-14 19-53-29  2099.2  23948.8  -249.422  1462.61  2731.41
543  144  2025-06-14 19-53-29  2100.8  23971.8  -250.899  1462.12  2730.86
544  144  2025-06-14 19-53-29  2102.4  23994.7  -252.358  1461.61  2730.31
545  144  2025-06-14 19-53-29  2104  24017.6  -253.801  1461.1  2729.76
546  144  2025-06-14 19-53-29  2105.6  24040.4  -255.226  1460.58  2729.2
547  144  2025-06-14 19-53-29  2107.2  24063.1  -256.634  1460.04  2728.65
548  144  2025-06-14 19-53-29  2108.8  24085.8  -258.026  1459.5  2728.1
549  144  2025-06-14 19-53-29  2110.4  24108.5  -259.4  1458.96  2727.55
550  144  2025-06-14 19-53-29  2112  24131.1  -260.757  1458.4  2727
551  144  2025-06-14 19-53-29  2113.6  24153.6  -262.098  1457.83  2726.44
552  144  2025-06-14 19-53-29  2115.2  24176.1  -263.421  1457.26  2725.89
553  144  2025-06-14 19-53-29  2116.8  24198.5  -264.728  1456.68  2725.34
554  144  2025-06-14 19-53-29  2118.4  24220.9  -266.017  1456.1  2724.79
555  144  2025-06-14 19-53-29  2120  24243.2  -267.29  1455.51  2724.24
556  144  2025-06-14 19-53-29  2121.6  24265.5  -268.546  1454.91  2723.68
557  144  2025-06-14 19-53-29  2123.2  24287.7  -269.786  1454.3  2723.13
558  144  2025-06-14 19-53-29  2124.8  24309.8  -271.008  1453.69  2722.58
559  144  2025-06-14 19-53-29  2126.4  24331.9  -1392.21  1453.07  2722.03
560  144  2025-06-14 19-53-29  2128  24353.9  -1393.4  1452.45  2721.48
561  144  2025-06-14 19-53-29  2129.6  24375.9  -1394.58  1451.82  2720.92
562  144  2025-06-14 19-53-29  2131.2  24397.7  -1395.73  1451.19  2720.37
563  144  2025-06-14 19-53-29  2132.8  24419.6  -1396.87  1450.55  2719.82
564  144  2025-06-14 19-53-29  2134.4  24441.3  -1397.99  1449.9  2719.27
565  144  2025-06-14 19-53-29  2136  24463  -1399.1  1449.26  2718.72
566  144  2025-06-14 19-53-29  2137.6  24484.7  -1400.19  1448.6  2718.16
567  144  2025-06-14 19-53-29  2139.2  24506.2  -1401.26  1447.95  2717.61
568  144  2025-06-14 19-53-29  2140.8  24527.7  -1402.32  1447.29  2717.06
569  144  2025-06-14 19-53-29  2142.4  24549.2  -1403.36  1446.62  2716.51
570  144  2025-06-14 19-53-29  2144  24570.5  -1404.39  1445.95  2715.96
571  144  2025-06-14 19-53-29  2145.6  24591.8  -1405.4  1445.28  2715.4
572  144  2025-06-14 19-53-29  2147.2  24613.1  -1406.39  1444.61  2714.85
573  144  2025-06-14 19-53-29  2148.8  24634.3  -1407.37  1443.93  2714.3
574  144  2025-06-14 19-53-29  2150.4  24655.4  -1408.33  1443.25  2713.75
575  144  2025-06-14 19-53-29  2152  24676.4  -1409.28  1442.56  2713.2
576  144  2025-06-14 19-53-29  2153.6  24697.4  -1410.21  1441.88  2712.64
577  144  2025-06-14 19-53-29  2155.2  24718.3  -1411.12  1441.19  2712.09
578  144  2025-06-14 19-53-29  2156.8  24739.1  -1412.02  1440.5  2711.54
579  144  2025-06-14 19-53-29  2158.4  24759.8  -1412.9  1439.8  2710.99
580  144  2025-06-14 19-53-29  2160  24780.5  -1413.77  1439.11  2710.44
581  144  2025-06-14 19-53-29  2161.6  24801.2  -1414.63  1438.41  2709.88
582  144  2025-06-14 19-53-29  2163.2  24821.7  -1415.46  1437.72  2709.33
583  144  2025-06-14 19-53-29  2164.8  24842.2  -1416.29  1437.02  2708.78
584  144  2025-06-14 19-53-29  2166.4  24862.6  -1417.09  1436.31  2708.23
585  144  2025-06-14 19-53-29  2168  24883  -1417.88  1435.61  2707.68
586  144  2025-06-14 19-53-29  2169.6  24903.2  -1418.66  1434.91  2707.12
587  144  2025-06-14 19-53-29  2171.2  24923.4  -1419.42  1434.21  2706.57
588  144  2025-06-14 19-53-29  2172.8  24943.6  -1420.17  1433.5  2706.02
589  144  2025-06-14 19-53-29  2174.4  24963.7  -1420.9  1432.8  2705.47
590  144  2025-06-14 19-53-29  2176  24983.6  -1421.62  1432.09  2704.92
591  144  2025-06-14 19-53-29  2177.6  25003.6  -1422.33  1431.38  2704.36
592  144  2025-06-14 19-53-29  2179.2  25023.4  -1423.02  1430.68  2703.81
593  144  2025-06-14 19-53-29  2180.8  25043.2  -1423.69  1429.97  2703.26
594  144  2025-06-14 19-53-29  2182.4  25062.9  -1424.35  1429.27  2702.71
595  144  2025-06-14 19-53-29  2184  25082.6  -1425  1428.56  2702.16
596  144  2025-06-14 19-53-29  2185.6  25102.2  -1425.63  1427.86  2701.6
597  144  2025-06-14 19-53-29  2187.2  25121.7  -1426.25  1427.15  2701.05
598  144  2025-06-14 19-53-29  2188.8  25141.1  -1426.85  1426.45  2700.5
599  144  2025-06-14 19-53-29  2190.4  25160.5  -1427.44  1425.74  2699.95
600  144  2025-06-14 19-53-29  2192  25179.8  -1428.02  1425.04  2699.4
601  144  2025-06-14 19-53-29  2193.6  25199  -1428.58  1424.34  2698.84
602  144  2025-06-14 19-53-29  2195.2  25218.1  -1429.13  1423.64  2698.29
603  144  2025-06-14 19-53-29  2196.8  25237.2  -1429.67  1422.94  2697.74
604  144  2025-06-14 19-53-29  2198.4  25256.2  -1430.19  1422.24  2697.19
605  144  2025-06-14 19-53-29  2200  25275.2  -1430.7  1421.54  2696.64
606  144  2025-06-14 19-53-29  2201.6  25294.1  -1431.2  1420.85  2696.08
607  144  2025-06-14 19-53-29  2203.2  25312.9  -1431.68  1420.15  2695.53
608  144  2025-06-14 19-53-29  2204.8  25331.6  -1432.15  1419.46  2694.98
609  144  2025-06-14 19-53-29  2206.4  25350.3  -1432.61  1418.77  2694.43
610  144  2025-06-14 19-53-29  2208  25368.9  -1433.05  1418.08  2693.88
611  144  2025-06-14 19-53-29  2209.6  25387.4  -1433.48  1417.4  2693.32
612  144  2025-06-14 19-53-29  2211.2  25405.9  -1433.9  1416.71  2692.77
613  144  2025-06-14 19-53-29  2212.8  25424.3  -1434.31  1416.03  2692.22
614  144  2025-06-14 19-53-29  2214.4  25442.6  -1434.7  1415.35  2691.67
615  144  2025-06-14 19-53-29  2216  25460.9  -1435.08  1414.67  2691.11
616  144  2025-06-14 19-53-29  2217.6  25479.1  -1435.45  1413.99  2690.56
617  144  2025-06-14 19-53-29  2219.2  25497.2  -1435.81  1413.32  2690.01
618  144  2025-06-14 19-53-29  2220.8  25515.3  -1436.15  1412.65  2689.46
619  144  2025-06-14 19-53-29  2222.4  25533.3  -1436.48  1411.98  2688.91
620  144  2025-06-14 19-53-29  2224  25551.2  -1436.8  1411.32  2688.35
621  144  2025-06-14 19-53-29  2225.6  25569.1  -1437.11  1410.65  2687.8
622  144  2025-06-14 19-53-29  2227.2  25586.8  -1437.41  1409.99  2687.25
623  144  2025-06-14 19-53-29  2228.8  25604.6  -1437.69  1409.34  2686.7
624  144  2025-06-14 19-53-29  2230.4  25622.2  -1437.96  1408.68  2686.15
625  144  2025-06-14 19-53-29  2232  25639.8  -1438.22  1408.03  2685.59
626  144  2025-06-14 19-53-29  2233.6  25657.4  -1438.47  1407.38  2685.04
627  144  2025-06-14 19-53-29  2235.2  25674.9  -1438.71  1406.74  2684.49
628  144  2025-06-14 19-53-29  2236.8  25692.3  -1438.94  1406.1  2683.94
629  144  2025-06-14 19-53-29  2238.4  25709.6  -1439.15  1405.46  2683.39
630  144  2025-06-14 19-53-29  2240  25726.9  -1439.36  1404.82  2682.83
631  144  2025-06-14 19-53-29  2241.6  25744.1  -1439.55  1404.19  2682.28
632  144  2025-06-14 19-53-29  2243.2  25761.3  -1439.73  1403.56  2681.73
633  144  2025-06-14 19-53-29  2244.8  25778.4  -1439.9  1402.94  2681.18
634  144  2025-06-14 19-53-29  2246.4  25795.4  -1440.06  1402.31  2680.63
635  144  2025-06-14 19-53-29  2248  25812.4  -1440.21  1401.7  2680.07
636  144  2025-06-14 19-53-29  2249.6  25829.3  -1440.35  1401.08  2679.52
637  144  2025-06-14 19-53-29  2251.2  25846.1  -1440.48  1400.47  2678.97
638  144  2025-06-14 19-53-29  2252.8  25862.9  -1440.6  1399.86  2678.42
639  144  2025-06-14 19-53-29  2254.4  25879.6  -1440.7  1399.26  2677.87
640  144  2025-06-14 19-53-29  2256  25896.3  -1440.8  1398.66  2677.31
641  144  2025-06-14 19-53-29  2257.6  25912.9  -1440.89  1398.07  2676.76
642  144  2025-06-14 19-53-29  2259.2  25929.4  -1440.96  1397.47  2676.21
643  144  2025-06-14 19-53-29  2260.8  25945.9  -1441.03  1396.89  2675.66
644  144  2025-06-14 19-53-29  2262.4  25962.4  -1441.09  1396.3  2675.11
645  144  2025-06-14 19-53-29  2264  25978.7  -1441.13  1395.72  2674.55
646  144  2025-06-14 19-53-29  2265.6  25995  -1441.17  1395.15  2674
647  144  2025-06-14 19-53-29  2267.2  26011.3  -1441.19  1394.58  2673.45
648  144  2025-06-14 19-53-29  2268.8  26027.5  -1441.21  1394.01  2672.9
649  144  2025-06-14 19-53-29  2270.4  26043.6  -1441.21  1393.44  2672.35
650  144  2025-06-14 19-53-29  2272  26059.7  -1441.21  1392.88  2671.79
651  144  2025-06-14 19-53-29  2273.6  26075.8  -1441.2  1392.33  2671.24
652  144  2025-06-14 19-53-29  2275.2  26091.7  -1441.17  271.777  2670.69
653  144  2025-06-14 19-53-29  2276.8  26107.7  -1441.14  271.23  2670.14
654  144  2025-06-14 19-53-29  2278.4  26123.5  -1441.1  270.687  2669.59
655  144  2025-06-14 19-53-29  2280  26139.4  -1441.05  270.149  2669.03
656  144  2025-06-14 19-53-29  2281.6  26155.1  -1440.99  269.614  2668.48
657  144  2025-06-14 19-53-29  2283.2  26170.8  -1440.92  269.084  2667.93
658  144  2025-06-14 19-53-29  2284.8  26186.5  -1440.84  268.559  2667.38
659  144  2025-06-14 19-53-29  2286.4  26202.1  -1440.75  268.037  2666.83
660  144  2025-06-14 19-53-29  2288  26217.6  -1440.65  267.52  2666.27
661  144  2025-06-14 19-53-29  2289.6  26233.1  -1440.55  267.007  2665.72
662  144  2025-06-14 19-53-29  2291.2  26248.6  -1440.43  266.499  2665.17
663  144  2025-06-14 19-53-29  2292.8  26264  -1440.31  265.995  2664.62
664  144  2025-06-14 19-53-29  2294.4  26279.3  -1440.18  265.495  2664.07
665  144  2025-06-14 19-53-29  2296  26294.6  -1440.04  265  2663.51
666  144  2025-06-14 19-53-29  2297.6  26309.9  -1439.88  264.509  2662.96
667  144  2025-06-14 19-53-29  2299.2  26325.1  -1439.73  264.023  2662.41
668  144  2025-06-14 19-53-29  2300.8  26340.2  -1439.56  263.541  2661.86
669  144  2025-06-14 19-53-29  2302.4  26355.3  -1439.38  263.063  2661.31
670  144  2025-06-14 19-53-29  2304  26370.4  -1439.2  262.59  2660.75
671  144  2025-06-14 19-53-29  2305.6  26385.4  -1439  262.121  2660.2
672  144  2025-06-14 19-53-29  2307.2  26400.4  -1438.8  261.657  2659.65
673  144  2025-06-14 19-53-29  2308.8  26415.3  -1438.59  261.197  2659.1
674  144  2025-06-14 19-53-29  2310.4  26430.2  -1438.37  260.742  2658.55
675  144  2025-06-14 19-53-29  2312  26445  -1438.15  260.291  2657.99
676  144  2025-06-14 19-53-29  2313.6  26459.8  -1437.91  259.845  2657.44
677  144  2025-06-14 19-53-29  2315.2  26474.5  -1437.67  259.403  2656.89
678  144  2025-06-14 19-53-29  2316.8  26489.2  -1437.42  258.965  2656.34
679  144  2025-06-14 19-53-29  2318.4  26503.9  -1437.16  258.532  2655.79
680  144  2025-06-14 19-53-29  2320  26518.5  -1436.89  258.104  2655.23
681  144  2025-06-14 19-53-29  2321.6  26533  -1436.62  257.68  2654.68
682  144  2025-06-14 19-53-29  2323.2  26547.6  -1436.33  257.26  2654.13
683  144  2025-06-14 19-53-29  2324.8  26562  -1436.04  256.845  2653.58
684  144  2025-06-14 19-53-29  2326.4  26576.5  -1435.74  256.434  2653.03
685  144  2025-06-14 19-53-29  2328  26590.9  -1435.44  256.028  2652.47
686  144  2025-06-14 19-53-29  2329.6  26605.2  -1435.12  255.626  2651.92
687  144  2025-06-14 19-53-29  2331.2  26619.6  -1434.8  255.228  2651.37
688  144  2025-06-14 19-53-29  2332.8  26633.8  -1434.47  254.835  2650.82
689  144  2025-06-14 19-53-29  2334.4  26648.1  -1434.13  254.446  2650.27
690  144  2025-06-14 19-53-29  2336  26662.3  -1433.79  254.062  2649.71
691  144  2025-06-14 19-53-29  2337.6  26676.4  -1433.44  253.682  2649.16
692  144  2025-06-14 19-53-29  2339.2  26690.6  -1433.07  253.307  2648.61
693  144  2025-06-14 19-53-29  2340.8  26704.7  -1432.71  252.936  2648.06
694  144  2025-06-14 19-53-29  2342.4  26718.7  -1432.33  252.569  2647.51
695  144  2025-06-14 19-53-29  2344  26732.7  -1431.95  252.206  2646.95
696  144  2025-06-14 19-53-29  2345.6  26746.7  -1431.56  251.848  2646.4
697  144  2025-06-14 19-53-29  2347.2  26760.6  -1431.16  251.494  2645.85
698  144  2025-06-14 19-53-29  2348.8  26774.6  -1430.75  251.145  2645.3
699  144  2025-06-14 19-53-29  2350.4  26788.4  -1430.34  250.799  2644.75
700  144  2025-06-14 19-53-29  2352  26802.3  -1429.92  250.458  2644.19
701  144  2025-06-14 19-53-29  2353.6  26816.1  -1429.49  250.122  2643.64
702  144  2025-06-14 19-53-29  2355.2  26829.8  -1429.06  249.789  2643.09
703  144  2025-06-14 19-53-29  2356.8  26843.6  -1428.62  249.461  2642.54
704  144  2025-06-14 19-53-29  2358.4  26857.3  -1428.17  249.137  2641.99
705  144  2025-06-14 19-53-29  2360  26871  -1427.71  248.817  2641.43
706  144  2025-06-14 19-53-29  2361.6  26884.6  -1427.25  248.501  2640.88
707  144  2025-06-14 19-53-29  2363.2  26898.2  -1426.78  248.189  2640.33
708  144  2025-06-14 19-53-29  2364.8  26911.8  -1426.3  247.882  2639.78
709  144  2025-06-14 19-53-29  2366.4  26925.3  -1425.82  247.579  2639.23
710  144  2025-06-14 19-53-29  2368  26938.9  -1425.33  247.279  2638.67
711  144  2025-06-14 19-53-29  2369.6  26952.4  -1424.83  246.984  2638.12
712  144  2025-06-14 19-53-29  2371.2  26965.8  -1424.32  246.693  2637.57
713  144  2025-06-14 19-53-29  2372.8  26979.2  -1423.81  246.406  2637.02
714  144  2025-06-14 19-53-29  2374.4  26992.6  -1423.29  246.123  2636.47
715  144  2025-06-14 19-53-29  2376  27006  -1422.76  245.844  2635.91
716  144  2025-06-14 19-53-29  2377.6  27019.4  -1422.23  245.569  2635.36
717  144  2025-06-14 19-53-29  2379.2  27032.7  -1421.69  245.297  2634.81
718  144  2025-06-14 19-53-29  2380.8  27046  -1421.14  245.03  2634.26
719  144  2025-06-14 19-53-29  2382.4  27059.2  -1420.59  244.767  2633.71
720  144  2025-06-14 19-53-29  2384  27072.5  -1420.03  244.507  2633.15
721  144  2025-06-14 19-53-29  2385.6  27085.7  -1419.46  244.252  2632.6
722  144  2025-06-14 19-53-29  2387.2  27098.9  -1418.88  244  2632.05
723  144  2025-06-14 19-53-29  2388.8  27112  -1418.3  243.752  2631.5
724  144  2025-06-14 19-53-29  2390.4  27125.2  -1417.71  243.508  2630.95
725  144  2025-06-14 19-53-29  2392  27138.3  -1417.12  243.267  2630.39
726  144  2025-06-14 19-53-29  2393.6  27151.4  -1416.51  243.031  2629.84
727  144  2025-06-14 19-53-29  2395.2  27164.5  -1415.9  242.798  2629.29
728  144  2025-06-14 19-53-29  2396.8  27177.5  -1415.29  242.568  2628.74
729  144  2025-06-14 19-53-29  2398.4  27190.5  -1414.67  242.343  2628.19
730  144  2025-06-14 19-53-29  2400  27203.5  -1414.04  242.121  2627.63
731  144  2025-06-14 19-53-29  2401.6  27216.5  -1413.4  241.902  2627.08
732  144  2025-06-14 19-53-29  2403.2  27229.4  -1412.76  241.688  2626.53
733  144  2025-06-14 19-53-29  2404.8  27242.4  -1412.11  241.476  2625.98
734  144  2025-06-14 19-53-29  2406.4  27255.3  -1411.45  241.269  2625.43
735  144  2025-06-14 19-53-29  2408  27268.2  -1410.79  241.064  2624.87
736  144  2025-06-14 19-53-29  2409.6  27281  -1410.12  240.864  2624.32
737  144  2025-06-14 19-53-29  2411.2  27293.9  -1409.44  240.667  2623.77
738  144  2025-06-14 19-53-29  2412.8  27306.7  -1408.76  240.473  2623.22
739  144  2025-06-14 19-53-29  2414.4  27319.5  -1408.07  240.282  2622.67
740  144  2025-06-14 19-53-29  2416  27332.3  -1407.37  240.095  2622.11
741  144  2025-06-14 19-53-29  2417.6  27345.1  -1406.67  239.912  2621.56
742  144  2025-06-14 19-53-29  2419.2  27357.8  -1405.96  239.731  2621.01
743  144  2025-06-14 19-53-29  2420.8  27370.6  -1405.24  239.554  2620.46
744  144  2025-06-14 19-53-29  2422.4  27383.3  -1404.52  239.38  2619.91
745  144  2025-06-14 19-53-29  2424  27396  -1403.79  239.21  2619.35
746  144  2025-06-14 19-53-29  2425.6  27408.9  -1403  241.238  2616.15
747  144  2025-06-14 19-53-29  2427.2  27422  -1402.16  243.231  2612.98
748  144  2025-06-14 19-53-29  2428.8  27435.3  -1401.25  245.187  2609.84
749  144  2025-06-14 19-53-29  2430.4  27448.8  -1400.29  247.108  2606.73
750  144  2025-06-14 19-53-29  2432  27462.4  -1399.47  248.995  2617.13
751  144  2025-06-14 19-53-29  2433.6  27476.3  -1398.47  250.847  2605.79
752  144  2025-06-14 19-53-29  2435.2  27490.3  -1397.28  252.667  2594.52
753  144  2025-06-14 19-53-29  2436.8  27504.5  -1395.91  254.453  2583.34
754  144  2025-06-14 19-53-29  2438.4  27518.8  -1394.34  256.208  2572.25
755  144  2025-06-14 19-53-29  2440  27533.3  -1392.58  257.931  2561.25
756  144  2025-06-14 19-53-29  2441.6  27547.9  -270.63  259.623  2550.34
757  144  2025-06-14 19-53-29  2443.2  27562.7  -268.48  261.284  2539.52
758  144  2025-06-14 19-53-29  2444.8  27577.6  -266.132  262.916  2528.79
759  144  2025-06-14 19-53-29  2446.4  27592.6  -263.585  264.518  2518.15
760  144  2025-06-14 19-53-29  2448  27607.8  -260.836  266.092  2507.61
761  144  2025-06-14 19-53-29  2449.6  27623.1  -258.004  267.637  2504.24
762  144  2025-06-14 19-53-29  2451.2  27638.5  -254.969  269.154  2493.81
763  144  2025-06-14 19-53-29  2452.8  27654.1  -251.847  270.644  2490.44
764  144  2025-06-14 19-53-29  2454.4  27669.7  -248.521  1392.11  2480.13
765  144  2025-06-14 19-53-29  2456  27685.5  -245.106  1393.54  2476.76
766  144  2025-06-14 19-53-29  2457.6  27701.4  -241.485  1394.96  2466.57
767  144  2025-06-14 19-53-29  2459.2  27717.4  -237.774  1396.34  2463.19
768  144  2025-06-14 19-53-29  2460.8  27733.5  -233.855  1397.7  2453.13
769  144  2025-06-14 19-53-29  2462.4  27749.8  -229.871  1399.03  2451.19
770  144  2025-06-14 19-53-29  2464  27766.1  -225.678  1400.34  2441.25
771  144  2025-06-14 19-53-29  2465.6  27782.4  -221.277  1401.63  2431.41
772  144  2025-06-14 19-53-29  2467.2  27798.9  -216.782  1402.89  2428
773  144  2025-06-14 19-53-29  2468.8  27815.5  -212.079  1404.14  2418.29
774  144  2025-06-14 19-53-29  2470.4  27832.1  -207.28  1405.36  2414.88
775  144  2025-06-14 19-53-29  2472  27848.9  -202.386  1406.56  2411.49
776  144  2025-06-14 19-53-29  2473.6  27865.7  -197.284  1407.73  2401.96
777  144  2025-06-14 19-53-29  2475.2  27882.6  -192.086  1408.89  2398.58
778  144  2025-06-14 19-53-29  2476.8  27899.6  -186.793  1410.02  2395.22
779  144  2025-06-14 19-53-29  2478.4  27916.7  -181.292  1411.14  2385.87
780  144  2025-06-14 19-53-29  2480  27933.8  -175.695  1412.23  2382.52
781  144  2025-06-14 19-53-29  2481.6  27951  -170.002  1413.31  2379.19
782  144  2025-06-14 19-53-29  2483.2  27968.3  -164.103  1414.36  2370.03
783  144  2025-06-14 19-53-29  2484.8  27985.6  -158.107  1415.4  2366.71
784  144  2025-06-14 19-53-29  2486.4  28003  -152.016  1416.42  2363.41
785  144  2025-06-14 19-53-29  2488  28020.5  -145.721  1417.42  2354.44
786  144  2025-06-14 19-53-29  2489.6  28038  -139.329  1418.4  2351.14
787  144  2025-06-14 19-53-29  2491.2  28055.5  -132.842  1419.36  2347.88
788  144  2025-06-14 19-53-29  2492.8  28073.2  -14.2597  1420.31  2344.65
789  144  2025-06-14 19-53-29  2494.4  28090.9  -7.59542  1421.24  2342.09
790  144  2025-06-14 19-53-29  2496  28108.6  -0.730586  1422.15  2333.4
791  144  2025-06-14 19-53-29  2497.6  28126.4  6.22874  1423.05  2330.2
792  144  2025-06-14 19-53-29  2499.2  28144.3  13.2819  1423.93  2327.03
793  144  2025-06-14 19-53-29  2500.8  28162.2  132.428  1424.79  2323.88
794  144  2025-06-14 19-53-29  2502.4  28180.1  139.771  1425.64  2315.44
795  144  2025-06-14 19-53-29  2504  28198.1  147.208  1426.48  2312.3
796  144  2025-06-14 19-53-29  2505.6  28216.1  154.737  1427.3  2309.19
797  144  2025-06-14 19-53-29  2507.2  28234.2  162.358  1428.1  2306.1
798  144  2025-06-14 19-53-29  2508.8  28252.3  170.07  1428.89  2303.04
799  144  2025-06-14 19-53-29  2510.4  28270.4  177.872  1429.66  2300.01
800  144  2025-06-14 19-53-29  2512  28288.6  185.764  1430.43  2297
801  144  2025-06-14 19-53-29  2513.6  28306.9  193.746  1431.17  2294.02
802  144  2025-06-14 19-53-29  2515.2  28325.2  201.816  1431.91  2291.07
803  144  2025-06-14 19-53-29  2516.8  28343.5  209.973  1432.63  2288.14
804  144  2025-06-14 19-53-29  2518.4  28361.9  218.218  1433.34  2285.24
805  144  2025-06-14 19-53-29  2520  28380.3  226.548  1434.03  2282.37
806  144  2025-06-14 19-53-29  2521.6  28398.7  234.964  1434.72  2279.52
807  144  2025-06-14 19-53-29  2523.2  28417.2  243.465  1435.39  2276.69
808  144  2025-06-14 19-53-29  2524.8  140436  252.051  1436.04  2273.89
809  144  2025-06-14 19-53-29  2526.4  140454  260.719  1436.69  2271.12
810  144  2025-06-14 19-53-29  2528  140473  269.47  1437.33  2268.37
811  144  2025-06-14 19-53-29  2529.6  140491  1398.3  1437.95  2265.64
812  144  2025-06-14 19-53-29  2531.2  140510  1407.22  1438.56  2262.94
813  144  2025-06-14 19-53-29  2532.8  140529  1416.21  1439.16  2260.26
814  144  2025-06-14 19-53-29  2534.4  140547  1425.29  1439.75  2257.61
815  144  2025-06-14 19-53-29  2536  140566  1434.44  1440.33  2254.98
816  144  2025-06-14 19-53-29  2537.6  140585  1443.67  1440.9  2252.37
817  144  2025-06-14 19-53-29  2539.2  140604  1452.98  1441.46  2249.79
818  144  2025-06-14 19-53-29  2540.8  140622  1462.37  1442.01  2247.23
819  144  2025-06-14 19-53-29  2542.4  140641  1471.83  1442.55  2244.7
820  144  2025-06-14 19-53-29  2544  140660  1481.37  1443.08  2242.18
821  144  2025-06-14 19-53-29  2545.6  140679  1490.98  1443.6  2239.69
822  144  2025-06-14 19-53-29  2547.2  140698  1500.67  1444.11  2237.22
823  144  2025-06-14 19-53-29  2548.8  140717  1510.43  1444.61  2234.78
824  144  2025-06-14 19-53-29  2550.4  140736  1520.26  1445.11  2232.33
825  144  2025-06-14 19-53-29  2552  140754  1530.17  1445.59  2229.89
826  144  2025-06-14 19-53-29  2553.6  140773  1540.15  1446.07  2227.45
827  144  2025-06-14 19-53-29  2555.2  140792  1550.2  1446.53  2225.02
828  144  2025-06-14 19-53-29  2556.8  140811  1560.32  1446.99  2222.58
829  144  2025-06-14 19-53-29  2558.4  140830  1570.51  1447.44  2220.15
830  144  2025-06-14 19-53-29  2560  140849  1580.78  1447.88  2217.72
831  144  2025-06-14 19-53-29  2561.6  140868  1591.12  1448.32  2215.3
832  144  2025-06-14 19-53-29  2563.2  140887  1601.52  1448.74  2212.88
833  144  2025-06-14 19-53-29  2564.8  140906  1612  1449.16  2210.46
834  144  2025-06-14 19-53-29  2566.4  140925  1622.55  1449.57  2208.04
835  144  2025-06-14 19-53-29  2568  140944  1633.16  1449.97  2205.62
836  144  2025-06-14 19-53-29  2569.6  140963  1643.85  1450.37  2203.21
837  144  2025-06-14 19-53-29  2571.2  140983  1654.61  1450.76  2200.8
838  144  2025-06-14 19-53-29  2572.8  141002  1665.43  1451.14  2198.39
839  144  2025-06-14 19-53-29  2574.4  141021  1676.32  1451.52  2195.99
840  144  2025-06-14 19-53-29  2576  141040  1687.29  1451.88  2193.59
841  144  2025-06-14 19-53-29  2577.6  141059  1698.31  1452.25  2191.19
842  144  2025-06-14 19-53-29  2579.2  141078  1709.41  1452.6  2188.79
843  144  2025-06-14 19-53-29  2580.8  141097  1720.58  1452.95  2186.4
844  144  2025-06-14 19-53-29  2582.4  141116  1731.81  1453.29  2184.01
845  144  2025-06-14 19-53-29  2584  141135  1743.1  1453.63  2181.62
846  144  2025-06-14 19-53-29  2585.6  141154  1754.47  1453.96  2179.23
847  144  2025-06-14 19-53-29  2587.2  141173  1765.9  1454.28  2176.85
848  144  2025-06-14 19-53-29  2588.8  141192  1777.4  1454.6  2174.47
849  144  2025-06-14 19-53-29  2590.4  141211  1788.96  1454.92  2172.09
850  144  2025-06-14 19-53-29  2592  141230  1800.59  1455.22  2169.71
851  144  2025-06-14 19-53-29  2593.6  141249  1812.28  1455.53  2167.34
852  144  2025-06-14 19-53-29  2595.2  141268  1824.04  1455.82  2164.97
853  144  2025-06-14 19-53-29  2596.8  141287  1835.86  1456.11  2162.6
854  144  2025-06-14 19-53-29  2598.4  141306  1847.75  1456.4  2160.24
855  144  2025-06-14 19-53-29  2600  141326  1859.7  1456.68  2157.88
856  144  2025-06-14 19-53-29  2601.6  141345  1871.71  1456.95  2155.52
857  144  2025-06-14 19-53-29  2603.2  141364  1883.79  1457.23  2153.16
858  144  2025-06-14 19-53-29  2604.8  141383  1895.93  1457.49  2150.8
859  144  2025-06-14 19-53-29  2606.4  141402  1908.13  1457.75  2148.45
860  144  2025-06-14 19-53-29  2608  141421  1920.4  1458.01  2146.1
861  144  2025-06-14 19-53-29  2609.6  141440  1932.73  1458.26  2143.76
862  144  2025-06-14 19-53-29  2611.2  141458  1945.12  1458.51  2141.41
863  144  2025-06-14 19-53-29  2612.8  141477  1957.57  1458.75  2139.07
864  144  2025-06-14 19-53-29  2614.4  141496  1970.08  1458.99  2136.73
865  144  2025-06-14 19-53-29  2616  141515  1982.65  1459.22  2134.4
866  144  2025-06-14 19-53-29  2617.6  141534  1995.29  1459.45  2132.06
867  144  2025-06-14 19-53-29  2619.2  141553  2007.99  1459.68  2129.73
868  144  2025-06-14 19-53-29  2620.8  141572  2020.74  1459.9  2127.4
869  144  2025-06-14 19-53-29  2622.4  141591  2033.56  1460.12  2125.08
870  144  2025-06-14 19-53-29  2624  141610  2046.43  1460.33  2122.75
871  144  2025-06-14 19-53-29  2625.6  141629  2059.37  1460.54  2120.43
872  144  2025-06-14 19-53-29  2627.2  141647  2072.37  1460.75  2118.12
873  144  2025-06-14 19-53-29  2628.8  141666  2085.42  1460.95  2115.8
874  144  2025-06-14 19-53-29  2630.4  141685  2098.53  1461.15  2113.49
875  144  2025-06-14 19-53-29  2632  141704  2111.7  1461.34  2111.18
876  144  2025-06-14 19-53-29  2633.6  141723  2124.93  1461.53  2108.87
877  144  2025-06-14 19-53-29  2635.2  141741  2138.22  1461.72  2106.57
878  144  2025-06-14 19-53-29  2636.8  141760  2151.57  1461.91  2104.27
879  144  2025-06-14 19-53-29  2638.4  141779  2164.97  1462.09  2101.97
880  144  2025-06-14 19-53-29  2640  141797  2178.43  1462.27  2099.67
881  144  2025-06-14 19-53-29  2641.6  141816  2191.95  1462.44  2097.38
882  144  2025-06-14 19-53-29  2643.2  141835  2205.52  1462.61  2095.08
883  144  2025-06-14 19-53-29  2644.8  141853  2219.15  1462.78  2092.8
884  144  2025-06-14 19-53-29  2646.4  141872  2232.84  1462.95  2090.51
885  144  2025-06-14 19-53-29  2648  141890  2246.58  1463.11  2088.23
886  144  2025-06-14 19-53-29  2649.6  141909  2260.38  1463.27  2085.94
887  144  2025-06-14 19-53-29  2651.2  141928  2274.23  1463.43  2083.67
888  144  2025-06-14 19-53-29  2652.8  141946  2288.14  1463.58  2081.39
889  144  2025-06-14 19-53-29  2654.4  141965  2302.1  1463.73  2079.12
890  144  2025-06-14 19-53-29  2656  141983  2316.12  1463.88  2076.85
891  144  2025-06-14 19-53-29  2657.6  142001  2330.2  1464.03  2074.58
892  144  2025-06-14 19-53-29  2659.2  142020  2344.32  1464.17  2072.31
893  144  2025-06-14 19-53-29  2660.8  142038  2358.51  1464.31  2070.05
894  144  2025-06-14 19-53-29  2662.4  142057  2372.74  1464.45  2067.79
895  144  2025-06-14 19-53-29  2664  142075  2387.03  1464.59  2065.53
896  144  2025-06-14 19-53-29  2665.6  142093  2401.37  1464.72  2063.28
897  144  2025-06-14 19-53-29  2667.2  142112  2415.77  1464.85  2061.03
898  144  2025-06-14 19-53-29  2668.8  142130  2430.21  1464.98  2058.78
899  144  2025-06-14 19-53-29  2670.4  142148  2444.72  1465.11  2056.53
900  144  2025-06-14 19-53-29  2672  142166  2459.27  1465.23  2054.29
901  144  2025-06-14 19-53-29  2673.6  142185  2473.87  1465.35  2052.05
902  144  2025-06-14 19-53-29  2675.2  142203  2488.53  1465.47  2049.81
903  144  2025-06-14 19-53-29  2676.8  142221  2503.24  1465.59  2047.57
904  144  2025-06-14 19-53-29  2678.4  142239  2518  1465.7  2045.34
905  144  2025-06-14 19-53-29  2680  142257  2532.81  1465.82  2043.11
906  144  2025-06-14 19-53-29  2681.6  142275  2547.67  1465.93  2040.88
907  144  2025-06-14 19-53-29  2683.2  142293  2562.59  1466.04  2038.65
908  144  2025-06-14 19-53-29  2684.8  142311  2577.55  1466.15  2036.43
909  144  2025-06-14 19-53-29  2686.4  142329  2592.56  1466.25  2034.21
910  144  2025-06-14 19-53-29  2688  142347  2607.63  1466.35  2031.99
911  144  2025-06-14 19-53-29  2689.6  142365  2622.74  1466.46  2029.78
912  144  2025-06-14 19-53-29  2691.2  142383  2637.91  1466.56  2027.56
913  144  2025-06-14 19-53-29  2692.8  142401  2653.12  1466.65  2025.35
914  144  2025-06-14 19-53-29  2694.4  142419  2668.38  1466.75  2023.15
915  144  2025-06-14 19-53-29  2696  142437  2683.69  1466.84  2020.94
916  144  2025-06-14 19-53-29  2697.6  142454  2699.05  1466.94  2018.74
917  144  2025-06-14 19-53-29  2699.2  142472  2714.46  1467.03  2016.54
918  144  2025-06-14 19-53-29  2700.8  142490  2729.92  1467.12  2014.34
919  144  2025-06-14 19-53-29  2702.4  142507  2745.42  1467.2  2012.15
920  144  2025-06-14 19-53-29  2704  142525  2760.98  1467.29  2009.96
921  144  2025-06-14 19-53-29  2705.6  142543  2776.58  1467.38  2007.77
922  144  2025-06-14 19-53-29  2707.2  142560  2792.23  1467.46  2005.58
923  144  2025-06-14 19-53-29  2708.8  142578  2807.92  1467.54  2003.4
924  144  2025-06-14 19-53-29  2710.4  142595  2823.67  1467.62  2001.22
925  144  2025-06-14 19-53-29  2712  142613  14039.5  1467.7  1999.04
926  144  2025-06-14 19-53-29  2713.6  142630  14055.3  1467.78  1996.86
927  144  2025-06-14 19-53-29  2715.2  142648  14071.2  1467.85  1994.69
928  144  2025-06-14 19-53-29  2716.8  142665  14087.1  1467.93  1992.52
929  144  2025-06-14 19-53-29  2718.4  142683  14103.1  1468  1990.35
930  144  2025-06-14 19-53-29  2720  142700  14119.1  1468.07  1988.19
931  144  2025-06-14 19-53-29  2721.6  142717  14135.2  1468.14  1986.02
932  144  2025-06-14 19-53-29  2723.2  142735  14151.3  1468.21  1983.86
933  144  2025-06-14 19-53-29  2724.8  142752  14167.4  1468.28  1981.71
934  144  2025-06-14 19-53-29  2726.4  142769  14183.6  1468.35  1979.55
935  144  2025-06-14 19-53-29  2728  142786  14199.9  1468.41  1977.4
936  144  2025-06-14 19-53-29  2729.6  142803  14216.2  1468.48  1975.25
937  144  2025-06-14 19-53-29  2731.2  142820  14232.5  1468.54  1973.1
938  144  2025-06-14 19-53-29  2732.8  142837  14248.9  1468.6  1970.96
939  144  2025-06-14 19-53-29  2734.4  142854  14265.3  1468.66  1968.82
940  144  2025-06-14 19-53-29  2736  142871  14281.8  1468.72  1966.68
941  144  2025-06-14 19-53-29  2737.6  142888  14298.3  1468.78  1964.54
942  144  2025-06-14 19-53-29  2739.2  142905  14314.9  1468.84  1962.41
943  144  2025-06-14 19-53-29  2740.8  142922  14331.5  1468.9  1960.28
944  144  2025-06-14 19-53-29  2742.4  142939  14348.1  1468.95  1958.15
945  144  2025-06-14 19-53-29  2744  142956  14364.8  1469.01  1956.02
946  144  2025-06-14 19-53-29  2745.6  142973  14381.5  1469.06  1953.9
947  144  2025-06-14 19-53-29  2747.2  142990  14398.3  1469.12  1951.78
948  144  2025-06-14 19-53-29  2748.8  143006  14415.1  1469.17  1949.66
949  144  2025-06-14 19-53-29  2750.4  143023  14432  1469.22  1947.55
950  144  2025-06-14 19-53-29  2752  143040  14448.8  1469.27  1945.43
951  144  2025-06-14 19-53-29  2753.6  143056  14465.8  1469.32  1943.32
952  144  2025-06-14 19-53-29  2755.2  143073  14482.8  1469.37  1941.22
953  144  2025-06-14 19-53-29  2756.8  143089  14499.8  1469.41  1939.11
954  144  2025-06-14 19-53-29  2758.4  143106  14516.9  1469.46  1937.01
955  144  2025-06-14 19-53-29  2760  143122  14534  1469.51  1934.91
956  144  2025-06-14 19-53-29  2761.6  143139  14551.1  1469.55  1932.81
957  144  2025-06-14 19-53-29  2763.2  143155  14568.3  1469.59  1930.72
958  144  2025-06-14 19-53-29  2764.8  143172  14585.5  1469.64  1928.63
959  144  2025-06-14 19-53-29  2766.4  143188  14602.8  1469.68  1926.54
960  144  2025-06-14 19-53-29  2768  143204  14620.1  1469.72  1924.45
961  144  2025-06-14 19-53-29  2769.6  143221  14637.4  1469.76  1922.37
962  144  2025-06-14 19-53-29  2771.2  143237  14654.8  1469.8  1920.29
963  144  2025-06-14 19-53-29  2772.8  143253  14672.2  1469.84  1918.21
964  144  2025-06-14 19-53-29  2774.4  143269  14689.7  1469.88  1916.13
965  144  2025-06-14 19-53-29  2776  143285  14707.2  1469.92  1914.06
966  144  2025-06-14 19-53-29  2777.6  143301  14724.8  1469.96  1911.99
967  144  2025-06-14 19-53-29  2779.2  143317  14742.3  1469.99  1909.92
968  144  2025-06-14 19-53-29  2780.8  143333  14760  1470.03  1907.86
969  144  2025-06-14 19-53-29  2782.4  143349  14777.6  1470.06  1905.79
970  144  2025-06-14 19-53-29  2784  143365  14795.3  1470.1  1903.73
971  144  2025-06-14 19-53-29  2785.6  143381  14813.1  1470.13  1901.68
972  144  2025-06-14 19-53-29  2787.2  143397  14830.8  1470.17  1899.62
973  144  2025-06-14 19-53-29  2788.8  143413  14848.7  1470.2  1897.57
974  144  2025-06-14 19-53-29  2790.4  143429  14866.5  1470.23  1895.52
975  144  2025-06-14 19-53-29  2792  143444  14884.4  1470.26  1893.47
976  144  2025-06-14 19-53-29  2793.6  143460  14902.3  1470.3  1891.43
977  144  2025-06-14 19-53-29  2795.2  143476  14920.3  1470.33  1889.39
978  144  2025-06-14 19-53-29  2796.8  143491  14938.3  1470.36  1887.35
979  144  2025-06-14 19-53-29  2798.4  143507  14956.3  1470.39  1885.31
980  144  2025-06-14 19-53-29  2800  143522  14974.4  1470.42  1883.28
981  144  2025-06-14 19-53-29  2801.6  143538  14992.5  1470.44  1881.25
982  144  2025-06-14 19-53-29  2803.2  143553  15010.6  1470.47  1879.22
983  144  2025-06-14 19-53-29  2804.8  143569  15028.8  1470.5  1877.19
984  144  2025-06-14 19-53-29  2806.4  143584  15047.1  1470.53  1875.17
985  144  2025-06-14 19-53-29  2808  143600  15065.3  1470.55  1873.15
986  144  2025-06-14 19-53-29  2809.6  143615  15083.6  1470.58  1871.13
987  144  2025-06-14 19-53-29  2811.2  143630  15101.9  1470.6  1869.11
988  144  2025-06-14 19-53-29  2812.8  143645  15120.3  1470.63  1867.1
989  144  2025-06-14 19-53-29  2814.4  143661  15138.7  1470.65  1865.09
990  144  2025-06-14 19-53-29  2816  143676  15157.1  1470.68  1863.08
991  144  2025-06-14 19-53-29  2817.6  143691  15175.6  1470.7  1861.08
992  144  2025-06-14 19-53-29  2819.2  143706  15194.1  1470.73  1859.08
993  144  2025-06-14 19-53-29  2820.8  143721  15212.6  1470.75  1857.08
994  144  2025-06-14 19-53-29  2822.4  143736  15231.2  1470.77  1855.08
995  144  2025-06-14 19-53-29  2824  143751  15249.8  1470.79  1853.08
996  144  2025-06-14 19-53-29  2825.6  143766  15268.4  1470.81  1851.09
997  144  2025-06-14 19-53-29  2827.2  143781  15287.1  1470.84  1849.1
998  144  2025-06-14 19-53-29  2828.8  143796  15305.8  1470.86  1847.12
999  144  2025-06-14 19-53-29  2830.4  143810  15324.6  1470.88  1845.13
1000  144  2025-06-14 19-53-29  14032  143825  15343.3  1470.9  1843.15
1001  144  2025-06-14 19-53-29  14033.6  143840  15362.1  1470.92  1841.17
1002  144  2025-06-14 19-53-29  14035.2  143855  15381  1470.94  1839.2
1003  144  2025-06-14 19-53-29  14036.8  143869  15399.9  1470.96  1837.22
1004  144  2025-06-14 19-53-29  14038.4  143884  15418.8  1470.97  1835.25
1005  144  2025-06-14 19-53-29  14040  143899  15437.4  1470.99  1851.25
1006  144  2025-06-14 19-53-29  14041.6  143914  15455.8  1471.01  1867.25
1007  144  2025-06-14 19-53-29  14043.2  143930  15473.9  1471.03  1883.25
1008  144  2025-06-14 19-53-29  14044.8  143946  15491.8  1471.05  1899.25
1009  144  2025-06-14 19-53-29  14046.4  143962  15509.3  1471.06  1915.25
1010  144  2025-06-14 19-53-29  14048  143978  15526.6  1471.07  1931.25
1011  144  2025-06-14 19-53-29  14049.6  143995  15543.6  1471.07  1947.25
1012  144  2025-06-14 19-53-29  14051.2  144012  15560.3  1471.07  1963.25
1013  144  2025-06-14 19-53-29  14052.8  144030  15576.7  1471.06  1979.25
1014  144  2025-06-14 19-53-29  14054.4  144047  15592.8  1471.03  1995.25
1015  144  2025-06-14 19-53-29  14056  144065  15608.6  1471  2011.25
1016  144  2025-06-14 19-53-29  14057.6  144084  15624  1470.96  2027.25
1017  144  2025-06-14 19-53-29  14059.2  144102  15639.2  1470.91  2043.25
