SN    USVID    CurTime    simTime    CurX    CurY    CurVel      CurYaw   
0  160  2025-06-14 00-27-43  0  2440  -14512  192  2672
1  160  2025-06-14 00-27-43  1.6  2448.01  -14512  192.058  2672
2  160  2025-06-14 00-27-43  3.2  2456.02  -14512  192.115  2672
3  160  2025-06-14 00-27-43  4.8  2464.03  -14512  192.173  2672
4  160  2025-06-14 00-27-43  6.4  2472.06  -14512  192.23  2672
5  160  2025-06-14 00-27-43  8  2480.09  -14512  192.288  2672
6  160  2025-06-14 00-27-43  9.6  2488.12  -14512  192.345  2672
7  160  2025-06-14 00-27-43  11.2  2496.16  -14512  192.403  2672
8  160  2025-06-14 00-27-43  12.8  2504.21  -14512  192.46  2672
9  160  2025-06-14 00-27-43  14.4  2512.26  -14512  192.518  2672
10  160  2025-06-14 00-27-43  128  2520.32  -14512  192.576  2672
11  160  2025-06-14 00-27-43  129.6  2528.38  -14512  192.633  2672
12  160  2025-06-14 00-27-43  131.2  2536.45  -14512  192.691  2672
13  160  2025-06-14 00-27-43  132.8  2544.52  -14512  192.748  2672
14  160  2025-06-14 00-27-43  134.4  2552.6  -14512  192.806  2672
15  160  2025-06-14 00-27-43  136  2560.69  -14512  192.863  2672
16  160  2025-06-14 00-27-43  137.6  2568.78  -14512  192.921  2672
17  160  2025-06-14 00-27-43  139.2  2576.88  -14512  192.978  2672
18  160  2025-06-14 00-27-43  140.8  2584.98  -14512  193.036  2672
19  160  2025-06-14 00-27-43  142.4  2593.09  -14512  193.094  2672
20  160  2025-06-14 00-27-43  144  2601.21  -14512  193.151  2672
21  160  2025-06-14 00-27-43  145.6  2609.33  -14512  193.209  2672
22  160  2025-06-14 00-27-43  147.2  2617.46  -14512  193.266  2672
23  160  2025-06-14 00-27-43  148.8  2625.59  -14512  193.324  2672
24  160  2025-06-14 00-27-43  150.4  2633.73  -14512  193.381  2672
25  160  2025-06-14 00-27-43  152  2641.87  -14512  193.439  2672
26  160  2025-06-14 00-27-43  153.6  2650.02  -14512  193.496  2672
27  160  2025-06-14 00-27-43  155.2  2658.18  -14512  193.554  2672
28  160  2025-06-14 00-27-43  156.8  2666.34  -14512  193.612  2672
29  160  2025-06-14 00-27-43  158.4  2674.5  -14512  193.669  2672
30  160  2025-06-14 00-27-43  160  2682.68  -14512  193.727  2672
31  160  2025-06-14 00-27-43  161.6  2690.85  -14512  193.784  2672
32  160  2025-06-14 00-27-43  163.2  2699.04  -14512  193.842  2672
33  160  2025-06-14 00-27-43  164.8  2707.23  -14512  193.899  2672
34  160  2025-06-14 00-27-43  166.4  2715.42  -14512  193.957  2672
35  160  2025-06-14 00-27-43  168  2723.63  -14512  194.014  2672
36  160  2025-06-14 00-27-43  169.6  2731.83  -14512  194.072  2672
37  160  2025-06-14 00-27-43  171.2  2740.05  -14512  194.13  2672
38  160  2025-06-14 00-27-43  172.8  2748.26  -14512  194.187  2672
39  160  2025-06-14 00-27-43  174.4  2756.49  -14512  194.245  2672
40  160  2025-06-14 00-27-43  176  2764.72  -14512  194.302  2672
41  160  2025-06-14 00-27-43  177.6  2772.96  -14512  194.36  2672
42  160  2025-06-14 00-27-43  179.2  2781.2  -14512  194.417  2672
43  160  2025-06-14 00-27-43  180.8  2789.44  -14512  194.475  2672
44  160  2025-06-14 00-27-43  182.4  2797.7  -14512  194.532  2672
45  160  2025-06-14 00-27-43  184  2805.96  -14512  194.59  2672
46  160  2025-06-14 00-27-43  185.6  2814.22  -14512  194.648  2672
47  160  2025-06-14 00-27-43  187.2  2822.49  -14512  194.705  2672
48  160  2025-06-14 00-27-43  188.8  2830.77  -14512  194.763  2672
49  160  2025-06-14 00-27-43  190.4  14039.1  -14512  194.82  2672
50  160  2025-06-14 00-27-43  192  14047.3  -14512  194.878  2672
51  160  2025-06-14 00-27-43  193.6  14055.6  -14512  194.935  2672
52  160  2025-06-14 00-27-43  195.2  14063.9  -14512  194.993  2672
53  160  2025-06-14 00-27-43  196.8  14072.2  -14512  195.05  2672
54  160  2025-06-14 00-27-43  198.4  14080.5  -14512  195.108  2672
55  160  2025-06-14 00-27-43  200  14088.9  -14512  195.166  2672
56  160  2025-06-14 00-27-43  201.6  14097.2  -14512  195.223  2672
57  160  2025-06-14 00-27-43  203.2  14105.5  -14512  195.281  2672
58  160  2025-06-14 00-27-43  204.8  14113.8  -14512  195.338  2672
59  160  2025-06-14 00-27-43  206.4  14122.2  -14512  195.396  2672
60  160  2025-06-14 00-27-43  208  14130.5  -14512  195.453  2672
61  160  2025-06-14 00-27-43  209.6  14138.9  -14512  195.511  2672
62  160  2025-06-14 00-27-43  211.2  14147.2  -14512  195.568  2672
63  160  2025-06-14 00-27-43  212.8  14155.6  -14512  195.626  2672
64  160  2025-06-14 00-27-43  214.4  14164  -14512  195.684  2672
65  160  2025-06-14 00-27-43  216  14172.3  -14512  195.741  2672
66  160  2025-06-14 00-27-43  217.6  14180.7  -14512  195.799  2672
67  160  2025-06-14 00-27-43  219.2  14189.1  -14512  195.856  2672
68  160  2025-06-14 00-27-43  220.8  14197.5  -14512  195.914  2672
69  160  2025-06-14 00-27-43  222.4  14205.9  -14512  195.971  2672
70  160  2025-06-14 00-27-43  224  14214.3  -14512  196.029  2672
71  160  2025-06-14 00-27-43  225.6  14222.7  -14512  196.086  2672
72  160  2025-06-14 00-27-43  227.2  14231.1  -14512  196.144  2672
73  160  2025-06-14 00-27-43  228.8  14239.5  -14512  196.202  2672
74  160  2025-06-14 00-27-43  230.4  14248  -14512  196.259  2672
75  160  2025-06-14 00-27-43  232  14256.4  -14512  196.317  2672
76  160  2025-06-14 00-27-43  233.6  14264.8  -14512  196.374  2672
77  160  2025-06-14 00-27-43  235.2  14273.3  -14512  196.432  2672
78  160  2025-06-14 00-27-43  236.8  14281.7  -14512  196.489  2672
79  160  2025-06-14 00-27-43  238.4  14290.2  -14512  196.547  2672
80  160  2025-06-14 00-27-43  240  14298.6  -14512  196.604  2672
81  160  2025-06-14 00-27-43  241.6  14307.1  -14512  196.662  2672
82  160  2025-06-14 00-27-43  243.2  14315.6  -14512  196.72  2672
83  160  2025-06-14 00-27-43  244.8  14324.1  -14512  196.777  2672
84  160  2025-06-14 00-27-43  246.4  14332.5  -14512  196.835  2672
85  160  2025-06-14 00-27-43  248  14341  -14512  196.892  2672
86  160  2025-06-14 00-27-43  249.6  14349.5  -14512  196.95  2672
87  160  2025-06-14 00-27-43  251.2  14358  -14512  197.007  2672
88  160  2025-06-14 00-27-43  252.8  14366.5  -14512  197.065  2672
89  160  2025-06-14 00-27-43  254.4  14375.1  -14512  197.122  2672
90  160  2025-06-14 00-27-43  256  14383.6  -14512  197.18  2672
91  160  2025-06-14 00-27-43  257.6  14392.1  -14512  197.238  2672
92  160  2025-06-14 00-27-43  259.2  14400.6  -14512  197.295  2672
93  160  2025-06-14 00-27-43  260.8  14409.2  -14512  197.353  2672
94  160  2025-06-14 00-27-43  262.4  14417.7  -14512  197.41  2672
95  160  2025-06-14 00-27-43  264  14426.2  -14512  197.468  2672
96  160  2025-06-14 00-27-43  265.6  14434.8  -14512  197.525  2672
97  160  2025-06-14 00-27-43  267.2  14443.4  -14512  197.583  2672
98  160  2025-06-14 00-27-43  268.8  14451.9  -14512  197.641  2672
99  160  2025-06-14 00-27-43  270.4  14460.5  -14512  197.698  2672
100  160  2025-06-14 00-27-43  1392  14469.1  -14512  197.756  2672
101  160  2025-06-14 00-27-43  1393.6  14477.6  -14512  197.813  2672
102  160  2025-06-14 00-27-43  1395.2  14486.2  -14512  197.871  2672
103  160  2025-06-14 00-27-43  1396.8  14494.8  -14512  197.928  2672
104  160  2025-06-14 00-27-43  1398.4  14503.4  -14512  197.986  2672
105  160  2025-06-14 00-27-43  1400  14512  -14512  198.043  2672
106  160  2025-06-14 00-27-43  1401.6  14520.6  -14512  198.101  2672
107  160  2025-06-14 00-27-43  1403.2  14529.3  -14512  198.159  2672
108  160  2025-06-14 00-27-43  1404.8  14537.9  -14512  198.216  2672
109  160  2025-06-14 00-27-43  1406.4  14546.5  -14512  198.274  2672
110  160  2025-06-14 00-27-43  1408  14555.1  -14512  198.331  2672
111  160  2025-06-14 00-27-43  1409.6  14563.8  -14512  198.389  2672
112  160  2025-06-14 00-27-43  1411.2  14572.4  -14512  198.446  2672
113  160  2025-06-14 00-27-43  1412.8  14581.1  -14512  198.504  2672
114  160  2025-06-14 00-27-43  1414.4  14590  -14511.9  201.265  2661.18
115  160  2025-06-14 00-27-43  1416  14598.9  -14511.8  201.322  2661.07
116  160  2025-06-14 00-27-43  1417.6  14607.9  -14511.7  201.38  2660.96
117  160  2025-06-14 00-27-43  1419.2  14616.8  -14511.6  201.437  2660.86
118  160  2025-06-14 00-27-43  1420.8  14625.8  -14511.5  201.495  2660.75
119  160  2025-06-14 00-27-43  1422.4  14634.7  -14511.4  201.552  2660.64
120  160  2025-06-14 00-27-43  1424  14643.9  -14511.1  204.258  2649.96
121  160  2025-06-14 00-27-43  1425.6  14653.2  -14510.9  204.316  2649.75
122  160  2025-06-14 00-27-43  1427.2  14662.4  -14510.7  204.374  2649.54
123  160  2025-06-14 00-27-43  1428.8  14671.6  -14510.5  204.431  2649.33
124  160  2025-06-14 00-27-43  1430.4  14680.9  -14510.2  204.489  2649.12
125  160  2025-06-14 00-27-43  1432  14690.1  -14510  204.546  2648.91
126  160  2025-06-14 00-27-43  1433.6  14699.7  -14509.6  207.198  2638.38
127  160  2025-06-14 00-27-43  1435.2  14709.2  -14509.3  207.256  2638.07
128  160  2025-06-14 00-27-43  1436.8  14718.7  -14508.9  207.313  2637.76
129  160  2025-06-14 00-27-43  1438.4  14728.2  -14508.6  207.371  2637.44
130  160  2025-06-14 00-27-43  1440  14737.8  -14508.2  207.429  2637.13
131  160  2025-06-14 00-27-43  1441.6  14747.3  -14507.8  207.486  2636.82
132  160  2025-06-14 00-27-43  1443.2  14757.1  -14507.4  210.085  2626.46
133  160  2025-06-14 00-27-43  1444.8  14766.9  -14506.9  210.143  2626.05
134  160  2025-06-14 00-27-43  1446.4  14776.7  -14506.4  210.2  2625.63
135  160  2025-06-14 00-27-43  1448  14786.5  -14505.9  210.258  2625.22
136  160  2025-06-14 00-27-43  1449.6  14796.3  -14505.4  210.316  2624.81
137  160  2025-06-14 00-27-43  1451.2  14806.4  -14504.7  212.864  2614.61
138  160  2025-06-14 00-27-43  1452.8  14816.5  -14504.1  212.922  2614.1
139  160  2025-06-14 00-27-43  1454.4  14826.6  -14503.4  212.979  2613.59
140  160  2025-06-14 00-27-43  1456  14836.6  -14502.8  213.037  2613.08
141  160  2025-06-14 00-27-43  1457.6  14846.7  -14502.1  213.094  2612.57
142  160  2025-06-14 00-27-43  1459.2  14856.8  -14501.5  213.152  2612.06
143  160  2025-06-14 00-27-43  1460.8  14867.2  -14500.7  215.649  2602.05
144  160  2025-06-14 00-27-43  1462.4  14877.5  -14499.9  215.707  2601.44
145  160  2025-06-14 00-27-43  1464  14887.8  -14499.1  215.764  2600.84
146  160  2025-06-14 00-27-43  1465.6  14898.2  -14498.3  215.822  2600.24
147  160  2025-06-14 00-27-43  1467.2  14908.5  -14497.5  215.879  2599.63
148  160  2025-06-14 00-27-43  1468.8  14919.1  -14496.5  218.328  2589.79
149  160  2025-06-14 00-27-43  1470.4  14929.7  -14495.5  218.385  2589.1
150  160  2025-06-14 00-27-43  1472  14940.3  -14494.6  218.443  2588.4
151  160  2025-06-14 00-27-43  1473.6  14950.9  -14493.6  218.5  2587.71
152  160  2025-06-14 00-27-43  1475.2  14961.5  -14492.6  218.558  2587.01
153  160  2025-06-14 00-27-43  1476.8  14972.2  -14491.6  218.615  2586.32
154  160  2025-06-14 00-27-43  1478.4  14983  -14490.5  221.014  2576.68
155  160  2025-06-14 00-27-43  1480  14993.9  -14489.3  221.072  2575.89
156  160  2025-06-14 00-27-43  1481.6  15004.7  -14488.2  221.13  2575.11
157  160  2025-06-14 00-27-43  1483.2  15015.6  -14487  221.187  2574.32
158  160  2025-06-14 00-27-43  1484.8  15026.4  -14485.9  221.245  2573.54
159  160  2025-06-14 00-27-43  1486.4  15037.5  -14484.6  223.596  2564.09
160  160  2025-06-14 00-27-43  1488  15048.6  -14483.2  223.654  2563.22
161  160  2025-06-14 00-27-43  1489.6  15059.7  -14481.9  223.712  2562.35
162  160  2025-06-14 00-27-43  1491.2  15070.8  -14480.6  223.769  2561.48
163  160  2025-06-14 00-27-43  1492.8  15081.9  -14479.2  223.827  2560.61
164  160  2025-06-14 00-27-43  1494.4  15093.2  -14477.7  226.132  2551.35
165  160  2025-06-14 00-27-43  1496  15104.5  -14476.2  226.19  2550.4
166  160  2025-06-14 00-27-43  1497.6  15115.8  -14474.7  226.247  2549.45
167  160  2025-06-14 00-27-43  1499.2  15127.2  -14473.1  226.305  2548.49
168  160  2025-06-14 00-27-43  1500.8  15138.5  -14471.6  226.362  2547.54
169  160  2025-06-14 00-27-43  1502.4  15150  -14469.9  228.622  2538.48
170  160  2025-06-14 00-27-43  1504  15161.6  -14468.2  228.68  2537.45
171  160  2025-06-14 00-27-43  1505.6  15173.1  -14466.5  228.737  2536.42
172  160  2025-06-14 00-27-43  1507.2  15184.7  -14464.7  228.795  2535.38
173  160  2025-06-14 00-27-43  1508.8  15196.2  -14463  228.852  2534.35
174  160  2025-06-14 00-27-43  1510.4  15208  -14461.1  231.067  2525.5
175  160  2025-06-14 00-27-43  1512  15219.7  -14459.2  231.125  2524.39
176  160  2025-06-14 00-27-43  1513.6  15231.5  -14457.3  231.182  2523.28
177  160  2025-06-14 00-27-43  1515.2  15243.3  -14455.3  231.24  2522.16
178  160  2025-06-14 00-27-43  1516.8  15255  -14453.4  231.297  2521.05
179  160  2025-06-14 00-27-43  1518.4  15267  -14451.3  233.468  2512.41
180  160  2025-06-14 00-27-43  1520  15279  -14449.1  233.526  2511.23
181  160  2025-06-14 00-27-43  1521.6  15290.9  -14447  233.584  2510.04
182  160  2025-06-14 00-27-43  1523.2  15302.9  -14444.8  233.641  2508.86
183  160  2025-06-14 00-27-43  1524.8  15315.1  -14442.5  235.77  2500.4
184  160  2025-06-14 00-27-43  1526.4  15327.2  -14440.2  235.827  2499.14
185  160  2025-06-14 00-27-43  1528  15339.4  -14437.9  235.885  2497.89
186  160  2025-06-14 00-27-43  1529.6  15351.6  -14435.5  235.943  2496.63
187  160  2025-06-14 00-27-43  1531.2  15363.7  -14433.1  236  2495.37
188  160  2025-06-14 00-27-43  1532.8  15376.1  -14430.6  238.087  2487.14
189  160  2025-06-14 00-27-43  1534.4  15388.4  -14428.1  238.144  2485.81
190  160  2025-06-14 00-27-43  1536  15400.8  -14425.5  238.202  2484.49
191  160  2025-06-14 00-27-43  1537.6  15413.2  -14422.9  238.259  2483.16
192  160  2025-06-14 00-27-43  1539.2  15425.7  -14420.2  240.305  2475.12
193  160  2025-06-14 00-27-43  1540.8  15438.2  -14417.4  240.363  2473.73
194  160  2025-06-14 00-27-43  1542.4  15450.8  -14414.7  240.42  2472.34
195  160  2025-06-14 00-27-43  1544  15463.3  -14411.9  240.478  2470.94
196  160  2025-06-14 00-27-43  1545.6  15475.8  -14409.1  240.535  2469.55
197  160  2025-06-14 00-27-43  1547.2  15488.6  -14406.1  242.54  2461.74
198  160  2025-06-14 00-27-43  1548.8  15501.3  -14403.1  242.598  2460.29
199  160  2025-06-14 00-27-43  1550.4  15514  -14400.1  242.655  2458.83
200  160  2025-06-14 00-27-43  1552  15526.7  -14397.1  242.713  2457.37
201  160  2025-06-14 00-27-43  1553.6  15539.6  -14393.9  244.678  2449.77
202  160  2025-06-14 00-27-43  1555.2  15552.5  -14390.7  244.736  2448.25
203  160  2025-06-14 00-27-43  1556.8  15565.3  -14387.4  244.793  2446.73
204  160  2025-06-14 00-27-43  1558.4  15578.2  -14384.2  244.851  2445.22
205  160  2025-06-14 00-27-43  1560  15591.1  -14380.9  244.909  2443.7
206  160  2025-06-14 00-27-43  1561.6  15604.1  -14377.5  246.835  2436.33
207  160  2025-06-14 00-27-43  1563.2  15617.2  -14374  246.892  2434.76
208  160  2025-06-14 00-27-43  1564.8  15630.2  -14370.5  246.95  2433.18
209  160  2025-06-14 00-27-43  1566.4  15643.3  -14367  247.007  2431.61
210  160  2025-06-14 00-27-43  1568  15656.5  -14363.4  248.896  2424.44
211  160  2025-06-14 00-27-43  1569.6  15669.6  -14359.7  248.953  2422.81
212  160  2025-06-14 00-27-43  1571.2  15682.8  -14356  249.011  2421.18
213  160  2025-06-14 00-27-43  1572.8  15696  -14352.3  249.069  2419.55
214  160  2025-06-14 00-27-43  1574.4  15709.2  -14348.5  249.126  2417.92
215  160  2025-06-14 00-27-43  1576  15722.4  -14344.8  249.184  2416.29
216  160  2025-06-14 00-27-43  1577.6  15735.6  -14341  249.241  2414.66
217  160  2025-06-14 00-27-43  1579.2  15748.8  -14337.1  249.299  2413.03
218  160  2025-06-14 00-27-43  1580.8  15762  -14333.3  249.356  2411.4
219  160  2025-06-14 00-27-43  1582.4  15775.1  -14329.4  249.414  2409.77
220  160  2025-06-14 00-27-43  1584  15788.3  -14325.5  249.471  2408.14
221  160  2025-06-14 00-27-43  1585.6  15801.5  -14321.6  249.529  2406.51
222  160  2025-06-14 00-27-43  1587.2  15814.7  -14317.6  249.587  2404.88
223  160  2025-06-14 00-27-43  1588.8  15827.9  -14313.6  249.644  2403.25
224  160  2025-06-14 00-27-43  1590.4  15841  -14309.6  249.702  2401.62
225  160  2025-06-14 00-27-43  1592  15854.2  -14305.6  249.759  2399.99
226  160  2025-06-14 00-27-43  1593.6  15867.4  -14301.6  249.817  2398.36
227  160  2025-06-14 00-27-43  1595.2  15880.6  -14297.5  249.874  2396.73
228  160  2025-06-14 00-27-43  1596.8  15893.7  -14293.4  249.932  2395.1
229  160  2025-06-14 00-27-43  1598.4  15906.9  -14289.2  249.989  2393.47
230  160  2025-06-14 00-27-43  1600  15920.1  -14285.1  250.047  2391.84
231  160  2025-06-14 00-27-43  1601.6  15933.2  -14280.9  250.105  2390.21
232  160  2025-06-14 00-27-43  1603.2  15946.4  -14276.7  250.162  2388.58
233  160  2025-06-14 00-27-43  1604.8  15959.5  -14272.5  250.22  2386.95
234  160  2025-06-14 00-27-43  1606.4  15972.7  -14268.2  250.277  2385.32
235  160  2025-06-14 00-27-43  1608  15985.9  -14264  250.335  2383.68
236  160  2025-06-14 00-27-43  1609.6  15999  -14259.6  250.392  2382.05
237  160  2025-06-14 00-27-43  1611.2  16012.2  -14255.3  250.45  2380.42
238  160  2025-06-14 00-27-43  1612.8  16025.3  -14251  250.507  2378.79
239  160  2025-06-14 00-27-43  1614.4  16038.5  -14246.6  250.565  2377.16
240  160  2025-06-14 00-27-43  1616  16051.6  -14242.2  250.623  2375.53
241  160  2025-06-14 00-27-43  1617.6  16064.7  -14237.7  250.68  2373.9
242  160  2025-06-14 00-27-43  1619.2  16077.9  -14233.3  250.738  2372.27
243  160  2025-06-14 00-27-43  1620.8  16091  -14228.8  250.795  2370.64
244  160  2025-06-14 00-27-43  1622.4  16104.1  -14224.3  250.853  2369.01
245  160  2025-06-14 00-27-43  1624  16117.3  -14219.8  250.91  2367.38
246  160  2025-06-14 00-27-43  1625.6  16130.4  -14215.2  250.968  2365.75
247  160  2025-06-14 00-27-43  1627.2  16143.5  -14210.6  251.025  2364.12
248  160  2025-06-14 00-27-43  1628.8  16156.7  -14206  251.083  2362.49
249  160  2025-06-14 00-27-43  1630.4  16169.8  -14201.4  251.141  2360.86
250  160  2025-06-14 00-27-43  1632  16182.9  -14196.7  251.198  2359.23
251  160  2025-06-14 00-27-43  1633.6  16196  -14192.1  251.256  2357.6
252  160  2025-06-14 00-27-43  1635.2  16209.1  -14187.3  251.313  2355.97
253  160  2025-06-14 00-27-43  1636.8  16222.2  -14182.6  251.371  2354.34
254  160  2025-06-14 00-27-43  1638.4  16235.3  -14177.9  251.428  2352.71
255  160  2025-06-14 00-27-43  1640  16248.4  -14173.1  251.486  2351.08
256  160  2025-06-14 00-27-43  1641.6  16261.5  -14168.3  251.543  2349.45
257  160  2025-06-14 00-27-43  1643.2  16274.6  -14163.4  251.601  2347.82
258  160  2025-06-14 00-27-43  1644.8  16287.7  -14158.6  251.659  2346.19
259  160  2025-06-14 00-27-43  1646.4  16300.8  -14153.7  251.716  2344.56
260  160  2025-06-14 00-27-43  1648  16313.9  -14148.8  251.774  2342.93
261  160  2025-06-14 00-27-43  1649.6  16327  -14143.8  251.831  2341.3
262  160  2025-06-14 00-27-43  1651.2  16340.1  -14138.9  251.889  2339.66
263  160  2025-06-14 00-27-43  1652.8  16353.1  -14133.9  251.946  2338.03
264  160  2025-06-14 00-27-43  1654.4  16366.2  -14128.9  252.004  2336.4
265  160  2025-06-14 00-27-43  1656  16379.3  -14123.8  252.061  2334.77
266  160  2025-06-14 00-27-43  1657.6  16392.3  -14118.8  252.119  2333.14
267  160  2025-06-14 00-27-43  1659.2  16405.4  -14113.7  252.177  2331.51
268  160  2025-06-14 00-27-43  1660.8  16418.5  -14108.6  252.234  2329.88
269  160  2025-06-14 00-27-43  1662.4  16431.5  -14103.4  252.292  2328.25
270  160  2025-06-14 00-27-43  1664  16444.6  -14098.3  252.349  2326.62
271  160  2025-06-14 00-27-43  1665.6  16457.6  -14093.1  252.407  2324.99
272  160  2025-06-14 00-27-43  1667.2  16470.7  -14087.9  252.464  2323.36
273  160  2025-06-14 00-27-43  1668.8  16483.7  -14082.6  252.522  2321.73
274  160  2025-06-14 00-27-43  1670.4  16496.7  -14077.4  252.579  2320.1
275  160  2025-06-14 00-27-43  1672  16509.8  -14072.1  252.637  2318.47
276  160  2025-06-14 00-27-43  1673.6  16522.8  -14066.8  252.695  2316.84
277  160  2025-06-14 00-27-43  1675.2  16535.8  -14061.4  252.752  2315.21
278  160  2025-06-14 00-27-43  1676.8  16548.8  -14056.1  252.81  2313.58
279  160  2025-06-14 00-27-43  1678.4  16561.8  -14050.7  252.867  2311.95
280  160  2025-06-14 00-27-43  1680  16574.9  -14045.2  252.925  2310.32
281  160  2025-06-14 00-27-43  1681.6  16587.9  -14039.8  252.982  2308.69
282  160  2025-06-14 00-27-43  1683.2  16600.9  -14034.3  253.04  2307.06
283  160  2025-06-14 00-27-43  1684.8  16613.9  -2828.85  253.097  2305.43
284  160  2025-06-14 00-27-43  1686.4  16626.9  -2823.33  253.155  2303.8
285  160  2025-06-14 00-27-43  1688  16639.8  -2817.78  253.213  2302.17
286  160  2025-06-14 00-27-43  1689.6  16652.8  -2812.21  253.27  2300.54
287  160  2025-06-14 00-27-43  1691.2  16665.8  -2806.62  253.328  2298.91
288  160  2025-06-14 00-27-43  1692.8  16678.8  -2801  253.385  2297.28
289  160  2025-06-14 00-27-43  1694.4  16691.7  -2795.36  253.443  2295.64
290  160  2025-06-14 00-27-43  1696  16704.7  -2789.69  253.5  2294.01
291  160  2025-06-14 00-27-43  1697.6  16717.7  -2783.99  253.558  2292.38
292  160  2025-06-14 00-27-43  1699.2  16730.6  -2778.27  253.615  2290.75
293  160  2025-06-14 00-27-43  1700.8  16743.6  -2772.52  253.673  2289.12
294  160  2025-06-14 00-27-43  1702.4  16756.5  -2766.75  253.731  2287.49
295  160  2025-06-14 00-27-43  1704  16769.5  -2760.95  253.788  2285.86
296  160  2025-06-14 00-27-43  1705.6  16782.4  -2755.13  253.846  2284.23
297  160  2025-06-14 00-27-43  1707.2  16795.3  -2749.28  253.903  2282.6
298  160  2025-06-14 00-27-43  1708.8  16808.2  -2743.41  253.961  2280.97
299  160  2025-06-14 00-27-43  1710.4  16821.2  -2737.51  254.018  2279.34
300  160  2025-06-14 00-27-43  1712  16834.1  -2731.59  254.076  2277.71
301  160  2025-06-14 00-27-43  1713.6  16847  -2725.64  254.133  2276.08
302  160  2025-06-14 00-27-43  1715.2  16860  -2719.56  255.894  2272.66
303  160  2025-06-14 00-27-43  1716.8  16873.2  -2713.37  257.622  2269.31
304  160  2025-06-14 00-27-43  1718.4  16886.5  -2707.06  259.32  2266.01
305  160  2025-06-14 00-27-43  1720  16900  -2700.63  260.987  2262.77
306  160  2025-06-14 00-27-43  1721.6  16913.4  -2694.17  261.044  2261.08
307  160  2025-06-14 00-27-43  1723.2  16926.8  -2687.68  261.102  2259.38
308  160  2025-06-14 00-27-43  1724.8  16940.2  -2681.17  261.159  2257.68
309  160  2025-06-14 00-27-43  1726.4  16953.6  -2674.62  261.217  2255.99
310  160  2025-06-14 00-27-43  1728  16967.1  -2668.06  261.275  2254.29
311  160  2025-06-14 00-27-43  1729.6  16980.4  -2661.46  261.332  2252.59
312  160  2025-06-14 00-27-43  1731.2  16993.8  -2654.84  261.39  2250.9
313  160  2025-06-14 00-27-43  1732.8  17007.2  -2648.19  261.447  2249.2
314  160  2025-06-14 00-27-43  1734.4  17020.6  -2641.51  261.505  2247.51
315  160  2025-06-14 00-27-43  1736  17034  -2634.8  261.562  2245.81
316  160  2025-06-14 00-27-43  1737.6  17047.3  -2628.07  261.62  2244.11
317  160  2025-06-14 00-27-43  1739.2  17060.7  -2621.31  261.677  2242.42
318  160  2025-06-14 00-27-43  1740.8  17074  -2614.52  261.735  2240.72
319  160  2025-06-14 00-27-43  1742.4  17087.4  -2607.71  261.793  2239.02
320  160  2025-06-14 00-27-43  1744  17100.7  -2600.87  261.85  2237.33
321  160  2025-06-14 00-27-43  1745.6  17114  -2594  261.908  2235.63
322  160  2025-06-14 00-27-43  1747.2  17127.3  -2587.1  261.965  2233.93
323  160  2025-06-14 00-27-43  1748.8  17140.7  -2580.18  262.023  2232.24
324  160  2025-06-14 00-27-43  1750.4  17154  -2573.22  262.08  2230.54
325  160  2025-06-14 00-27-43  1752  17167.2  -2566.25  262.138  2228.84
326  160  2025-06-14 00-27-43  1753.6  17180.5  -2559.24  262.195  2227.15
327  160  2025-06-14 00-27-43  1755.2  17193.8  -2552.21  262.253  2225.45
328  160  2025-06-14 00-27-43  1756.8  17207.1  -2545.15  262.311  2223.75
329  160  2025-06-14 00-27-43  1758.4  17220.3  -2538.06  262.368  2222.06
330  160  2025-06-14 00-27-43  1760  17233.6  -2530.95  262.426  2220.36
331  160  2025-06-14 00-27-43  1761.6  17246.8  -2523.8  262.483  2218.66
332  160  2025-06-14 00-27-43  1763.2  17260.1  -2516.63  262.541  2216.97
333  160  2025-06-14 00-27-43  1764.8  17273.3  -2509.44  262.598  2215.27
334  160  2025-06-14 00-27-43  1766.4  17286.5  -2502.21  262.656  2213.57
335  160  2025-06-14 00-27-43  1768  17299.7  -2494.96  262.713  2211.88
336  160  2025-06-14 00-27-43  1769.6  17312.9  -2487.68  262.771  2210.18
337  160  2025-06-14 00-27-43  1771.2  17326.1  -2480.38  262.829  2208.48
338  160  2025-06-14 00-27-43  1772.8  17339.3  -2473.05  262.886  2206.79
339  160  2025-06-14 00-27-43  1774.4  17352.5  -2465.69  262.944  2205.09
340  160  2025-06-14 00-27-43  1776  17365.7  -2458.3  263.001  2203.39
341  160  2025-06-14 00-27-43  1777.6  17378.8  -2450.89  263.059  2201.7
342  160  2025-06-14 00-27-43  1779.2  17392  -2443.44  263.116  2200
343  160  2025-06-14 00-27-43  1780.8  17405.1  -2435.98  263.174  2198.3
344  160  2025-06-14 00-27-43  1782.4  17418.3  -2428.48  263.231  2196.61
345  160  2025-06-14 00-27-43  1784  17431.4  -2420.96  263.289  2194.91
346  160  2025-06-14 00-27-43  1785.6  17444.5  -2413.41  263.347  2193.21
347  160  2025-06-14 00-27-43  1787.2  17457.6  -2405.83  263.404  2191.52
348  160  2025-06-14 00-27-43  1788.8  17470.7  -2398.23  263.462  2189.82
349  160  2025-06-14 00-27-43  1790.4  17483.8  -2390.59  263.519  2188.12
350  160  2025-06-14 00-27-43  1792  17496.9  -2382.94  263.577  2186.43
351  160  2025-06-14 00-27-43  1793.6  17510  -2375.25  263.634  2184.73
352  160  2025-06-14 00-27-43  1795.2  17523  -2367.54  263.692  2183.03
353  160  2025-06-14 00-27-43  1796.8  17536.1  -2359.8  263.749  2181.34
354  160  2025-06-14 00-27-43  1798.4  17549.1  -2352.03  263.807  2179.64
355  160  2025-06-14 00-27-43  1800  17562.2  -2344.24  263.865  2177.94
356  160  2025-06-14 00-27-43  1801.6  17575.2  -2336.42  263.922  2176.25
357  160  2025-06-14 00-27-43  1803.2  17588.2  -2328.57  263.98  2174.55
358  160  2025-06-14 00-27-43  1804.8  17601.2  -2320.69  264.037  2172.85
359  160  2025-06-14 00-27-43  1806.4  17614.2  -2312.79  264.095  2171.16
360  160  2025-06-14 00-27-43  1808  17627.2  -2304.86  264.152  2169.46
361  160  2025-06-14 00-27-43  1809.6  17640.2  -2296.91  264.21  2167.77
362  160  2025-06-14 00-27-43  1811.2  17653.1  -2288.92  264.267  2166.07
363  160  2025-06-14 00-27-43  1812.8  17666.1  -2280.91  264.325  2164.37
364  160  2025-06-14 00-27-43  1814.4  17679  -2272.87  264.383  2162.68
365  160  2025-06-14 00-27-43  1816  17692  -2264.81  264.44  2160.98
366  160  2025-06-14 00-27-43  1817.6  17704.9  -2256.72  264.498  2159.28
367  160  2025-06-14 00-27-43  1819.2  17717.8  -2248.6  264.555  2157.59
368  160  2025-06-14 00-27-43  1820.8  17730.7  -2240.46  264.613  2155.89
369  160  2025-06-14 00-27-43  1822.4  17743.6  -2232.28  264.67  2154.19
370  160  2025-06-14 00-27-43  1824  17756.5  -2224.08  264.728  2152.5
371  160  2025-06-14 00-27-43  1825.6  17769.4  -2215.86  264.785  2150.8
372  160  2025-06-14 00-27-43  1827.2  17782.2  -2207.61  264.843  2149.1
373  160  2025-06-14 00-27-43  1828.8  17795.1  -2199.33  264.901  2147.41
374  160  2025-06-14 00-27-43  1830.4  17807.9  -2191.02  264.958  2145.71
375  160  2025-06-14 00-27-43  1832  17820.8  -2182.69  265.016  2144.01
376  160  2025-06-14 00-27-43  1833.6  17833.5  -2174.36  264.459  2142.32
377  160  2025-06-14 00-27-43  1835.2  17846.2  -2166.04  263.912  2140.62
378  160  2025-06-14 00-27-43  1836.8  17859.1  -2157.61  265.497  2139.3
379  160  2025-06-14 00-27-43  1838.4  17871.8  -2149.19  264.933  2137.61
380  160  2025-06-14 00-27-43  1840  17884.5  -2140.78  264.38  2135.91
381  160  2025-06-14 00-27-43  1841.6  17897.2  -2132.38  263.837  2134.22
382  160  2025-06-14 00-27-43  1843.2  17909.8  -2123.98  263.305  2132.53
383  160  2025-06-14 00-27-43  1844.8  17922.3  -2115.58  262.783  2130.83
384  160  2025-06-14 00-27-43  1846.4  17934.8  -2107.2  262.272  2129.14
385  160  2025-06-14 00-27-43  1848  17947.2  -2098.81  261.769  2127.45
386  160  2025-06-14 00-27-43  1849.6  17959.5  -2090.44  261.277  2125.76
387  160  2025-06-14 00-27-43  1851.2  17971.8  -2082.06  260.794  2124.06
388  160  2025-06-14 00-27-43  1852.8  17984.1  -2073.69  260.321  2122.37
389  160  2025-06-14 00-27-43  1854.4  17996.3  -2065.33  259.856  2120.68
390  160  2025-06-14 00-27-43  1856  18008.4  -2056.97  259.401  2118.98
391  160  2025-06-14 00-27-43  1857.6  18020.5  -2048.61  258.955  2117.29
392  160  2025-06-14 00-27-43  1859.2  18032.5  -2040.25  258.517  2115.6
393  160  2025-06-14 00-27-43  1860.8  18044.5  -2031.9  258.088  2113.91
394  160  2025-06-14 00-27-43  1862.4  18056.4  -2023.54  257.667  2112.21
395  160  2025-06-14 00-27-43  1864  18068.3  -2015.19  257.255  2110.52
396  160  2025-06-14 00-27-43  1865.6  18080.2  -2006.84  256.85  2108.83
397  160  2025-06-14 00-27-43  1867.2  18092  -1998.5  256.454  2107.13
398  160  2025-06-14 00-27-43  1868.8  18103.7  -1990.15  256.065  2105.44
399  160  2025-06-14 00-27-43  1870.4  18115.4  -1981.8  255.685  2103.75
400  160  2025-06-14 00-27-43  1872  18127  -1973.45  255.311  2102.06
401  160  2025-06-14 00-27-43  1873.6  18138.7  -1965.11  254.946  2100.36
402  160  2025-06-14 00-27-43  1875.2  18150.2  -1956.76  254.587  2098.67
403  160  2025-06-14 00-27-43  1876.8  18161.7  -1948.41  254.236  2096.98
404  160  2025-06-14 00-27-43  1878.4  18173.2  -1940.06  253.891  2095.28
405  160  2025-06-14 00-27-43  1880  18184.6  -1931.71  253.554  2093.59
406  160  2025-06-14 00-27-43  1881.6  18196  -1923.36  253.224  2091.9
407  160  2025-06-14 00-27-43  1883.2  18207.4  -1915.01  252.9  2090.21
408  160  2025-06-14 00-27-43  1884.8  18218.7  -1906.65  252.582  2088.51
409  160  2025-06-14 00-27-43  1886.4  18229.9  -1898.29  252.272  2086.82
410  160  2025-06-14 00-27-43  1888  18241.2  -1889.93  251.967  2085.13
411  160  2025-06-14 00-27-43  1889.6  18252.3  -1881.57  251.669  2083.43
412  160  2025-06-14 00-27-43  1891.2  18263.5  -1873.2  251.377  2081.74
413  160  2025-06-14 00-27-43  1892.8  18274.6  -1864.83  251.09  2080.05
414  160  2025-06-14 00-27-43  1894.4  18285.7  -1856.46  250.81  2078.36
415  160  2025-06-14 00-27-43  1896  18296.7  -1848.08  250.536  2076.66
416  160  2025-06-14 00-27-43  1897.6  18307.7  -1839.7  250.267  2074.97
417  160  2025-06-14 00-27-43  1899.2  18318.7  -1831.31  250.004  2073.28
418  160  2025-06-14 00-27-43  1900.8  18329.6  -1822.92  249.746  2071.58
419  160  2025-06-14 00-27-43  1902.4  18340.5  -1814.53  249.494  2069.89
420  160  2025-06-14 00-27-43  1904  18351.3  -1806.13  249.247  2068.2
421  160  2025-06-14 00-27-43  1905.6  18362.1  -1797.72  249.005  2066.51
422  160  2025-06-14 00-27-43  1907.2  18372.9  -1789.31  248.768  2064.81
423  160  2025-06-14 00-27-43  1908.8  18383.7  -1780.89  248.537  2063.12
424  160  2025-06-14 00-27-43  1910.4  18394.4  -1772.47  248.31  2061.43
425  160  2025-06-14 00-27-43  1912  18405.1  -1764.04  248.088  2059.73
426  160  2025-06-14 00-27-43  1913.6  18415.7  -1755.61  247.871  2058.04
427  160  2025-06-14 00-27-43  1915.2  18426.4  -1747.17  247.658  2056.35
428  160  2025-06-14 00-27-43  1916.8  18436.9  -1738.72  247.45  2054.66
429  160  2025-06-14 00-27-43  1918.4  18447.5  -1730.27  247.247  2052.96
430  160  2025-06-14 00-27-43  1920  18458  -1721.8  247.048  2051.27
431  160  2025-06-14 00-27-43  1921.6  18468.5  -1713.34  246.853  2049.58
432  160  2025-06-14 00-27-43  1923.2  18479  -1704.86  246.662  2047.88
433  160  2025-06-14 00-27-43  1924.8  18489.4  -1696.38  246.476  2046.19
434  160  2025-06-14 00-27-43  1926.4  18499.8  -1687.89  246.294  2044.5
435  160  2025-06-14 00-27-43  1928  18510.2  -1679.39  246.116  2042.81
436  160  2025-06-14 00-27-43  1929.6  18520.5  -1670.88  245.941  2041.11
437  160  2025-06-14 00-27-43  1931.2  18530.9  -1662.36  245.771  2039.42
438  160  2025-06-14 00-27-43  1932.8  18541.2  -1653.84  245.605  2037.73
439  160  2025-06-14 00-27-43  1934.4  18551.4  -1645.31  245.442  2036.03
440  160  2025-06-14 00-27-43  1936  18561.6  -1636.77  245.283  2034.34
441  160  2025-06-14 00-27-43  1937.6  18571.8  -1628.22  245.127  2032.65
442  160  2025-06-14 00-27-43  1939.2  18582  -1619.66  244.975  2030.96
443  160  2025-06-14 00-27-43  1940.8  18592.2  -1611.09  244.826  2029.26
444  160  2025-06-14 00-27-43  1942.4  18602.3  -1602.51  244.681  2027.57
445  160  2025-06-14 00-27-43  1944  18612.4  -1593.92  244.539  2025.88
446  160  2025-06-14 00-27-43  1945.6  18622.5  -1585.33  244.401  2024.18
447  160  2025-06-14 00-27-43  1947.2  18632.5  -1576.72  244.265  2022.49
448  160  2025-06-14 00-27-43  1948.8  18642.5  -1568.11  244.133  2020.8
449  160  2025-06-14 00-27-43  1950.4  18652.5  -1559.48  244.004  2019.11
450  160  2025-06-14 00-27-43  1952  18662.5  -1550.84  243.878  2017.41
451  160  2025-06-14 00-27-43  1953.6  18672.4  -1542.2  243.755  2015.72
452  160  2025-06-14 00-27-43  1955.2  18682.3  -1533.54  243.635  2014.03
453  160  2025-06-14 00-27-43  1956.8  18692.2  -1524.87  243.517  2012.33
454  160  2025-06-14 00-27-43  1958.4  18702.1  -1516.19  243.403  2010.64
455  160  2025-06-14 00-27-43  1960  18711.9  -1507.5  243.291  2008.95
456  160  2025-06-14 00-27-43  1961.6  18721.8  -1498.8  243.182  2007.26
457  160  2025-06-14 00-27-43  1963.2  18731.5  -1490.09  243.075  2005.56
458  160  2025-06-14 00-27-43  1964.8  18741.3  -1481.37  242.972  2003.87
459  160  2025-06-14 00-27-43  1966.4  18751.1  -1472.63  242.87  2002.18
460  160  2025-06-14 00-27-43  1968  18760.8  -1463.89  242.771  2000.48
461  160  2025-06-14 00-27-43  1969.6  18770.5  -1455.13  242.675  1998.79
462  160  2025-06-14 00-27-43  1971.2  18780.2  -1446.36  242.581  1997.1
463  160  2025-06-14 00-27-43  1972.8  18789.8  -1437.58  242.49  1995.41
464  160  2025-06-14 00-27-43  1974.4  18799.4  -1428.79  242.4  1993.71
465  160  2025-06-14 00-27-43  1976  18809.1  -1419.99  242.313  1992.02
466  160  2025-06-14 00-27-43  1977.6  18818.6  -1411.17  242.228  1990.33
467  160  2025-06-14 00-27-43  1979.2  18828.3  -1402.18  244.203  1986.27
468  160  2025-06-14 00-27-43  1980.8  18838.1  -1393.01  246.142  1982.19
469  160  2025-06-14 00-27-43  1982.4  18848  -263.671  248.046  1978.11
470  160  2025-06-14 00-27-43  1984  18858  -254.155  249.915  1974.01
471  160  2025-06-14 00-27-43  1985.6  18868.1  -244.468  251.751  1969.9
472  160  2025-06-14 00-27-43  1987.2  18878.2  -234.61  253.555  1965.77
473  160  2025-06-14 00-27-43  1988.8  18888.5  -224.583  255.325  1961.64
474  160  2025-06-14 00-27-43  1990.4  18898.8  -214.387  257.064  1957.49
475  160  2025-06-14 00-27-43  1992  18909.2  -204.024  258.772  1953.33
476  160  2025-06-14 00-27-43  1993.6  18919.6  -193.494  260.448  1949.16
477  160  2025-06-14 00-27-43  1995.2  18930.2  -182.8  262.095  1944.98
478  160  2025-06-14 00-27-43  1996.8  18940.8  -171.942  263.712  1940.79
479  160  2025-06-14 00-27-43  1998.4  18951.4  -160.921  265.3  1936.59
480  160  2025-06-14 00-27-43  2000  18962.1  -149.739  266.86  1932.39
481  160  2025-06-14 00-27-43  2001.6  18972.9  -138.397  268.391  1928.17
482  160  2025-06-14 00-27-43  2003.2  18983.7  -14.896  269.895  1923.95
483  160  2025-06-14 00-27-43  2004.8  18994.6  -3.23699  271.371  1919.72
484  160  2025-06-14 00-27-43  2006.4  19005.5  8.57871  1392.82  1915.48
485  160  2025-06-14 00-27-43  2008  19016.5  132.55  1394.25  1911.23
486  160  2025-06-14 00-27-43  2009.6  19027.4  144.675  1395.64  1906.98
487  160  2025-06-14 00-27-43  2011.2  19038.5  156.954  1397.02  1902.72
488  160  2025-06-14 00-27-43  2012.8  19049.5  169.384  1398.37  1898.46
489  160  2025-06-14 00-27-43  2014.4  19060.6  181.966  1399.69  1894.19
490  160  2025-06-14 00-27-43  2016  19071.7  194.696  1400.99  1889.92
491  160  2025-06-14 00-27-43  2017.6  19082.9  207.575  1402.27  1885.64
492  160  2025-06-14 00-27-43  2019.2  19094  220.602  1403.52  1881.36
493  160  2025-06-14 00-27-43  2020.8  19105.2  233.774  1404.75  1877.07
494  160  2025-06-14 00-27-43  2022.4  19116.4  247.091  1405.96  1872.78
495  160  2025-06-14 00-27-43  2024  19127.6  260.551  1407.15  1868.48
496  160  2025-06-14 00-27-43  2025.6  19138.8  1394.15  1408.32  1864.19
497  160  2025-06-14 00-27-43  2027.2  19150  1407.9  1409.46  1859.89
498  160  2025-06-14 00-27-43  2028.8  19161.3  1421.78  1410.59  1855.59
499  160  2025-06-14 00-27-43  2030.4  19172.5  1435.8  1411.69  1851.28
500  160  2025-06-14 00-27-43  2032  19183.8  1449.96  1412.78  1846.98
501  160  2025-06-14 00-27-43  2033.6  19195  1464.26  1413.84  1842.67
502  160  2025-06-14 00-27-43  2035.2  19206.2  1478.69  1414.89  1838.37
503  160  2025-06-14 00-27-43  2036.8  19217.5  1493.26  1415.92  1834.06
504  160  2025-06-14 00-27-43  2038.4  19228.7  1507.96  1416.92  1829.75
505  160  2025-06-14 00-27-43  2040  19239.9  1522.79  1417.92  1825.44
506  160  2025-06-14 00-27-43  2041.6  19251.1  1537.75  1418.89  1821.14
507  160  2025-06-14 00-27-43  2043.2  19262.3  1552.84  1419.84  1816.83
508  160  2025-06-14 00-27-43  2044.8  19273.4  1568.06  1420.78  1812.53
509  160  2025-06-14 00-27-43  2046.4  19284.6  1583.4  1421.7  1808.2
510  160  2025-06-14 00-27-43  2048  19295.7  1598.87  1422.61  1803.86
511  160  2025-06-14 00-27-43  2049.6  19306.8  1614.47  1423.5  1799.51
512  160  2025-06-14 00-27-43  2051.2  19317.9  1630.19  1424.37  1795.13
513  160  2025-06-14 00-27-43  2052.8  19329  1646.03  1425.22  1790.74
514  160  2025-06-14 00-27-43  2054.4  19340  1662  1426.07  1786.33
515  160  2025-06-14 00-27-43  2056  19351  1678.08  1426.89  1781.9
516  160  2025-06-14 00-27-43  2057.6  19362  1694.29  1427.7  1777.46
517  160  2025-06-14 00-27-43  2059.2  19372.9  1710.62  1428.5  1773
518  160  2025-06-14 00-27-43  2060.8  19383.8  1727.06  1429.28  1768.52
519  160  2025-06-14 00-27-43  2062.4  19394.7  1743.62  1430.05  1764.02
520  160  2025-06-14 00-27-43  2064  19405.5  1760.3  1430.81  1759.51
521  160  2025-06-14 00-27-43  2065.6  19416.3  1777.1  1431.55  1754.97
522  160  2025-06-14 00-27-43  2067.2  19427  1794.01  1432.27  1750.43
523  160  2025-06-14 00-27-43  2068.8  19437.7  1811.03  1432.99  1745.86
524  160  2025-06-14 00-27-43  2070.4  19448.3  1828.17  1433.69  1741.28
525  160  2025-06-14 00-27-43  2072  19458.9  1845.41  1434.38  1736.67
526  160  2025-06-14 00-27-43  2073.6  19469.5  1862.77  1435.06  1732.06
527  160  2025-06-14 00-27-43  2075.2  19479.9  1880.24  1435.72  1727.42
528  160  2025-06-14 00-27-43  2076.8  19490.4  1897.82  1436.37  1722.77
529  160  2025-06-14 00-27-43  2078.4  19500.7  1915.51  1437.01  1718.09
530  160  2025-06-14 00-27-43  2080  19511  1933.3  1437.64  1713.41
531  160  2025-06-14 00-27-43  2081.6  19521.3  1951.2  1438.26  1708.7
532  160  2025-06-14 00-27-43  2083.2  19531.5  1969.2  1438.87  1703.98
533  160  2025-06-14 00-27-43  2084.8  19541.6  1987.31  1439.46  1699.24
534  160  2025-06-14 00-27-43  2086.4  19551.7  2005.53  1440.05  1694.48
535  160  2025-06-14 00-27-43  2088  19561.6  2023.84  1440.62  1689.7
536  160  2025-06-14 00-27-43  2089.6  19571.6  2042.26  1441.19  1684.91
537  160  2025-06-14 00-27-43  2091.2  19581.7  2060.6  1441.74  1696.24
538  160  2025-06-14 00-27-43  2092.8  19592.2  2078.86  1442.29  1707.51
539  160  2025-06-14 00-27-43  2094.4  19602.8  2097.04  1442.82  1718.73
540  160  2025-06-14 00-27-43  2096  19613.8  2115.14  1443.35  1729.9
541  160  2025-06-14 00-27-43  2097.6  19624.9  2133.14  1443.86  1741.02
542  160  2025-06-14 00-27-43  2099.2  19636.3  2151.05  1444.37  1752.08
543  160  2025-06-14 00-27-43  2100.8  19648  2168.86  1444.86  1763.09
544  160  2025-06-14 00-27-43  2102.4  19659.9  2186.58  1445.35  1774.03
545  160  2025-06-14 00-27-43  2104  19672  2204.19  1445.83  1784.92
546  160  2025-06-14 00-27-43  2105.6  19684.4  2221.69  1446.3  1795.75
547  160  2025-06-14 00-27-43  2107.2  19697  2239.09  1446.76  1806.53
548  160  2025-06-14 00-27-43  2108.8  19709.8  2256.37  1447.22  1817.24
549  160  2025-06-14 00-27-43  2110.4  19722.9  2273.54  1447.66  1827.88
550  160  2025-06-14 00-27-43  2112  19736.1  2290.59  1448.1  1838.47
551  160  2025-06-14 00-27-43  2113.6  19749.6  2307.52  1448.53  1848.99
552  160  2025-06-14 00-27-43  2115.2  19763.3  2324.33  1448.95  1859.45
553  160  2025-06-14 00-27-43  2116.8  19777.3  2341.01  1449.37  1869.84
554  160  2025-06-14 00-27-43  2118.4  19791.4  2357.57  1449.78  1880.17
555  160  2025-06-14 00-27-43  2120  19805.8  2374  1450.17  1890.43
556  160  2025-06-14 00-27-43  2121.6  19820.3  2390.3  1450.57  1900.62
557  160  2025-06-14 00-27-43  2123.2  19835.1  2406.46  1450.95  1910.74
558  160  2025-06-14 00-27-43  2124.8  19850.1  2422.49  1451.33  1920.8
559  160  2025-06-14 00-27-43  2126.4  19865.3  2438.38  1451.7  1930.78
560  160  2025-06-14 00-27-43  2128  19880.6  2454.13  1452.07  1940.7
561  160  2025-06-14 00-27-43  2129.6  19896.2  2469.74  1452.43  1950.54
562  160  2025-06-14 00-27-43  2131.2  19911.9  2485.21  1452.78  1960.32
563  160  2025-06-14 00-27-43  2132.8  19927.9  2500.54  1453.12  1970.02
564  160  2025-06-14 00-27-43  2134.4  19944  2515.72  1453.46  1979.65
565  160  2025-06-14 00-27-43  2136  19960.3  2530.75  1453.8  1989.2
566  160  2025-06-14 00-27-43  2137.6  19976.8  2545.64  1454.12  1998.69
567  160  2025-06-14 00-27-43  2139.2  19993.5  2560.37  1454.45  2008.1
568  160  2025-06-14 00-27-43  2140.8  20010.3  2574.96  1454.76  2017.43
569  160  2025-06-14 00-27-43  2142.4  20027.3  2589.4  1455.07  2026.69
570  160  2025-06-14 00-27-43  2144  20044.5  2603.69  1455.38  2035.87
571  160  2025-06-14 00-27-43  2145.6  20061.8  2617.82  1455.68  2044.98
572  160  2025-06-14 00-27-43  2147.2  20079.3  2631.8  1455.97  2054.01
573  160  2025-06-14 00-27-43  2148.8  20097  2645.63  1456.26  2062.97
574  160  2025-06-14 00-27-43  2150.4  20114.8  2659.3  1456.54  2071.85
575  160  2025-06-14 00-27-43  2152  20132.7  2672.82  1456.82  2080.65
576  160  2025-06-14 00-27-43  2153.6  20150.9  2686.18  1457.09  2089.37
577  160  2025-06-14 00-27-43  2155.2  20169.1  2699.38  1457.36  2098.02
578  160  2025-06-14 00-27-43  2156.8  20187.5  2712.43  1457.62  2106.59
579  160  2025-06-14 00-27-43  2158.4  20206.1  2725.33  1457.88  2115.08
580  160  2025-06-14 00-27-43  2160  20224.8  2738.07  1458.14  2123.49
581  160  2025-06-14 00-27-43  2161.6  20243.6  2750.65  1458.39  2131.82
582  160  2025-06-14 00-27-43  2163.2  20262.5  2763.07  1458.63  2140.07
583  160  2025-06-14 00-27-43  2164.8  20281.6  2775.34  1458.87  2148.25
584  160  2025-06-14 00-27-43  2166.4  20300.8  2787.45  1459.11  2156.34
585  160  2025-06-14 00-27-43  2168  20320.2  2799.41  1459.34  2164.36
586  160  2025-06-14 00-27-43  2169.6  20339.6  2811.21  1459.57  2172.3
587  160  2025-06-14 00-27-43  2171.2  20359.2  2822.85  1459.79  2180.15
588  160  2025-06-14 00-27-43  2172.8  20378.9  14034.3  1460.01  2187.93
589  160  2025-06-14 00-27-43  2174.4  20398.7  14045.7  1460.23  2195.63
590  160  2025-06-14 00-27-43  2176  20418.6  14056.8  1460.44  2203.24
591  160  2025-06-14 00-27-43  2177.6  20438.7  14067.9  1460.64  2210.78
592  160  2025-06-14 00-27-43  2179.2  20458.8  14078.7  1460.85  2218.24
593  160  2025-06-14 00-27-43  2180.8  20479  14089.5  1461.05  2225.61
594  160  2025-06-14 00-27-43  2182.4  20499.4  14100  1461.25  2232.91
595  160  2025-06-14 00-27-43  2184  20519.8  14110.4  1461.44  2240.13
596  160  2025-06-14 00-27-43  2185.6  20540.4  14120.7  1461.63  2247.26
597  160  2025-06-14 00-27-43  2187.2  20561  14130.8  1461.82  2254.32
598  160  2025-06-14 00-27-43  2188.8  20581.7  14140.8  1462  2261.3
599  160  2025-06-14 00-27-43  2190.4  20602.6  14150.6  1462.18  2268.2
600  160  2025-06-14 00-27-43  2192  20623.5  14160.3  1462.36  2275.01
601  160  2025-06-14 00-27-43  2193.6  20644.5  14169.8  1462.53  2281.75
602  160  2025-06-14 00-27-43  2195.2  20665.5  14179.2  1462.7  2288.41
603  160  2025-06-14 00-27-43  2196.8  20686.7  14188.4  1462.87  2294.99
604  160  2025-06-14 00-27-43  2198.4  20707.9  14197.5  1463.03  2301.49
605  160  2025-06-14 00-27-43  2200  20729.3  14206.4  1463.19  2307.91
606  160  2025-06-14 00-27-43  2201.6  20750.7  14215.2  1463.35  2314.25
607  160  2025-06-14 00-27-43  2203.2  20772.1  14223.9  1463.51  2320.51
608  160  2025-06-14 00-27-43  2204.8  20793.7  14232.4  1463.66  2326.69
609  160  2025-06-14 00-27-43  2206.4  20815.3  14240.8  1463.81  2332.8
610  160  2025-06-14 00-27-43  2208  20837  14249  1463.96  2338.83
611  160  2025-06-14 00-27-43  2209.6  20858.7  14257.1  1464.1  2344.77
612  160  2025-06-14 00-27-43  2211.2  20880.5  14265.1  1464.24  2350.65
613  160  2025-06-14 00-27-43  2212.8  20902.4  14272.9  1464.38  2356.44
614  160  2025-06-14 00-27-43  2214.4  20924.3  14280.7  1464.52  2362.16
615  160  2025-06-14 00-27-43  2216  20946.3  14288.2  1464.65  2367.79
616  160  2025-06-14 00-27-43  2217.6  20968.4  14295.7  1464.79  2373.36
617  160  2025-06-14 00-27-43  2219.2  20990.5  14303  1464.92  2378.84
618  160  2025-06-14 00-27-43  2220.8  21012.7  14310.2  1465.04  2384.25
619  160  2025-06-14 00-27-43  2222.4  21034.9  14317.3  1465.17  2389.58
620  160  2025-06-14 00-27-43  2224  21057.2  14324.2  1465.29  2394.82
621  160  2025-06-14 00-27-43  2225.6  21079.5  14331  1465.41  2399.97
622  160  2025-06-14 00-27-43  2227.2  21101.8  14337.8  1465.53  2405.02
623  160  2025-06-14 00-27-43  2228.8  21124.3  14344.3  1465.65  2409.98
624  160  2025-06-14 00-27-43  2230.4  21146.7  14350.8  1465.76  2414.86
625  160  2025-06-14 00-27-43  2232  21169.2  14357.2  1465.87  2419.64
626  160  2025-06-14 00-27-43  2233.6  21191.8  14363.4  1465.98  2424.34
627  160  2025-06-14 00-27-43  2235.2  21214.4  14369.5  1466.09  2428.95
628  160  2025-06-14 00-27-43  2236.8  21237  14375.6  1466.2  2433.48
629  160  2025-06-14 00-27-43  2238.4  21259.7  14381.5  1466.3  2437.92
630  160  2025-06-14 00-27-43  2240  21282.4  14387.3  1466.41  2442.29
631  160  2025-06-14 00-27-43  2241.6  21305.1  14393  1466.51  2446.58
632  160  2025-06-14 00-27-43  2243.2  21327.9  14398.6  1466.6  2450.79
633  160  2025-06-14 00-27-43  2244.8  21350.7  14404.1  1466.7  2454.92
634  160  2025-06-14 00-27-43  2246.4  21373.6  14409.5  1466.8  2458.98
635  160  2025-06-14 00-27-43  2248  21396.5  14414.8  1466.89  2462.96
636  160  2025-06-14 00-27-43  2249.6  21419.4  14420.1  1466.98  2466.87
637  160  2025-06-14 00-27-43  2251.2  21442.3  14425.2  1467.07  2470.71
638  160  2025-06-14 00-27-43  2252.8  21465.3  14430.2  1467.16  2474.48
639  160  2025-06-14 00-27-43  2254.4  21488.3  14435.1  1467.25  2478.18
640  160  2025-06-14 00-27-43  2256  21511.3  14440  1467.33  2481.81
641  160  2025-06-14 00-27-43  2257.6  21534.4  14444.7  1467.42  2485.38
642  160  2025-06-14 00-27-43  2259.2  21557.4  14449.4  1467.5  2488.88
643  160  2025-06-14 00-27-43  2260.8  21580.6  14454  1467.58  2492.32
644  160  2025-06-14 00-27-43  2262.4  21603.7  14458.5  1467.66  2495.69
645  160  2025-06-14 00-27-43  2264  21626.8  14462.9  1467.74  2499
646  160  2025-06-14 00-27-43  2265.6  21650  14467.3  1467.82  2502.25
647  160  2025-06-14 00-27-43  2267.2  21673.2  14471.5  1467.89  2505.44
648  160  2025-06-14 00-27-43  2268.8  21696.4  14475.7  1467.96  2508.57
649  160  2025-06-14 00-27-43  2270.4  21719.7  14479.8  1468.04  2511.64
650  160  2025-06-14 00-27-43  2272  21743  14483.9  1468.11  2514.66
651  160  2025-06-14 00-27-43  2273.6  21766.2  14487.8  1468.18  2517.61
652  160  2025-06-14 00-27-43  2275.2  21789.5  14491.7  1468.25  2520.51
653  160  2025-06-14 00-27-43  2276.8  21812.9  14495.5  1468.31  2523.35
654  160  2025-06-14 00-27-43  2278.4  21836.2  14499.3  1468.38  2526.13
655  160  2025-06-14 00-27-43  2280  21859.6  14502.9  1468.45  2528.86
656  160  2025-06-14 00-27-43  2281.6  21882.9  14506.6  1468.51  2531.53
657  160  2025-06-14 00-27-43  2283.2  21906.3  14510.1  1468.57  2534.14
658  160  2025-06-14 00-27-43  2284.8  21929.7  14513.6  1468.63  2536.7
659  160  2025-06-14 00-27-43  2286.4  21953.1  14517  1468.69  2539.21
660  160  2025-06-14 00-27-43  2288  21976.6  14520.4  1468.75  2541.66
661  160  2025-06-14 00-27-43  2289.6  22000  14523.6  1468.81  2544.06
662  160  2025-06-14 00-27-43  2291.2  22023.5  14526.9  1468.87  2546.4
663  160  2025-06-14 00-27-43  2292.8  22047  14530.1  1468.93  2548.7
664  160  2025-06-14 00-27-43  2294.4  22070.5  14533.2  1468.98  2550.94
665  160  2025-06-14 00-27-43  2296  22094  14536.2  1469.04  2553.13
666  160  2025-06-14 00-27-43  2297.6  22117.5  14539.3  1469.09  2555.26
667  160  2025-06-14 00-27-43  2299.2  22141  14542.2  1469.14  2557.35
668  160  2025-06-14 00-27-43  2300.8  22164.6  14545.1  1469.19  2559.39
669  160  2025-06-14 00-27-43  2302.4  22188.1  14548  1469.24  2561.38
670  160  2025-06-14 00-27-43  2304  22211.7  14550.8  1469.29  2563.32
671  160  2025-06-14 00-27-43  2305.6  22235.2  14553.5  1469.34  2565.21
672  160  2025-06-14 00-27-43  2307.2  22258.8  14556.3  1469.39  2567.05
673  160  2025-06-14 00-27-43  2308.8  22282.4  14558.9  1469.44  2568.85
674  160  2025-06-14 00-27-43  2310.4  22306  14561.5  1469.48  2570.6
675  160  2025-06-14 00-27-43  2312  22329.6  14564.1  1469.53  2572.3
676  160  2025-06-14 00-27-43  2313.6  22353.3  14566.7  1469.57  2573.95
677  160  2025-06-14 00-27-43  2315.2  22376.9  14569.1  1469.62  2575.57
678  160  2025-06-14 00-27-43  2316.8  22400.5  14571.6  1469.66  2577.13
679  160  2025-06-14 00-27-43  2318.4  22424.2  14574  1469.7  2578.65
680  160  2025-06-14 00-27-43  2320  22447.8  14576.4  1469.74  2580.13
681  160  2025-06-14 00-27-43  2321.6  22471.5  14578.7  1469.78  2581.56
682  160  2025-06-14 00-27-43  2323.2  22495.2  14581  1469.82  2582.95
683  160  2025-06-14 00-27-43  2324.8  22518.8  14583.3  1469.86  2584.3
684  160  2025-06-14 00-27-43  2326.4  22542.5  14585.6  1469.9  2585.61
685  160  2025-06-14 00-27-43  2328  22566.2  14587.8  1469.94  2586.87
686  160  2025-06-14 00-27-43  2329.6  22589.9  14589.9  1469.98  2588.1
687  160  2025-06-14 00-27-43  2331.2  22613.6  14592.1  1470.01  2589.28
688  160  2025-06-14 00-27-43  2332.8  22637.3  14594.2  1470.05  2590.43
689  160  2025-06-14 00-27-43  2334.4  22661  14596.3  1470.08  2591.53
690  160  2025-06-14 00-27-43  2336  22684.8  14598.3  1470.12  2592.6
691  160  2025-06-14 00-27-43  2337.6  22708.5  14600.4  1470.15  2593.62
692  160  2025-06-14 00-27-43  2339.2  22732.2  14602.4  1470.18  2594.61
693  160  2025-06-14 00-27-43  2340.8  22756  14604.4  1470.22  2595.57
694  160  2025-06-14 00-27-43  2342.4  22779.7  14606.3  1470.25  2596.48
695  160  2025-06-14 00-27-43  2344  22803.5  14608.3  1470.28  2597.36
696  160  2025-06-14 00-27-43  2345.6  22827.2  14610.2  1470.31  2598.2
697  160  2025-06-14 00-27-43  2347.2  22851  14612.1  1470.34  2599.01
698  160  2025-06-14 00-27-43  2348.8  22874.7  14614  1470.37  2599.78
699  160  2025-06-14 00-27-43  2350.4  22898.5  14615.8  1470.4  2600.52
700  160  2025-06-14 00-27-43  2352  22922.3  14617.7  1470.43  2601.23
701  160  2025-06-14 00-27-43  2353.6  22946.1  14619.5  1470.46  2601.9
702  160  2025-06-14 00-27-43  2355.2  22969.8  14621.3  1470.49  2602.54
703  160  2025-06-14 00-27-43  2356.8  22993.6  14623.1  1470.51  2603.14
704  160  2025-06-14 00-27-43  2358.4  23017.4  14624.8  1470.54  2603.71
705  160  2025-06-14 00-27-43  2360  23041.2  14626.6  1470.57  2604.26
706  160  2025-06-14 00-27-43  2361.6  23065  14628.4  1470.59  2604.77
707  160  2025-06-14 00-27-43  2363.2  23088.8  14630.1  1470.62  2605.25
708  160  2025-06-14 00-27-43  2364.8  23112.6  14631.8  1470.64  2605.7
709  160  2025-06-14 00-27-43  2366.4  23136.4  14633.5  1470.67  2606.12
710  160  2025-06-14 00-27-43  2368  23160.2  14635.2  1470.69  2606.51
711  160  2025-06-14 00-27-43  2369.6  23184  14636.9  1470.71  2606.88
712  160  2025-06-14 00-27-43  2371.2  23207.8  14638.6  1470.74  2607.21
713  160  2025-06-14 00-27-43  2372.8  23231.7  14640.3  1470.76  2607.52
714  160  2025-06-14 00-27-43  2374.4  23255.5  14642  1470.78  2607.8
715  160  2025-06-14 00-27-43  2376  23279.3  14643.6  1470.8  2608.05
716  160  2025-06-14 00-27-43  2377.6  23303.1  14645.3  1470.83  2608.28
717  160  2025-06-14 00-27-43  2379.2  23326.9  14646.9  1470.85  2608.48
718  160  2025-06-14 00-27-43  2380.8  23350.8  14648.6  1470.87  2608.66
719  160  2025-06-14 00-27-43  2382.4  23374.6  14650.2  1470.89  2608.81
720  160  2025-06-14 00-27-43  2384  23398.4  14651.9  1470.91  2608.94
721  160  2025-06-14 00-27-43  2385.6  23422.3  14653.5  1470.93  2609.04
722  160  2025-06-14 00-27-43  2387.2  23446.1  14655.2  1470.95  2609.12
723  160  2025-06-14 00-27-43  2388.8  23470  14656.8  1470.97  2609.17
724  160  2025-06-14 00-27-43  2390.4  23493.8  14658.4  1470.98  2609.21
725  160  2025-06-14 00-27-43  2392  23517.6  14660.1  1471  2609.22
726  160  2025-06-14 00-27-43  2393.6  23541.5  14661.7  1471.02  2609.21
727  160  2025-06-14 00-27-43  2395.2  23565.3  14663.3  1471.04  2609.17
728  160  2025-06-14 00-27-43  2396.8  23589.2  14665  1471.06  2609.12
729  160  2025-06-14 00-27-43  2398.4  23613  14666.6  1471.07  2609.04
730  160  2025-06-14 00-27-43  2400  23636.9  14668.3  1471.09  2608.95
731  160  2025-06-14 00-27-43  2401.6  23660.7  14669.9  1471.11  2608.84
732  160  2025-06-14 00-27-43  2403.2  23684.6  14671.5  1471.12  2608.7
733  160  2025-06-14 00-27-43  2404.8  23708.5  14673.2  1471.14  2608.55
734  160  2025-06-14 00-27-43  2406.4  23732.3  14674.9  1471.15  2608.38
735  160  2025-06-14 00-27-43  2408  23756.2  14676.5  1471.17  2608.19
736  160  2025-06-14 00-27-43  2409.6  23780  14678.2  1471.18  2607.98
737  160  2025-06-14 00-27-43  2411.2  23803.9  14679.9  1471.2  2607.76
738  160  2025-06-14 00-27-43  2412.8  23827.8  14681.6  1471.21  2607.52
739  160  2025-06-14 00-27-43  2414.4  23851.6  14683.2  1471.23  2607.26
740  160  2025-06-14 00-27-43  2416  23875.5  14684.9  1471.24  2606.99
741  160  2025-06-14 00-27-43  2417.6  23899.3  14686.6  1471.25  2606.7
742  160  2025-06-14 00-27-43  2419.2  23923.2  14688.3  1471.27  2606.39
743  160  2025-06-14 00-27-43  2420.8  23947.1  14690.1  1471.28  2606.07
744  160  2025-06-14 00-27-43  2422.4  23970.9  14691.8  1471.29  2605.74
745  160  2025-06-14 00-27-43  2424  23994.8  14693.5  1471.31  2605.39
746  160  2025-06-14 00-27-43  2425.6  24018.7  14695.3  1471.32  2605.02
747  160  2025-06-14 00-27-43  2427.2  24042.5  14697  1471.33  2604.65
748  160  2025-06-14 00-27-43  2428.8  24066.4  14698.8  1471.34  2604.26
749  160  2025-06-14 00-27-43  2430.4  24090.3  14700.6  1471.35  2603.86
750  160  2025-06-14 00-27-43  2432  24114.2  14702.4  1471.37  2603.44
751  160  2025-06-14 00-27-43  2433.6  24138  14704.2  1471.38  2603.01
752  160  2025-06-14 00-27-43  2435.2  24161.9  14706  1471.39  2602.57
753  160  2025-06-14 00-27-43  2436.8  24185.8  14707.8  1471.4  2602.12
754  160  2025-06-14 00-27-43  2438.4  24209.6  14709.6  1471.41  2601.66
755  160  2025-06-14 00-27-43  2440  24233.5  14711.5  1471.42  2601.19
756  160  2025-06-14 00-27-43  2441.6  24257.4  14713.3  1471.43  2600.71
757  160  2025-06-14 00-27-43  2443.2  24281.3  14715.2  1471.44  2600.22
758  160  2025-06-14 00-27-43  2444.8  24305.1  14717.1  1471.45  2599.71
759  160  2025-06-14 00-27-43  2446.4  24329  14719  1471.46  2599.2
760  160  2025-06-14 00-27-43  2448  24352.9  14720.9  1471.47  2598.68
761  160  2025-06-14 00-27-43  2449.6  24376.7  14722.8  1471.48  2598.15
762  160  2025-06-14 00-27-43  2451.2  24400.6  14724.8  1471.49  2597.61
763  160  2025-06-14 00-27-43  2452.8  24424.5  14726.7  1471.5  2597.07
764  160  2025-06-14 00-27-43  2454.4  24448.3  14728.7  1471.51  2596.51
765  160  2025-06-14 00-27-43  2456  24472.2  14730.7  1471.52  2595.95
766  160  2025-06-14 00-27-43  2457.6  24496.1  14732.7  1471.53  2595.38
767  160  2025-06-14 00-27-43  2459.2  24520  14734.7  1471.53  2594.81
768  160  2025-06-14 00-27-43  2460.8  24543.8  14736.7  1471.54  2594.22
769  160  2025-06-14 00-27-43  2462.4  24567.7  14738.8  1471.55  2593.63
770  160  2025-06-14 00-27-43  2464  24591.6  14740.8  1471.56  2593.04
771  160  2025-06-14 00-27-43  2465.6  24615.4  14742.9  1471.57  2592.44
772  160  2025-06-14 00-27-43  2467.2  24639.3  14745  1471.57  2591.83
773  160  2025-06-14 00-27-43  2468.8  24663.2  14747.1  1471.58  2591.22
774  160  2025-06-14 00-27-43  2470.4  24687  14749.2  1471.59  2590.6
775  160  2025-06-14 00-27-43  2472  24710.9  14751.4  1471.6  2589.98
776  160  2025-06-14 00-27-43  2473.6  24734.7  14753.5  1471.6  2589.35
777  160  2025-06-14 00-27-43  2475.2  24758.6  14755.7  1471.61  2588.72
778  160  2025-06-14 00-27-43  2476.8  24782.5  14757.9  1471.62  2588.09
779  160  2025-06-14 00-27-43  2478.4  24806.3  14760.1  1471.63  2587.45
780  160  2025-06-14 00-27-43  2480  24830.2  14762.3  1471.63  2586.81
781  160  2025-06-14 00-27-43  2481.6  24854  14764.6  1471.64  2586.17
782  160  2025-06-14 00-27-43  2483.2  24877.9  14766.8  1471.65  2585.52
783  160  2025-06-14 00-27-43  2484.8  24901.8  14769.1  1471.65  2584.87
784  160  2025-06-14 00-27-43  2486.4  24925.6  14771.4  1471.66  2584.21
785  160  2025-06-14 00-27-43  2488  24949.5  14773.7  1471.66  2583.56
786  160  2025-06-14 00-27-43  2489.6  24973.3  14776  1471.67  2582.9
787  160  2025-06-14 00-27-43  2491.2  24997.2  14778.4  1471.68  2582.24
788  160  2025-06-14 00-27-43  2492.8  25021  14780.7  1471.68  2581.58
789  160  2025-06-14 00-27-43  2494.4  25044.9  14783.1  1471.69  2580.92
790  160  2025-06-14 00-27-43  2496  25068.7  14785.5  1471.69  2580.26
791  160  2025-06-14 00-27-43  2497.6  25092.6  14787.9  1471.7  2579.59
792  160  2025-06-14 00-27-43  2499.2  25116.4  14790.4  1471.7  2578.93
793  160  2025-06-14 00-27-43  2500.8  25140.3  14792.8  1471.71  2578.26
794  160  2025-06-14 00-27-43  2502.4  25164.1  14795.3  1471.71  2577.6
795  160  2025-06-14 00-27-43  2504  25188  14797.7  1471.72  2576.93
796  160  2025-06-14 00-27-43  2505.6  25211.8  14800.2  1471.73  2576.27
