SN    USVID    CurTime    simTime    CurX    CurY    CurVel      CurYaw   
0  128  2025-06-09 22-06-27  0  8  4.89843e-16  192  2672
1  128  2025-06-09 22-06-27  1.6  128.006  9.80038e-16  192.058  2672
2  128  2025-06-09 22-06-27  3.2  136.017  1.47058e-15  192.115  2672
3  128  2025-06-09 22-06-27  4.8  144.035  1.96148e-15  192.173  2672
4  128  2025-06-09 22-06-27  6.4  152.058  2.45274e-15  192.23  2672
5  128  2025-06-09 22-06-27  8  160.086  2.94434e-15  192.288  2672
6  128  2025-06-09 22-06-27  9.6  168.121  3.4363e-15  192.345  2672
7  128  2025-06-09 22-06-27  11.2  176.161  3.92861e-15  192.403  2672
8  128  2025-06-09 22-06-27  12.8  184.207  4.42127e-15  192.46  2672
9  128  2025-06-09 22-06-27  14.4  192.259  4.91428e-15  192.518  2672
10  128  2025-06-09 22-06-27  128  200.317  5.40765e-15  192.576  2672
11  128  2025-06-09 22-06-27  129.6  208.38  5.90137e-15  192.633  2672
12  128  2025-06-09 22-06-27  131.2  216.449  6.39544e-15  192.691  2672
13  128  2025-06-09 22-06-27  132.8  224.524  6.88987e-15  192.748  2672
14  128  2025-06-09 22-06-27  134.4  232.604  7.38464e-15  192.806  2672
15  128  2025-06-09 22-06-27  136  240.691  7.87977e-15  192.863  2672
16  128  2025-06-09 22-06-27  137.6  248.783  8.37525e-15  192.921  2672
17  128  2025-06-09 22-06-27  139.2  256.881  8.87109e-15  192.978  2672
18  128  2025-06-09 22-06-27  140.8  264.984  9.36727e-15  193.036  2672
19  128  2025-06-09 22-06-27  142.4  1393.09  9.86381e-15  193.094  2672
20  128  2025-06-09 22-06-27  144  1401.21  1.03607e-14  193.151  2672
21  128  2025-06-09 22-06-27  145.6  1409.33  1.08579e-14  193.209  2672
22  128  2025-06-09 22-06-27  147.2  1417.46  1.13555e-14  193.266  2672
23  128  2025-06-09 22-06-27  148.8  1425.59  1.18535e-14  193.324  2672
24  128  2025-06-09 22-06-27  150.4  1433.73  1.23518e-14  193.381  2672
25  128  2025-06-09 22-06-27  152  1441.87  1.28504e-14  193.439  2672
26  128  2025-06-09 22-06-27  153.6  1450.02  1.33494e-14  193.496  2672
27  128  2025-06-09 22-06-27  155.2  1458.18  1.38488e-14  193.554  2672
28  128  2025-06-09 22-06-27  156.8  1466.34  1.43485e-14  193.612  2672
29  128  2025-06-09 22-06-27  158.4  1474.5  1.48486e-14  193.669  2672
30  128  2025-06-09 22-06-27  160  1482.68  1.5349e-14  193.727  2672
31  128  2025-06-09 22-06-27  161.6  1490.85  1.58498e-14  193.784  2672
32  128  2025-06-09 22-06-27  163.2  1499.04  1.63509e-14  193.842  2672
33  128  2025-06-09 22-06-27  164.8  1507.23  1.68524e-14  193.899  2672
34  128  2025-06-09 22-06-27  166.4  1515.42  1.73542e-14  193.957  2672
35  128  2025-06-09 22-06-27  168  1523.63  1.78564e-14  194.014  2672
36  128  2025-06-09 22-06-27  169.6  1531.83  1.83589e-14  194.072  2672
37  128  2025-06-09 22-06-27  171.2  1540.05  1.88618e-14  194.13  2672
38  128  2025-06-09 22-06-27  172.8  1548.26  1.9365e-14  194.187  2672
39  128  2025-06-09 22-06-27  174.4  1556.49  1.98686e-14  194.245  2672
40  128  2025-06-09 22-06-27  176  1564.72  2.03725e-14  194.302  2672
41  128  2025-06-09 22-06-27  177.6  1572.96  2.08768e-14  194.36  2672
42  128  2025-06-09 22-06-27  179.2  1581.2  2.13815e-14  194.417  2672
43  128  2025-06-09 22-06-27  180.8  1589.44  2.18865e-14  194.475  2672
44  128  2025-06-09 22-06-27  182.4  1597.7  2.23918e-14  194.532  2672
45  128  2025-06-09 22-06-27  184  1605.96  2.28975e-14  194.59  2672
46  128  2025-06-09 22-06-27  185.6  1614.22  2.34036e-14  194.648  2672
47  128  2025-06-09 22-06-27  187.2  1622.49  2.391e-14  194.705  2672
48  128  2025-06-09 22-06-27  188.8  1630.77  2.44167e-14  194.763  2672
49  128  2025-06-09 22-06-27  190.4  1639.05  2.49238e-14  194.82  2672
50  128  2025-06-09 22-06-27  192  1647.34  2.54313e-14  194.878  2672
51  128  2025-06-09 22-06-27  193.6  1655.63  2.59391e-14  194.935  2672
52  128  2025-06-09 22-06-27  195.2  1663.93  2.64473e-14  194.993  2672
53  128  2025-06-09 22-06-27  196.8  1672.24  2.69558e-14  195.05  2672
54  128  2025-06-09 22-06-27  198.4  1680.55  2.74647e-14  195.108  2672
55  128  2025-06-09 22-06-27  200  1688.86  2.79739e-14  195.166  2672
56  128  2025-06-09 22-06-27  201.6  1697.19  2.84835e-14  195.223  2672
57  128  2025-06-09 22-06-27  203.2  1705.51  2.89934e-14  195.281  2672
58  128  2025-06-09 22-06-27  204.8  1713.85  2.95037e-14  195.338  2672
59  128  2025-06-09 22-06-27  206.4  1722.19  3.00143e-14  195.396  2672
60  128  2025-06-09 22-06-27  208  1730.53  3.05253e-14  195.453  2672
61  128  2025-06-09 22-06-27  209.6  1738.88  3.10367e-14  195.511  2672
62  128  2025-06-09 22-06-27  211.2  1747.24  3.15484e-14  195.568  2672
63  128  2025-06-09 22-06-27  212.8  1755.6  3.20604e-14  195.626  2672
64  128  2025-06-09 22-06-27  214.4  1763.97  3.25728e-14  195.684  2672
65  128  2025-06-09 22-06-27  216  1772.35  3.30855e-14  195.741  2672
66  128  2025-06-09 22-06-27  217.6  1780.73  3.35986e-14  195.799  2672
67  128  2025-06-09 22-06-27  219.2  1789.11  3.41121e-14  195.856  2672
68  128  2025-06-09 22-06-27  220.8  1797.5  3.46259e-14  195.914  2672
69  128  2025-06-09 22-06-27  222.4  1805.9  3.51401e-14  195.971  2672
70  128  2025-06-09 22-06-27  224  1814.3  3.56546e-14  196.029  2672
71  128  2025-06-09 22-06-27  225.6  1822.71  3.61694e-14  196.086  2672
72  128  2025-06-09 22-06-27  227.2  1831.13  3.66847e-14  196.144  2672
73  128  2025-06-09 22-06-27  228.8  1839.55  3.72002e-14  196.202  2672
74  128  2025-06-09 22-06-27  230.4  1847.97  3.77162e-14  196.259  2672
75  128  2025-06-09 22-06-27  232  1856.4  3.82324e-14  196.317  2672
76  128  2025-06-09 22-06-27  233.6  1864.84  3.87491e-14  196.374  2672
77  128  2025-06-09 22-06-27  235.2  1873.28  3.9266e-14  196.432  2672
78  128  2025-06-09 22-06-27  236.8  1881.73  3.97834e-14  196.489  2672
79  128  2025-06-09 22-06-27  238.4  1890.19  4.0301e-14  196.547  2672
80  128  2025-06-09 22-06-27  240  1898.65  4.08191e-14  196.604  2672
81  128  2025-06-09 22-06-27  241.6  1907.11  4.13375e-14  196.662  2672
82  128  2025-06-09 22-06-27  243.2  1915.59  4.18562e-14  196.72  2672
83  128  2025-06-09 22-06-27  244.8  1924.06  4.23753e-14  196.777  2672
84  128  2025-06-09 22-06-27  246.4  1932.55  4.28947e-14  196.835  2672
85  128  2025-06-09 22-06-27  248  1941.04  4.34145e-14  196.892  2672
86  128  2025-06-09 22-06-27  249.6  1949.53  4.39347e-14  196.95  2672
87  128  2025-06-09 22-06-27  251.2  1958.03  4.44552e-14  197.007  2672
88  128  2025-06-09 22-06-27  252.8  1966.54  4.49761e-14  197.065  2672
89  128  2025-06-09 22-06-27  254.4  1975.05  4.54973e-14  197.122  2672
90  128  2025-06-09 22-06-27  256  1983.57  4.60188e-14  197.18  2672
91  128  2025-06-09 22-06-27  257.6  1992.09  4.65407e-14  197.238  2672
92  128  2025-06-09 22-06-27  259.2  2000.62  4.7063e-14  197.295  2672
93  128  2025-06-09 22-06-27  260.8  2009.16  4.75856e-14  197.353  2672
94  128  2025-06-09 22-06-27  262.4  2017.7  4.81086e-14  197.41  2672
95  128  2025-06-09 22-06-27  264  2026.25  4.86319e-14  197.468  2672
96  128  2025-06-09 22-06-27  265.6  2034.8  4.91556e-14  197.525  2672
97  128  2025-06-09 22-06-27  267.2  2043.36  4.96796e-14  197.583  2672
98  128  2025-06-09 22-06-27  268.8  2051.92  5.0204e-14  197.641  2672
99  128  2025-06-09 22-06-27  270.4  2060.49  5.07287e-14  197.698  2672
100  128  2025-06-09 22-06-27  1392  2069.07  5.12538e-14  197.756  2672
101  128  2025-06-09 22-06-27  1393.6  2077.65  5.17792e-14  197.813  2672
102  128  2025-06-09 22-06-27  1395.2  2086.23  5.2305e-14  197.871  2672
103  128  2025-06-09 22-06-27  1396.8  2094.83  5.28312e-14  197.928  2672
104  128  2025-06-09 22-06-27  1398.4  2103.43  5.33577e-14  197.986  2672
105  128  2025-06-09 22-06-27  1400  2112.03  5.38845e-14  198.043  2672
106  128  2025-06-09 22-06-27  1401.6  2120.64  5.44117e-14  198.101  2672
107  128  2025-06-09 22-06-27  1403.2  2129.26  5.49393e-14  198.159  2672
108  128  2025-06-09 22-06-27  1404.8  2137.88  5.54672e-14  198.216  2672
109  128  2025-06-09 22-06-27  1406.4  2146.5  5.59954e-14  198.274  2672
110  128  2025-06-09 22-06-27  1408  2155.14  5.6524e-14  198.331  2672
111  128  2025-06-09 22-06-27  1409.6  2163.78  5.7053e-14  198.389  2672
112  128  2025-06-09 22-06-27  1411.2  2172.42  5.75823e-14  198.446  2672
113  128  2025-06-09 22-06-27  1412.8  2181.07  5.8112e-14  198.504  2672
114  128  2025-06-09 22-06-27  1414.4  2189.73  5.8642e-14  198.561  2672
115  128  2025-06-09 22-06-27  1416  2198.39  5.91724e-14  198.619  2672
116  128  2025-06-09 22-06-27  1417.6  2207.06  5.97031e-14  198.677  2672
117  128  2025-06-09 22-06-27  1419.2  2215.73  6.02342e-14  198.734  2672
118  128  2025-06-09 22-06-27  1420.8  2224.41  6.07656e-14  198.792  2672
119  128  2025-06-09 22-06-27  1422.4  2233.1  6.12974e-14  198.849  2672
120  128  2025-06-09 22-06-27  1424  2241.79  6.18295e-14  198.907  2672
121  128  2025-06-09 22-06-27  1425.6  2250.48  6.2362e-14  198.964  2672
122  128  2025-06-09 22-06-27  1427.2  2259.18  6.28948e-14  199.022  2672
123  128  2025-06-09 22-06-27  1428.8  2267.89  6.3428e-14  199.079  2672
124  128  2025-06-09 22-06-27  1430.4  2276.61  6.39616e-14  199.137  2672
125  128  2025-06-09 22-06-27  1432  2285.33  6.44955e-14  199.195  2672
126  128  2025-06-09 22-06-27  1433.6  2294.05  6.50297e-14  199.252  2672
127  128  2025-06-09 22-06-27  1435.2  2302.78  6.55643e-14  199.31  2672
128  128  2025-06-09 22-06-27  1436.8  2311.52  6.60993e-14  199.367  2672
129  128  2025-06-09 22-06-27  1438.4  2320.26  6.66346e-14  199.425  2672
130  128  2025-06-09 22-06-27  1440  2329.01  6.71702e-14  199.482  2672
131  128  2025-06-09 22-06-27  1441.6  2337.76  6.77062e-14  199.54  2672
132  128  2025-06-09 22-06-27  1443.2  2346.52  6.82426e-14  199.597  2672
133  128  2025-06-09 22-06-27  1444.8  2355.29  6.87793e-14  199.655  2672
134  128  2025-06-09 22-06-27  1446.4  2364.06  6.93164e-14  199.713  2672
135  128  2025-06-09 22-06-27  1448  2372.84  6.98538e-14  199.77  2672
136  128  2025-06-09 22-06-27  1449.6  2381.62  7.03916e-14  199.828  2672
137  128  2025-06-09 22-06-27  1451.2  2390.41  7.09297e-14  199.885  2672
138  128  2025-06-09 22-06-27  1452.8  2399.2  7.14682e-14  199.943  2672
139  128  2025-06-09 22-06-27  1454.4  2408  7.2007e-14  200  2672
140  128  2025-06-09 22-06-27  1456  2416.81  7.25462e-14  200.058  2672
141  128  2025-06-09 22-06-27  1457.6  2425.62  7.30857e-14  200.115  2672
142  128  2025-06-09 22-06-27  1459.2  2434.44  7.36256e-14  200.173  2672
143  128  2025-06-09 22-06-27  1460.8  2443.26  7.41658e-14  200.231  2672
144  128  2025-06-09 22-06-27  1462.4  2452.09  7.47064e-14  200.288  2672
145  128  2025-06-09 22-06-27  1464  2460.92  7.52474e-14  200.346  2672
146  128  2025-06-09 22-06-27  1465.6  2469.76  7.57887e-14  200.403  2672
147  128  2025-06-09 22-06-27  1467.2  2478.61  7.63303e-14  200.461  2672
148  128  2025-06-09 22-06-27  1468.8  2487.46  7.68723e-14  200.518  2672
149  128  2025-06-09 22-06-27  1470.4  2496.32  7.74147e-14  200.576  2672
150  128  2025-06-09 22-06-27  1472  2505.18  7.79574e-14  200.633  2672
151  128  2025-06-09 22-06-27  1473.6  2514.05  7.85004e-14  200.691  2672
152  128  2025-06-09 22-06-27  1475.2  2522.93  7.90438e-14  200.749  2672
153  128  2025-06-09 22-06-27  1476.8  2531.81  7.95876e-14  200.806  2672
154  128  2025-06-09 22-06-27  1478.4  2540.69  8.01317e-14  200.864  2672
155  128  2025-06-09 22-06-27  1480  2549.59  8.06762e-14  200.921  2672
156  128  2025-06-09 22-06-27  1481.6  2558.48  8.1221e-14  200.979  2672
157  128  2025-06-09 22-06-27  1483.2  2567.39  8.17662e-14  201.036  2672
158  128  2025-06-09 22-06-27  1484.8  2576.3  8.23117e-14  201.094  2672
159  128  2025-06-09 22-06-27  1486.4  2585.21  8.28576e-14  201.151  2672
160  128  2025-06-09 22-06-27  1488  2594.13  8.34038e-14  201.209  2672
161  128  2025-06-09 22-06-27  1489.6  2603.06  8.39504e-14  201.267  2672
162  128  2025-06-09 22-06-27  1491.2  2611.99  8.44973e-14  201.324  2672
163  128  2025-06-09 22-06-27  1492.8  2620.93  8.50446e-14  201.382  2672
164  128  2025-06-09 22-06-27  1494.4  2629.87  8.55922e-14  201.439  2672
165  128  2025-06-09 22-06-27  1496  2638.82  8.61402e-14  201.497  2672
166  128  2025-06-09 22-06-27  1497.6  2647.78  8.66886e-14  201.554  2672
167  128  2025-06-09 22-06-27  1499.2  2656.74  8.72373e-14  201.612  2672
168  128  2025-06-09 22-06-27  1500.8  2665.71  8.77863e-14  201.669  2672
169  128  2025-06-09 22-06-27  1502.4  2674.68  8.83357e-14  201.727  2672
170  128  2025-06-09 22-06-27  1504  2683.66  8.88855e-14  201.785  2672
171  128  2025-06-09 22-06-27  1505.6  2692.64  8.94356e-14  201.842  2672
172  128  2025-06-09 22-06-27  1507.2  2701.63  8.9986e-14  201.9  2672
173  128  2025-06-09 22-06-27  1508.8  2710.63  9.05368e-14  201.957  2672
174  128  2025-06-09 22-06-27  1510.4  2719.63  9.1088e-14  202.015  2672
175  128  2025-06-09 22-06-27  1512  2728.64  9.16395e-14  202.072  2672
176  128  2025-06-09 22-06-27  1513.6  2737.65  9.21914e-14  202.13  2672
177  128  2025-06-09 22-06-27  1515.2  2746.67  9.27436e-14  202.187  2672
178  128  2025-06-09 22-06-27  1516.8  2755.69  9.32962e-14  202.245  2672
179  128  2025-06-09 22-06-27  1518.4  2764.72  9.38491e-14  202.303  2672
180  128  2025-06-09 22-06-27  1520  2773.76  9.44024e-14  202.36  2672
181  128  2025-06-09 22-06-27  1521.6  2782.8  9.4956e-14  202.418  2672
182  128  2025-06-09 22-06-27  1523.2  2791.85  9.551e-14  202.475  2672
183  128  2025-06-09 22-06-27  1524.8  2800.9  9.60643e-14  202.533  2672
184  128  2025-06-09 22-06-27  1526.4  2809.96  9.6619e-14  202.59  2672
185  128  2025-06-09 22-06-27  1528  2819.03  9.71741e-14  202.648  2672
186  128  2025-06-09 22-06-27  1529.6  2828.1  9.77295e-14  202.705  2672
187  128  2025-06-09 22-06-27  1531.2  14037.2  9.82852e-14  202.763  2672
188  128  2025-06-09 22-06-27  1532.8  14046.3  9.88413e-14  202.821  2672
189  128  2025-06-09 22-06-27  1534.4  14055.3  9.93978e-14  202.878  2672
190  128  2025-06-09 22-06-27  1536  14064.4  9.99546e-14  202.936  2672
191  128  2025-06-09 22-06-27  1537.6  14073.5  1.00512e-13  202.993  2672
192  128  2025-06-09 22-06-27  1539.2  14082.6  1.01069e-13  203.051  2672
193  128  2025-06-09 22-06-27  1540.8  14091.8  1.01627e-13  203.108  2672
194  128  2025-06-09 22-06-27  1542.4  14100.9  1.02185e-13  203.166  2672
195  128  2025-06-09 22-06-27  1544  14110  1.02744e-13  203.223  2672
196  128  2025-06-09 22-06-27  1545.6  14119.1  1.03303e-13  203.281  2672
197  128  2025-06-09 22-06-27  1547.2  14128.3  1.03862e-13  203.339  2672
198  128  2025-06-09 22-06-27  1548.8  14137.4  1.04422e-13  203.396  2672
199  128  2025-06-09 22-06-27  1550.4  14146.5  1.04982e-13  203.454  2672
200  128  2025-06-09 22-06-27  1552  14155.7  1.05542e-13  203.511  2672
201  128  2025-06-09 22-06-27  1553.6  14164.8  1.06103e-13  203.569  2672
202  128  2025-06-09 22-06-27  1555.2  14174  1.06664e-13  203.626  2672
203  128  2025-06-09 22-06-27  1556.8  14183.2  1.07225e-13  203.684  2672
204  128  2025-06-09 22-06-27  1558.4  14192.3  1.07787e-13  203.741  2672
205  128  2025-06-09 22-06-27  1560  14201.5  1.08349e-13  203.799  2672
206  128  2025-06-09 22-06-27  1561.6  14210.7  1.08911e-13  203.857  2672
207  128  2025-06-09 22-06-27  1563.2  14219.9  1.09474e-13  203.914  2672
208  128  2025-06-09 22-06-27  1564.8  14229.1  1.10037e-13  203.972  2672
209  128  2025-06-09 22-06-27  1566.4  14238.3  1.10601e-13  204.029  2672
210  128  2025-06-09 22-06-27  1568  14247.5  1.11165e-13  204.087  2672
211  128  2025-06-09 22-06-27  1569.6  14256.7  1.11729e-13  204.144  2672
212  128  2025-06-09 22-06-27  1571.2  14266  1.12293e-13  204.202  2672
213  128  2025-06-09 22-06-27  1572.8  14275.2  1.12858e-13  204.259  2672
214  128  2025-06-09 22-06-27  1574.4  14284.4  1.13424e-13  204.317  2672
215  128  2025-06-09 22-06-27  1576  14293.6  1.13989e-13  204.375  2672
216  128  2025-06-09 22-06-27  1577.6  14302.9  1.14555e-13  204.432  2672
217  128  2025-06-09 22-06-27  1579.2  14312.1  1.15121e-13  204.49  2672
218  128  2025-06-09 22-06-27  1580.8  14321.4  1.15688e-13  204.547  2672
219  128  2025-06-09 22-06-27  1582.4  14330.7  1.16255e-13  204.605  2672
220  128  2025-06-09 22-06-27  1584  14339.9  1.16822e-13  204.662  2672
221  128  2025-06-09 22-06-27  1585.6  14349.2  1.1739e-13  204.72  2672
222  128  2025-06-09 22-06-27  1587.2  14358.5  1.17958e-13  204.777  2672
223  128  2025-06-09 22-06-27  1588.8  14367.8  1.18527e-13  204.835  2672
224  128  2025-06-09 22-06-27  1590.4  14377  1.19096e-13  204.893  2672
225  128  2025-06-09 22-06-27  1592  14386.3  1.19665e-13  204.95  2672
226  128  2025-06-09 22-06-27  1593.6  14395.6  1.20234e-13  205.008  2672
227  128  2025-06-09 22-06-27  1595.2  14404.9  1.20804e-13  205.065  2672
228  128  2025-06-09 22-06-27  1596.8  14414.3  1.21374e-13  205.123  2672
229  128  2025-06-09 22-06-27  1598.4  14423.6  1.21945e-13  205.18  2672
230  128  2025-06-09 22-06-27  1600  14432.9  1.22516e-13  205.238  2672
231  128  2025-06-09 22-06-27  1601.6  14442.2  1.23087e-13  205.295  2672
232  128  2025-06-09 22-06-27  1603.2  14451.6  1.23658e-13  205.353  2672
233  128  2025-06-09 22-06-27  1604.8  14460.9  1.2423e-13  205.411  2672
234  128  2025-06-09 22-06-27  1606.4  14470.3  1.24803e-13  205.468  2672
235  128  2025-06-09 22-06-27  1608  14479.6  1.25375e-13  205.526  2672
236  128  2025-06-09 22-06-27  1609.6  14489  1.25948e-13  205.583  2672
237  128  2025-06-09 22-06-27  1611.2  14498.3  1.26522e-13  205.641  2672
238  128  2025-06-09 22-06-27  1612.8  14507.7  1.27095e-13  205.698  2672
239  128  2025-06-09 22-06-27  1614.4  14517.1  1.2767e-13  205.756  2672
240  128  2025-06-09 22-06-27  1616  14526.5  1.28244e-13  205.813  2672
241  128  2025-06-09 22-06-27  1617.6  14535.8  1.28819e-13  205.871  2672
242  128  2025-06-09 22-06-27  1619.2  14545.2  1.29394e-13  205.929  2672
243  128  2025-06-09 22-06-27  1620.8  14554.6  1.29969e-13  205.986  2672
244  128  2025-06-09 22-06-27  1622.4  14564  1.30545e-13  206.044  2672
245  128  2025-06-09 22-06-27  1624  14573.4  1.31121e-13  206.101  2672
246  128  2025-06-09 22-06-27  1625.6  14582.9  1.31698e-13  206.159  2672
247  128  2025-06-09 22-06-27  1627.2  14592.3  1.32275e-13  206.216  2672
248  128  2025-06-09 22-06-27  1628.8  14601.7  1.32852e-13  206.274  2672
249  128  2025-06-09 22-06-27  1630.4  14611.1  1.3343e-13  206.331  2672
250  128  2025-06-09 22-06-27  1632  14620.6  1.34008e-13  206.389  2672
251  128  2025-06-09 22-06-27  1633.6  14630  1.34586e-13  206.447  2672
252  128  2025-06-09 22-06-27  1635.2  14639.5  1.35165e-13  206.504  2672
253  128  2025-06-09 22-06-27  1636.8  14648.9  1.35744e-13  206.562  2672
254  128  2025-06-09 22-06-27  1638.4  14658.4  1.36323e-13  206.619  2672
255  128  2025-06-09 22-06-27  1640  14667.9  1.36903e-13  206.677  2672
256  128  2025-06-09 22-06-27  1641.6  14677.3  1.37483e-13  206.734  2672
257  128  2025-06-09 22-06-27  1643.2  14686.8  1.38063e-13  206.792  2672
258  128  2025-06-09 22-06-27  1644.8  14696.3  1.38644e-13  206.849  2672
259  128  2025-06-09 22-06-27  1646.4  14705.8  1.39225e-13  206.907  2672
260  128  2025-06-09 22-06-27  1648  14715.3  1.39806e-13  206.965  2672
261  128  2025-06-09 22-06-27  1649.6  14724.8  1.40388e-13  207.022  2672
262  128  2025-06-09 22-06-27  1651.2  14734.3  1.4097e-13  207.08  2672
263  128  2025-06-09 22-06-27  1652.8  14743.8  1.41553e-13  207.137  2672
264  128  2025-06-09 22-06-27  1654.4  14753.3  1.42136e-13  207.195  2672
265  128  2025-06-09 22-06-27  1656  14762.9  1.42719e-13  207.252  2672
266  128  2025-06-09 22-06-27  1657.6  14772.4  1.43303e-13  207.31  2672
267  128  2025-06-09 22-06-27  1659.2  14781.9  1.43887e-13  207.367  2672
268  128  2025-06-09 22-06-27  1660.8  14791.5  1.44471e-13  207.425  2672
269  128  2025-06-09 22-06-27  1662.4  14801  1.45056e-13  207.483  2672
270  128  2025-06-09 22-06-27  1664  14810.6  1.45641e-13  207.54  2672
271  128  2025-06-09 22-06-27  1665.6  14820.1  1.46226e-13  207.598  2672
272  128  2025-06-09 22-06-27  1667.2  14829.7  1.46812e-13  207.655  2672
273  128  2025-06-09 22-06-27  1668.8  14839.3  1.47398e-13  207.713  2672
274  128  2025-06-09 22-06-27  1670.4  14848.8  1.47984e-13  207.77  2672
275  128  2025-06-09 22-06-27  1672  14858.4  1.48571e-13  207.828  2672
276  128  2025-06-09 22-06-27  1673.6  14868  1.49158e-13  207.885  2672
277  128  2025-06-09 22-06-27  1675.2  14877.6  1.49745e-13  207.943  2672
278  128  2025-06-09 22-06-27  1676.8  14887.2  1.50333e-13  208.001  2672
279  128  2025-06-09 22-06-27  1678.4  14896.8  1.50921e-13  208.058  2672
280  128  2025-06-09 22-06-27  1680  14906.4  1.51509e-13  207.972  2672
281  128  2025-06-09 22-06-27  1681.6  14916  -0.0846379  208.029  2680.08
282  128  2025-06-09 22-06-27  1683.2  14925.6  -0.254848  208.087  2688.24
283  128  2025-06-09 22-06-27  1684.8  14935.2  -0.511557  208.145  2696.48
284  128  2025-06-09 22-06-27  1686.4  14944.8  -0.855686  208.202  2704.8
285  128  2025-06-09 22-06-27  1688  14954.5  -1.28815  208.26  2713.2
286  128  2025-06-09 22-06-27  1689.6  14964.1  -1.80986  208.317  2721.68
287  128  2025-06-09 22-06-27  1691.2  14973.7  -2.42172  208.375  2730.24
288  128  2025-06-09 22-06-27  1692.8  14983.3  -3.12462  208.432  2738.88
289  128  2025-06-09 22-06-27  1694.4  14992.9  -3.91943  208.49  2747.6
290  128  2025-06-09 22-06-27  1696  15002.5  -4.80705  208.547  2756.4
291  128  2025-06-09 22-06-27  1697.6  15012.2  -5.68664  208.605  2755.58
292  128  2025-06-09 22-06-27  1699.2  15021.8  -6.55801  208.663  2754.75
293  128  2025-06-09 22-06-27  1700.8  15031.4  -7.42099  208.72  2753.9
294  128  2025-06-09 22-06-27  1702.4  15041.1  -8.2754  208.778  2753.04
295  128  2025-06-09 22-06-27  1704  15050.7  -9.12106  208.835  2752.16
296  128  2025-06-09 22-06-27  1705.6  15060.4  -9.95778  208.893  2751.26
297  128  2025-06-09 22-06-27  1707.2  15070  -10.7854  208.95  2750.35
298  128  2025-06-09 22-06-27  1708.8  15079.7  -11.6037  209.008  2749.42
299  128  2025-06-09 22-06-27  1710.4  15089.3  -12.4965  208.922  2756.56
300  128  2025-06-09 22-06-27  1712  15099  -13.4641  208.835  2763.76
301  128  2025-06-09 22-06-27  1713.6  15108.6  -14.5071  208.749  2771.02
302  128  2025-06-09 22-06-27  1715.2  15118.2  -15.626  208.663  2778.35
303  128  2025-06-09 22-06-27  1716.8  15127.8  -128.821  208.576  2785.74
304  128  2025-06-09 22-06-27  1718.4  15137.3  -130.093  208.49  2793.2
305  128  2025-06-09 22-06-27  1720  15146.9  -131.444  208.547  2800.72
306  128  2025-06-09 22-06-27  1721.6  15156.5  -132.875  208.605  2808.3
307  128  2025-06-09 22-06-27  1723.2  15166  -134.286  208.663  2806.26
308  128  2025-06-09 22-06-27  1724.8  15175.6  -135.709  208.72  2807.41
309  128  2025-06-09 22-06-27  1726.4  15185.2  -137.146  208.778  2808.56
310  128  2025-06-09 22-06-27  1728  15194.7  -138.595  208.835  2809.71
311  128  2025-06-09 22-06-27  1729.6  15204.3  -140.057  208.893  2810.86
312  128  2025-06-09 22-06-27  1731.2  15213.9  -141.532  208.95  2812.02
313  128  2025-06-09 22-06-27  1732.8  15223.5  -143.02  209.008  2813.17
314  128  2025-06-09 22-06-27  1734.4  15233.1  -144.521  209.065  2814.32
315  128  2025-06-09 22-06-27  1736  15242.7  -146.035  209.123  2815.47
316  128  2025-06-09 22-06-27  1737.6  15252.3  -147.561  209.181  2816.62
317  128  2025-06-09 22-06-27  1739.2  15261.9  -149.101  209.238  2817.78
318  128  2025-06-09 22-06-27  1740.8  15271.5  -150.654  209.296  2818.93
319  128  2025-06-09 22-06-27  1742.4  15281.1  -152.22  209.353  2820.08
320  128  2025-06-09 22-06-27  1744  15290.7  -153.798  209.411  2821.23
321  128  2025-06-09 22-06-27  1745.6  15300.3  -155.39  209.468  2822.38
322  128  2025-06-09 22-06-27  1747.2  15309.9  -156.995  209.526  2823.54
323  128  2025-06-09 22-06-27  1748.8  15319.5  -158.613  209.583  2824.69
324  128  2025-06-09 22-06-27  1750.4  15329.2  -160.244  209.641  2825.84
325  128  2025-06-09 22-06-27  1752  15338.8  -161.887  209.699  2826.99
326  128  2025-06-09 22-06-27  1753.6  15348.4  -163.544  209.756  2828.14
327  128  2025-06-09 22-06-27  1755.2  15358.1  -165.215  209.814  2829.3
328  128  2025-06-09 22-06-27  1756.8  15367.7  -166.898  209.871  2830.45
329  128  2025-06-09 22-06-27  1758.4  15377.4  -168.594  209.929  2831.6
330  128  2025-06-09 22-06-27  1760  15387  -170.303  209.986  14032.8
331  128  2025-06-09 22-06-27  1761.6  15396.7  -172.026  210.044  14033.9
332  128  2025-06-09 22-06-27  1763.2  15406.3  -173.762  210.101  14035.1
333  128  2025-06-09 22-06-27  1764.8  15416  -175.511  210.159  14036.2
334  128  2025-06-09 22-06-27  1766.4  15425.6  -177.273  210.217  14037.4
335  128  2025-06-09 22-06-27  1768  15435.3  -179.048  210.274  14038.5
336  128  2025-06-09 22-06-27  1769.6  15445  -180.836  210.332  14039.7
337  128  2025-06-09 22-06-27  1771.2  15454.6  -182.638  210.389  14040.8
338  128  2025-06-09 22-06-27  1772.8  15464.3  -184.453  210.447  14042
339  128  2025-06-09 22-06-27  1774.4  15474  -186.281  210.504  14043.1
340  128  2025-06-09 22-06-27  1776  15483.7  -188.122  210.562  14044.3
341  128  2025-06-09 22-06-27  1777.6  15493.4  -189.977  210.619  14045.4
342  128  2025-06-09 22-06-27  1779.2  15503.1  -191.844  210.677  14046.6
343  128  2025-06-09 22-06-27  1780.8  15512.8  -193.725  210.735  14047.7
344  128  2025-06-09 22-06-27  1782.4  15522.4  -195.62  210.792  14048.9
345  128  2025-06-09 22-06-27  1784  15532.1  -197.527  210.85  14050
346  128  2025-06-09 22-06-27  1785.6  15541.9  -199.448  210.907  14051.2
347  128  2025-06-09 22-06-27  1787.2  15551.6  -201.383  210.965  14052.3
348  128  2025-06-09 22-06-27  1788.8  15561.3  -203.33  211.022  14053.5
349  128  2025-06-09 22-06-27  1790.4  15571  -205.291  211.08  14054.6
350  128  2025-06-09 22-06-27  1792  15580.7  -207.265  211.137  14055.8
351  128  2025-06-09 22-06-27  1793.6  15590.4  -209.253  211.195  14056.9
352  128  2025-06-09 22-06-27  1795.2  15600.1  -211.254  211.253  14058.1
353  128  2025-06-09 22-06-27  1796.8  15609.9  -213.268  211.31  14059.2
354  128  2025-06-09 22-06-27  1798.4  15619.6  -215.296  211.368  14060.4
355  128  2025-06-09 22-06-27  1800  15629.3  -217.337  211.425  14061.6
356  128  2025-06-09 22-06-27  1801.6  15639  -219.392  211.483  14062.7
357  128  2025-06-09 22-06-27  1803.2  15648.8  -221.46  211.54  14063.9
358  128  2025-06-09 22-06-27  1804.8  15658.5  -223.541  211.598  14065
359  128  2025-06-09 22-06-27  1806.4  15668.3  -225.636  211.655  14066.2
360  128  2025-06-09 22-06-27  1808  15678  -227.745  211.713  14067.3
361  128  2025-06-09 22-06-27  1809.6  15687.8  -229.866  211.771  14068.5
362  128  2025-06-09 22-06-27  1811.2  15697.5  -232.002  211.828  14069.6
363  128  2025-06-09 22-06-27  1812.8  15707.3  -234.151  211.886  14070.8
364  128  2025-06-09 22-06-27  1814.4  15717  -236.313  211.943  14071.9
365  128  2025-06-09 22-06-27  1816  15726.8  -238.489  212.001  14073.1
366  128  2025-06-09 22-06-27  1817.6  15736.6  -240.678  212.058  14074.2
367  128  2025-06-09 22-06-27  1819.2  15746.3  -242.881  212.116  14075.4
368  128  2025-06-09 22-06-27  1820.8  15756.1  -245.097  212.173  14076.5
369  128  2025-06-09 22-06-27  1822.4  15765.9  -247.327  212.231  14077.7
370  128  2025-06-09 22-06-27  1824  15775.6  -249.571  212.289  14078.8
371  128  2025-06-09 22-06-27  1825.6  15785.4  -251.828  212.346  14080
372  128  2025-06-09 22-06-27  1827.2  15795.2  -254.099  212.404  14081.1
373  128  2025-06-09 22-06-27  1828.8  15805  -256.383  212.461  14082.3
374  128  2025-06-09 22-06-27  1830.4  15814.8  -258.681  212.519  14083.4
375  128  2025-06-09 22-06-27  1832  15824.5  -260.992  212.576  14084.6
376  128  2025-06-09 22-06-27  1833.6  15834.3  -263.317  212.634  14085.7
377  128  2025-06-09 22-06-27  1835.2  15844.1  -265.656  212.691  14086.9
378  128  2025-06-09 22-06-27  1836.8  15853.9  -268.009  212.749  14088
379  128  2025-06-09 22-06-27  1838.4  15863.7  -270.375  212.807  14089.2
380  128  2025-06-09 22-06-27  1840  15873.5  -1392.75  212.864  14090.4
381  128  2025-06-09 22-06-27  1841.6  15883.3  -1395.15  212.922  14091.5
382  128  2025-06-09 22-06-27  1843.2  15893.1  -1397.56  212.979  14092.7
383  128  2025-06-09 22-06-27  1844.8  15902.9  -1399.98  213.037  14093.8
384  128  2025-06-09 22-06-27  1846.4  15912.8  -1402.41  213.094  14095
385  128  2025-06-09 22-06-27  1848  15922.6  -1404.86  213.152  14096.1
386  128  2025-06-09 22-06-27  1849.6  15932.4  -1407.32  213.209  14097.3
387  128  2025-06-09 22-06-27  1851.2  15942.2  -1409.8  213.267  14098.4
388  128  2025-06-09 22-06-27  1852.8  15952  -1412.29  213.325  14099.6
389  128  2025-06-09 22-06-27  1854.4  15961.9  -1414.79  213.382  14100.7
390  128  2025-06-09 22-06-27  1856  15971.7  -1417.31  213.44  14101.9
391  128  2025-06-09 22-06-27  1857.6  15981.5  -1419.84  213.497  14103
392  128  2025-06-09 22-06-27  1859.2  15991.3  -1422.49  213.555  14113.9
393  128  2025-06-09 22-06-27  1860.8  16001.1  -1425.25  213.612  14124.8
394  128  2025-06-09 22-06-27  1862.4  16010.8  -1428.14  213.67  14135.9
395  128  2025-06-09 22-06-27  1864  16020.6  -1431.14  213.727  14147
396  128  2025-06-09 22-06-27  1865.6  16030.2  -1434.27  213.785  14158.2
397  128  2025-06-09 22-06-27  1867.2  16039.9  -1437.52  213.843  14169.6
398  128  2025-06-09 22-06-27  1868.8  16049.5  -1440.89  213.9  14181
399  128  2025-06-09 22-06-27  1870.4  16059.1  -1444.38  213.958  14192.5
400  128  2025-06-09 22-06-27  1872  16068.6  -1448  214.015  14204.1
401  128  2025-06-09 22-06-27  1873.6  16078.1  -1451.74  214.073  14215.8
402  128  2025-06-09 22-06-27  1875.2  16087.6  -1455.6  214.13  14227.6
403  128  2025-06-09 22-06-27  1876.8  16097  -1459.59  214.188  14239.5
404  128  2025-06-09 22-06-27  1878.4  16106.4  -1463.7  214.245  14251.5
405  128  2025-06-09 22-06-27  1880  16115.7  -1467.94  214.303  14263.6
406  128  2025-06-09 22-06-27  1881.6  16124.9  -1472.3  214.361  14275.8
407  128  2025-06-09 22-06-27  1883.2  16134.1  -1476.79  214.418  14288.1
408  128  2025-06-09 22-06-27  1884.8  16143.3  -1481.41  214.476  14300.5
409  128  2025-06-09 22-06-27  1886.4  16152.4  -1486.16  214.533  14313
410  128  2025-06-09 22-06-27  1888  16161.4  -1491.03  214.591  14325.6
411  128  2025-06-09 22-06-27  1889.6  16170.4  -1496.02  214.648  14338.2
412  128  2025-06-09 22-06-27  1891.2  16179.3  -1501.15  214.706  14351
413  128  2025-06-09 22-06-27  1892.8  16188.1  -1506.4  214.763  14363.8
414  128  2025-06-09 22-06-27  1894.4  16196.9  -1511.78  214.821  14376.6
415  128  2025-06-09 22-06-27  1896  16205.6  -1517.28  214.879  14389.4
416  128  2025-06-09 22-06-27  1897.6  16214.3  -1522.74  214.936  14384.5
417  128  2025-06-09 22-06-27  1899.2  16223  -1528.16  214.994  14379.6
418  128  2025-06-09 22-06-27  1900.8  16231.8  -1533.53  215.051  14374.5
419  128  2025-06-09 22-06-27  1902.4  16240.6  -1539.02  215.109  14387.2
420  128  2025-06-09 22-06-27  1904  16249.3  -1544.47  215.166  14382.1
421  128  2025-06-09 22-06-27  1905.6  16258.1  -1549.88  215.224  14377
422  128  2025-06-09 22-06-27  1907.2  16266.9  -1555.23  215.281  14371.9
423  128  2025-06-09 22-06-27  1908.8  16275.7  -1560.71  215.339  14384.4
424  128  2025-06-09 22-06-27  1910.4  16284.5  -1566.14  215.397  14379.2
425  128  2025-06-09 22-06-27  1912  16293.3  -1571.53  215.454  14374
426  128  2025-06-09 22-06-27  1913.6  16302.1  -1577.04  215.512  14386.4
427  128  2025-06-09 22-06-27  1915.2  16310.9  -1582.5  215.569  14381.2
428  128  2025-06-09 22-06-27  1916.8  16319.7  -1587.91  215.627  14375.9
429  128  2025-06-09 22-06-27  1918.4  16328.6  -1593.28  215.684  14370.5
430  128  2025-06-09 22-06-27  1920  16337.4  -1598.76  215.742  14382.8
431  128  2025-06-09 22-06-27  1921.6  16346.3  -1604.2  215.799  14377.4
432  128  2025-06-09 22-06-27  1923.2  16355.1  -1609.59  215.857  14371.9
433  128  2025-06-09 22-06-27  1924.8  16364  -1615.09  215.915  14384.2
434  128  2025-06-09 22-06-27  1926.4  16372.8  -1620.55  215.972  14378.7
435  128  2025-06-09 22-06-27  1928  16381.7  -1625.96  216.03  14373.2
436  128  2025-06-09 22-06-27  1929.6  16390.6  -1631.32  216.087  14367.6
437  128  2025-06-09 22-06-27  1931.2  16399.5  -1636.8  216.145  14379.7
438  128  2025-06-09 22-06-27  1932.8  16408.4  -1642.22  216.202  14374.1
439  128  2025-06-09 22-06-27  1934.4  16417.3  -1647.6  216.26  14368.5
440  128  2025-06-09 22-06-27  1936  16426.2  -1653.09  216.317  14380.5
441  128  2025-06-09 22-06-27  1937.6  16435.1  -1658.53  216.375  14374.8
442  128  2025-06-09 22-06-27  1939.2  16444  -1663.92  216.433  14369.1
443  128  2025-06-09 22-06-27  1940.8  16452.9  -1669.43  216.49  14381.1
444  128  2025-06-09 22-06-27  1942.4  16461.8  -1674.89  216.548  14375.4
445  128  2025-06-09 22-06-27  1944  16470.8  -1680.29  216.605  14369.6
446  128  2025-06-09 22-06-27  1945.6  16479.8  -1685.64  216.663  14363.7
447  128  2025-06-09 22-06-27  1947.2  16488.7  -1691.11  216.72  14375.5
448  128  2025-06-09 22-06-27  1948.8  16497.7  -1696.52  216.778  14369.7
449  128  2025-06-09 22-06-27  1950.4  16506.7  -1701.88  216.835  14363.7
450  128  2025-06-09 22-06-27  1952  16515.6  -1707.35  216.893  14375.5
451  128  2025-06-09 22-06-27  1953.6  16524.6  -1712.77  216.951  14369.6
452  128  2025-06-09 22-06-27  1955.2  16533.6  -1718.14  217.008  14363.6
453  128  2025-06-09 22-06-27  1956.8  16542.6  -1723.62  217.066  14375.3
454  128  2025-06-09 22-06-27  1958.4  16551.6  -1729.05  217.123  14369.3
455  128  2025-06-09 22-06-27  1960  16560.7  -1734.42  217.181  14363.2
456  128  2025-06-09 22-06-27  1961.6  16569.6  -1739.91  217.238  14374.9
457  128  2025-06-09 22-06-27  1963.2  16578.7  -1745.34  217.296  14368.8
458  128  2025-06-09 22-06-27  1964.8  16587.7  -1750.71  217.353  14362.7
459  128  2025-06-09 22-06-27  1966.4  16596.7  -1756.2  217.411  14374.3
460  128  2025-06-09 22-06-27  1968  16605.8  -1761.64  217.469  14368.1
461  128  2025-06-09 22-06-27  1969.6  16614.8  -1767.01  217.526  14362
462  128  2025-06-09 22-06-27  1971.2  16623.9  -1772.5  217.584  14373.5
463  128  2025-06-09 22-06-27  1972.8  16632.9  -1777.94  217.641  14367.3
464  128  2025-06-09 22-06-27  1974.4  16642  -1783.31  217.699  14361
465  128  2025-06-09 22-06-27  1976  16651  -1788.8  217.756  14372.5
466  128  2025-06-09 22-06-27  1977.6  16660.1  -1794.23  217.814  14366.2
467  128  2025-06-09 22-06-27  1979.2  16669.3  -1799.61  217.871  14359.9
468  128  2025-06-09 22-06-27  1980.8  16678.3  -1805.1  217.929  14371.3
469  128  2025-06-09 22-06-27  1982.4  16687.4  -1810.52  217.987  14365
470  128  2025-06-09 22-06-27  1984  16696.6  -1815.89  218.044  14358.6
471  128  2025-06-09 22-06-27  1985.6  16705.6  -1821.38  218.102  14369.9
472  128  2025-06-09 22-06-27  1987.2  16714.8  -1826.8  218.159  14363.5
473  128  2025-06-09 22-06-27  1988.8  16723.9  -1832.16  218.217  14357.1
474  128  2025-06-09 22-06-27  1990.4  16733  -1837.64  218.274  14368.3
475  128  2025-06-09 22-06-27  1992  16742.2  -1843.05  218.332  14361.9
476  128  2025-06-09 22-06-27  1993.6  16751.4  -1848.41  218.389  14355.4
477  128  2025-06-09 22-06-27  1995.2  16760.5  -1853.87  218.447  14366.6
478  128  2025-06-09 22-06-27  1996.8  16769.7  -1859.28  218.505  14360.1
479  128  2025-06-09 22-06-27  1998.4  16778.9  -1864.62  218.562  14353.5
480  128  2025-06-09 22-06-27  2000  16788.1  -1870.08  218.62  14364.6
481  128  2025-06-09 22-06-27  2001.6  16797.3  -1875.48  218.677  14358.1
482  128  2025-06-09 22-06-27  2003.2  16806.4  -1880.99  218.735  14369.2
483  128  2025-06-09 22-06-27  2004.8  16815.6  -1886.43  218.792  14362.7
484  128  2025-06-09 22-06-27  2006.4  16824.8  -1891.82  218.85  14356
485  128  2025-06-09 22-06-27  2008  16834  -1897.31  218.908  14367.1
486  128  2025-06-09 22-06-27  2009.6  16843.2  -1902.75  218.965  14360.5
487  128  2025-06-09 22-06-27  2011.2  16852.5  -1908.12  219.023  14353.8
488  128  2025-06-09 22-06-27  2012.8  16861.7  -1913.6  219.08  14364.8
489  128  2025-06-09 22-06-27  2014.4  16870.9  -1919.02  219.138  14358.1
490  128  2025-06-09 22-06-27  2016  16880.2  -1924.37  219.195  14351.4
491  128  2025-06-09 22-06-27  2017.6  16889.4  -1929.84  219.253  14362.3
492  128  2025-06-09 22-06-27  2019.2  16898.7  -1935.24  219.31  14355.6
493  128  2025-06-09 22-06-27  2020.8  16907.9  -1940.76  219.368  14366.6
494  128  2025-06-09 22-06-27  2022.4  16917.2  -1946.21  219.426  14359.8
495  128  2025-06-09 22-06-27  2024  16926.5  -1951.59  219.483  14353
496  128  2025-06-09 22-06-27  2025.6  16935.7  -1957.09  219.541  14363.9
497  128  2025-06-09 22-06-27  2027.2  16945  -1962.52  219.598  14357.2
498  128  2025-06-09 22-06-27  2028.8  16954.3  -1967.89  219.656  14350.3
499  128  2025-06-09 22-06-27  2030.4  16963.6  -1973.37  219.713  14361.1
500  128  2025-06-09 22-06-27  2032  16972.9  -1978.78  219.771  14354.3
501  128  2025-06-09 22-06-27  2033.6  16982.2  -1984.3  219.828  14365.1
502  128  2025-06-09 22-06-27  2035.2  16991.5  -1989.76  219.886  14358.3
503  128  2025-06-09 22-06-27  2036.8  17000.9  -1995.15  219.944  14351.4
504  128  2025-06-09 22-06-27  2038.4  17010.1  -2000.65  220.001  14362.2
505  128  2025-06-09 22-06-27  2040  17019.5  -2006.09  220.059  14355.3
506  128  2025-06-09 22-06-27  2041.6  17028.9  -2011.46  220.116  14348.3
507  128  2025-06-09 22-06-27  2043.2  17038.2  -2016.94  220.174  14359
508  128  2025-06-09 22-06-27  2044.8  17047.6  -2022.35  220.231  14352
509  128  2025-06-09 22-06-27  2046.4  17057  -2027.69  220.289  14345
510  128  2025-06-09 22-06-27  2048  17066.4  -2033.15  220.346  14355.7
511  128  2025-06-09 22-06-27  2049.6  17075.8  -2038.53  220.404  14348.6
512  128  2025-06-09 22-06-27  2051.2  17085.1  -2044.03  220.462  14359.3
513  128  2025-06-09 22-06-27  2052.8  17094.5  -2049.46  220.519  14352.3
514  128  2025-06-09 22-06-27  2054.4  17103.9  -2054.82  220.577  14345.2
515  128  2025-06-09 22-06-27  2056  17113.3  -2060.29  220.634  14355.8
516  128  2025-06-09 22-06-27  2057.6  17122.8  -2065.69  220.692  14348.8
517  128  2025-06-09 22-06-27  2059.2  17132.1  -2071.2  220.749  14359.4
518  128  2025-06-09 22-06-27  2060.8  17141.6  -2076.65  220.807  14352.3
519  128  2025-06-09 22-06-27  2062.4  17151  -2082.02  220.864  14345.2
520  128  2025-06-09 22-06-27  2064  17160.4  -2087.51  220.922  14355.7
521  128  2025-06-09 22-06-27  2065.6  17169.9  -2092.92  220.98  14348.6
522  128  2025-06-09 22-06-27  2067.2  17179.3  -2098.45  221.037  14359.2
523  128  2025-06-09 22-06-27  2068.8  17188.7  -2103.9  221.095  14352.1
524  128  2025-06-09 22-06-27  2070.4  17198.2  -2109.29  221.152  14344.9
525  128  2025-06-09 22-06-27  2072  17207.7  -2114.78  221.21  14355.4
526  128  2025-06-09 22-06-27  2073.6  17217.2  -2120.21  221.267  14348.3
527  128  2025-06-09 22-06-27  2075.2  17226.7  -2125.56  221.325  14341
528  128  2025-06-09 22-06-27  2076.8  17236.2  -2131.02  221.382  14351.5
529  128  2025-06-09 22-06-27  2078.4  17245.7  -2136.41  221.44  14344.2
530  128  2025-06-09 22-06-27  2080  17255.2  -2141.92  221.498  14354.7
531  128  2025-06-09 22-06-27  2081.6  17264.7  -2147.35  221.555  14347.5
532  128  2025-06-09 22-06-27  2083.2  17274.2  -2152.7  221.613  14340.2
533  128  2025-06-09 22-06-27  2084.8  17283.7  -2158.17  221.67  14350.6
534  128  2025-06-09 22-06-27  2086.4  17293.3  -2163.57  221.728  14343.3
535  128  2025-06-09 22-06-27  2088  17302.8  -2169.08  221.785  14353.7
536  128  2025-06-09 22-06-27  2089.6  17312.3  -2174.51  221.843  14346.4
537  128  2025-06-09 22-06-27  2091.2  17321.9  -2179.87  221.9  14339.1
538  128  2025-06-09 22-06-27  2092.8  17331.5  -2185.34  221.958  14349.5
539  128  2025-06-09 22-06-27  2094.4  17341.1  -2190.74  222.016  14342.1
540  128  2025-06-09 22-06-27  2096  17350.6  -2196.25  222.073  14352.5
541  128  2025-06-09 22-06-27  2097.6  17360.2  -2201.68  222.131  14345.2
542  128  2025-06-09 22-06-27  2099.2  17369.8  -2207.05  222.188  14337.8
543  128  2025-06-09 22-06-27  2100.8  17379.4  -2212.52  222.246  14348.1
544  128  2025-06-09 22-06-27  2102.4  17389  -2217.91  222.303  14340.7
545  128  2025-06-09 22-06-27  2104  17398.5  -2223.42  222.361  14351
546  128  2025-06-09 22-06-27  2105.6  17408.2  -2228.86  222.418  14343.7
547  128  2025-06-09 22-06-27  2107.2  17417.8  -2234.21  222.476  14336.2
548  128  2025-06-09 22-06-27  2108.8  17427.4  -2239.68  222.534  14346.5
549  128  2025-06-09 22-06-27  2110.4  17437.1  -2245.08  222.591  14339.1
550  128  2025-06-09 22-06-27  2112  17446.7  -2250.58  222.649  14349.3
551  128  2025-06-09 22-06-27  2113.6  17456.3  -2256.01  222.706  14341.9
552  128  2025-06-09 22-06-27  2115.2  17466  -2261.37  222.764  14334.4
553  128  2025-06-09 22-06-27  2116.8  17475.7  -2266.83  222.821  14344.7
554  128  2025-06-09 22-06-27  2118.4  17485.4  -2272.22  222.879  14337.2
555  128  2025-06-09 22-06-27  2120  17495  -2277.72  222.936  14347.4
556  128  2025-06-09 22-06-27  2121.6  17504.7  -2283.14  222.994  14340
557  128  2025-06-09 22-06-27  2123.2  17514.4  -2288.48  223.052  14332.4
558  128  2025-06-09 22-06-27  2124.8  17524.1  -2293.94  223.109  14342.6
559  128  2025-06-09 22-06-27  2126.4  17533.8  -2299.32  223.167  14335.1
560  128  2025-06-09 22-06-27  2128  17543.5  -2304.81  223.224  14345.2
561  128  2025-06-09 22-06-27  2129.6  17553.2  -2310.22  223.282  14337.7
562  128  2025-06-09 22-06-27  2131.2  17562.9  -2315.75  223.339  14347.9
563  128  2025-06-09 22-06-27  2132.8  17572.6  -2321.19  223.397  14340.4
564  128  2025-06-09 22-06-27  2134.4  17582.4  -2326.57  223.454  14332.9
565  128  2025-06-09 22-06-27  2136  17592.1  -2332.05  223.512  14343
566  128  2025-06-09 22-06-27  2137.6  17601.8  -2337.45  223.57  14335.4
567  128  2025-06-09 22-06-27  2139.2  17611.5  -2342.96  223.627  14345.6
568  128  2025-06-09 22-06-27  2140.8  17621.3  -2348.4  223.685  14338
569  128  2025-06-09 22-06-27  2142.4  17631.1  -2353.76  223.742  14330.4
570  128  2025-06-09 22-06-27  2144  17640.9  -2359.22  223.8  14340.5
571  128  2025-06-09 22-06-27  2145.6  17650.7  -2364.61  223.857  14332.9
572  128  2025-06-09 22-06-27  2147.2  17660.4  -2370.11  223.915  14343
573  128  2025-06-09 22-06-27  2148.8  17670.2  -2375.54  223.972  14335.4
574  128  2025-06-09 22-06-27  2150.4  17680  -2380.88  224.03  14327.8
575  128  2025-06-09 22-06-27  2152  17689.8  -2386.33  224.088  14337.8
576  128  2025-06-09 22-06-27  2153.6  17699.7  -2391.71  224.145  14330.1
577  128  2025-06-09 22-06-27  2155.2  17709.5  -2397.19  224.203  14340.2
578  128  2025-06-09 22-06-27  2156.8  17719.3  -2402.6  224.26  14332.6
579  128  2025-06-09 22-06-27  2158.4  17729.1  -2408.11  224.318  14342.6
580  128  2025-06-09 22-06-27  2160  17738.9  -2413.55  224.375  14335
581  128  2025-06-09 22-06-27  2161.6  17748.8  -2418.91  224.433  14327.3
582  128  2025-06-09 22-06-27  2163.2  17758.6  -2424.38  224.49  14337.3
583  128  2025-06-09 22-06-27  2164.8  17768.5  -2429.76  224.548  14329.6
584  128  2025-06-09 22-06-27  2166.4  17778.4  -2435.26  224.606  14339.6
585  128  2025-06-09 22-06-27  2168  17788.2  -2440.68  224.663  14332
586  128  2025-06-09 22-06-27  2169.6  17798.2  -2446.02  224.721  14324.2
587  128  2025-06-09 22-06-27  2171.2  17808  -2451.47  224.778  14334.2
588  128  2025-06-09 22-06-27  2172.8  17818  -2456.83  224.836  14326.5
589  128  2025-06-09 22-06-27  2174.4  17827.8  -2462.31  224.893  14336.4
590  128  2025-06-09 22-06-27  2176  17837.8  -2467.71  224.951  14328.7
591  128  2025-06-09 22-06-27  2177.6  17847.6  -2473.22  225.008  14338.7
592  128  2025-06-09 22-06-27  2179.2  17857.5  -2478.65  225.066  14331
593  128  2025-06-09 22-06-27  2180.8  17867.5  -2483.99  225.124  14323.2
594  128  2025-06-09 22-06-27  2182.4  17877.4  -2489.45  225.181  14333.2
595  128  2025-06-09 22-06-27  2184  17887.4  -2494.82  225.239  14325.4
596  128  2025-06-09 22-06-27  2185.6  17897.3  -2500.31  225.296  14335.3
597  128  2025-06-09 22-06-27  2187.2  17907.3  -2505.71  225.354  14327.6
598  128  2025-06-09 22-06-27  2188.8  17917.2  -2511.23  225.411  14337.5
599  128  2025-06-09 22-06-27  2190.4  17927.1  -2516.66  225.469  14329.8
600  128  2025-06-09 22-06-27  2192  17937.2  -2522.01  225.526  14322
601  128  2025-06-09 22-06-27  2193.6  17947.1  -2527.47  225.584  14331.9
602  128  2025-06-09 22-06-27  2195.2  17957.1  -2532.85  225.642  14324.1
603  128  2025-06-09 22-06-27  2196.8  17967.1  -2538.35  225.699  14334
604  128  2025-06-09 22-06-27  2198.4  17977.1  -2543.75  225.757  14326.2
605  128  2025-06-09 22-06-27  2200  17987  -2549.27  225.814  14336.1
606  128  2025-06-09 22-06-27  2201.6  17997  -2554.71  225.872  14328.4
607  128  2025-06-09 22-06-27  2203.2  18007.1  -2560.07  225.929  14320.5
608  128  2025-06-09 22-06-27  2204.8  18017.1  -2565.53  225.987  14330.4
609  128  2025-06-09 22-06-27  2206.4  18027.2  -2570.91  226.044  14322.6
610  128  2025-06-09 22-06-27  2208  18037.2  -2576.41  226.102  14332.4
611  128  2025-06-09 22-06-27  2209.6  18047.2  -2581.82  226.16  14324.6
612  128  2025-06-09 22-06-27  2211.2  18057.2  -2587.34  226.217  14334.5
613  128  2025-06-09 22-06-27  2212.8  18067.3  -2592.78  226.275  14326.7
614  128  2025-06-09 22-06-27  2214.4  18077.4  -2598.13  226.332  14318.9
615  128  2025-06-09 22-06-27  2216  18087.4  -2603.6  226.39  14328.7
616  128  2025-06-09 22-06-27  2217.6  18097.5  -2608.98  226.447  14320.8
617  128  2025-06-09 22-06-27  2219.2  18107.6  -2614.47  226.505  14330.7
618  128  2025-06-09 22-06-27  2220.8  18117.7  -2619.88  226.562  14322.8
619  128  2025-06-09 22-06-27  2222.4  18127.7  -2625.4  226.62  14332.7
620  128  2025-06-09 22-06-27  2224  18137.8  -2630.84  226.678  14324.9
621  128  2025-06-09 22-06-27  2225.6  18147.9  -2636.19  226.735  14317
622  128  2025-06-09 22-06-27  2227.2  18158  -2641.66  226.793  14326.8
623  128  2025-06-09 22-06-27  2228.8  18168.2  -2647.04  226.85  14318.9
624  128  2025-06-09 22-06-27  2230.4  18178.3  -2652.53  226.908  14328.7
625  128  2025-06-09 22-06-27  2232  18188.4  -2657.93  226.965  14320.8
626  128  2025-06-09 22-06-27  2233.6  18198.5  -2663.45  227.023  14330.6
627  128  2025-06-09 22-06-27  2235.2  18208.7  -2668.88  227.08  14322.8
628  128  2025-06-09 22-06-27  2236.8  18218.9  -2674.23  227.138  14314.8
629  128  2025-06-09 22-06-27  2238.4  18229  -2679.69  227.196  14324.6
630  128  2025-06-09 22-06-27  2240  18239.2  -2685.06  227.253  14316.7
631  128  2025-06-09 22-06-27  2241.6  18249.3  -2690.55  227.311  14326.4
632  128  2025-06-09 22-06-27  2243.2  18259.5  -2695.95  227.368  14318.5
633  128  2025-06-09 22-06-27  2244.8  18269.7  -2701.46  227.426  14328.3
634  128  2025-06-09 22-06-27  2246.4  18279.9  -2706.89  227.483  14320.4
635  128  2025-06-09 22-06-27  2248  18290.1  -2712.23  227.541  14312.5
636  128  2025-06-09 22-06-27  2249.6  18300.3  -2717.68  227.598  14322.2
637  128  2025-06-09 22-06-27  2251.2  18310.6  -2723.04  227.656  14314.3
638  128  2025-06-09 22-06-27  2252.8  18320.8  -2728.52  227.714  14324
639  128  2025-06-09 22-06-27  2254.4  18331  -2733.91  227.771  14316.1
640  128  2025-06-09 22-06-27  2256  18341.2  -2739.41  227.829  14325.8
641  128  2025-06-09 22-06-27  2257.6  18351.4  -2744.83  227.886  14317.9
642  128  2025-06-09 22-06-27  2259.2  18361.7  -2750.16  227.944  14309.9
643  128  2025-06-09 22-06-27  2260.8  18372  -2755.6  228.001  14319.6
644  128  2025-06-09 22-06-27  2262.4  18382.3  -2760.96  228.059  14311.6
645  128  2025-06-09 22-06-27  2264  18392.5  -2766.42  228.116  14321.3
646  128  2025-06-09 22-06-27  2265.6  18402.8  -2771.8  228.174  14313.4
647  128  2025-06-09 22-06-27  2267.2  18413.1  -2777.3  228.232  14323.1
648  128  2025-06-09 22-06-27  2268.8  18423.4  -2782.7  228.289  14315.1
649  128  2025-06-09 22-06-27  2270.4  18433.6  -2788.22  228.347  14324.9
650  128  2025-06-09 22-06-27  2272  18443.9  -2793.65  228.404  14316.9
651  128  2025-06-09 22-06-27  2273.6  18454.2  -2798.99  228.462  14308.9
652  128  2025-06-09 22-06-27  2275.2  18464.5  -2804.44  228.519  14318.6
653  128  2025-06-09 22-06-27  2276.8  18474.9  -2809.81  228.577  14310.6
654  128  2025-06-09 22-06-27  2278.4  18485.2  -2815.29  228.634  14320.3
655  128  2025-06-09 22-06-27  2280  18495.5  -2820.68  228.692  14312.3
656  128  2025-06-09 22-06-27  2281.6  18505.8  -2826.19  228.75  14322
657  128  2025-06-09 22-06-27  2283.2  18516.2  -2831.6  228.807  14314.1
658  128  2025-06-09 22-06-27  2284.8  18526.6  -14036.9  228.865  14306
659  128  2025-06-09 22-06-27  2286.4  18536.9  -14042.4  228.922  14315.7
660  128  2025-06-09 22-06-27  2288  18547.3  -14047.7  228.98  14307.6
661  128  2025-06-09 22-06-27  2289.6  18557.7  -14053.2  229.037  14317.3
662  128  2025-06-09 22-06-27  2291.2  18568.1  -14058.6  229.095  14309.3
663  128  2025-06-09 22-06-27  2292.8  18578.4  -14064.1  229.152  14319
664  128  2025-06-09 22-06-27  2294.4  18588.8  -14069.5  229.21  14311
665  128  2025-06-09 22-06-27  2296  18599.2  -14075  229.268  14320.7
666  128  2025-06-09 22-06-27  2297.6  18609.6  -14080.4  229.325  14312.7
667  128  2025-06-09 22-06-27  2299.2  18620  -14085.7  229.383  14304.6
668  128  2025-06-09 22-06-27  2300.8  18630.4  -14091.2  229.44  14314.2
669  128  2025-06-09 22-06-27  2302.4  18640.9  -14096.5  229.498  14306.2
670  128  2025-06-09 22-06-27  2304  18651.3  -14102  229.555  14315.8
671  128  2025-06-09 22-06-27  2305.6  18661.8  -14107.4  229.613  14307.8
672  128  2025-06-09 22-06-27  2307.2  18672.2  -14112.9  229.671  14317.5
673  128  2025-06-09 22-06-27  2308.8  18682.6  -14118.3  229.728  14309.5
674  128  2025-06-09 22-06-27  2310.4  18693.1  -14123.6  229.786  14301.4
675  128  2025-06-09 22-06-27  2312  18703.6  -14129  229.843  14311
676  128  2025-06-09 22-06-27  2313.6  18714.1  -14134.4  229.901  14302.9
677  128  2025-06-09 22-06-27  2315.2  18724.7  -14139.5  229.987  14286.9
678  128  2025-06-09 22-06-27  2316.8  18735.4  -14144.5  230.073  14270.9
679  128  2025-06-09 22-06-27  2318.4  18746.2  -14149.3  230.16  14254.9
680  128  2025-06-09 22-06-27  2320  18757.1  -14153.9  230.246  14238.9
681  128  2025-06-09 22-06-27  2321.6  18768.1  -14158.3  230.332  14222.9
682  128  2025-06-09 22-06-27  2323.2  18779.1  -14162.7  230.404  14221.6
683  128  2025-06-09 22-06-27  2324.8  18790.1  -14167.1  230.476  14220.3
684  128  2025-06-09 22-06-27  2326.4  18801.1  -14171.5  230.548  14219
685  128  2025-06-09 22-06-27  2328  18812.1  -14175.9  230.619  14217.7
686  128  2025-06-09 22-06-27  2329.6  18823.2  -14180.2  230.69  14216.4
687  128  2025-06-09 22-06-27  2331.2  18834.2  -14184.6  230.761  14215.1
688  128  2025-06-09 22-06-27  2332.8  18845.3  -14188.9  230.831  14213.9
