SN    USVID    CurTime    simTime    CurX    CurY    CurVel      CurYaw   
0  128  2025-06-09 22-11-06  0  8  4.89843e-16  192  2672
1  128  2025-06-09 22-11-06  1.6  128.006  9.80038e-16  192.058  2672
2  128  2025-06-09 22-11-06  3.2  136.017  1.47058e-15  192.115  2672
3  128  2025-06-09 22-11-06  4.8  144.035  1.96148e-15  192.173  2672
4  128  2025-06-09 22-11-06  6.4  152.058  2.45274e-15  192.23  2672
5  128  2025-06-09 22-11-06  8  160.086  2.94434e-15  192.288  2672
6  128  2025-06-09 22-11-06  9.6  168.121  3.4363e-15  192.345  2672
7  128  2025-06-09 22-11-06  11.2  176.161  3.92861e-15  192.403  2672
8  128  2025-06-09 22-11-06  12.8  184.207  4.42127e-15  192.46  2672
9  128  2025-06-09 22-11-06  14.4  192.259  4.91428e-15  192.518  2672
10  128  2025-06-09 22-11-06  128  200.317  5.40765e-15  192.576  2672
11  128  2025-06-09 22-11-06  129.6  208.38  5.90137e-15  192.633  2672
12  128  2025-06-09 22-11-06  131.2  216.449  6.39544e-15  192.691  2672
13  128  2025-06-09 22-11-06  132.8  224.524  6.88987e-15  192.748  2672
14  128  2025-06-09 22-11-06  134.4  232.604  7.38464e-15  192.806  2672
15  128  2025-06-09 22-11-06  136  240.691  7.87977e-15  192.863  2672
16  128  2025-06-09 22-11-06  137.6  248.783  8.37525e-15  192.921  2672
17  128  2025-06-09 22-11-06  139.2  256.881  8.87109e-15  192.978  2672
18  128  2025-06-09 22-11-06  140.8  264.984  9.36727e-15  193.036  2672
19  128  2025-06-09 22-11-06  142.4  1393.09  9.86381e-15  193.094  2672
20  128  2025-06-09 22-11-06  144  1401.21  1.03607e-14  193.151  2672
21  128  2025-06-09 22-11-06  145.6  1409.33  1.08579e-14  193.209  2672
22  128  2025-06-09 22-11-06  147.2  1417.46  1.13555e-14  193.266  2672
23  128  2025-06-09 22-11-06  148.8  1425.59  1.18535e-14  193.324  2672
24  128  2025-06-09 22-11-06  150.4  1433.73  1.23518e-14  193.381  2672
25  128  2025-06-09 22-11-06  152  1441.87  1.28504e-14  193.439  2672
26  128  2025-06-09 22-11-06  153.6  1450.02  1.33494e-14  193.496  2672
27  128  2025-06-09 22-11-06  155.2  1458.18  1.38488e-14  193.554  2672
28  128  2025-06-09 22-11-06  156.8  1466.34  1.43485e-14  193.612  2672
29  128  2025-06-09 22-11-06  158.4  1474.5  1.48486e-14  193.669  2672
30  128  2025-06-09 22-11-06  160  1482.68  1.5349e-14  193.727  2672
31  128  2025-06-09 22-11-06  161.6  1490.85  1.58498e-14  193.784  2672
32  128  2025-06-09 22-11-06  163.2  1499.04  1.63509e-14  193.842  2672
33  128  2025-06-09 22-11-06  164.8  1507.23  1.68524e-14  193.899  2672
34  128  2025-06-09 22-11-06  166.4  1515.42  1.73542e-14  193.957  2672
35  128  2025-06-09 22-11-06  168  1523.63  1.78564e-14  194.014  2672
36  128  2025-06-09 22-11-06  169.6  1531.83  1.83589e-14  194.072  2672
37  128  2025-06-09 22-11-06  171.2  1540.05  1.88618e-14  194.13  2672
38  128  2025-06-09 22-11-06  172.8  1548.26  1.9365e-14  194.187  2672
39  128  2025-06-09 22-11-06  174.4  1556.49  1.98686e-14  194.245  2672
40  128  2025-06-09 22-11-06  176  1564.72  2.03725e-14  194.302  2672
41  128  2025-06-09 22-11-06  177.6  1572.96  2.08768e-14  194.36  2672
42  128  2025-06-09 22-11-06  179.2  1581.2  2.13815e-14  194.417  2672
43  128  2025-06-09 22-11-06  180.8  1589.44  2.18865e-14  194.475  2672
44  128  2025-06-09 22-11-06  182.4  1597.7  2.23918e-14  194.532  2672
45  128  2025-06-09 22-11-06  184  1605.96  2.28975e-14  194.59  2672
46  128  2025-06-09 22-11-06  185.6  1614.22  2.34036e-14  194.648  2672
47  128  2025-06-09 22-11-06  187.2  1622.49  2.391e-14  194.705  2672
48  128  2025-06-09 22-11-06  188.8  1630.77  2.44167e-14  194.763  2672
49  128  2025-06-09 22-11-06  190.4  1639.05  2.49238e-14  194.82  2672
50  128  2025-06-09 22-11-06  192  1647.34  2.54313e-14  194.878  2672
51  128  2025-06-09 22-11-06  193.6  1655.63  2.59391e-14  194.935  2672
52  128  2025-06-09 22-11-06  195.2  1663.93  2.64473e-14  194.993  2672
53  128  2025-06-09 22-11-06  196.8  1672.24  2.69558e-14  195.05  2672
54  128  2025-06-09 22-11-06  198.4  1680.55  2.74647e-14  195.108  2672
55  128  2025-06-09 22-11-06  200  1688.86  2.79739e-14  195.166  2672
56  128  2025-06-09 22-11-06  201.6  1697.19  2.84835e-14  195.223  2672
57  128  2025-06-09 22-11-06  203.2  1705.51  2.89934e-14  195.281  2672
58  128  2025-06-09 22-11-06  204.8  1713.85  2.95037e-14  195.338  2672
59  128  2025-06-09 22-11-06  206.4  1722.19  3.00143e-14  195.396  2672
60  128  2025-06-09 22-11-06  208  1730.53  3.05253e-14  195.453  2672
61  128  2025-06-09 22-11-06  209.6  1738.88  3.10367e-14  195.511  2672
62  128  2025-06-09 22-11-06  211.2  1747.24  3.15484e-14  195.568  2672
63  128  2025-06-09 22-11-06  212.8  1755.6  3.20604e-14  195.626  2672
64  128  2025-06-09 22-11-06  214.4  1763.97  3.25728e-14  195.684  2672
65  128  2025-06-09 22-11-06  216  1772.35  3.30855e-14  195.741  2672
66  128  2025-06-09 22-11-06  217.6  1780.73  3.35986e-14  195.799  2672
67  128  2025-06-09 22-11-06  219.2  1789.11  3.41121e-14  195.856  2672
68  128  2025-06-09 22-11-06  220.8  1797.5  3.46259e-14  195.914  2672
69  128  2025-06-09 22-11-06  222.4  1805.9  3.51401e-14  195.971  2672
70  128  2025-06-09 22-11-06  224  1814.3  3.56546e-14  196.029  2672
71  128  2025-06-09 22-11-06  225.6  1822.71  3.61694e-14  196.086  2672
72  128  2025-06-09 22-11-06  227.2  1831.13  3.66847e-14  196.144  2672
73  128  2025-06-09 22-11-06  228.8  1839.55  3.72002e-14  196.202  2672
74  128  2025-06-09 22-11-06  230.4  1847.97  3.77162e-14  196.259  2672
75  128  2025-06-09 22-11-06  232  1856.4  3.82324e-14  196.317  2672
76  128  2025-06-09 22-11-06  233.6  1864.84  3.87491e-14  196.374  2672
77  128  2025-06-09 22-11-06  235.2  1873.28  3.9266e-14  196.432  2672
78  128  2025-06-09 22-11-06  236.8  1881.72  3.97825e-14  196.345  2672
79  128  2025-06-09 22-11-06  238.4  1890.14  4.02984e-14  196.259  2672
80  128  2025-06-09 22-11-06  240  1898.58  -0.0743146  196.317  2680.08
81  128  2025-06-09 22-11-06  241.6  1907.01  -0.223777  196.374  2688.24
82  128  2025-06-09 22-11-06  243.2  1915.45  -0.449212  196.432  2696.48
83  128  2025-06-09 22-11-06  244.8  1923.9  -0.751444  196.489  2704.8
84  128  2025-06-09 22-11-06  246.4  1932.34  -1.13129  196.547  2713.2
85  128  2025-06-09 22-11-06  248  1940.79  -1.58956  196.604  2721.68
86  128  2025-06-09 22-11-06  249.6  1949.24  -2.12705  196.662  2730.24
87  128  2025-06-09 22-11-06  251.2  1957.69  -2.74457  196.72  2738.88
88  128  2025-06-09 22-11-06  252.8  1966.14  -3.44291  196.777  2747.6
89  128  2025-06-09 22-11-06  254.4  1974.58  -4.22285  196.835  2756.4
90  128  2025-06-09 22-11-06  256  1983.03  -5.08516  196.892  2765.28
91  128  2025-06-09 22-11-06  257.6  1991.47  -6.03061  196.95  2774.24
92  128  2025-06-09 22-11-06  259.2  1999.91  -7.05997  197.007  2783.28
93  128  2025-06-09 22-11-06  260.8  2008.34  -8.17397  197.065  2792.4
94  128  2025-06-09 22-11-06  262.4  2016.77  -9.37335  197.122  2801.6
95  128  2025-06-09 22-11-06  264  2025.19  -10.6589  197.18  2810.88
96  128  2025-06-09 22-11-06  265.6  2033.6  -12.0312  197.238  2820.24
97  128  2025-06-09 22-11-06  267.2  2042.01  -13.4911  197.295  2829.68
98  128  2025-06-09 22-11-06  268.8  2050.4  -15.0392  197.353  14039.2
99  128  2025-06-09 22-11-06  270.4  2058.78  -128.676  197.41  14048.8
100  128  2025-06-09 22-11-06  1392  2067.15  -130.403  197.468  14058.5
101  128  2025-06-09 22-11-06  1393.6  2075.51  -132.22  197.525  14068.2
102  128  2025-06-09 22-11-06  1395.2  2083.86  -134.127  197.583  14078.1
103  128  2025-06-09 22-11-06  1396.8  2092.18  -136.127  197.641  14088
104  128  2025-06-09 22-11-06  1398.4  2100.49  -138.218  197.698  14098
105  128  2025-06-09 22-11-06  1400  2108.79  -140.402  197.756  14108.1
106  128  2025-06-09 22-11-06  1401.6  2117.06  -142.679  197.813  14118.2
107  128  2025-06-09 22-11-06  1403.2  2125.31  -145.051  197.871  14128.5
108  128  2025-06-09 22-11-06  1404.8  2133.54  -147.516  197.928  14138.8
109  128  2025-06-09 22-11-06  1406.4  2141.75  -150.077  197.986  14149.2
110  128  2025-06-09 22-11-06  1408  2149.94  -152.733  198.043  14159.7
111  128  2025-06-09 22-11-06  1409.6  2158.11  -155.408  197.957  14162.2
112  128  2025-06-09 22-11-06  1411.2  2166.27  -158.108  198.015  14164.6
113  128  2025-06-09 22-11-06  1412.8  2174.44  -160.831  198.072  14167.1
114  128  2025-06-09 22-11-06  1414.4  2182.6  -163.578  198.13  14169.6
115  128  2025-06-09 22-11-06  1416  2190.76  -166.349  198.187  14172.1
116  128  2025-06-09 22-11-06  1417.6  2198.92  -169.144  198.245  14174.6
117  128  2025-06-09 22-11-06  1419.2  2207.08  -171.963  198.302  14177
118  128  2025-06-09 22-11-06  1420.8  2215.23  -174.806  198.36  14179.5
119  128  2025-06-09 22-11-06  1422.4  2223.38  -177.673  198.418  14182
120  128  2025-06-09 22-11-06  1424  2231.53  -180.564  198.475  14184.5
121  128  2025-06-09 22-11-06  1425.6  2239.68  -183.479  198.533  14187
122  128  2025-06-09 22-11-06  1427.2  2247.83  -186.418  198.59  14189.4
123  128  2025-06-09 22-11-06  1428.8  2255.97  -189.381  198.648  14191.9
124  128  2025-06-09 22-11-06  1430.4  2264.11  -192.367  198.705  14194.4
125  128  2025-06-09 22-11-06  1432  2272.25  -195.378  198.763  14196.9
126  128  2025-06-09 22-11-06  1433.6  2280.38  -198.413  198.82  14199.4
127  128  2025-06-09 22-11-06  1435.2  2288.51  -201.472  198.878  14201.8
128  128  2025-06-09 22-11-06  1436.8  2296.64  -204.555  198.936  14204.3
129  128  2025-06-09 22-11-06  1438.4  2304.77  -207.662  198.993  14206.8
130  128  2025-06-09 22-11-06  1440  2312.89  -210.793  199.051  14209.3
131  128  2025-06-09 22-11-06  1441.6  2320.97  -214.033  199.108  14221.5
132  128  2025-06-09 22-11-06  1443.2  2329.02  -217.384  199.166  14233.7
133  128  2025-06-09 22-11-06  1444.8  2337.03  -220.846  199.223  14246.1
134  128  2025-06-09 22-11-06  1446.4  2344.99  -224.418  199.281  14258.6
135  128  2025-06-09 22-11-06  1448  2352.91  -228.101  199.338  14271.1
136  128  2025-06-09 22-11-06  1449.6  2360.78  -231.896  199.396  14283.8
137  128  2025-06-09 22-11-06  1451.2  2368.61  -235.803  199.454  14296.5
138  128  2025-06-09 22-11-06  1452.8  2376.38  -239.821  199.511  14309.3
139  128  2025-06-09 22-11-06  1454.4  2384.1  -243.95  199.569  14322.1
140  128  2025-06-09 22-11-06  1456  2391.77  -248.189  199.626  14334.9
141  128  2025-06-09 22-11-06  1457.6  2399.39  -252.538  199.684  14347.7
142  128  2025-06-09 22-11-06  1459.2  2406.94  -256.996  199.741  14360.5
143  128  2025-06-09 22-11-06  1460.8  2414.44  -261.561  199.799  14373.3
144  128  2025-06-09 22-11-06  1462.4  2421.88  -266.234  199.856  14386.1
145  128  2025-06-09 22-11-06  1464  2429.35  -270.871  199.914  14381.2
146  128  2025-06-09 22-11-06  1465.6  2436.76  -1395.61  199.972  14394
147  128  2025-06-09 22-11-06  1467.2  2444.2  -1400.32  200.029  14389.2
148  128  2025-06-09 22-11-06  1468.8  2451.67  -1404.99  200.087  14384.2
149  128  2025-06-09 22-11-06  1470.4  2459.17  -1409.62  200.144  14379.2
150  128  2025-06-09 22-11-06  1472  2466.61  -1414.36  200.202  14391.8
151  128  2025-06-09 22-11-06  1473.6  2474.08  -1419.06  200.259  14386.8
152  128  2025-06-09 22-11-06  1475.2  2481.58  -1423.72  200.317  14381.7
153  128  2025-06-09 22-11-06  1476.8  2489.02  -1428.49  200.374  14394.3
154  128  2025-06-09 22-11-06  1478.4  2496.5  -1433.22  200.432  14389.2
155  128  2025-06-09 22-11-06  1480  2504  -1437.91  200.49  14384
156  128  2025-06-09 22-11-06  1481.6  2511.54  -1442.56  200.547  14378.8
157  128  2025-06-09 22-11-06  1483.2  2519.01  -1447.31  200.605  14391.2
158  128  2025-06-09 22-11-06  1484.8  2526.52  -1452.02  200.662  14386
159  128  2025-06-09 22-11-06  1486.4  2534.06  -1456.7  200.72  14380.7
160  128  2025-06-09 22-11-06  1488  2541.63  -1461.33  200.777  14375.3
161  128  2025-06-09 22-11-06  1489.6  2549.15  -1466.07  200.835  14387.6
162  128  2025-06-09 22-11-06  1491.2  2556.7  -1470.76  200.892  14382.2
163  128  2025-06-09 22-11-06  1492.8  2564.28  -1475.42  200.95  14376.8
164  128  2025-06-09 22-11-06  1494.4  2571.8  -1480.18  201.008  14389
165  128  2025-06-09 22-11-06  1496  2579.36  -1484.89  201.065  14383.6
166  128  2025-06-09 22-11-06  1497.6  2586.94  -1489.57  201.123  14378
167  128  2025-06-09 22-11-06  1499.2  2594.47  -1494.34  201.18  14390.2
168  128  2025-06-09 22-11-06  1500.8  2602.04  -1499.08  201.238  14384.7
169  128  2025-06-09 22-11-06  1502.4  2609.64  -1503.77  201.295  14379.1
170  128  2025-06-09 22-11-06  1504  2617.27  -1508.42  201.353  14373.5
171  128  2025-06-09 22-11-06  1505.6  2624.84  -1513.17  201.41  14385.5
172  128  2025-06-09 22-11-06  1507.2  2632.45  -1517.87  201.468  14379.9
173  128  2025-06-09 22-11-06  1508.8  2640.09  -1522.54  201.526  14374.1
174  128  2025-06-09 22-11-06  1510.4  2647.68  -1527.3  201.583  14386.1
175  128  2025-06-09 22-11-06  1512  2655.3  -1532.02  201.641  14380.4
176  128  2025-06-09 22-11-06  1513.6  2662.96  -1536.7  201.698  14374.6
177  128  2025-06-09 22-11-06  1515.2  2670.55  -1541.47  201.756  14386.5
178  128  2025-06-09 22-11-06  1516.8  2678.19  -1546.21  201.813  14380.7
179  128  2025-06-09 22-11-06  1518.4  2685.86  -1550.89  201.871  14374.9
180  128  2025-06-09 22-11-06  1520  2693.56  -1555.53  201.928  14368.9
181  128  2025-06-09 22-11-06  1521.6  2701.21  -1560.27  201.986  14380.7
182  128  2025-06-09 22-11-06  1523.2  2708.89  -1564.97  202.044  14374.8
183  128  2025-06-09 22-11-06  1524.8  2716.61  -1569.61  202.101  14368.8
184  128  2025-06-09 22-11-06  1526.4  2724.28  -1574.36  202.159  14380.5
185  128  2025-06-09 22-11-06  1528  2731.98  -1579.06  202.216  14374.5
186  128  2025-06-09 22-11-06  1529.6  2739.71  -1583.72  202.274  14368.4
187  128  2025-06-09 22-11-06  1531.2  2747.39  -1588.47  202.331  14380
188  128  2025-06-09 22-11-06  1532.8  2755.11  -1593.18  202.389  14374
189  128  2025-06-09 22-11-06  1534.4  2762.86  -1597.83  202.446  14367.9
190  128  2025-06-09 22-11-06  1536  2770.56  -1602.59  202.504  14379.4
191  128  2025-06-09 22-11-06  1537.6  2778.3  -1607.3  202.562  14373.3
192  128  2025-06-09 22-11-06  1539.2  2786.07  -1611.96  202.619  14367.1
193  128  2025-06-09 22-11-06  1540.8  2793.79  -1616.72  202.677  14378.6
194  128  2025-06-09 22-11-06  1542.4  2801.54  -1621.43  202.734  14372.5
195  128  2025-06-09 22-11-06  1544  2809.33  -1626.09  202.792  14366.2
196  128  2025-06-09 22-11-06  1545.6  2817.15  -1630.69  202.705  14359.9
197  128  2025-06-09 22-11-06  1547.2  2824.95  -1635.33  202.763  14363.2
198  128  2025-06-09 22-11-06  1548.8  14032.7  -1639.99  202.821  14366.4
199  128  2025-06-09 22-11-06  1550.4  14040.5  -1644.69  202.878  14369.8
200  128  2025-06-09 22-11-06  1552  14048.3  -1649.41  202.936  14373.1
201  128  2025-06-09 22-11-06  1553.6  14056.1  -1654.17  202.993  14376.4
202  128  2025-06-09 22-11-06  1555.2  14063.8  -1658.96  203.051  14379.8
203  128  2025-06-09 22-11-06  1556.8  14071.5  -1663.78  203.108  14383.2
204  128  2025-06-09 22-11-06  1558.4  14079.2  -1668.64  203.166  14386.6
205  128  2025-06-09 22-11-06  1560  14086.9  -1673.52  203.223  14390
206  128  2025-06-09 22-11-06  1561.6  14094.6  -1678.44  203.281  14393.4
207  128  2025-06-09 22-11-06  1563.2  14102.4  -1683.32  203.339  14388.8
208  128  2025-06-09 22-11-06  1564.8  14110.1  -1688.16  203.396  14384
209  128  2025-06-09 22-11-06  1566.4  14117.9  -1692.97  203.454  14379.3
210  128  2025-06-09 22-11-06  1568  14125.7  -1697.73  203.511  14374.4
211  128  2025-06-09 22-11-06  1569.6  14133.5  -1702.46  203.569  14369.6
212  128  2025-06-09 22-11-06  1571.2  14141.4  -1707.15  203.626  14364.6
213  128  2025-06-09 22-11-06  1572.8  14149.3  -1711.8  203.684  14359.6
214  128  2025-06-09 22-11-06  1574.4  14157.3  -1716.41  203.741  14354.5
215  128  2025-06-09 22-11-06  1576  14165.2  -1720.98  203.799  14349.3
216  128  2025-06-09 22-11-06  1577.6  14173.2  -1725.5  203.857  14344.1
217  128  2025-06-09 22-11-06  1579.2  14181.2  -1729.98  203.914  14338.8
218  128  2025-06-09 22-11-06  1580.8  14189.3  -1734.42  203.972  14333.5
219  128  2025-06-09 22-11-06  1582.4  14197.4  -1738.81  204.029  14328.1
220  128  2025-06-09 22-11-06  1584  14205.5  -1743.16  204.087  14322.6
221  128  2025-06-09 22-11-06  1585.6  14213.6  -1747.46  204.144  14317.1
222  128  2025-06-09 22-11-06  1587.2  14221.8  -1751.79  204.058  14321.2
223  128  2025-06-09 22-11-06  1588.8  14229.9  -1756.16  203.972  14325.3
224  128  2025-06-09 22-11-06  1590.4  14237.9  -1760.55  203.885  14329.5
225  128  2025-06-09 22-11-06  1592  14246  -1764.98  203.799  14333.6
226  128  2025-06-09 22-11-06  1593.6  14254  -1769.45  203.713  14337.9
227  128  2025-06-09 22-11-06  1595.2  14262  -1773.94  203.626  14342.1
228  128  2025-06-09 22-11-06  1596.8  14269.9  -1778.48  203.684  14346.4
229  128  2025-06-09 22-11-06  1598.4  14277.9  -1783.05  203.741  14350.7
230  128  2025-06-09 22-11-06  1600  14285.9  -1787.6  203.799  14347
231  128  2025-06-09 22-11-06  1601.6  14293.9  -1792.12  203.857  14343.2
232  128  2025-06-09 22-11-06  1603.2  14301.9  -1796.6  203.914  14339.4
233  128  2025-06-09 22-11-06  1604.8  14309.9  -1801.18  203.972  14350.1
234  128  2025-06-09 22-11-06  1606.4  14317.8  -1805.86  204.029  14360.8
235  128  2025-06-09 22-11-06  1608  14325.7  -1810.64  204.087  14371.7
236  128  2025-06-09 22-11-06  1609.6  14333.6  -1815.36  204.144  14364.9
237  128  2025-06-09 22-11-06  1611.2  14341.5  -1820.02  204.202  14358
238  128  2025-06-09 22-11-06  1612.8  14349.4  -1824.78  204.259  14368.8
239  128  2025-06-09 22-11-06  1614.4  14357.4  -1829.48  204.317  14361.9
240  128  2025-06-09 22-11-06  1616  14365.4  -1834.12  204.375  14355
241  128  2025-06-09 22-11-06  1617.6  14373.3  -1838.86  204.432  14365.7
242  128  2025-06-09 22-11-06  1619.2  14381.3  -1843.55  204.49  14358.8
243  128  2025-06-09 22-11-06  1620.8  14389.2  -1848.33  204.547  14369.5
244  128  2025-06-09 22-11-06  1622.4  14397.2  -1853.05  204.605  14362.6
245  128  2025-06-09 22-11-06  1624  14405.2  -1857.71  204.662  14355.6
246  128  2025-06-09 22-11-06  1625.6  14413.1  -1862.47  204.72  14366.3
247  128  2025-06-09 22-11-06  1627.2  14421.1  -1867.18  204.777  14359.3
248  128  2025-06-09 22-11-06  1628.8  14429.2  -1871.82  204.835  14352.2
249  128  2025-06-09 22-11-06  1630.4  14437.1  -1876.56  204.893  14362.8
250  128  2025-06-09 22-11-06  1632  14445.2  -1881.24  204.95  14355.8
251  128  2025-06-09 22-11-06  1633.6  14453.2  -1886.02  205.008  14366.4
252  128  2025-06-09 22-11-06  1635.2  14461.2  -1890.73  205.065  14359.4
253  128  2025-06-09 22-11-06  1636.8  14469.2  -1895.39  205.123  14352.2
254  128  2025-06-09 22-11-06  1638.4  14477.3  -1900.15  205.18  14362.8
255  128  2025-06-09 22-11-06  1640  14485.3  -1904.84  205.238  14355.7
256  128  2025-06-09 22-11-06  1641.6  14493.3  -1909.63  205.295  14366.3
257  128  2025-06-09 22-11-06  1643.2  14501.4  -1914.36  205.353  14359.2
258  128  2025-06-09 22-11-06  1644.8  14509.5  -1919.03  205.411  14352
259  128  2025-06-09 22-11-06  1646.4  14517.5  -1923.8  205.468  14362.6
260  128  2025-06-09 22-11-06  1648  14525.6  -1928.51  205.526  14355.4
261  128  2025-06-09 22-11-06  1649.6  14533.6  -1933.31  205.583  14366
262  128  2025-06-09 22-11-06  1651.2  14541.7  -1938.05  205.641  14358.8
263  128  2025-06-09 22-11-06  1652.8  14549.8  -1942.73  205.698  14351.6
264  128  2025-06-09 22-11-06  1654.4  14557.9  -1947.51  205.756  14362.1
265  128  2025-06-09 22-11-06  1656  14566  -1952.22  205.813  14354.9
266  128  2025-06-09 22-11-06  1657.6  14574.1  -1956.88  205.871  14347.6
267  128  2025-06-09 22-11-06  1659.2  14582.2  -1961.63  205.929  14358
268  128  2025-06-09 22-11-06  1660.8  14590.4  -1966.32  205.986  14350.8
269  128  2025-06-09 22-11-06  1662.4  14598.5  -1971.1  206.044  14361.2
270  128  2025-06-09 22-11-06  1664  14606.6  -1975.82  206.101  14354
271  128  2025-06-09 22-11-06  1665.6  14614.8  -1980.48  206.159  14346.6
272  128  2025-06-09 22-11-06  1667.2  14622.9  -1985.24  206.216  14357
273  128  2025-06-09 22-11-06  1668.8  14631.1  -1989.93  206.274  14349.7
274  128  2025-06-09 22-11-06  1670.4  14639.2  -1994.72  206.331  14360.1
275  128  2025-06-09 22-11-06  1672  14647.4  -1999.45  206.389  14352.8
276  128  2025-06-09 22-11-06  1673.6  14655.6  -2004.11  206.447  14345.4
277  128  2025-06-09 22-11-06  1675.2  14663.8  -2008.87  206.504  14355.7
278  128  2025-06-09 22-11-06  1676.8  14672  -2013.56  206.562  14348.4
279  128  2025-06-09 22-11-06  1678.4  14680.2  -2018.35  206.619  14358.7
280  128  2025-06-09 22-11-06  1680  14688.4  -2023.08  206.677  14351.3
281  128  2025-06-09 22-11-06  1681.6  14696.6  -2027.75  206.734  14343.9
282  128  2025-06-09 22-11-06  1683.2  14704.8  -2032.51  206.792  14354.2
283  128  2025-06-09 22-11-06  1684.8  14713  -2037.2  206.849  14346.8
284  128  2025-06-09 22-11-06  1686.4  14721.2  -2041.99  206.907  14357.1
285  128  2025-06-09 22-11-06  1688  14729.5  -2046.72  206.965  14349.7
286  128  2025-06-09 22-11-06  1689.6  14737.7  -2051.38  207.022  14342.2
287  128  2025-06-09 22-11-06  1691.2  14746  -2056.14  207.08  14352.4
288  128  2025-06-09 22-11-06  1692.8  14754.3  -2060.83  207.137  14345
289  128  2025-06-09 22-11-06  1694.4  14762.5  -2065.62  207.195  14355.2
290  128  2025-06-09 22-11-06  1696  14770.8  -2070.35  207.252  14347.8
291  128  2025-06-09 22-11-06  1697.6  14779  -2075.17  207.31  14358
292  128  2025-06-09 22-11-06  1699.2  14787.2  -2079.92  207.367  14350.6
293  128  2025-06-09 22-11-06  1700.8  14795.6  -2084.61  207.425  14343.1
294  128  2025-06-09 22-11-06  1702.4  14803.8  -2089.4  207.483  14353.3
295  128  2025-06-09 22-11-06  1704  14812.1  -2094.12  207.54  14345.8
296  128  2025-06-09 22-11-06  1705.6  14820.4  -2098.94  207.598  14356
297  128  2025-06-09 22-11-06  1707.2  14828.7  -2103.69  207.655  14348.5
298  128  2025-06-09 22-11-06  1708.8  14837  -2108.37  207.713  14341
299  128  2025-06-09 22-11-06  1710.4  14845.3  -2113.15  207.77  14351.1
300  128  2025-06-09 22-11-06  1712  14853.7  -2117.87  207.828  14343.6
301  128  2025-06-09 22-11-06  1713.6  14862  -2122.68  207.885  14353.8
302  128  2025-06-09 22-11-06  1715.2  14870.3  -2127.42  207.943  14346.2
303  128  2025-06-09 22-11-06  1716.8  14878.7  -2132.1  208.001  14338.6
304  128  2025-06-09 22-11-06  1718.4  14887  -2136.88  208.058  14348.7
305  128  2025-06-09 22-11-06  1720  14895.4  -2141.58  208.116  14341.2
306  128  2025-06-09 22-11-06  1721.6  14903.7  -2146.38  208.173  14351.3
307  128  2025-06-09 22-11-06  1723.2  14912.1  -2151.12  208.231  14343.7
308  128  2025-06-09 22-11-06  1724.8  14920.4  -2155.95  208.288  14353.8
309  128  2025-06-09 22-11-06  1726.4  14928.8  -2160.72  208.346  14346.3
310  128  2025-06-09 22-11-06  1728  14937.2  -2165.41  208.404  14338.6
311  128  2025-06-09 22-11-06  1729.6  14945.6  -2170.21  208.461  14348.7
312  128  2025-06-09 22-11-06  1731.2  14954  -2174.93  208.519  14341.1
313  128  2025-06-09 22-11-06  1732.8  14962.4  -2179.76  208.576  14351.2
314  128  2025-06-09 22-11-06  1734.4  14970.8  -2184.51  208.634  14343.6
315  128  2025-06-09 22-11-06  1736  14979.3  -2189.2  208.691  14335.9
316  128  2025-06-09 22-11-06  1737.6  14987.7  -2193.98  208.749  14345.9
317  128  2025-06-09 22-11-06  1739.2  14996.1  -2198.69  208.806  14338.2
318  128  2025-06-09 22-11-06  1740.8  15004.5  -2203.5  208.864  14348.3
319  128  2025-06-09 22-11-06  1742.4  15013  -2208.24  208.922  14340.6
320  128  2025-06-09 22-11-06  1744  15021.4  -2213.08  208.979  14350.7
321  128  2025-06-09 22-11-06  1745.6  15029.8  -2217.85  209.037  14343
322  128  2025-06-09 22-11-06  1747.2  15038.3  -2222.55  209.094  14335.3
323  128  2025-06-09 22-11-06  1748.8  15046.8  -2227.35  209.152  14345.3
324  128  2025-06-09 22-11-06  1750.4  15055.3  -2232.07  209.209  14337.6
325  128  2025-06-09 22-11-06  1752  15063.7  -2236.9  209.267  14347.6
326  128  2025-06-09 22-11-06  1753.6  15072.2  -2241.65  209.324  14339.9
327  128  2025-06-09 22-11-06  1755.2  15080.7  -2246.5  209.382  14350
328  128  2025-06-09 22-11-06  1756.8  15089.2  -2251.28  209.44  14342.3
329  128  2025-06-09 22-11-06  1758.4  15097.7  -2256  209.497  14334.5
330  128  2025-06-09 22-11-06  1760  15106.2  -2260.81  209.555  14344.5
331  128  2025-06-09 22-11-06  1761.6  15114.7  -2265.55  209.612  14336.8
332  128  2025-06-09 22-11-06  1763.2  15123.2  -2270.38  209.67  14346.7
333  128  2025-06-09 22-11-06  1764.8  15131.7  -2275.15  209.727  14339
334  128  2025-06-09 22-11-06  1766.4  15140.3  -2279.84  209.785  14331.2
335  128  2025-06-09 22-11-06  1768  15148.8  -2284.63  209.842  14341.1
336  128  2025-06-09 22-11-06  1769.6  15157.4  -2289.36  209.9  14333.4
337  128  2025-06-09 22-11-06  1771.2  15165.9  -2294.17  209.958  14343.3
338  128  2025-06-09 22-11-06  1772.8  15174.5  -2298.92  210.015  14335.5
339  128  2025-06-09 22-11-06  1774.4  15183  -2303.76  210.073  14345.5
340  128  2025-06-09 22-11-06  1776  15191.6  -2308.54  210.13  14337.7
341  128  2025-06-09 22-11-06  1777.6  15200.2  -2313.24  210.188  14329.9
342  128  2025-06-09 22-11-06  1779.2  15208.8  -2318.04  210.245  14339.8
343  128  2025-06-09 22-11-06  1780.8  15217.4  -2322.76  210.303  14332
344  128  2025-06-09 22-11-06  1782.4  15226  -2327.59  210.36  14341.8
345  128  2025-06-09 22-11-06  1784  15234.6  -2332.34  210.418  14334
346  128  2025-06-09 22-11-06  1785.6  15243.2  -2337.19  210.476  14344
347  128  2025-06-09 22-11-06  1787.2  15251.8  -2341.97  210.533  14336.2
348  128  2025-06-09 22-11-06  1788.8  15260.5  -2346.68  210.591  14328.3
349  128  2025-06-09 22-11-06  1790.4  15269.1  -2351.48  210.648  14338.2
350  128  2025-06-09 22-11-06  1792  15277.7  -2356.21  210.706  14330.3
351  128  2025-06-09 22-11-06  1793.6  15286.4  -2361.04  210.763  14340.2
352  128  2025-06-09 22-11-06  1795.2  15295  -2365.79  210.821  14332.4
353  128  2025-06-09 22-11-06  1796.8  15303.6  -2370.65  210.878  14342.2
354  128  2025-06-09 22-11-06  1798.4  15312.3  -2375.43  210.936  14334.4
355  128  2025-06-09 22-11-06  1800  15321  -2380.14  210.994  14326.5
356  128  2025-06-09 22-11-06  1801.6  15329.7  -2384.94  211.051  14336.3
357  128  2025-06-09 22-11-06  1803.2  15338.4  -2389.68  211.109  14328.5
358  128  2025-06-09 22-11-06  1804.8  15347  -2394.51  211.166  14338.3
359  128  2025-06-09 22-11-06  1806.4  15355.7  -2399.26  211.224  14330.4
360  128  2025-06-09 22-11-06  1808  15364.4  -2404.12  211.281  14340.3
361  128  2025-06-09 22-11-06  1809.6  15373.1  -2408.9  211.339  14332.4
362  128  2025-06-09 22-11-06  1811.2  15381.9  -2413.61  211.396  14324.5
363  128  2025-06-09 22-11-06  1812.8  15390.6  -2418.41  211.454  14334.3
364  128  2025-06-09 22-11-06  1814.4  15399.3  -2423.15  211.512  14326.4
365  128  2025-06-09 22-11-06  1816  15408  -2427.98  211.569  14336.2
366  128  2025-06-09 22-11-06  1817.6  15416.8  -2432.73  211.627  14328.3
367  128  2025-06-09 22-11-06  1819.2  15425.5  -2437.59  211.684  14338.1
368  128  2025-06-09 22-11-06  1820.8  15434.3  -2442.37  211.742  14330.2
369  128  2025-06-09 22-11-06  1822.4  15443  -2447.24  211.799  14340
370  128  2025-06-09 22-11-06  1824  15451.7  -2452.05  211.857  14332.2
371  128  2025-06-09 22-11-06  1825.6  15460.5  -2456.78  211.914  14324.3
372  128  2025-06-09 22-11-06  1827.2  15469.3  -2461.61  211.972  14334
373  128  2025-06-09 22-11-06  1828.8  15478.1  -2466.36  212.03  14326.1
374  128  2025-06-09 22-11-06  1830.4  15486.8  -2471.21  212.087  14335.9
375  128  2025-06-09 22-11-06  1832  15495.6  -2475.99  212.145  14328
376  128  2025-06-09 22-11-06  1833.6  15504.4  -2480.87  212.202  14337.8
377  128  2025-06-09 22-11-06  1835.2  15513.2  -2485.67  212.26  14329.9
378  128  2025-06-09 22-11-06  1836.8  15522  -2490.4  212.317  14321.9
379  128  2025-06-09 22-11-06  1838.4  15530.8  -2495.22  212.375  14331.6
380  128  2025-06-09 22-11-06  1840  15539.7  -2499.97  212.432  14323.7
381  128  2025-06-09 22-11-06  1841.6  15548.5  -2504.82  212.49  14333.4
382  128  2025-06-09 22-11-06  1843.2  15557.3  -2509.59  212.548  14325.5
383  128  2025-06-09 22-11-06  1844.8  15566.1  -2514.46  212.605  14335.2
384  128  2025-06-09 22-11-06  1846.4  15575  -2519.26  212.663  14327.3
385  128  2025-06-09 22-11-06  1848  15583.9  -2523.98  212.72  14319.3
386  128  2025-06-09 22-11-06  1849.6  15592.7  -2528.8  212.778  14329
387  128  2025-06-09 22-11-06  1851.2  15601.6  -2533.54  212.835  14321
388  128  2025-06-09 22-11-06  1852.8  15610.5  -2538.38  212.893  14330.8
389  128  2025-06-09 22-11-06  1854.4  15619.4  -2543.15  212.95  14322.8
390  128  2025-06-09 22-11-06  1856  15628.2  -2548.01  213.008  14332.5
391  128  2025-06-09 22-11-06  1857.6  15637.1  -2552.8  213.066  14324.6
392  128  2025-06-09 22-11-06  1859.2  15646  -2557.69  213.123  14334.3
393  128  2025-06-09 22-11-06  1860.8  15654.9  -2562.5  213.181  14326.4
394  128  2025-06-09 22-11-06  1862.4  15663.8  -2567.24  213.238  14318.4
395  128  2025-06-09 22-11-06  1864  15672.7  -2572.07  213.296  14328
396  128  2025-06-09 22-11-06  1865.6  15681.7  -2576.83  213.353  14320
397  128  2025-06-09 22-11-06  1867.2  15690.6  -2581.69  213.411  14329.7
398  128  2025-06-09 22-11-06  1868.8  15699.5  -2586.47  213.468  14321.7
399  128  2025-06-09 22-11-06  1870.4  15708.4  -2591.34  213.526  14331.5
400  128  2025-06-09 22-11-06  1872  15717.4  -2596.15  213.584  14323.5
401  128  2025-06-09 22-11-06  1873.6  15726.4  -2600.87  213.641  14315.4
402  128  2025-06-09 22-11-06  1875.2  15735.3  -2605.7  213.699  14325.1
403  128  2025-06-09 22-11-06  1876.8  15744.3  -2610.45  213.756  14317.1
404  128  2025-06-09 22-11-06  1878.4  15753.3  -2615.29  213.814  14326.7
405  128  2025-06-09 22-11-06  1880  15762.3  -2620.06  213.871  14318.7
406  128  2025-06-09 22-11-06  1881.6  15771.3  -2624.93  213.929  14328.4
407  128  2025-06-09 22-11-06  1883.2  15780.3  -2629.72  213.986  14320.4
408  128  2025-06-09 22-11-06  1884.8  15789.2  -2634.61  214.044  14330.1
409  128  2025-06-09 22-11-06  1886.4  15798.2  -2639.42  214.102  14322.1
410  128  2025-06-09 22-11-06  1888  15807.3  -2644.16  214.159  14314
411  128  2025-06-09 22-11-06  1889.6  15816.3  -2649  214.217  14323.7
412  128  2025-06-09 22-11-06  1891.2  15825.3  -2653.76  214.274  14315.6
413  128  2025-06-09 22-11-06  1892.8  15834.3  -2658.61  214.332  14325.3
414  128  2025-06-09 22-11-06  1894.4  15843.4  -2663.39  214.389  14317.2
415  128  2025-06-09 22-11-06  1896  15852.4  -2668.27  214.447  14326.9
416  128  2025-06-09 22-11-06  1897.6  15861.5  -2673.07  214.504  14318.9
417  128  2025-06-09 22-11-06  1899.2  15870.5  -2677.97  214.562  14328.6
418  128  2025-06-09 22-11-06  1900.8  15879.5  -2682.79  214.62  14320.6
419  128  2025-06-09 22-11-06  1902.4  15888.6  -2687.54  214.677  14312.5
420  128  2025-06-09 22-11-06  1904  15897.7  -2692.38  214.735  14322.1
421  128  2025-06-09 22-11-06  1905.6  15906.8  -2697.15  214.792  14314
422  128  2025-06-09 22-11-06  1907.2  15915.9  -2702.01  214.85  14323.7
423  128  2025-06-09 22-11-06  1908.8  15925  -2706.8  214.907  14315.6
424  128  2025-06-09 22-11-06  1910.4  15934  -2711.69  214.965  14325.3
425  128  2025-06-09 22-11-06  1912  15943.1  -2716.5  215.022  14317.2
426  128  2025-06-09 22-11-06  1913.6  15952.3  -2721.23  215.08  14309.1
427  128  2025-06-09 22-11-06  1915.2  15961.4  -2726.06  215.138  14318.7
428  128  2025-06-09 22-11-06  1916.8  15970.6  -2730.81  215.195  14310.6
429  128  2025-06-09 22-11-06  1918.4  15979.7  -2735.66  215.253  14320.2
430  128  2025-06-09 22-11-06  1920  15988.9  -2740.43  215.31  14312.1
431  128  2025-06-09 22-11-06  1921.6  15998  -2745.3  215.368  14321.7
432  128  2025-06-09 22-11-06  1923.2  16007.1  -2750.09  215.425  14313.7
433  128  2025-06-09 22-11-06  1924.8  16016.3  -2754.98  215.483  14323.3
434  128  2025-06-09 22-11-06  1926.4  16025.4  -2759.8  215.54  14315.3
435  128  2025-06-09 22-11-06  1928  16034.6  -2764.53  215.598  14307.1
436  128  2025-06-09 22-11-06  1929.6  16043.8  -2769.36  215.656  14316.7
437  128  2025-06-09 22-11-06  1931.2  16053  -2774.12  215.713  14308.6
438  128  2025-06-09 22-11-06  1932.8  16062.2  -2778.97  215.771  14318.2
439  128  2025-06-09 22-11-06  1934.4  16071.4  -2783.75  215.828  14310.1
440  128  2025-06-09 22-11-06  1936  16080.6  -2788.62  215.886  14319.7
441  128  2025-06-09 22-11-06  1937.6  16089.8  -2793.42  215.943  14311.6
442  128  2025-06-09 22-11-06  1939.2  16099  -2798.31  216.001  14321.2
443  128  2025-06-09 22-11-06  1940.8  16108.2  -2803.13  216.058  14313.2
444  128  2025-06-09 22-11-06  1942.4  16117.5  -2807.86  216.116  14305
445  128  2025-06-09 22-11-06  1944  16126.7  -2812.7  216.174  14314.6
446  128  2025-06-09 22-11-06  1945.6  16136  -2817.46  216.231  14306.4
447  128  2025-06-09 22-11-06  1947.2  16145.2  -2822.31  216.289  14316
448  128  2025-06-09 22-11-06  1948.8  16154.5  -2827.09  216.346  14307.9
449  128  2025-06-09 22-11-06  1950.4  16163.7  -2831.97  216.404  14317.5
450  128  2025-06-09 22-11-06  1952  16173  -14036.8  216.461  14309.4
451  128  2025-06-09 22-11-06  1953.6  16182.2  -14041.7  216.519  14319
452  128  2025-06-09 22-11-06  1955.2  16191.5  -14046.5  216.576  14310.9
453  128  2025-06-09 22-11-06  1956.8  16200.8  -14051.4  216.634  14320.5
454  128  2025-06-09 22-11-06  1958.4  16210  -14056.2  216.692  14312.4
455  128  2025-06-09 22-11-06  1960  16219.4  -14061  216.749  14304.3
456  128  2025-06-09 22-11-06  1961.6  16228.7  -14065.9  216.807  14313.9
457  128  2025-06-09 22-11-06  1963.2  16238  -14070.6  216.864  14305.7
458  128  2025-06-09 22-11-06  1964.8  16247.3  -14075.5  216.922  14315.3
459  128  2025-06-09 22-11-06  1966.4  16256.6  -14080.3  216.979  14307.2
460  128  2025-06-09 22-11-06  1968  16265.9  -14085.2  217.037  14316.8
461  128  2025-06-09 22-11-06  1969.6  16275.2  -14090  217.094  14308.7
462  128  2025-06-09 22-11-06  1971.2  16284.5  -14094.9  217.152  14318.3
463  128  2025-06-09 22-11-06  1972.8  16293.9  -14099.8  217.21  14310.2
464  128  2025-06-09 22-11-06  1974.4  16303.3  -14104.5  217.267  14302
465  128  2025-06-09 22-11-06  1976  16312.6  -14109.4  217.325  14311.6
466  128  2025-06-09 22-11-06  1977.6  16322  -14114.2  217.382  14303.4
467  128  2025-06-09 22-11-06  1979.2  16331.4  -14119.1  217.44  14313
468  128  2025-06-09 22-11-06  1980.8  16340.8  -14123.9  217.497  14304.8
469  128  2025-06-09 22-11-06  1982.4  16350.1  -14128.8  217.555  14314.4
470  128  2025-06-09 22-11-06  1984  16359.5  -14133.6  217.612  14306.3
471  128  2025-06-09 22-11-06  1985.6  16368.9  -14138.5  217.67  14315.9
472  128  2025-06-09 22-11-06  1987.2  16378.3  -14143.3  217.728  14307.8
473  128  2025-06-09 22-11-06  1988.8  16387.7  -14148.1  217.785  14299.6
474  128  2025-06-09 22-11-06  1990.4  16397.1  -14152.9  217.843  14309.1
475  128  2025-06-09 22-11-06  1992  16406.6  -14157.7  217.9  14301
476  128  2025-06-09 22-11-06  1993.6  16416  -14162.6  217.958  14310.5
477  128  2025-06-09 22-11-06  1995.2  16425.4  -14167.4  218.015  14302.4
478  128  2025-06-09 22-11-06  1996.8  16434.8  -14172.3  218.073  14311.9
479  128  2025-06-09 22-11-06  1998.4  16444.3  -14177.1  218.13  14303.8
480  128  2025-06-09 22-11-06  2000  16453.7  -14182  218.188  14313.4
481  128  2025-06-09 22-11-06  2001.6  16463.2  -14186.9  218.246  14305.2
482  128  2025-06-09 22-11-06  2003.2  16472.7  -14191.6  218.303  14297.1
483  128  2025-06-09 22-11-06  2004.8  16482.1  -14196.5  218.361  14306.6
484  128  2025-06-09 22-11-06  2006.4  16491.6  -14201.2  218.418  14298.4
485  128  2025-06-09 22-11-06  2008  16501.1  -14206.1  218.476  14307.9
486  128  2025-06-09 22-11-06  2009.6  16510.6  -14210.9  218.533  14299.7
487  128  2025-06-09 22-11-06  2011.2  16520.1  -14215.8  218.591  14309.3
488  128  2025-06-09 22-11-06  2012.8  16529.6  -14220.6  218.648  14301.1
489  128  2025-06-09 22-11-06  2014.4  16539.1  -14225.5  218.706  14310.7
490  128  2025-06-09 22-11-06  2016  16548.6  -14230.4  218.764  14302.6
491  128  2025-06-09 22-11-06  2017.6  16558.2  -14235.1  218.821  14294.4
492  128  2025-06-09 22-11-06  2019.2  16567.7  -14240  218.879  14303.8
493  128  2025-06-09 22-11-06  2020.8  16577.3  -14244.7  218.936  14295.6
494  128  2025-06-09 22-11-06  2022.4  16586.8  -14249.6  218.994  14305.2
495  128  2025-06-09 22-11-06  2024  16596.4  -14254.4  219.051  14297
496  128  2025-06-09 22-11-06  2025.6  16605.9  -14259.3  219.109  14306.5
497  128  2025-06-09 22-11-06  2027.2  16615.5  -14264.1  219.167  14298.3
498  128  2025-06-09 22-11-06  2028.8  16625  -14269  219.224  14307.9
499  128  2025-06-09 22-11-06  2030.4  16634.6  -14273.8  219.282  14299.7
500  128  2025-06-09 22-11-06  2032  16644.1  -14278.7  219.339  14309.3
501  128  2025-06-09 22-11-06  2033.6  16653.7  -14283.6  219.397  14301.2
502  128  2025-06-09 22-11-06  2035.2  16663.3  -14288.4  219.454  14292.9
503  128  2025-06-09 22-11-06  2036.8  16672.9  -14293.2  219.512  14302.4
504  128  2025-06-09 22-11-06  2038.4  16682.6  -14298  219.569  14294.2
505  128  2025-06-09 22-11-06  2040  16692.2  -14302.9  219.627  14303.7
506  128  2025-06-09 22-11-06  2041.6  16701.8  -14307.7  219.685  14295.6
507  128  2025-06-09 22-11-06  2043.2  16711.4  -14312.6  219.742  14305.1
508  128  2025-06-09 22-11-06  2044.8  16721  -14317.4  219.8  14296.9
509  128  2025-06-09 22-11-06  2046.4  16730.6  -14322.3  219.857  14306.5
510  128  2025-06-09 22-11-06  2048  16740.3  -14327.2  219.915  14298.3
511  128  2025-06-09 22-11-06  2049.6  16750  -14331.9  219.972  14290.1
512  128  2025-06-09 22-11-06  2051.2  16759.6  -14336.8  220.03  14299.6
513  128  2025-06-09 22-11-06  2052.8  16769.3  -14341.6  220.087  14291.4
514  128  2025-06-09 22-11-06  2054.4  16779  -14346.4  220.145  14300.8
515  128  2025-06-09 22-11-06  2056  16788.7  -14351.2  220.203  14292.7
516  128  2025-06-09 22-11-06  2057.6  16798.3  -14356.1  220.26  14302.2
517  128  2025-06-09 22-11-06  2059.2  16808  -14360.9  220.318  14294
518  128  2025-06-09 22-11-06  2060.8  16817.7  -14365.8  220.375  14303.5
519  128  2025-06-09 22-11-06  2062.4  16827.4  -14370.7  220.433  14295.3
520  128  2025-06-09 22-11-06  2064  16837.1  -14375.6  220.49  14304.9
521  128  2025-06-09 22-11-06  2065.6  16846.8  -14380.5  220.548  14296.7
522  128  2025-06-09 22-11-06  2067.2  16856.5  -14385.2  220.605  14288.5
523  128  2025-06-09 22-11-06  2068.8  16866.2  -14390.1  220.663  14298
524  128  2025-06-09 22-11-06  2070.4  16876  -14394.9  220.721  14289.8
525  128  2025-06-09 22-11-06  2072  16885.7  -14399.8  220.778  14299.3
526  128  2025-06-09 22-11-06  2073.6  16895.5  -14404.6  220.836  14291.1
527  128  2025-06-09 22-11-06  2075.2  16905.2  -14409.5  220.893  14300.6
528  128  2025-06-09 22-11-06  2076.8  16915  -14414.3  220.951  14292.4
529  128  2025-06-09 22-11-06  2078.4  16924.7  -14419.2  221.008  14301.9
530  128  2025-06-09 22-11-06  2080  16934.5  -14424.1  221.066  14293.8
531  128  2025-06-09 22-11-06  2081.6  16944.2  -14429  221.123  14303.3
532  128  2025-06-09 22-11-06  2083.2  16953.9  -14434.1  221.181  14312.9
533  128  2025-06-09 22-11-06  2084.8  16963.5  -14439.2  221.095  14322.7
534  128  2025-06-09 22-11-06  2086.4  16973.1  -14444.4  221.152  14322.8
535  128  2025-06-09 22-11-06  2088  16982.7  -14449.5  221.21  14322.9
536  128  2025-06-09 22-11-06  2089.6  16992.4  -14454.7  221.267  14323
537  128  2025-06-09 22-11-06  2091.2  17002  -14459.9  221.325  14323.2
538  128  2025-06-09 22-11-06  2092.8  17011.7  -14465  221.382  14323.3
539  128  2025-06-09 22-11-06  2094.4  17021.3  -14470.2  221.44  14323.4
540  128  2025-06-09 22-11-06  2096  17030.9  -14475.4  221.498  14323.6
541  128  2025-06-09 22-11-06  2097.6  17040.6  -14480.6  221.555  14323.7
542  128  2025-06-09 22-11-06  2099.2  17050.2  -14485.8  221.613  14331.9
543  128  2025-06-09 22-11-06  2100.8  17059.8  -14491.2  221.67  14340.2
544  128  2025-06-09 22-11-06  2102.4  17069.3  -14496.6  221.728  14348.5
545  128  2025-06-09 22-11-06  2104  17078.8  -14502.2  221.785  14357
546  128  2025-06-09 22-11-06  2105.6  17088.2  -14507.8  221.843  14365.5
547  128  2025-06-09 22-11-06  2107.2  17097.6  -14513.5  221.9  14374.1
548  128  2025-06-09 22-11-06  2108.8  17106.9  -14519.4  221.958  14382.8
549  128  2025-06-09 22-11-06  2110.4  17116.2  -14525.3  222.016  14391.6
550  128  2025-06-09 22-11-06  2112  17125.4  -14531.3  222.073  14400.4
551  128  2025-06-09 22-11-06  2113.6  17134.6  -14537.4  222.131  14409.4
552  128  2025-06-09 22-11-06  2115.2  17143.7  -14543.5  222.188  14418.4
553  128  2025-06-09 22-11-06  2116.8  17152.8  -14549.8  222.246  14427.5
554  128  2025-06-09 22-11-06  2118.4  17161.8  -14556.2  222.303  14436.6
555  128  2025-06-09 22-11-06  2120  17170.7  -14562.7  222.361  14445.9
556  128  2025-06-09 22-11-06  2121.6  17179.7  -14569.1  222.275  14445.5
557  128  2025-06-09 22-11-06  2123.2  17188.6  -14575.6  222.188  14445.1
558  128  2025-06-09 22-11-06  2124.8  17197.5  -14582  222.102  14444.7
559  128  2025-06-09 22-11-06  2126.4  17206.5  -14588.4  222.016  14444.3
560  128  2025-06-09 22-11-06  2128  17215.4  -14594.9  221.929  14443.9
561  128  2025-06-09 22-11-06  2129.6  17224.3  -14601.3  221.843  14443.4
562  128  2025-06-09 22-11-06  2131.2  17233.2  -14607.7  221.757  14443
563  128  2025-06-09 22-11-06  2132.8  17242.1  -14614.1  221.814  14442.5
564  128  2025-06-09 22-11-06  2134.4  17251.1  -14620.5  221.872  14442
565  128  2025-06-09 22-11-06  2136  17260  -14626.9  221.929  14449.6
566  128  2025-06-09 22-11-06  2137.6  17268.9  -14633.4  221.987  14442.6
567  128  2025-06-09 22-11-06  2139.2  17277.9  -14639.7  222.044  14435.6
568  128  2025-06-09 22-11-06  2140.8  17286.9  -14646  222.102  14428.6
569  128  2025-06-09 22-11-06  2142.4  17296  -14652.2  222.159  14421.4
570  128  2025-06-09 22-11-06  2144  17305.2  -14658.3  222.217  14414.2
571  128  2025-06-09 22-11-06  2145.6  17314.4  -14664.4  222.275  14406.9
572  128  2025-06-09 22-11-06  2147.2  17323.6  -14670.4  222.332  14399.5
573  128  2025-06-09 22-11-06  2148.8  17332.9  -14676.4  222.39  14392
574  128  2025-06-09 22-11-06  2150.4  17342.3  -14682.2  222.447  14384.5
575  128  2025-06-09 22-11-06  2152  17351.7  -14688  222.505  14376.8
576  128  2025-06-09 22-11-06  2153.6  17361.2  -14693.7  222.562  14369.1
577  128  2025-06-09 22-11-06  2155.2  17370.7  -14699.3  222.62  14361.3
578  128  2025-06-09 22-11-06  2156.8  17380.3  -14704.9  222.677  14353.5
579  128  2025-06-09 22-11-06  2158.4  17389.9  -14710.3  222.735  14345.5
580  128  2025-06-09 22-11-06  2160  17399.6  -14715.7  222.793  14337.5
581  128  2025-06-09 22-11-06  2161.6  17409.3  -14721  222.85  14329.4
582  128  2025-06-09 22-11-06  2163.2  17419.1  -14726.3  222.908  14321.2
583  128  2025-06-09 22-11-06  2164.8  17429  -14731.4  222.965  14312.9
584  128  2025-06-09 22-11-06  2166.4  17438.8  -14736.4  223.023  14304.5
585  128  2025-06-09 22-11-06  2168  17448.8  -14741.4  223.08  14296.1
586  128  2025-06-09 22-11-06  2169.6  17458.8  -14746.3  223.138  14287.6
587  128  2025-06-09 22-11-06  2171.2  17468.8  -14751  223.195  14279
588  128  2025-06-09 22-11-06  2172.8  17478.9  -14755.7  223.253  14270.3
589  128  2025-06-09 22-11-06  2174.4  17489  -14760.5  223.311  14279.4
590  128  2025-06-09 22-11-06  2176  17499.1  -14765.2  223.368  14270.7
591  128  2025-06-09 22-11-06  2177.6  17509.1  -14770  223.426  14279.7
592  128  2025-06-09 22-11-06  2179.2  17519.2  -14774.7  223.483  14271.1
593  128  2025-06-09 22-11-06  2180.8  17529.3  -14779.5  223.541  14280.2
594  128  2025-06-09 22-11-06  2182.4  17539.4  -14784.2  223.598  14271.5
595  128  2025-06-09 22-11-06  2184  17549.5  -14789  223.656  14280.6
596  128  2025-06-09 22-11-06  2185.6  17559.6  -14793.7  223.713  14272
597  128  2025-06-09 22-11-06  2187.2  17569.7  -14798.6  223.771  14281.1
598  128  2025-06-09 22-11-06  2188.8  17579.8  -14803.3  223.829  14272.5
599  128  2025-06-09 22-11-06  2190.4  17589.9  -14808.1  223.886  14281.6
600  128  2025-06-09 22-11-06  2192  17600.1  -14812.9  223.944  14273
601  128  2025-06-09 22-11-06  2193.6  17610.2  -14817.7  224.001  14282.1
602  128  2025-06-09 22-11-06  2195.2  17620.3  -14822.5  224.059  14273.6
603  128  2025-06-09 22-11-06  2196.8  17630.4  -14827.3  224.116  14282.7
604  128  2025-06-09 22-11-06  2198.4  17640.6  -14832.1  224.174  14274.2
605  128  2025-06-09 22-11-06  2200  17650.7  -14837  224.231  14283.3
606  128  2025-06-09 22-11-06  2201.6  17660.8  -14841.7  224.289  14274.8
607  128  2025-06-09 22-11-06  2203.2  17671  -14846.6  224.347  14284
608  128  2025-06-09 22-11-06  2204.8  17681.1  -14851.4  224.404  14275.5
609  128  2025-06-09 22-11-06  2206.4  17691.3  -14856.1  224.462  14266.9
610  128  2025-06-09 22-11-06  2208  17701.5  -14860.9  224.519  14276
611  128  2025-06-09 22-11-06  2209.6  17711.7  -14865.6  224.577  14267.4
612  128  2025-06-09 22-11-06  2211.2  17721.9  -14870.4  224.634  14276.5
613  128  2025-06-09 22-11-06  2212.8  17732.2  -14875.1  224.692  14268
614  128  2025-06-09 22-11-06  2214.4  17742.4  -14880  224.749  14277.1
615  128  2025-06-09 22-11-06  2216  17752.6  -14884.7  224.807  14268.5
616  128  2025-06-09 22-11-06  2217.6  17762.8  -14889.5  224.865  14277.7
617  128  2025-06-09 22-11-06  2219.2  17773  -14894.3  224.922  14269.2
618  128  2025-06-09 22-11-06  2220.8  17783.3  -14899.1  224.98  14278.3
619  128  2025-06-09 22-11-06  2222.4  17793.5  -14903.9  225.037  14269.8
620  128  2025-06-09 22-11-06  2224  17803.7  -14908.7  225.095  14279
621  128  2025-06-09 22-11-06  2225.6  17814  -14913.5  225.152  14270.5
622  128  2025-06-09 22-11-06  2227.2  17824.2  -14918.4  225.21  14279.7
623  128  2025-06-09 22-11-06  2228.8  17834.5  -14923.1  225.267  14271.2
624  128  2025-06-09 22-11-06  2230.4  17844.7  -14928  225.325  14280.4
625  128  2025-06-09 22-11-06  2232  17855  -14932.8  225.383  14272
626  128  2025-06-09 22-11-06  2233.6  17865.3  -14937.5  225.44  14263.4
627  128  2025-06-09 22-11-06  2235.2  17875.6  -14942.3  225.498  14272.6
628  128  2025-06-09 22-11-06  2236.8  17885.9  -14947  225.555  14264.1
629  128  2025-06-09 22-11-06  2238.4  17896.2  -14951.8  225.613  14273.2
630  128  2025-06-09 22-11-06  2240  17906.5  -14956.6  225.67  14264.7
631  128  2025-06-09 22-11-06  2241.6  17916.8  -14961.4  225.728  14273.9
632  128  2025-06-09 22-11-06  2243.2  17927.2  -14966.1  225.785  14265.4
633  128  2025-06-09 22-11-06  2244.8  17937.5  -14971  225.843  14274.6
634  128  2025-06-09 22-11-06  2246.4  17947.8  -14975.7  225.901  14266.1
635  128  2025-06-09 22-11-06  2248  17958.2  -14980.6  225.958  14275.3
636  128  2025-06-09 22-11-06  2249.6  17968.5  -14985.3  226.016  14266.9
637  128  2025-06-09 22-11-06  2251.2  17978.8  -14990.2  226.073  14276.1
638  128  2025-06-09 22-11-06  2252.8  17989.2  -14995  226.131  14267.7
639  128  2025-06-09 22-11-06  2254.4  17999.5  -14999.8  226.188  14276.9
640  128  2025-06-09 22-11-06  2256  18009.9  -15004.6  226.246  14268.5
641  128  2025-06-09 22-11-06  2257.6  18020.3  -15009.3  226.303  14260
642  128  2025-06-09 22-11-06  2259.2  18030.7  -15014.1  226.361  14269.2
643  128  2025-06-09 22-11-06  2260.8  18041.1  -15018.8  226.419  14260.7
644  128  2025-06-09 22-11-06  2262.4  18051.5  -15023.7  226.476  14269.9
645  128  2025-06-09 22-11-06  2264  18062  -15028.4  226.534  14261.4
646  128  2025-06-09 22-11-06  2265.6  18072.3  -15033.2  226.591  14270.6
647  128  2025-06-09 22-11-06  2267.2  18082.8  -15037.9  226.649  14262.1
648  128  2025-06-09 22-11-06  2268.8  18093.2  -15042.8  226.706  14271.4
649  128  2025-06-09 22-11-06  2270.4  18103.6  -15047.5  226.764  14262.9
650  128  2025-06-09 22-11-06  2272  18114  -15052.4  226.821  14272.2
651  128  2025-06-09 22-11-06  2273.6  18124.5  -15057.1  226.879  14263.7
652  128  2025-06-09 22-11-06  2275.2  18134.9  -15062  226.937  14273
653  128  2025-06-09 22-11-06  2276.8  18145.4  -15066.8  226.994  14264.6
654  128  2025-06-09 22-11-06  2278.4  18155.9  -15071.5  227.052  14256.1
655  128  2025-06-09 22-11-06  2280  18166.3  -15076.2  227.109  14265.3
656  128  2025-06-09 22-11-06  2281.6  18176.9  -15080.9  227.167  14256.8
657  128  2025-06-09 22-11-06  2283.2  18187.3  -15085.7  227.224  14266
658  128  2025-06-09 22-11-06  2284.8  18197.9  -15090.4  227.282  14257.6
659  128  2025-06-09 22-11-06  2286.4  18208.3  -15095.3  227.339  14266.8
660  128  2025-06-09 22-11-06  2288  18218.9  -15100  227.397  14258.3
661  128  2025-06-09 22-11-06  2289.6  18229.4  -15104.8  227.455  14267.6
662  128  2025-06-09 22-11-06  2291.2  18239.9  -15109.5  227.512  14259.2
663  128  2025-06-09 22-11-06  2292.8  18250.4  -15114.4  227.57  14268.4
664  128  2025-06-09 22-11-06  2294.4  18260.9  -15119.1  227.627  14260
665  128  2025-06-09 22-11-06  2296  18271.4  -15124  227.685  14269.3
666  128  2025-06-09 22-11-06  2297.6  18282  -15128.8  227.742  14260.9
667  128  2025-06-09 22-11-06  2299.2  18292.5  -15133.6  227.8  14270.2
668  128  2025-06-09 22-11-06  2300.8  18303  -15138.4  227.857  14261.8
669  128  2025-06-09 22-11-06  2302.4  18313.6  -15143.1  227.915  14253.3
670  128  2025-06-09 22-11-06  2304  18324.2  -15147.9  227.973  14262.6
671  128  2025-06-09 22-11-06  2305.6  18334.8  -15152.6  228.03  14254.1
672  128  2025-06-09 22-11-06  2307.2  18345.4  -15157.4  228.088  14263.4
673  128  2025-06-09 22-11-06  2308.8  18356  -15162.1  228.145  14254.9
674  128  2025-06-09 22-11-06  2310.4  18366.6  -15166.9  228.203  14264.2
675  128  2025-06-09 22-11-06  2312  18377.2  -15171.7  228.26  14255.8
676  128  2025-06-09 22-11-06  2313.6  18387.8  -15176.5  228.318  14265.1
677  128  2025-06-09 22-11-06  2315.2  18398.4  -15181.2  228.375  14256.7
678  128  2025-06-09 22-11-06  2316.8  18409  -15186.1  228.433  14266
679  128  2025-06-09 22-11-06  2318.4  18419.6  -15190.8  228.491  14257.6
680  128  2025-06-09 22-11-06  2320  18430.2  -15195.7  228.548  14266.9
681  128  2025-06-09 22-11-06  2321.6  18440.8  -15200.5  228.606  14258.5
682  128  2025-06-09 22-11-06  2323.2  18451.5  -15205.2  228.663  14250.1
683  128  2025-06-09 22-11-06  2324.8  18462.2  -15209.9  228.721  14259.3
684  128  2025-06-09 22-11-06  2326.4  18472.9  -15214.6  228.778  14250.9
685  128  2025-06-09 22-11-06  2328  18483.5  -15219.4  228.836  14260.1
686  128  2025-06-09 22-11-06  2329.6  18494.2  -15224.1  228.893  14251.7
687  128  2025-06-09 22-11-06  2331.2  18504.9  -15228.9  228.951  14261
688  128  2025-06-09 22-11-06  2332.8  18515.6  -15233.7  229.009  14252.6
689  128  2025-06-09 22-11-06  2334.4  18526.3  -15238.5  229.066  14261.9
690  128  2025-06-09 22-11-06  2336  18537  -15243.2  229.124  14253.5
691  128  2025-06-09 22-11-06  2337.6  18547.6  -15248.1  229.181  14262.8
692  128  2025-06-09 22-11-06  2339.2  18558.4  -15252.8  229.239  14254.5
693  128  2025-06-09 22-11-06  2340.8  18569  -15257.7  229.296  14263.8
694  128  2025-06-09 22-11-06  2342.4  18579.8  -15262.5  229.354  14255.4
695  128  2025-06-09 22-11-06  2344  18590.4  -15267.3  229.411  14264.8
696  128  2025-06-09 22-11-06  2345.6  18601.2  -15272.1  229.469  14256.4
697  128  2025-06-09 22-11-06  2347.2  18611.9  -15276.8  229.527  14248
698  128  2025-06-09 22-11-06  2348.8  18622.7  -15281.6  229.584  14257.3
699  128  2025-06-09 22-11-06  2350.4  18633.5  -15286.3  229.642  14248.9
700  128  2025-06-09 22-11-06  2352  18644.2  -15291.1  229.699  14258.2
701  128  2025-06-09 22-11-06  2353.6  18655  -15295.8  229.757  14249.8
702  128  2025-06-09 22-11-06  2355.2  18665.7  -15300.7  229.814  14259.1
703  128  2025-06-09 22-11-06  2356.8  18676.5  -15305.4  229.872  14250.8
704  128  2025-06-09 22-11-06  2358.4  18687.3  -15310.2  229.93  14260.1
705  128  2025-06-09 22-11-06  2360  18698.1  -15315  229.987  14251.7
706  128  2025-06-09 22-11-06  2361.6  18708.8  -15319.9  230.045  14261.1
707  128  2025-06-09 22-11-06  2363.2  18719.6  -15324.6  230.102  14252.8
708  128  2025-06-09 22-11-06  2364.8  18730.4  -15329.5  230.16  14262.1
709  128  2025-06-09 22-11-06  2366.4  18741.2  -15334.3  230.217  14253.8
710  128  2025-06-09 22-11-06  2368  18752.1  -15339  230.275  14245.4
711  128  2025-06-09 22-11-06  2369.6  18762.9  -15343.8  230.332  14254.7
712  128  2025-06-09 22-11-06  2371.2  18773.8  -15348.5  230.39  14246.3
713  128  2025-06-09 22-11-06  2372.8  18784.6  -15353.3  230.448  14255.6
714  128  2025-06-09 22-11-06  2374.4  18795.5  -15358  230.505  14247.2
715  128  2025-06-09 22-11-06  2376  18806.3  -15362.8  230.563  14256.6
716  128  2025-06-09 22-11-06  2377.6  18817.2  -15367.6  230.62  14248.2
717  128  2025-06-09 22-11-06  2379.2  18828  -15372.4  230.678  14257.6
718  128  2025-06-09 22-11-06  2380.8  18838.9  -15377.1  230.735  14249.2
719  128  2025-06-09 22-11-06  2382.4  18849.7  -15382  230.793  14258.6
720  128  2025-06-09 22-11-06  2384  18860.6  -15386.8  230.85  14250.3
721  128  2025-06-09 22-11-06  2385.6  18871.4  -15391.7  230.908  14259.6
722  128  2025-06-09 22-11-06  2387.2  18882.3  -15396.4  230.966  14251.3
723  128  2025-06-09 22-11-06  2388.8  18893.3  -15401.1  231.023  14243
724  128  2025-06-09 22-11-06  2390.4  18904.2  -15405.9  231.081  14252.3
725  128  2025-06-09 22-11-06  2392  18915.1  -15410.6  231.138  14243.9
726  128  2025-06-09 22-11-06  2393.6  18926  -15415.4  231.196  14253.2
727  128  2025-06-09 22-11-06  2395.2  18937  -15420.2  231.253  14244.9
728  128  2025-06-09 22-11-06  2396.8  18947.9  -15425  231.311  14254.2
729  128  2025-06-09 22-11-06  2398.4  18958.8  -15429.7  231.368  14245.9
730  128  2025-06-09 22-11-06  2400  18969.8  -15434.6  231.426  14255.2
731  128  2025-06-09 22-11-06  2401.6  18980.7  -15439.3  231.484  14246.9
732  128  2025-06-09 22-11-06  2403.2  18991.6  -15444.2  231.541  14256.3
733  128  2025-06-09 22-11-06  2404.8  19002.6  -15449  231.599  14248
734  128  2025-06-09 22-11-06  2406.4  19013.6  -15453.6  231.656  14239.6
735  128  2025-06-09 22-11-06  2408  19024.6  -15458.4  231.714  14248.9
736  128  2025-06-09 22-11-06  2409.6  19035.6  -15463.1  231.771  14240.6
737  128  2025-06-09 22-11-06  2411.2  19046.6  -15467.9  231.829  14249.9
738  128  2025-06-09 22-11-06  2412.8  19057.6  -15472.6  231.886  14241.5
739  128  2025-06-09 22-11-06  2414.4  19068.6  -15477.4  231.944  14250.9
740  128  2025-06-09 22-11-06  2416  19079.6  -15482.1  232.002  14242.5
741  128  2025-06-09 22-11-06  2417.6  19090.6  -15487  232.059  14251.9
742  128  2025-06-09 22-11-06  2419.2  19101.7  -15491.7  232.117  14243.6
743  128  2025-06-09 22-11-06  2420.8  19112.7  -15496.6  232.174  14253
744  128  2025-06-09 22-11-06  2422.4  19123.7  -15501.3  232.232  14244.7
745  128  2025-06-09 22-11-06  2424  19134.7  -15506.2  232.289  14254
746  128  2025-06-09 22-11-06  2425.6  19145.8  -15511  232.347  14245.8
747  128  2025-06-09 22-11-06  2427.2  19156.9  -15515.6  232.404  14237.4
748  128  2025-06-09 22-11-06  2428.8  19167.9  -15520.4  232.462  14246.7
749  128  2025-06-09 22-11-06  2430.4  19179  -15525.1  232.52  14238.4
750  128  2025-06-09 22-11-06  2432  19190.1  -15529.9  232.577  14247.7
751  128  2025-06-09 22-11-06  2433.6  19201.2  -15534.6  232.635  14239.4
752  128  2025-06-09 22-11-06  2435.2  19212.2  -15539.4  232.692  14248.7
753  128  2025-06-09 22-11-06  2436.8  19223.4  -15544.2  232.75  14240.4
754  128  2025-06-09 22-11-06  2438.4  19234.4  -15549  232.807  14249.8
755  128  2025-06-09 22-11-06  2440  19245.5  -15553.7  232.865  14241.5
756  128  2025-06-09 22-11-06  2441.6  19256.6  -15558.6  232.922  14250.9
757  128  2025-06-09 22-11-06  2443.2  19267.7  -15563.4  232.98  14242.6
758  128  2025-06-09 22-11-06  2444.8  19278.9  -15568  233.038  14234.2
759  128  2025-06-09 22-11-06  2446.4  19290  -15572.8  233.095  14243.6
760  128  2025-06-09 22-11-06  2448  19301.2  -15577.5  233.153  14235.2
761  128  2025-06-09 22-11-06  2449.6  19312.4  -15582.3  233.21  14244.5
762  128  2025-06-09 22-11-06  2451.2  19323.5  -15587  233.268  14236.2
763  128  2025-06-09 22-11-06  2452.8  19334.7  -15591.8  233.325  14245.6
764  128  2025-06-09 22-11-06  2454.4  19345.9  -15596.5  233.383  14237.2
765  128  2025-06-09 22-11-06  2456  19357  -15601.3  233.44  14246.6
766  128  2025-06-09 22-11-06  2457.6  19368.2  -15606  233.498  14238.3
767  128  2025-06-09 22-11-06  2459.2  19379.3  -15610.9  233.556  14247.7
768  128  2025-06-09 22-11-06  2460.8  19390.5  -15615.6  233.613  14239.4
769  128  2025-06-09 22-11-06  2462.4  19401.7  -15620.5  233.671  14248.8
770  128  2025-06-09 22-11-06  2464  19412.9  -15625.2  233.728  14240.6
771  128  2025-06-09 22-11-06  2465.6  19424.2  -15629.9  233.786  14232.2
772  128  2025-06-09 22-11-06  2467.2  19435.4  -15634.7  233.843  14241.6
773  128  2025-06-09 22-11-06  2468.8  19446.6  -15639.4  233.901  14233.2
774  128  2025-06-09 22-11-06  2470.4  19457.8  -15644.2  233.958  14242.6
775  128  2025-06-09 22-11-06  2472  19469.1  -15648.9  234.016  14234.3
776  128  2025-06-09 22-11-06  2473.6  19480.3  -15653.7  234.074  14243.6
777  128  2025-06-09 22-11-06  2475.2  19491.6  -15658.4  234.131  14235.3
778  128  2025-06-09 22-11-06  2476.8  19502.8  -15663.2  234.189  14244.7
779  128  2025-06-09 22-11-06  2478.4  19514.1  -15667.9  234.246  14236.4
780  128  2025-06-09 22-11-06  2480  19525.3  -15672.8  234.304  14245.8
781  128  2025-06-09 22-11-06  2481.6  19536.6  -15677.5  234.361  14237.6
782  128  2025-06-09 22-11-06  2483.2  19547.8  -15682.4  234.419  14247
783  128  2025-06-09 22-11-06  2484.8  19559.1  -15687.2  234.476  14238.7
784  128  2025-06-09 22-11-06  2486.4  19570.4  -15691.9  234.534  14230.4
785  128  2025-06-09 22-11-06  2488  19581.7  -15696.6  234.592  14239.8
786  128  2025-06-09 22-11-06  2489.6  19593  -15701.3  234.649  14231.4
787  128  2025-06-09 22-11-06  2491.2  19604.3  -15706.1  234.707  14240.8
788  128  2025-06-09 22-11-06  2492.8  19615.7  -15710.8  234.764  14232.5
789  128  2025-06-09 22-11-06  2494.4  19627  -15715.7  234.822  14241.9
790  128  2025-06-09 22-11-06  2496  19638.3  -15720.4  234.879  14233.6
791  128  2025-06-09 22-11-06  2497.6  19649.6  -15725.2  234.937  14243
792  128  2025-06-09 22-11-06  2499.2  19661  -15730  234.994  14234.8
793  128  2025-06-09 22-11-06  2500.8  19672.3  -15734.8  235.052  14244.2
794  128  2025-06-09 22-11-06  2502.4  19683.6  -15739.6  235.11  14235.9
795  128  2025-06-09 22-11-06  2504  19695  -15744.2  235.167  14227.6
796  128  2025-06-09 22-11-06  2505.6  19706.4  -15749  235.225  14236.9
797  128  2025-06-09 22-11-06  2507.2  19717.8  -15753.7  235.282  14228.6
798  128  2025-06-09 22-11-06  2508.8  19729.1  -15758.5  235.34  14238
799  128  2025-06-09 22-11-06  2510.4  19740.6  -15763.2  235.397  14229.7
800  128  2025-06-09 22-11-06  2512  19751.9  -15768  235.455  14239.1
801  128  2025-06-09 22-11-06  2513.6  19763.3  -15772.7  235.512  14230.8
802  128  2025-06-09 22-11-06  2515.2  19774.7  -15777.5  235.57  14240.2
803  128  2025-06-09 22-11-06  2516.8  19786.1  -15782.3  235.628  14231.9
804  128  2025-06-09 22-11-06  2518.4  19797.5  -15787.1  235.685  14241.4
805  128  2025-06-09 22-11-06  2520  19808.9  -15791.9  235.743  14233.1
806  128  2025-06-09 22-11-06  2521.6  19820.4  -15796.5  235.8  14224.8
807  128  2025-06-09 22-11-06  2523.2  19831.8  -15801.3  235.858  14234.1
808  128  2025-06-09 22-11-06  2524.8  19843.3  -15805.9  235.915  14225.8
809  128  2025-06-09 22-11-06  2526.4  19854.8  -15810.7  235.973  14235.2
810  128  2025-06-09 22-11-06  2528  19866.2  -15815.4  236.03  14226.9
811  128  2025-06-09 22-11-06  2529.6  19877.7  -15820.2  236.088  14236.3
812  128  2025-06-09 22-11-06  2531.2  19889.2  -15824.9  236.146  14228
813  128  2025-06-09 22-11-06  2532.8  19900.6  -15829.7  236.203  14237.4
814  128  2025-06-09 22-11-06  2534.4  19912.1  -15834.5  236.261  14229.1
815  128  2025-06-09 22-11-06  2536  19923.6  -15839.3  236.318  14238.5
816  128  2025-06-09 22-11-06  2537.6  19935.1  -15844  236.376  14230.3
817  128  2025-06-09 22-11-06  2539.2  19946.6  -15848.7  236.433  14222
818  128  2025-06-09 22-11-06  2540.8  19958.1  -15853.4  236.491  14231.3
819  128  2025-06-09 22-11-06  2542.4  19969.7  -15858.1  236.548  14223
820  128  2025-06-09 22-11-06  2544  19981.2  -15862.8  236.606  14232.4
821  128  2025-06-09 22-11-06  2545.6  19992.7  -15867.5  236.664  14224.1
822  128  2025-06-09 22-11-06  2547.2  20004.3  -15872.3  236.721  14233.5
823  128  2025-06-09 22-11-06  2548.8  20015.8  -15877  236.779  14225.2
824  128  2025-06-09 22-11-06  2550.4  20027.3  -15881.8  236.836  14234.6
825  128  2025-06-09 22-11-06  2552  20038.9  -15886.5  236.894  14226.3
826  128  2025-06-09 22-11-06  2553.6  20050.4  -15891.3  236.951  14235.7
827  128  2025-06-09 22-11-06  2555.2  20062  -15896.1  237.009  14227.5
828  128  2025-06-09 22-11-06  2556.8  20073.5  -15900.9  237.066  14236.9
829  128  2025-06-09 22-11-06  2558.4  20085.1  -15905.7  237.124  14228.7
830  128  2025-06-09 22-11-06  2560  20096.7  -15910.3  237.182  14220.4
831  128  2025-06-09 22-11-06  2561.6  20108.3  -15915.1  237.239  14229.7
832  128  2025-06-09 22-11-06  2563.2  20120  -15919.7  237.297  14221.4
833  128  2025-06-09 22-11-06  2564.8  20131.5  -15924.5  237.354  14230.8
834  128  2025-06-09 22-11-06  2566.4  20143.2  -15929.2  237.412  14222.5
835  128  2025-06-09 22-11-06  2568  20154.8  -15934  237.469  14231.9
836  128  2025-06-09 22-11-06  2569.6  20166.4  -15938.7  237.527  14223.7
837  128  2025-06-09 22-11-06  2571.2  20178  -15943.5  237.584  14233.1
838  128  2025-06-09 22-11-06  2572.8  20189.7  -15948.2  237.642  14224.8
839  128  2025-06-09 22-11-06  2574.4  20201.3  -15953.1  237.7  14234.3
840  128  2025-06-09 22-11-06  2576  20212.9  -15957.8  237.757  14226
841  128  2025-06-09 22-11-06  2577.6  20224.6  -15962.4  237.815  14217.7
842  128  2025-06-09 22-11-06  2579.2  20236.3  -15967.2  237.872  14227.1
843  128  2025-06-09 22-11-06  2580.8  20248  -15971.8  237.93  14218.8
844  128  2025-06-09 22-11-06  2582.4  20259.6  -15976.6  237.987  14228.2
845  128  2025-06-09 22-11-06  2584  20271.3  -15981.3  238.045  14219.9
846  128  2025-06-09 22-11-06  2585.6  20283  -15986.1  238.102  14229.3
847  128  2025-06-09 22-11-06  2587.2  20294.7  -15990.8  238.16  14221
848  128  2025-06-09 22-11-06  2588.8  20306.4  -15995.6  238.218  14230.4
849  128  2025-06-09 22-11-06  2590.4  20318.1  -16000.3  238.275  14222.2
850  128  2025-06-09 22-11-06  2592  20329.8  -16005.1  238.333  14231.6
851  128  2025-06-09 22-11-06  2593.6  20341.5  -16009.8  238.39  14223.4
852  128  2025-06-09 22-11-06  2595.2  20353.3  -16014.5  238.448  14215.1
853  128  2025-06-09 22-11-06  2596.8  20365  -16019.2  238.505  14224.4
854  128  2025-06-09 22-11-06  2598.4  20376.8  -16023.8  238.563  14216.1
855  128  2025-06-09 22-11-06  2600  20388.5  -16028.6  238.62  14225.5
856  128  2025-06-09 22-11-06  2601.6  20400.3  -16033.3  238.678  14217.2
857  128  2025-06-09 22-11-06  2603.2  20412  -16038.1  238.736  14226.7
858  128  2025-06-09 22-11-06  2604.8  20423.8  -16042.7  238.793  14218.4
859  128  2025-06-09 22-11-06  2606.4  20435.5  -16047.5  238.851  14227.8
860  128  2025-06-09 22-11-06  2608  20447.3  -16052.2  238.908  14219.6
861  128  2025-06-09 22-11-06  2609.6  20459.1  -16057  238.966  14229
862  128  2025-06-09 22-11-06  2611.2  20470.9  -16061.8  239.023  14220.8
863  128  2025-06-09 22-11-06  2612.8  20482.7  -16066.4  239.081  14212.4
864  128  2025-06-09 22-11-06  2614.4  20494.5  -16071.1  239.138  14221.8
865  128  2025-06-09 22-11-06  2616  20506.4  -16075.7  239.196  14213.5
866  128  2025-06-09 22-11-06  2617.6  20518.2  -16080.5  239.254  14222.9
867  128  2025-06-09 22-11-06  2619.2  20530  -16085.1  239.311  14214.6
868  128  2025-06-09 22-11-06  2620.8  20541.8  -16089.9  239.369  14224
869  128  2025-06-09 22-11-06  2622.4  20553.7  -16094.6  239.426  14215.7
870  128  2025-06-09 22-11-06  2624  20565.5  -16099.4  239.484  14225.2
871  128  2025-06-09 22-11-06  2625.6  20577.4  -16104.1  239.541  14216.9
872  128  2025-06-09 22-11-06  2627.2  20589.2  -16108.9  239.599  14226.4
873  128  2025-06-09 22-11-06  2628.8  20601  -16113.6  239.656  14218.1
874  128  2025-06-09 22-11-06  2630.4  20612.9  -16118.4  239.714  14227.6
875  128  2025-06-09 22-11-06  2632  20624.7  -16123.1  239.772  14219.3
876  128  2025-06-09 22-11-06  2633.6  20636.6  -16127.7  239.829  14211
877  128  2025-06-09 22-11-06  2635.2  20648.5  -16132.5  239.887  14220.4
878  128  2025-06-09 22-11-06  2636.8  20660.4  -16137.1  239.944  14212.1
879  128  2025-06-09 22-11-06  2638.4  20672.3  -16141.9  240.002  14221.6
880  128  2025-06-09 22-11-06  2640  20684.3  -16146.6  240.059  14213.3
881  128  2025-06-09 22-11-06  2641.6  20696.1  -16151.3  240.117  14222.7
882  128  2025-06-09 22-11-06  2643.2  20708.1  -16156  240.174  14214.4
883  128  2025-06-09 22-11-06  2644.8  20720  -16160.8  240.232  14223.9
884  128  2025-06-09 22-11-06  2646.4  20731.9  -16165.5  240.29  14215.6
885  128  2025-06-09 22-11-06  2648  20743.8  -16170.3  240.347  14225.1
886  128  2025-06-09 22-11-06  2649.6  20755.7  -16175.1  240.405  14216.9
887  128  2025-06-09 22-11-06  2651.2  20767.7  -16179.7  240.462  14208.6
888  128  2025-06-09 22-11-06  2652.8  20779.7  -16184.4  240.52  14218
889  128  2025-06-09 22-11-06  2654.4  20791.7  -16189  240.577  14209.7
890  128  2025-06-09 22-11-06  2656  20803.6  -16193.8  240.635  14219.1
891  128  2025-06-09 22-11-06  2657.6  20815.6  -16198.4  240.693  14210.8
892  128  2025-06-09 22-11-06  2659.2  20827.6  -16203.2  240.75  14220.2
893  128  2025-06-09 22-11-06  2660.8  20839.6  -16207.9  240.808  14212
894  128  2025-06-09 22-11-06  2662.4  20851.6  -16212.7  240.865  14221.4
895  128  2025-06-09 22-11-06  2664  20863.6  -16217.4  240.923  14213.2
896  128  2025-06-09 22-11-06  2665.6  20875.5  -16222.2  240.98  14222.6
897  128  2025-06-09 22-11-06  2667.2  20887.5  -16226.9  241.038  14214.4
898  128  2025-06-09 22-11-06  2668.8  20899.6  -16231.5  241.095  14206.1
899  128  2025-06-09 22-11-06  2670.4  20911.6  -16236.2  241.153  14215.5
900  128  2025-06-09 22-11-06  2672  20923.7  -16240.8  241.211  14207.2
901  128  2025-06-09 22-11-06  2673.6  20935.7  -16245.6  241.268  14216.6
902  128  2025-06-09 22-11-06  2675.2  20947.8  -16250.2  241.326  14208.4
903  128  2025-06-09 22-11-06  2676.8  20959.8  -16255  241.383  14217.8
904  128  2025-06-09 22-11-06  2678.4  20971.9  -16259.6  241.441  14209.5
905  128  2025-06-09 22-11-06  2680  20983.9  -16264.4  241.498  14219
906  128  2025-06-09 22-11-06  2681.6  20996  -16269.1  241.556  14210.7
907  128  2025-06-09 22-11-06  2683.2  21008  -16273.9  241.613  14220.2
908  128  2025-06-09 22-11-06  2684.8  21020.1  -16278.6  241.671  14212
909  128  2025-06-09 22-11-06  2686.4  21032.3  -16283.2  241.729  14203.6
910  128  2025-06-09 22-11-06  2688  21044.4  -16287.9  241.786  14213
911  128  2025-06-09 22-11-06  2689.6  21056.5  -16292.5  241.844  14204.8
912  128  2025-06-09 22-11-06  2691.2  21068.6  -16297.3  241.901  14214.2
913  128  2025-06-09 22-11-06  2692.8  21080.7  -16301.9  241.959  14205.9
914  128  2025-06-09 22-11-06  2694.4  21092.8  -16306.6  242.016  14215.3
915  128  2025-06-09 22-11-06  2696  21105  -16311.3  242.074  14207.1
916  128  2025-06-09 22-11-06  2697.6  21117.1  -16316.1  242.131  14216.5
917  128  2025-06-09 22-11-06  2699.2  21129.2  -16320.7  242.189  14208.3
918  128  2025-06-09 22-11-06  2700.8  21141.3  -16325.5  242.247  14217.7
919  128  2025-06-09 22-11-06  2702.4  21153.5  -16330.2  242.304  14209.5
920  128  2025-06-09 22-11-06  2704  21165.7  -16334.8  242.362  14201.2
921  128  2025-06-09 22-11-06  2705.6  21177.9  -16339.5  242.419  14210.6
922  128  2025-06-09 22-11-06  2707.2  21190.1  -16344.1  242.477  14202.3
923  128  2025-06-09 22-11-06  2708.8  21202.2  -16348.8  242.534  14211.7
924  128  2025-06-09 22-11-06  2710.4  21214.5  -16353.5  242.592  14203.4
925  128  2025-06-09 22-11-06  2712  21226.6  -16358.2  242.649  14212.8
926  128  2025-06-09 22-11-06  2713.6  21238.9  -16362.8  242.707  14204.6
927  128  2025-06-09 22-11-06  2715.2  21251  -16367.6  242.765  14214
928  128  2025-06-09 22-11-06  2716.8  21263.3  -16372.3  242.822  14205.8
929  128  2025-06-09 22-11-06  2718.4  21275.4  -16377.1  242.88  14215.2
930  128  2025-06-09 22-11-06  2720  21287.7  -16381.7  242.937  14207
931  128  2025-06-09 22-11-06  2721.6  21299.9  -16386.3  242.995  14198.7
932  128  2025-06-09 22-11-06  2723.2  21312.2  -16391  243.052  14208.1
933  128  2025-06-09 22-11-06  2724.8  21324.5  -16395.6  243.11  14199.8
934  128  2025-06-09 22-11-06  2726.4  21336.7  -16400.3  243.167  14209.2
935  128  2025-06-09 22-11-06  2728  21349  -16404.9  243.225  14201
936  128  2025-06-09 22-11-06  2729.6  21361.2  -16409.7  243.283  14210.4
937  128  2025-06-09 22-11-06  2731.2  21373.5  -16414.3  243.34  14202.1
938  128  2025-06-09 22-11-06  2732.8  21385.8  -16419  243.398  14211.6
939  128  2025-06-09 22-11-06  2734.4  21398.1  -16423.7  243.455  14203.3
940  128  2025-06-09 22-11-06  2736  21410.3  -16428.5  243.513  14212.8
941  128  2025-06-09 22-11-06  2737.6  21422.6  -16433.1  243.57  14204.6
942  128  2025-06-09 22-11-06  2739.2  21435  -16437.7  243.628  14196.3
943  128  2025-06-09 22-11-06  2740.8  21447.3  -16442.4  243.685  14205.6
944  128  2025-06-09 22-11-06  2742.4  21459.6  -16447  243.743  14197.4
945  128  2025-06-09 22-11-06  2744  21471.9  -16451.7  243.801  14206.8
946  128  2025-06-09 22-11-06  2745.6  21484.2  -16456.4  243.858  14211.4
947  128  2025-06-09 22-11-06  2747.2  21496.5  -16461.3  243.916  14216.1
948  128  2025-06-09 22-11-06  2748.8  21508.8  -16466.1  243.829  14212.8
949  128  2025-06-09 22-11-06  2750.4  21521  -16470.9  243.743  14217.5
950  128  2025-06-09 22-11-06  2752  21533.3  -16475.8  243.657  14222.3
951  128  2025-06-09 22-11-06  2753.6  21545.4  -16480.8  243.57  14227.1
952  128  2025-06-09 22-11-06  2755.2  21557.6  -16485.8  243.484  14232
953  128  2025-06-09 22-11-06  2756.8  21569.7  -16490.9  243.398  14236.9
954  128  2025-06-09 22-11-06  2758.4  21581.8  -16496.1  243.311  14241.8
955  128  2025-06-09 22-11-06  2760  21593.8  -16501.3  243.369  14248.5
956  128  2025-06-09 22-11-06  2761.6  21605.8  -16506.6  243.283  14255.2
957  128  2025-06-09 22-11-06  2763.2  21617.8  -16512.1  243.196  14261.9
958  128  2025-06-09 22-11-06  2764.8  21629.7  -16517.4  243.254  14257.4
959  128  2025-06-09 22-11-06  2766.4  21641.7  -16522.7  243.167  14252.9
960  128  2025-06-09 22-11-06  2768  21653.8  -16527.9  243.081  14248.3
961  128  2025-06-09 22-11-06  2769.6  21665.8  -16533.1  242.995  14243.6
962  128  2025-06-09 22-11-06  2771.2  21677.9  -16538.2  242.908  14238.9
963  128  2025-06-09 22-11-06  2772.8  21689.9  -16543.2  242.822  14234.2
964  128  2025-06-09 22-11-06  2774.4  21702  -16548.2  242.736  14229.4
965  128  2025-06-09 22-11-06  2776  21714.1  -16553.1  242.649  14224.6
966  128  2025-06-09 22-11-06  2777.6  21726.3  -16557.9  242.563  14219.7
967  128  2025-06-09 22-11-06  2779.2  21738.4  -16562.7  242.477  14214.8
968  128  2025-06-09 22-11-06  2780.8  21750.6  -16567.4  242.39  14209.8
969  128  2025-06-09 22-11-06  2782.4  21762.8  -16572  242.304  14204.8
970  128  2025-06-09 22-11-06  2784  21775  -16576.6  242.218  14199.7
971  128  2025-06-09 22-11-06  2785.6  21787.2  -16581.1  242.131  14194.6
972  128  2025-06-09 22-11-06  2787.2  21799.3  -16585.6  242.045  14200.7
973  128  2025-06-09 22-11-06  2788.8  21811.5  -16590.2  241.959  14198.9
974  128  2025-06-09 22-11-06  2790.4  21823.7  -16594.7  241.872  14197
975  128  2025-06-09 22-11-06  2792  21835.9  -16599.2  241.786  14199.9
976  128  2025-06-09 22-11-06  2793.6  21848  -16603.8  241.7  14202.9
977  128  2025-06-09 22-11-06  2795.2  21860.1  -16608.4  241.613  14205.9
978  128  2025-06-09 22-11-06  2796.8  21872.2  -16613.1  241.527  14208.9
979  128  2025-06-09 22-11-06  2798.4  21884.3  -16617.8  241.441  14212
980  128  2025-06-09 22-11-06  2800  21896.3  -16622.5  241.354  14215.1
981  128  2025-06-09 22-11-06  2801.6  21908.3  -16627.3  241.268  14218.3
982  128  2025-06-09 22-11-06  2803.2  21920.3  -16632.1  241.182  14221.4
983  128  2025-06-09 22-11-06  2804.8  21932.3  -16636.9  241.095  14224.6
984  128  2025-06-09 22-11-06  2806.4  21944.2  -16641.8  241.009  14227.9
985  128  2025-06-09 22-11-06  2808  21956.1  -16646.7  240.923  14231.1
986  128  2025-06-09 22-11-06  2809.6  21968  -16651.8  240.836  14239.3
987  128  2025-06-09 22-11-06  2811.2  21979.8  -16656.9  240.894  14247.5
988  128  2025-06-09 22-11-06  2812.8  21991.6  -16662.1  240.952  14255.8
989  128  2025-06-09 22-11-06  2814.4  22003.3  -16667.5  241.009  14264.2
990  128  2025-06-09 22-11-06  2816  22015  -16672.9  241.067  14272.6
991  128  2025-06-09 22-11-06  2817.6  22026.8  -16678.3  240.98  14266.6
992  128  2025-06-09 22-11-06  2819.2  22038.5  -16683.6  241.038  14260.6
993  128  2025-06-09 22-11-06  2820.8  22050.3  -16688.9  241.095  14254.4
994  128  2025-06-09 22-11-06  2822.4  22062.2  -16694  241.153  14248.3
995  128  2025-06-09 22-11-06  2824  22074  -16699.1  241.211  14242
996  128  2025-06-09 22-11-06  2825.6  22086  -16704.1  241.268  14235.7
997  128  2025-06-09 22-11-06  2827.2  22097.9  -16709  241.326  14229.3
998  128  2025-06-09 22-11-06  2828.8  22109.9  -16713.9  241.239  14229.3
999  128  2025-06-09 22-11-06  2830.4  22121.8  -16718.8  241.297  14229.3
1000  128  2025-06-09 22-11-06  14032  22133.8  -16723.7  241.354  14229.3
1001  128  2025-06-09 22-11-06  14033.6  22145.8  -16728.7  241.412  14229.4
1002  128  2025-06-09 22-11-06  14035.2  22157.7  -16733.6  241.47  14231
1003  128  2025-06-09 22-11-06  14036.8  22169.7  -16738.4  241.383  14222.9
1004  128  2025-06-09 22-11-06  14038.4  22181.7  -16743.4  241.441  14232.6
1005  128  2025-06-09 22-11-06  14040  22193.7  -16748.3  241.498  14224.6
1006  128  2025-06-09 22-11-06  14041.6  22205.8  -16753  241.556  14216.4
1007  128  2025-06-09 22-11-06  14043.2  22217.9  -16757.7  241.613  14208.3
1008  128  2025-06-09 22-11-06  14044.8  22230  -16762.2  241.671  14200
1009  128  2025-06-09 22-11-06  14046.4  22242.2  -16766.5  241.757  14184
1010  128  2025-06-09 22-11-06  14048  22254.5  -16770.6  241.844  14168
1011  128  2025-06-09 22-11-06  14049.6  22266.9  -16774.6  241.93  14152
1012  128  2025-06-09 22-11-06  14051.2  22279.4  -16778.2  242.016  14136
1013  128  2025-06-09 22-11-06  14052.8  22291.9  -16781.7  242.103  14120
1014  128  2025-06-09 22-11-06  14054.4  22304.5  -16785  242.189  14104
1015  128  2025-06-09 22-11-06  14056  22317.2  -16788.2  242.275  14102.2
1016  128  2025-06-09 22-11-06  14057.6  22329.8  -16791.4  242.362  14100.5
1017  128  2025-06-09 22-11-06  14059.2  22342.4  -16794.6  242.448  14098.7
1018  128  2025-06-09 22-11-06  14060.8  22355.1  -16797.8  242.534  14097
1019  128  2025-06-09 22-11-06  14062.4  22367.8  -16800.9  242.621  14095.3
1020  128  2025-06-09 22-11-06  14064  22380.5  -16804.1  242.707  14093.5
1021  128  2025-06-09 22-11-06  14065.6  22393.2  -16807.2  242.793  14091.8
