SN    USVID    CurTime    simTime    CurX    CurY    CurVel      CurYaw   
0  144  2025-06-09 22-08-39  0  2440  14512  192  2672
1  144  2025-06-09 22-08-39  1.6  2448.01  14511.9  192.058  2680.08
2  144  2025-06-09 22-08-39  3.2  2456.02  14511.8  192.115  2688.24
3  144  2025-06-09 22-08-39  4.8  2464.03  14511.6  192.173  2696.48
4  144  2025-06-09 22-08-39  6.4  2472.05  14511.3  192.23  2704.8
5  144  2025-06-09 22-08-39  8  2480.07  14510.9  192.288  2713.2
6  144  2025-06-09 22-08-39  9.6  2488.09  14510.5  192.345  2721.68
7  144  2025-06-09 22-08-39  11.2  2496.12  14510  192.403  2730.24
8  144  2025-06-09 22-08-39  12.8  2504.14  14509.4  192.46  2738.88
9  144  2025-06-09 22-08-39  14.4  2512.16  14508.7  192.518  2747.6
10  144  2025-06-09 22-08-39  128  2520.19  14508  192.576  2756.4
11  144  2025-06-09 22-08-39  129.6  2528.21  14507.2  192.633  2765.28
12  144  2025-06-09 22-08-39  131.2  2536.23  14506.3  192.691  2774.24
13  144  2025-06-09 22-08-39  132.8  2544.25  14505.4  192.748  2775.2
14  144  2025-06-09 22-08-39  134.4  2552.28  14504.4  192.806  2776.16
15  144  2025-06-09 22-08-39  136  2560.31  14503.5  192.863  2777.12
16  144  2025-06-09 22-08-39  137.6  2568.35  14502.6  192.921  2778.08
17  144  2025-06-09 22-08-39  139.2  2576.39  14501.6  192.978  2779.04
18  144  2025-06-09 22-08-39  140.8  2584.44  14500.7  193.036  2780
19  144  2025-06-09 22-08-39  142.4  2592.49  14499.7  193.094  2780.96
20  144  2025-06-09 22-08-39  144  2600.55  14498.8  193.151  2781.92
21  144  2025-06-09 22-08-39  145.6  2608.61  14497.8  193.209  2782.88
22  144  2025-06-09 22-08-39  147.2  2616.68  14496.8  193.266  2783.84
23  144  2025-06-09 22-08-39  148.8  2624.75  14495.8  193.324  2784.8
24  144  2025-06-09 22-08-39  150.4  2632.83  14494.8  193.381  2785.76
25  144  2025-06-09 22-08-39  152  2640.91  14493.8  193.439  2786.72
26  144  2025-06-09 22-08-39  153.6  2648.99  14492.7  193.496  2787.68
27  144  2025-06-09 22-08-39  155.2  2657.08  14491.7  193.554  2788.64
28  144  2025-06-09 22-08-39  156.8  2665.17  14490.7  193.612  2789.6
29  144  2025-06-09 22-08-39  158.4  2673.27  14489.6  193.669  2790.56
30  144  2025-06-09 22-08-39  160  2681.38  14488.6  193.727  2791.52
31  144  2025-06-09 22-08-39  161.6  2689.48  14487.5  193.784  2792.48
32  144  2025-06-09 22-08-39  163.2  2697.6  14486.4  193.842  2793.44
33  144  2025-06-09 22-08-39  164.8  2705.71  14485.3  193.899  2794.4
34  144  2025-06-09 22-08-39  166.4  2713.83  14484.2  193.957  2795.36
35  144  2025-06-09 22-08-39  168  2721.96  14483.1  194.014  2796.32
36  144  2025-06-09 22-08-39  169.6  2730.09  14482  194.072  2797.28
37  144  2025-06-09 22-08-39  171.2  2738.23  14480.9  194.13  2798.24
38  144  2025-06-09 22-08-39  172.8  2746.37  14479.7  194.187  2799.2
39  144  2025-06-09 22-08-39  174.4  2754.51  14478.6  194.245  2800.16
40  144  2025-06-09 22-08-39  176  2762.66  14477.4  194.302  2801.12
41  144  2025-06-09 22-08-39  177.6  2770.81  14476.3  194.36  2802.08
42  144  2025-06-09 22-08-39  179.2  2778.97  14475.1  194.417  2803.04
43  144  2025-06-09 22-08-39  180.8  2787.13  14473.9  194.475  2804
44  144  2025-06-09 22-08-39  182.4  2795.3  14472.7  194.532  2804.96
45  144  2025-06-09 22-08-39  184  2803.47  14471.5  194.59  2805.92
46  144  2025-06-09 22-08-39  185.6  2811.65  14470.3  194.648  2806.88
47  144  2025-06-09 22-08-39  187.2  2819.83  14469.1  194.705  2807.84
48  144  2025-06-09 22-08-39  188.8  2828.01  14467.8  194.763  2808.8
49  144  2025-06-09 22-08-39  190.4  14036.2  14466.6  194.82  2809.76
50  144  2025-06-09 22-08-39  192  14044.4  14465.3  194.878  2810.72
51  144  2025-06-09 22-08-39  193.6  14052.6  14464.1  194.935  2811.68
52  144  2025-06-09 22-08-39  195.2  14060.8  14462.8  194.993  2812.64
53  144  2025-06-09 22-08-39  196.8  14069  14461.5  195.05  2813.6
54  144  2025-06-09 22-08-39  198.4  14077.2  14460.3  195.108  2814.56
55  144  2025-06-09 22-08-39  200  14085.4  14459  195.166  2815.52
56  144  2025-06-09 22-08-39  201.6  14093.6  14457.7  195.223  2816.48
57  144  2025-06-09 22-08-39  203.2  14101.9  14456.3  195.281  2817.44
58  144  2025-06-09 22-08-39  204.8  14110.1  14455  195.338  2818.4
59  144  2025-06-09 22-08-39  206.4  14118.3  14453.7  195.396  2819.36
60  144  2025-06-09 22-08-39  208  14126.6  14452.3  195.453  2820.32
61  144  2025-06-09 22-08-39  209.6  14134.8  14451  195.511  2821.28
62  144  2025-06-09 22-08-39  211.2  14143  14449.6  195.568  2822.24
63  144  2025-06-09 22-08-39  212.8  14151.3  14448.2  195.626  2823.2
64  144  2025-06-09 22-08-39  214.4  14159.5  14446.9  195.684  2824.16
65  144  2025-06-09 22-08-39  216  14167.8  14445.5  195.741  2825.12
66  144  2025-06-09 22-08-39  217.6  14176.1  14444.1  195.799  2826.08
67  144  2025-06-09 22-08-39  219.2  14184.3  14442.7  195.856  2827.04
68  144  2025-06-09 22-08-39  220.8  14192.6  14441.2  195.914  2828
69  144  2025-06-09 22-08-39  222.4  14200.9  14439.8  195.971  2828.96
70  144  2025-06-09 22-08-39  224  14209.2  14438.4  196.029  2829.92
71  144  2025-06-09 22-08-39  225.6  14217.4  14436.9  196.086  2830.88
72  144  2025-06-09 22-08-39  227.2  14225.7  14435.5  196.144  2831.84
73  144  2025-06-09 22-08-39  228.8  14234  14434  196.202  14032.8
74  144  2025-06-09 22-08-39  230.4  14242.3  14432.5  196.259  14033.8
75  144  2025-06-09 22-08-39  232  14250.6  14431  196.317  14034.7
76  144  2025-06-09 22-08-39  233.6  14258.9  14429.5  196.374  14035.7
77  144  2025-06-09 22-08-39  235.2  14267.2  14428  196.432  14036.6
78  144  2025-06-09 22-08-39  236.8  14275.5  14426.5  196.489  14037.6
79  144  2025-06-09 22-08-39  238.4  14283.9  14425  196.547  14038.6
80  144  2025-06-09 22-08-39  240  14292.2  14423.4  196.604  14039.5
81  144  2025-06-09 22-08-39  241.6  14300.5  14421.9  196.662  14040.5
82  144  2025-06-09 22-08-39  243.2  14308.8  14420.3  196.72  14041.4
83  144  2025-06-09 22-08-39  244.8  14317.2  14418.8  196.777  14042.4
84  144  2025-06-09 22-08-39  246.4  14325.5  14417.2  196.835  14043.4
85  144  2025-06-09 22-08-39  248  14333.8  14415.6  196.892  14044.3
86  144  2025-06-09 22-08-39  249.6  14342.2  14414  196.95  14045.3
87  144  2025-06-09 22-08-39  251.2  14350.5  14412.4  197.007  14046.2
88  144  2025-06-09 22-08-39  252.8  14358.9  14410.8  197.065  14047.2
89  144  2025-06-09 22-08-39  254.4  14367.2  14409.1  197.122  14048.2
90  144  2025-06-09 22-08-39  256  14375.6  14407.5  197.18  14049.1
91  144  2025-06-09 22-08-39  257.6  14383.9  14405.9  197.238  14050.1
92  144  2025-06-09 22-08-39  259.2  14392.3  14404.2  197.295  14051
93  144  2025-06-09 22-08-39  260.8  14400.7  14402.5  197.353  14052
94  144  2025-06-09 22-08-39  262.4  14409.1  14400.9  197.41  14053
95  144  2025-06-09 22-08-39  264  14417.4  14399.2  197.468  14053.9
96  144  2025-06-09 22-08-39  265.6  14425.8  14397.5  197.525  14054.9
97  144  2025-06-09 22-08-39  267.2  14434.2  14395.8  197.583  14055.8
98  144  2025-06-09 22-08-39  268.8  14442.6  14394.1  197.641  14056.8
99  144  2025-06-09 22-08-39  270.4  14451  14392.3  197.698  14057.8
100  144  2025-06-09 22-08-39  1392  14459.4  14390.6  197.756  14058.7
101  144  2025-06-09 22-08-39  1393.6  14467.8  14388.9  197.813  14059.7
102  144  2025-06-09 22-08-39  1395.2  14476.2  14387.1  197.871  14060.6
103  144  2025-06-09 22-08-39  1396.8  14484.6  14385.3  197.928  14061.6
104  144  2025-06-09 22-08-39  1398.4  14493  14383.6  197.986  14062.6
105  144  2025-06-09 22-08-39  1400  14501.4  14381.8  198.043  14063.5
106  144  2025-06-09 22-08-39  1401.6  14509.9  14380  198.101  14064.5
107  144  2025-06-09 22-08-39  1403.2  14518.3  14378.2  198.159  14065.4
108  144  2025-06-09 22-08-39  1404.8  14526.7  14376.4  198.216  14066.4
109  144  2025-06-09 22-08-39  1406.4  14535.2  14374.6  198.274  14067.4
110  144  2025-06-09 22-08-39  1408  14543.6  14372.7  198.331  14068.3
111  144  2025-06-09 22-08-39  1409.6  14552  14370.9  198.389  14069.3
112  144  2025-06-09 22-08-39  1411.2  14560.5  14369  198.446  14070.2
113  144  2025-06-09 22-08-39  1412.8  14568.9  14367.2  198.504  14071.2
114  144  2025-06-09 22-08-39  1414.4  14577.4  14365.3  198.561  14072.2
115  144  2025-06-09 22-08-39  1416  14585.8  14363.4  198.619  14073.1
116  144  2025-06-09 22-08-39  1417.6  14594.3  14361.5  198.677  14074.1
117  144  2025-06-09 22-08-39  1419.2  14602.7  14359.6  198.734  14075
118  144  2025-06-09 22-08-39  1420.8  14611.2  14357.7  198.792  14076
119  144  2025-06-09 22-08-39  1422.4  14619.7  14355.8  198.849  14077
120  144  2025-06-09 22-08-39  1424  14628.1  14353.8  198.907  14077.9
121  144  2025-06-09 22-08-39  1425.6  14636.6  14351.9  198.964  14078.9
122  144  2025-06-09 22-08-39  1427.2  14645.1  14349.9  199.022  14084.7
123  144  2025-06-09 22-08-39  1428.8  14653.6  14347.8  199.079  14090.5
124  144  2025-06-09 22-08-39  1430.4  14662  14345.7  199.137  14096.4
125  144  2025-06-09 22-08-39  1432  14670.5  14343.5  199.195  14102.4
126  144  2025-06-09 22-08-39  1433.6  14678.9  14341.3  199.252  14108.4
127  144  2025-06-09 22-08-39  1435.2  14687.3  14339  199.31  14114.4
128  144  2025-06-09 22-08-39  1436.8  14695.7  14336.7  199.367  14120.5
129  144  2025-06-09 22-08-39  1438.4  14704.1  14334.3  199.425  14126.7
130  144  2025-06-09 22-08-39  1440  14712.5  14331.8  199.482  14132.9
131  144  2025-06-09 22-08-39  1441.6  14720.9  14329.3  199.396  14139.1
132  144  2025-06-09 22-08-39  1443.2  14729.3  14326.8  199.31  14145.4
133  144  2025-06-09 22-08-39  1444.8  14737.6  14324.2  199.367  14143.7
134  144  2025-06-09 22-08-39  1446.4  14746  14321.7  199.425  14141.9
135  144  2025-06-09 22-08-39  1448  14754.4  14319.1  199.482  14140.1
136  144  2025-06-09 22-08-39  1449.6  14762.7  14316.6  199.54  14138.2
137  144  2025-06-09 22-08-39  1451.2  14771.1  14314.1  199.597  14136.4
138  144  2025-06-09 22-08-39  1452.8  14779.5  14311.7  199.655  14134.5
139  144  2025-06-09 22-08-39  1454.4  14788  14309.2  199.569  14132.5
140  144  2025-06-09 22-08-39  1456  14796.4  14306.8  199.482  14130.6
141  144  2025-06-09 22-08-39  1457.6  14804.8  14304.4  199.396  14128.6
142  144  2025-06-09 22-08-39  1459.2  14813.2  14302  199.31  14126.5
143  144  2025-06-09 22-08-39  1460.8  14821.5  14299.6  199.223  14124.5
144  144  2025-06-09 22-08-39  1462.4  14829.9  14297.3  199.137  14122.4
145  144  2025-06-09 22-08-39  1464  14838.3  14294.9  199.051  14120.2
146  144  2025-06-09 22-08-39  1465.6  14846.7  14292.6  198.964  14118.1
147  144  2025-06-09 22-08-39  1467.2  14855.1  14290.3  198.878  14115.9
148  144  2025-06-09 22-08-39  1468.8  14863.5  14288.1  198.792  14113.7
149  144  2025-06-09 22-08-39  1470.4  14871.8  14285.8  198.705  14111.4
150  144  2025-06-09 22-08-39  1472  14880.2  14283.6  198.619  14109.1
151  144  2025-06-09 22-08-39  1473.6  14888.6  14281.4  198.533  14106.8
152  144  2025-06-09 22-08-39  1475.2  14897  14279.3  198.446  14104.4
153  144  2025-06-09 22-08-39  1476.8  14905.3  14277.1  198.36  14102.1
154  144  2025-06-09 22-08-39  1478.4  14913.7  14275  198.274  14099.6
155  144  2025-06-09 22-08-39  1480  14922  14272.9  198.187  14097.2
156  144  2025-06-09 22-08-39  1481.6  14930.4  14270.8  198.101  14094.7
157  144  2025-06-09 22-08-39  1483.2  14938.8  14268.8  198.015  14092.2
158  144  2025-06-09 22-08-39  1484.8  14947.1  14266.8  197.928  14089.7
159  144  2025-06-09 22-08-39  1486.4  14955.5  14264.8  197.842  14087.1
160  144  2025-06-09 22-08-39  1488  14963.8  14262.7  197.9  14094.2
161  144  2025-06-09 22-08-39  1489.6  14972.1  14260.6  197.957  14101.3
162  144  2025-06-09 22-08-39  1491.2  14980.4  14258.4  197.871  14108.5
163  144  2025-06-09 22-08-39  1492.8  14988.7  14256.1  197.784  14115.8
164  144  2025-06-09 22-08-39  1494.4  14997  14253.8  197.698  14123.2
165  144  2025-06-09 22-08-39  1496  15005.2  14251.4  197.612  14130.6
166  144  2025-06-09 22-08-39  1497.6  15013.4  14249  197.525  14138
167  144  2025-06-09 22-08-39  1499.2  15021.5  14246.5  197.439  14145.6
168  144  2025-06-09 22-08-39  1500.8  15029.7  14243.9  197.353  14153.2
169  144  2025-06-09 22-08-39  1502.4  15037.8  14241.2  197.266  14160.8
170  144  2025-06-09 22-08-39  1504  15045.9  14238.5  197.18  14168.6
171  144  2025-06-09 22-08-39  1505.6  15053.9  14235.8  197.094  14176.4
172  144  2025-06-09 22-08-39  1507.2  15061.9  14232.9  197.007  14184.2
173  144  2025-06-09 22-08-39  1508.8  15069.9  14230  196.921  14192.1
174  144  2025-06-09 22-08-39  1510.4  15077.8  14227  196.835  14200.1
175  144  2025-06-09 22-08-39  1512  15085.8  14224  196.748  14208.2
176  144  2025-06-09 22-08-39  1513.6  15093.6  14220.9  196.662  14216.3
177  144  2025-06-09 22-08-39  1515.2  15101.5  14217.8  196.72  14216.4
178  144  2025-06-09 22-08-39  1516.8  15109.4  14214.7  196.777  14216.5
179  144  2025-06-09 22-08-39  1518.4  15117.3  14211.6  196.835  14216.5
180  144  2025-06-09 22-08-39  1520  15125.2  14208.5  196.892  14216.6
181  144  2025-06-09 22-08-39  1521.6  15133.1  14205.3  196.95  14216.6
182  144  2025-06-09 22-08-39  1523.2  15141  14202.2  197.007  14216.6
183  144  2025-06-09 22-08-39  1524.8  15148.9  14199.1  197.065  14216.6
184  144  2025-06-09 22-08-39  1526.4  15156.8  14196  197.122  14216.6
185  144  2025-06-09 22-08-39  1528  15164.8  14192.8  197.18  14216.6
186  144  2025-06-09 22-08-39  1529.6  15172.7  14189.7  197.238  14216.5
187  144  2025-06-09 22-08-39  1531.2  15180.6  14186.6  197.295  14216.5
188  144  2025-06-09 22-08-39  1532.8  15188.6  14183.5  197.353  14216.4
189  144  2025-06-09 22-08-39  1534.4  15196.5  14180.3  197.41  14216.3
190  144  2025-06-09 22-08-39  1536  15204.5  14177.2  197.468  14216.2
191  144  2025-06-09 22-08-39  1537.6  15212.4  14174  197.382  14225.7
192  144  2025-06-09 22-08-39  1539.2  15220.2  14170.7  197.439  14235.4
193  144  2025-06-09 22-08-39  1540.8  15228.1  14167.3  197.497  14245.1
194  144  2025-06-09 22-08-39  1542.4  15235.9  14163.8  197.554  14254.9
195  144  2025-06-09 22-08-39  1544  15243.7  14160.3  197.612  14264.8
196  144  2025-06-09 22-08-39  1545.6  15251.5  14156.6  197.669  14274.8
197  144  2025-06-09 22-08-39  1547.2  15259.2  14152.9  197.727  14284.8
198  144  2025-06-09 22-08-39  1548.8  15266.9  14149.1  197.784  14295
199  144  2025-06-09 22-08-39  1550.4  15274.5  14145.2  197.842  14305.2
200  144  2025-06-09 22-08-39  1552  15282.1  14141.2  197.756  14307.4
201  144  2025-06-09 22-08-39  1553.6  15289.7  14137.3  197.813  14309.6
202  144  2025-06-09 22-08-39  1555.2  15297.4  14133.3  197.871  14311.8
203  144  2025-06-09 22-08-39  1556.8  15305  14129.3  197.928  14314
204  144  2025-06-09 22-08-39  1558.4  15312.6  14125.3  197.986  14316.2
205  144  2025-06-09 22-08-39  1560  15320.2  14121.3  198.043  14318.4
206  144  2025-06-09 22-08-39  1561.6  15327.8  14117.3  198.101  14320.6
207  144  2025-06-09 22-08-39  1563.2  15335.4  14113.2  198.159  14322.8
208  144  2025-06-09 22-08-39  1564.8  15343  14109.1  198.216  14325
209  144  2025-06-09 22-08-39  1566.4  15350.6  14105  198.274  14327.2
210  144  2025-06-09 22-08-39  1568  15358.1  14100.9  198.331  14329.5
211  144  2025-06-09 22-08-39  1569.6  15365.7  14096.7  198.389  14331.7
212  144  2025-06-09 22-08-39  1571.2  15373.3  14092.5  198.446  14333.9
213  144  2025-06-09 22-08-39  1572.8  15380.9  14088.3  198.504  14336.1
214  144  2025-06-09 22-08-39  1574.4  15388.4  14084.1  198.561  14338.3
215  144  2025-06-09 22-08-39  1576  15396  14079.9  198.619  14340.5
216  144  2025-06-09 22-08-39  1577.6  15403.5  14075.6  198.677  14342.7
217  144  2025-06-09 22-08-39  1579.2  15411.1  14071.4  198.734  14344.9
218  144  2025-06-09 22-08-39  1580.8  15418.6  14067.1  198.792  14347.1
219  144  2025-06-09 22-08-39  1582.4  15426.1  14062.7  198.849  14349.3
220  144  2025-06-09 22-08-39  1584  15433.7  14058.4  198.907  14351.5
221  144  2025-06-09 22-08-39  1585.6  15441.2  14054  198.964  14353.7
222  144  2025-06-09 22-08-39  1587.2  15448.7  14049.7  199.022  14355.9
223  144  2025-06-09 22-08-39  1588.8  15456.2  14045.2  199.079  14358.2
224  144  2025-06-09 22-08-39  1590.4  15463.7  14040.8  199.137  14360.4
225  144  2025-06-09 22-08-39  1592  15471.2  14036.4  199.195  14362.6
226  144  2025-06-09 22-08-39  1593.6  15478.7  2831.91  199.252  14364.8
227  144  2025-06-09 22-08-39  1595.2  15486.2  2827.42  199.31  14367
228  144  2025-06-09 22-08-39  1596.8  15493.7  2822.91  199.367  14369.2
229  144  2025-06-09 22-08-39  1598.4  15501.2  2818.38  199.425  14371.4
230  144  2025-06-09 22-08-39  1600  15508.6  2813.83  199.482  14373.6
231  144  2025-06-09 22-08-39  1601.6  15516.1  2809.26  199.54  14375.8
232  144  2025-06-09 22-08-39  1603.2  15523.6  2804.66  199.597  14378
233  144  2025-06-09 22-08-39  1604.8  15531  2800.05  199.655  14380.2
234  144  2025-06-09 22-08-39  1606.4  15538.5  2795.41  199.713  14382.4
235  144  2025-06-09 22-08-39  1608  15545.9  2790.76  199.77  14384.7
236  144  2025-06-09 22-08-39  1609.6  15553.3  2786.08  199.828  14386.9
237  144  2025-06-09 22-08-39  1611.2  15560.8  2781.38  199.885  14389.1
238  144  2025-06-09 22-08-39  1612.8  15568.2  2776.66  199.943  14391.3
239  144  2025-06-09 22-08-39  1614.4  15575.6  2771.92  200  14393.5
240  144  2025-06-09 22-08-39  1616  15583  2767.16  200.058  14395.7
241  144  2025-06-09 22-08-39  1617.6  15590.4  2762.38  200.115  14397.9
242  144  2025-06-09 22-08-39  1619.2  15597.8  2757.57  200.173  14400.1
243  144  2025-06-09 22-08-39  1620.8  15605.2  2752.75  200.231  14402.3
244  144  2025-06-09 22-08-39  1622.4  15612.6  2747.91  200.288  14404.5
245  144  2025-06-09 22-08-39  1624  15619.9  2743.04  200.346  14406.7
246  144  2025-06-09 22-08-39  1625.6  15627.3  2738.15  200.403  14408.9
247  144  2025-06-09 22-08-39  1627.2  15634.7  2733.25  200.461  14411.1
248  144  2025-06-09 22-08-39  1628.8  15642  2728.32  200.518  14413.4
249  144  2025-06-09 22-08-39  1630.4  15649.4  2723.37  200.576  14415.6
250  144  2025-06-09 22-08-39  1632  15656.7  2718.4  200.633  14417.8
251  144  2025-06-09 22-08-39  1633.6  15664  2713.4  200.691  14420
252  144  2025-06-09 22-08-39  1635.2  15671.4  2708.39  200.749  14422.2
253  144  2025-06-09 22-08-39  1636.8  15678.7  2703.36  200.806  14424.4
254  144  2025-06-09 22-08-39  1638.4  15686  2698.31  200.864  14426.6
255  144  2025-06-09 22-08-39  1640  15693.3  2693.23  200.921  14428.8
256  144  2025-06-09 22-08-39  1641.6  15700.5  2688.06  200.979  14440.7
257  144  2025-06-09 22-08-39  1643.2  15707.7  2682.79  201.036  14452.7
258  144  2025-06-09 22-08-39  1644.8  15714.8  2677.42  201.094  14464.8
259  144  2025-06-09 22-08-39  1646.4  15721.9  2671.95  201.151  14477
260  144  2025-06-09 22-08-39  1648  15728.8  2666.39  201.209  14489.3
261  144  2025-06-09 22-08-39  1649.6  15735.7  2660.73  201.267  14501.7
262  144  2025-06-09 22-08-39  1651.2  15742.6  2654.97  201.324  14514.2
263  144  2025-06-09 22-08-39  1652.8  15749.3  2649.12  201.382  14526.7
264  144  2025-06-09 22-08-39  1654.4  15756  2643.17  201.439  14539.4
265  144  2025-06-09 22-08-39  1656  15762.6  2637.12  201.497  14552.2
266  144  2025-06-09 22-08-39  1657.6  15769.1  2630.98  201.554  14565
267  144  2025-06-09 22-08-39  1659.2  15775.5  2624.74  201.612  14577.8
268  144  2025-06-09 22-08-39  1660.8  15781.9  2618.41  201.669  14590.6
269  144  2025-06-09 22-08-39  1662.4  15788.2  2611.98  201.727  14603.4
270  144  2025-06-09 22-08-39  1664  15794.3  2605.47  201.785  14616.2
271  144  2025-06-09 22-08-39  1665.6  15800.4  2598.87  201.842  14629
272  144  2025-06-09 22-08-39  1667.2  15806.4  2592.17  201.9  14641.8
273  144  2025-06-09 22-08-39  1668.8  15812.3  2585.39  201.957  14654.6
274  144  2025-06-09 22-08-39  1670.4  15818.2  2578.53  202.015  14667.4
275  144  2025-06-09 22-08-39  1672  15823.9  2571.58  202.072  14680.2
276  144  2025-06-09 22-08-39  1673.6  15829.5  2564.54  202.13  14693
277  144  2025-06-09 22-08-39  1675.2  15835.1  2557.42  202.187  14705.8
278  144  2025-06-09 22-08-39  1676.8  15840.6  2550.33  202.245  14700.9
279  144  2025-06-09 22-08-39  1678.4  15846.3  2543.26  202.303  14695.9
280  144  2025-06-09 22-08-39  1680  15851.8  2536.12  202.36  14708.7
281  144  2025-06-09 22-08-39  1681.6  15857.4  2528.99  202.418  14703.7
282  144  2025-06-09 22-08-39  1683.2  15863  2521.9  202.475  14698.7
283  144  2025-06-09 22-08-39  1684.8  15868.6  2514.83  202.533  14693.6
284  144  2025-06-09 22-08-39  1686.4  15874.2  2507.67  202.59  14706.2
285  144  2025-06-09 22-08-39  1688  15879.8  2500.55  202.648  14701.1
286  144  2025-06-09 22-08-39  1689.6  15885.4  2493.45  202.705  14695.9
287  144  2025-06-09 22-08-39  1691.2  15891.1  2486.38  202.763  14690.7
288  144  2025-06-09 22-08-39  1692.8  15896.7  2479.23  202.821  14703.1
289  144  2025-06-09 22-08-39  1694.4  15902.4  2472.1  202.878  14697.9
290  144  2025-06-09 22-08-39  1696  15908.1  2465.01  202.936  14692.6
291  144  2025-06-09 22-08-39  1697.6  15913.8  2457.94  202.993  14687.2
292  144  2025-06-09 22-08-39  1699.2  15919.4  2450.79  203.051  14699.5
293  144  2025-06-09 22-08-39  1700.8  15925.1  2443.68  203.108  14694.1
294  144  2025-06-09 22-08-39  1702.4  15930.8  2436.59  203.166  14688.7
295  144  2025-06-09 22-08-39  1704  15936.6  2429.53  203.223  14683.1
296  144  2025-06-09 22-08-39  1705.6  15942.3  2422.39  203.281  14695.3
297  144  2025-06-09 22-08-39  1707.2  15948  2415.28  203.339  14689.8
298  144  2025-06-09 22-08-39  1708.8  15953.8  2408.2  203.396  14684.2
299  144  2025-06-09 22-08-39  1710.4  15959.5  2401.04  203.454  14696.3
300  144  2025-06-09 22-08-39  1712  15965.3  2393.91  203.511  14690.7
301  144  2025-06-09 22-08-39  1713.6  15971  2386.82  203.569  14685
302  144  2025-06-09 22-08-39  1715.2  15976.9  2379.75  203.626  14679.3
303  144  2025-06-09 22-08-39  1716.8  15982.6  2372.6  203.684  14691.2
304  144  2025-06-09 22-08-39  1718.4  15988.4  2365.49  203.741  14685.5
305  144  2025-06-09 22-08-39  1720  15994.3  2358.41  203.799  14679.7
306  144  2025-06-09 22-08-39  1721.6  16000  2351.25  203.857  14691.6
307  144  2025-06-09 22-08-39  1723.2  16005.8  2344.12  203.914  14685.8
308  144  2025-06-09 22-08-39  1724.8  16011.7  2337.02  203.972  14679.9
309  144  2025-06-09 22-08-39  1726.4  16017.4  2329.85  204.029  14691.7
310  144  2025-06-09 22-08-39  1728  16023.2  2322.7  204.087  14685.9
311  144  2025-06-09 22-08-39  1729.6  16029.1  2315.59  204.144  14679.9
312  144  2025-06-09 22-08-39  1731.2  16035  2308.52  204.202  14673.9
313  144  2025-06-09 22-08-39  1732.8  16040.8  2301.36  204.259  14685.6
314  144  2025-06-09 22-08-39  1734.4  16046.7  2294.24  204.317  14679.6
315  144  2025-06-09 22-08-39  1736  16052.6  2287.16  204.375  14673.5
316  144  2025-06-09 22-08-39  1737.6  16058.5  2279.99  204.432  14685.1
317  144  2025-06-09 22-08-39  1739.2  16064.4  2272.86  204.49  14679.1
318  144  2025-06-09 22-08-39  1740.8  16070.3  2265.77  204.547  14672.9
319  144  2025-06-09 22-08-39  1742.4  16076.2  2258.59  204.605  14684.5
320  144  2025-06-09 22-08-39  1744  16082.1  2251.45  204.662  14678.4
321  144  2025-06-09 22-08-39  1745.6  16088  2244.35  204.72  14672.2
322  144  2025-06-09 22-08-39  1747.2  16093.9  2237.17  204.777  14683.6
323  144  2025-06-09 22-08-39  1748.8  16099.8  2230.02  204.835  14677.5
324  144  2025-06-09 22-08-39  1750.4  16105.8  2222.91  204.893  14671.2
325  144  2025-06-09 22-08-39  1752  16111.7  2215.72  204.95  14682.6
326  144  2025-06-09 22-08-39  1753.6  16117.6  2208.57  205.008  14676.3
327  144  2025-06-09 22-08-39  1755.2  16123.6  2201.45  205.065  14670
328  144  2025-06-09 22-08-39  1756.8  16129.5  2194.25  205.123  14681.4
329  144  2025-06-09 22-08-39  1758.4  16135.5  2187.1  205.18  14675.1
330  144  2025-06-09 22-08-39  1760  16141.5  2179.98  205.238  14668.7
331  144  2025-06-09 22-08-39  1761.6  16147.5  2172.78  205.295  14679.9
332  144  2025-06-09 22-08-39  1763.2  16153.5  2165.62  205.353  14673.6
333  144  2025-06-09 22-08-39  1764.8  16159.5  2158.49  205.411  14667.1
334  144  2025-06-09 22-08-39  1766.4  16165.5  2151.29  205.468  14678.3
335  144  2025-06-09 22-08-39  1768  16171.5  2144.13  205.526  14671.9
336  144  2025-06-09 22-08-39  1769.6  16177.5  2137  205.583  14665.4
337  144  2025-06-09 22-08-39  1771.2  16183.5  2129.8  205.641  14676.5
338  144  2025-06-09 22-08-39  1772.8  16189.6  2122.63  205.698  14670
339  144  2025-06-09 22-08-39  1774.4  16195.7  2115.51  205.756  14663.4
340  144  2025-06-09 22-08-39  1776  16201.7  2108.31  205.813  14674.5
341  144  2025-06-09 22-08-39  1777.6  16207.7  2101.14  205.871  14667.9
342  144  2025-06-09 22-08-39  1779.2  16213.9  2094.02  205.929  14661.3
343  144  2025-06-09 22-08-39  1780.8  16219.9  2086.82  205.986  14672.3
344  144  2025-06-09 22-08-39  1782.4  16226  2079.65  206.044  14665.7
345  144  2025-06-09 22-08-39  1784  16232.1  2072.53  206.101  14659
346  144  2025-06-09 22-08-39  1785.6  16238.2  2065.33  206.159  14669.9
347  144  2025-06-09 22-08-39  1787.2  16244.3  2058.17  206.216  14663.2
348  144  2025-06-09 22-08-39  1788.8  16250.5  2051.05  206.274  14656.5
349  144  2025-06-09 22-08-39  1790.4  16256.6  2043.86  206.331  14667.4
350  144  2025-06-09 22-08-39  1792  16262.8  2036.7  206.389  14660.6
351  144  2025-06-09 22-08-39  1793.6  16269  2029.59  206.447  14653.8
352  144  2025-06-09 22-08-39  1795.2  16275.1  2022.4  206.504  14664.6
353  144  2025-06-09 22-08-39  1796.8  16281.3  2015.25  206.562  14657.8
354  144  2025-06-09 22-08-39  1798.4  16287.5  2008.15  206.619  14650.9
355  144  2025-06-09 22-08-39  1800  16293.7  2000.96  206.677  14661.6
356  144  2025-06-09 22-08-39  1801.6  16299.9  1993.82  206.734  14654.7
357  144  2025-06-09 22-08-39  1803.2  16306.1  1986.6  206.792  14665.5
358  144  2025-06-09 22-08-39  1804.8  16312.3  1979.43  206.849  14658.7
359  144  2025-06-09 22-08-39  1806.4  16318.5  1972.29  206.907  14651.7
360  144  2025-06-09 22-08-39  1808  16324.7  1965.08  206.965  14662.4
361  144  2025-06-09 22-08-39  1809.6  16331  1957.92  207.022  14655.5
362  144  2025-06-09 22-08-39  1811.2  16337.3  1950.79  207.08  14648.5
363  144  2025-06-09 22-08-39  1812.8  16343.5  1943.59  207.137  14659.1
364  144  2025-06-09 22-08-39  1814.4  16349.8  1936.43  207.195  14652.1
365  144  2025-06-09 22-08-39  1816  16356.1  1929.32  207.252  14645.1
366  144  2025-06-09 22-08-39  1817.6  16362.3  1922.13  207.31  14655.7
367  144  2025-06-09 22-08-39  1819.2  16368.7  1914.98  207.367  14648.6
368  144  2025-06-09 22-08-39  1820.8  16374.9  1907.76  207.425  14659.2
369  144  2025-06-09 22-08-39  1822.4  16381.2  1900.58  207.483  14652.2
370  144  2025-06-09 22-08-39  1824  16387.5  1893.44  207.54  14645
371  144  2025-06-09 22-08-39  1825.6  16393.8  1886.23  207.598  14655.6
372  144  2025-06-09 22-08-39  1827.2  16400.2  1879.06  207.655  14648.5
373  144  2025-06-09 22-08-39  1828.8  16406.5  1871.94  207.713  14641.3
374  144  2025-06-09 22-08-39  1830.4  16412.9  1864.74  207.77  14651.8
375  144  2025-06-09 22-08-39  1832  16419.2  1857.59  207.828  14644.6
376  144  2025-06-09 22-08-39  1833.6  16425.5  1850.36  207.885  14655.1
377  144  2025-06-09 22-08-39  1835.2  16431.9  1843.17  207.943  14647.9
378  144  2025-06-09 22-08-39  1836.8  16438.3  1836.03  208.001  14640.7
379  144  2025-06-09 22-08-39  1838.4  16444.7  1828.82  208.058  14651.1
380  144  2025-06-09 22-08-39  1840  16451.1  1821.65  208.116  14643.9
381  144  2025-06-09 22-08-39  1841.6  16457.5  1814.53  208.173  14636.6
382  144  2025-06-09 22-08-39  1843.2  16463.9  1807.33  208.231  14647
383  144  2025-06-09 22-08-39  1844.8  16470.3  1800.17  208.288  14639.7
384  144  2025-06-09 22-08-39  1846.4  16476.7  1792.94  208.346  14650.1
385  144  2025-06-09 22-08-39  1848  16483.1  1785.76  208.404  14642.8
386  144  2025-06-09 22-08-39  1849.6  16489.6  1778.62  208.461  14635.4
387  144  2025-06-09 22-08-39  1851.2  16496  1771.41  208.519  14645.8
388  144  2025-06-09 22-08-39  1852.8  16502.5  1764.24  208.576  14638.4
389  144  2025-06-09 22-08-39  1854.4  16508.9  1757  208.634  14648.8
390  144  2025-06-09 22-08-39  1856  16515.4  1749.8  208.691  14641.4
391  144  2025-06-09 22-08-39  1857.6  16521.9  1742.66  208.749  14634
392  144  2025-06-09 22-08-39  1859.2  16528.3  1735.43  208.806  14644.3
393  144  2025-06-09 22-08-39  1860.8  16534.8  1728.26  208.864  14636.9
394  144  2025-06-09 22-08-39  1862.4  16541.4  1721.13  208.922  14629.5
395  144  2025-06-09 22-08-39  1864  16547.9  1713.92  208.979  14639.7
396  144  2025-06-09 22-08-39  1865.6  16554.5  1706.77  209.037  14632.2
397  144  2025-06-09 22-08-39  1867.2  16560.9  1699.54  209.094  14642.5
398  144  2025-06-09 22-08-39  1868.8  16567.5  1692.35  209.152  14635
399  144  2025-06-09 22-08-39  1870.4  16574.1  1685.22  209.209  14627.5
400  144  2025-06-09 22-08-39  1872  16580.6  1678  209.267  14637.7
401  144  2025-06-09 22-08-39  1873.6  16587.2  1670.84  209.324  14630.2
402  144  2025-06-09 22-08-39  1875.2  16593.7  1663.6  209.382  14640.4
403  144  2025-06-09 22-08-39  1876.8  16600.3  1656.41  209.44  14632.9
404  144  2025-06-09 22-08-39  1878.4  16606.9  1649.27  209.497  14625.3
405  144  2025-06-09 22-08-39  1880  16613.5  1642.05  209.555  14635.4
406  144  2025-06-09 22-08-39  1881.6  16620.1  1634.89  209.612  14627.9
407  144  2025-06-09 22-08-39  1883.2  16626.7  1627.64  209.67  14638
408  144  2025-06-09 22-08-39  1884.8  16633.3  1620.45  209.727  14630.5
409  144  2025-06-09 22-08-39  1886.4  16640  1613.31  209.785  14622.9
410  144  2025-06-09 22-08-39  1888  16646.6  1606.09  209.842  14633
411  144  2025-06-09 22-08-39  1889.6  16653.2  1598.92  209.9  14625.4
412  144  2025-06-09 22-08-39  1891.2  16659.8  1591.67  209.958  14635.5
413  144  2025-06-09 22-08-39  1892.8  16666.5  1584.47  210.015  14627.9
414  144  2025-06-09 22-08-39  1894.4  16673.2  1577.33  210.073  14620.2
415  144  2025-06-09 22-08-39  1896  16679.8  1570.1  210.13  14630.2
416  144  2025-06-09 22-08-39  1897.6  16686.5  1562.93  210.188  14622.6
417  144  2025-06-09 22-08-39  1899.2  16693.2  1555.69  210.245  14632.6
418  144  2025-06-09 22-08-39  1900.8  16699.9  1548.49  210.303  14625
419  144  2025-06-09 22-08-39  1902.4  16706.6  1541.35  210.36  14617.3
420  144  2025-06-09 22-08-39  1904  16713.3  1534.12  210.418  14627.3
421  144  2025-06-09 22-08-39  1905.6  16720.1  1526.95  210.476  14619.6
422  144  2025-06-09 22-08-39  1907.2  16726.7  1519.71  210.533  14629.6
423  144  2025-06-09 22-08-39  1908.8  16733.5  1512.51  210.591  14621.9
424  144  2025-06-09 22-08-39  1910.4  16740.3  1505.37  210.648  14614.1
425  144  2025-06-09 22-08-39  1912  16747  1498.15  210.706  14624.1
426  144  2025-06-09 22-08-39  1913.6  16753.8  1490.98  210.763  14616.3
427  144  2025-06-09 22-08-39  1915.2  16760.5  1483.74  210.821  14626.3
428  144  2025-06-09 22-08-39  1916.8  16767.3  1476.55  210.878  14618.6
429  144  2025-06-09 22-08-39  1918.4  16774  1469.28  210.936  14628.5
430  144  2025-06-09 22-08-39  1920  16780.8  1462.06  210.994  14620.8
431  144  2025-06-09 22-08-39  1921.6  16787.7  1454.9  211.051  14613
432  144  2025-06-09 22-08-39  1923.2  16794.4  1447.66  211.109  14622.9
433  144  2025-06-09 22-08-39  1924.8  16801.3  1440.47  211.166  14615.1
434  144  2025-06-09 22-08-39  1926.4  16808  1433.21  211.224  14625.1
435  144  2025-06-09 22-08-39  1928  16814.8  1426  211.281  14617.3
436  144  2025-06-09 22-08-39  1929.6  16821.7  1418.84  211.339  14609.5
437  144  2025-06-09 22-08-39  1931.2  16828.5  1411.61  211.396  14619.3
438  144  2025-06-09 22-08-39  1932.8  16835.4  1404.42  211.454  14611.5
439  144  2025-06-09 22-08-39  1934.4  16842.2  1397.17  211.512  14621.4
440  144  2025-06-09 22-08-39  1936  16849.1  269.962  211.569  14613.6
441  144  2025-06-09 22-08-39  1937.6  16856  262.813  211.627  14605.7
442  144  2025-06-09 22-08-39  1939.2  16862.9  255.586  211.684  14615.5
443  144  2025-06-09 22-08-39  1940.8  16869.8  248.414  211.742  14607.6
444  144  2025-06-09 22-08-39  1942.4  16876.7  241.164  211.799  14617.4
445  144  2025-06-09 22-08-39  1944  16883.6  233.969  211.857  14609.6
446  144  2025-06-09 22-08-39  1945.6  16890.5  226.696  211.914  14619.4
447  144  2025-06-09 22-08-39  1947.2  16897.4  219.478  211.972  14611.6
448  144  2025-06-09 22-08-39  1948.8  16904.4  212.315  212.03  14603.7
449  144  2025-06-09 22-08-39  1950.4  16911.3  205.074  212.087  14613.4
