SN    USVID    CurTime    simTime    CurX    CurY    CurVel      CurYaw   
0  128  2025-06-09 22-10-54  0  8  4.89843e-16  192  2672
1  128  2025-06-09 22-10-54  1.6  128.006  9.80038e-16  192.058  2672
2  128  2025-06-09 22-10-54  3.2  136.017  1.47058e-15  192.115  2672
3  128  2025-06-09 22-10-54  4.8  144.035  1.96148e-15  192.173  2672
4  128  2025-06-09 22-10-54  6.4  152.058  2.45274e-15  192.23  2672
5  128  2025-06-09 22-10-54  8  160.086  2.94434e-15  192.288  2672
6  128  2025-06-09 22-10-54  9.6  168.121  3.4363e-15  192.345  2672
7  128  2025-06-09 22-10-54  11.2  176.161  3.92861e-15  192.403  2672
8  128  2025-06-09 22-10-54  12.8  184.207  4.42127e-15  192.46  2672
9  128  2025-06-09 22-10-54  14.4  192.259  4.91428e-15  192.518  2672
10  128  2025-06-09 22-10-54  128  200.317  5.40765e-15  192.576  2672
11  128  2025-06-09 22-10-54  129.6  208.38  5.90137e-15  192.633  2672
12  128  2025-06-09 22-10-54  131.2  216.449  6.39544e-15  192.691  2672
13  128  2025-06-09 22-10-54  132.8  224.524  6.88987e-15  192.748  2672
14  128  2025-06-09 22-10-54  134.4  232.604  7.38464e-15  192.806  2672
15  128  2025-06-09 22-10-54  136  240.691  7.87977e-15  192.863  2672
16  128  2025-06-09 22-10-54  137.6  248.783  8.37525e-15  192.921  2672
17  128  2025-06-09 22-10-54  139.2  256.881  8.87109e-15  192.978  2672
18  128  2025-06-09 22-10-54  140.8  264.984  9.36727e-15  193.036  2672
19  128  2025-06-09 22-10-54  142.4  1393.09  9.86381e-15  193.094  2672
20  128  2025-06-09 22-10-54  144  1401.21  1.03607e-14  193.151  2672
21  128  2025-06-09 22-10-54  145.6  1409.33  1.08579e-14  193.209  2672
22  128  2025-06-09 22-10-54  147.2  1417.46  1.13555e-14  193.266  2672
23  128  2025-06-09 22-10-54  148.8  1425.59  1.18535e-14  193.324  2672
24  128  2025-06-09 22-10-54  150.4  1433.73  1.23518e-14  193.381  2672
25  128  2025-06-09 22-10-54  152  1441.87  1.28504e-14  193.439  2672
26  128  2025-06-09 22-10-54  153.6  1450.02  1.33494e-14  193.496  2672
27  128  2025-06-09 22-10-54  155.2  1458.18  1.38488e-14  193.554  2672
28  128  2025-06-09 22-10-54  156.8  1466.34  1.43485e-14  193.612  2672
29  128  2025-06-09 22-10-54  158.4  1474.5  1.48486e-14  193.669  2672
30  128  2025-06-09 22-10-54  160  1482.68  1.5349e-14  193.727  2672
31  128  2025-06-09 22-10-54  161.6  1490.85  1.58498e-14  193.784  2672
32  128  2025-06-09 22-10-54  163.2  1499.04  1.63509e-14  193.842  2672
33  128  2025-06-09 22-10-54  164.8  1507.23  1.68524e-14  193.899  2672
34  128  2025-06-09 22-10-54  166.4  1515.42  1.73542e-14  193.957  2672
35  128  2025-06-09 22-10-54  168  1523.63  1.78564e-14  194.014  2672
36  128  2025-06-09 22-10-54  169.6  1531.83  1.83589e-14  194.072  2672
37  128  2025-06-09 22-10-54  171.2  1540.05  1.88618e-14  194.13  2672
38  128  2025-06-09 22-10-54  172.8  1548.26  1.9365e-14  194.187  2672
39  128  2025-06-09 22-10-54  174.4  1556.49  1.98686e-14  194.245  2672
40  128  2025-06-09 22-10-54  176  1564.72  2.03725e-14  194.302  2672
41  128  2025-06-09 22-10-54  177.6  1572.96  2.08768e-14  194.36  2672
42  128  2025-06-09 22-10-54  179.2  1581.2  2.13815e-14  194.417  2672
43  128  2025-06-09 22-10-54  180.8  1589.44  2.18865e-14  194.475  2672
44  128  2025-06-09 22-10-54  182.4  1597.7  2.23918e-14  194.532  2672
45  128  2025-06-09 22-10-54  184  1605.96  2.28975e-14  194.59  2672
46  128  2025-06-09 22-10-54  185.6  1614.22  2.34036e-14  194.648  2672
47  128  2025-06-09 22-10-54  187.2  1622.49  2.391e-14  194.705  2672
48  128  2025-06-09 22-10-54  188.8  1630.77  2.44167e-14  194.763  2672
49  128  2025-06-09 22-10-54  190.4  1639.05  2.49238e-14  194.82  2672
50  128  2025-06-09 22-10-54  192  1647.34  2.54313e-14  194.878  2672
51  128  2025-06-09 22-10-54  193.6  1655.63  2.59391e-14  194.935  2672
52  128  2025-06-09 22-10-54  195.2  1663.93  2.64473e-14  194.993  2672
53  128  2025-06-09 22-10-54  196.8  1672.24  2.69558e-14  195.05  2672
54  128  2025-06-09 22-10-54  198.4  1680.55  2.74647e-14  195.108  2672
55  128  2025-06-09 22-10-54  200  1688.86  2.79739e-14  195.166  2672
56  128  2025-06-09 22-10-54  201.6  1697.19  2.84835e-14  195.223  2672
57  128  2025-06-09 22-10-54  203.2  1705.51  2.89934e-14  195.281  2672
58  128  2025-06-09 22-10-54  204.8  1713.85  2.95037e-14  195.338  2672
59  128  2025-06-09 22-10-54  206.4  1722.19  3.00143e-14  195.396  2672
60  128  2025-06-09 22-10-54  208  1730.53  3.05253e-14  195.453  2672
61  128  2025-06-09 22-10-54  209.6  1738.88  3.10367e-14  195.511  2672
62  128  2025-06-09 22-10-54  211.2  1747.24  3.15484e-14  195.568  2672
63  128  2025-06-09 22-10-54  212.8  1755.6  3.20604e-14  195.626  2672
64  128  2025-06-09 22-10-54  214.4  1763.97  3.25728e-14  195.684  2672
65  128  2025-06-09 22-10-54  216  1772.35  3.30855e-14  195.741  2672
66  128  2025-06-09 22-10-54  217.6  1780.73  3.35986e-14  195.799  2672
67  128  2025-06-09 22-10-54  219.2  1789.11  3.41121e-14  195.856  2672
68  128  2025-06-09 22-10-54  220.8  1797.5  3.46259e-14  195.914  2672
69  128  2025-06-09 22-10-54  222.4  1805.9  3.51401e-14  195.971  2672
70  128  2025-06-09 22-10-54  224  1814.3  3.56546e-14  196.029  2672
71  128  2025-06-09 22-10-54  225.6  1822.71  3.61694e-14  196.086  2672
72  128  2025-06-09 22-10-54  227.2  1831.13  3.66847e-14  196.144  2672
73  128  2025-06-09 22-10-54  228.8  1839.55  3.72002e-14  196.202  2672
74  128  2025-06-09 22-10-54  230.4  1847.97  3.77162e-14  196.259  2672
75  128  2025-06-09 22-10-54  232  1856.4  3.82324e-14  196.317  2672
76  128  2025-06-09 22-10-54  233.6  1864.84  3.87491e-14  196.374  2672
77  128  2025-06-09 22-10-54  235.2  1873.28  3.9266e-14  196.432  2672
78  128  2025-06-09 22-10-54  236.8  1881.73  3.97834e-14  196.489  2672
79  128  2025-06-09 22-10-54  238.4  1890.17  4.03002e-14  196.403  2672
80  128  2025-06-09 22-10-54  240  1898.61  4.08164e-14  196.317  2672
81  128  2025-06-09 22-10-54  241.6  1907.04  -0.0743654  196.374  2680.08
82  128  2025-06-09 22-10-54  243.2  1915.48  -0.223929  196.432  2688.24
83  128  2025-06-09 22-10-54  244.8  1923.93  -0.449519  196.489  2696.48
84  128  2025-06-09 22-10-54  246.4  1932.38  -0.751956  196.547  2704.8
85  128  2025-06-09 22-10-54  248  1940.83  -1.13206  196.604  2713.2
86  128  2025-06-09 22-10-54  249.6  1949.28  -1.59064  196.662  2721.68
87  128  2025-06-09 22-10-54  251.2  1957.74  -2.1285  196.72  2730.24
88  128  2025-06-09 22-10-54  252.8  1966.19  -2.74644  196.777  2738.88
89  128  2025-06-09 22-10-54  254.4  1974.65  -3.44525  196.835  2747.6
90  128  2025-06-09 22-10-54  256  1983.1  -4.22572  196.892  2756.4
91  128  2025-06-09 22-10-54  257.6  1991.55  -5.08862  196.95  2765.28
92  128  2025-06-09 22-10-54  259.2  2000  -6.03471  197.007  2774.24
93  128  2025-06-09 22-10-54  260.8  2008.45  -7.06476  197.065  2783.28
94  128  2025-06-09 22-10-54  262.4  2016.88  -8.17951  197.122  2792.4
95  128  2025-06-09 22-10-54  264  2025.32  -9.37971  197.18  2801.6
96  128  2025-06-09 22-10-54  265.6  2033.74  -10.6661  197.238  2810.88
97  128  2025-06-09 22-10-54  267.2  2042.16  -12.0393  197.295  2820.24
98  128  2025-06-09 22-10-54  268.8  2050.57  -13.5002  197.353  2829.68
99  128  2025-06-09 22-10-54  270.4  2058.97  -15.0493  197.41  14039.2
100  128  2025-06-09 22-10-54  1392  2067.36  -128.687  197.468  14048.8
101  128  2025-06-09 22-10-54  1393.6  2075.74  -130.415  197.525  14058.5
102  128  2025-06-09 22-10-54  1395.2  2084.1  -132.233  197.583  14068.2
103  128  2025-06-09 22-10-54  1396.8  2092.45  -134.142  197.641  14078.1
104  128  2025-06-09 22-10-54  1398.4  2100.78  -136.143  197.698  14088
105  128  2025-06-09 22-10-54  1400  2109.1  -138.236  197.756  14098
106  128  2025-06-09 22-10-54  1401.6  2117.39  -140.421  197.813  14108.1
107  128  2025-06-09 22-10-54  1403.2  2125.67  -142.7  197.871  14118.2
108  128  2025-06-09 22-10-54  1404.8  2133.93  -145.073  197.928  14128.5
109  128  2025-06-09 22-10-54  1406.4  2142.17  -147.54  197.986  14138.8
110  128  2025-06-09 22-10-54  1408  2150.38  -150.103  198.043  14149.2
111  128  2025-06-09 22-10-54  1409.6  2158.57  -152.76  198.101  14159.7
112  128  2025-06-09 22-10-54  1411.2  2166.74  -155.514  198.159  14170.2
113  128  2025-06-09 22-10-54  1412.8  2174.9  -158.293  198.216  14172.8
114  128  2025-06-09 22-10-54  1414.4  2183.06  -161.096  198.274  14175.4
115  128  2025-06-09 22-10-54  1416  2191.21  -163.923  198.331  14177.9
116  128  2025-06-09 22-10-54  1417.6  2199.37  -166.776  198.389  14180.5
117  128  2025-06-09 22-10-54  1419.2  2207.52  -169.653  198.446  14183
118  128  2025-06-09 22-10-54  1420.8  2215.67  -172.555  198.504  14185.6
119  128  2025-06-09 22-10-54  1422.4  2223.82  -175.481  198.561  14188.2
120  128  2025-06-09 22-10-54  1424  2231.96  -178.432  198.619  14190.7
121  128  2025-06-09 22-10-54  1425.6  2240.1  -181.408  198.677  14193.3
122  128  2025-06-09 22-10-54  1427.2  2248.24  -184.409  198.734  14195.8
123  128  2025-06-09 22-10-54  1428.8  2256.37  -187.434  198.792  14198.4
124  128  2025-06-09 22-10-54  1430.4  2264.51  -190.484  198.849  14201
125  128  2025-06-09 22-10-54  1432  2272.63  -193.559  198.907  14203.5
126  128  2025-06-09 22-10-54  1433.6  2280.76  -196.659  198.964  14206.1
127  128  2025-06-09 22-10-54  1435.2  2288.88  -199.783  199.022  14208.6
128  128  2025-06-09 22-10-54  1436.8  2297  -202.932  199.079  14211.2
129  128  2025-06-09 22-10-54  1438.4  2305.11  -206.106  199.137  14213.8
130  128  2025-06-09 22-10-54  1440  2313.23  -209.304  199.195  14216.3
131  128  2025-06-09 22-10-54  1441.6  2321.3  -212.613  199.252  14228.6
132  128  2025-06-09 22-10-54  1443.2  2329.33  -216.033  199.31  14240.9
133  128  2025-06-09 22-10-54  1444.8  2337.32  -219.563  199.367  14253.4
134  128  2025-06-09 22-10-54  1446.4  2345.27  -223.205  199.425  14265.9
135  128  2025-06-09 22-10-54  1448  2353.17  -226.959  199.482  14278.6
136  128  2025-06-09 22-10-54  1449.6  2361.03  -230.825  199.54  14291.3
137  128  2025-06-09 22-10-54  1451.2  2368.83  -234.803  199.597  14304.1
138  128  2025-06-09 22-10-54  1452.8  2376.59  -238.892  199.655  14316.9
139  128  2025-06-09 22-10-54  1454.4  2384.29  -243.091  199.713  14329.7
140  128  2025-06-09 22-10-54  1456  2391.93  -247.401  199.77  14342.5
141  128  2025-06-09 22-10-54  1457.6  2399.52  -251.819  199.828  14355.3
142  128  2025-06-09 22-10-54  1459.2  2407.06  -256.347  199.885  14368.1
143  128  2025-06-09 22-10-54  1460.8  2414.53  -260.982  199.943  14380.9
144  128  2025-06-09 22-10-54  1462.4  2421.94  -265.724  200  14393.7
145  128  2025-06-09 22-10-54  1464  2429.39  -270.429  200.058  14388.8
146  128  2025-06-09 22-10-54  1465.6  2436.86  -1395.1  200.115  14383.9
147  128  2025-06-09 22-10-54  1467.2  2444.36  -1399.73  200.173  14378.8
148  128  2025-06-09 22-10-54  1468.8  2451.81  -1404.46  200.231  14391.5
149  128  2025-06-09 22-10-54  1470.4  2459.28  -1409.16  200.288  14386.4
150  128  2025-06-09 22-10-54  1472  2466.79  -1413.82  200.346  14381.3
151  128  2025-06-09 22-10-54  1473.6  2474.23  -1418.59  200.403  14393.9
152  128  2025-06-09 22-10-54  1475.2  2481.71  -1423.32  200.461  14388.8
153  128  2025-06-09 22-10-54  1476.8  2489.22  -1428  200.518  14383.7
154  128  2025-06-09 22-10-54  1478.4  2496.76  -1432.65  200.576  14378.4
155  128  2025-06-09 22-10-54  1480  2504.24  -1437.4  200.633  14390.9
156  128  2025-06-09 22-10-54  1481.6  2511.75  -1442.12  200.691  14385.6
157  128  2025-06-09 22-10-54  1483.2  2519.3  -1446.79  200.749  14380.3
158  128  2025-06-09 22-10-54  1484.8  2526.78  -1451.57  200.806  14392.7
159  128  2025-06-09 22-10-54  1486.4  2534.3  -1456.31  200.864  14387.4
160  128  2025-06-09 22-10-54  1488  2541.85  -1461  200.921  14382
161  128  2025-06-09 22-10-54  1489.6  2549.44  -1465.66  200.979  14376.6
162  128  2025-06-09 22-10-54  1491.2  2556.96  -1470.41  201.036  14388.8
163  128  2025-06-09 22-10-54  1492.8  2564.52  -1475.13  201.094  14383.4
164  128  2025-06-09 22-10-54  1494.4  2572.11  -1479.8  201.151  14377.9
165  128  2025-06-09 22-10-54  1496  2579.65  -1484.58  201.209  14390
166  128  2025-06-09 22-10-54  1497.6  2587.21  -1489.32  201.267  14384.5
167  128  2025-06-09 22-10-54  1499.2  2594.82  -1494.01  201.324  14379
168  128  2025-06-09 22-10-54  1500.8  2602.45  -1498.65  201.382  14373.3
169  128  2025-06-09 22-10-54  1502.4  2610.03  -1503.41  201.439  14385.3
170  128  2025-06-09 22-10-54  1504  2617.64  -1508.11  201.497  14379.7
171  128  2025-06-09 22-10-54  1505.6  2625.29  -1512.77  201.554  14374
172  128  2025-06-09 22-10-54  1507.2  2632.88  -1517.54  201.612  14385.9
173  128  2025-06-09 22-10-54  1508.8  2640.5  -1522.26  201.669  14380.2
174  128  2025-06-09 22-10-54  1510.4  2648.16  -1526.93  201.727  14374.4
175  128  2025-06-09 22-10-54  1512  2655.76  -1531.71  201.785  14386.3
176  128  2025-06-09 22-10-54  1513.6  2663.4  -1536.44  201.842  14380.5
177  128  2025-06-09 22-10-54  1515.2  2671.07  -1541.13  201.9  14374.7
178  128  2025-06-09 22-10-54  1516.8  2678.69  -1545.92  201.957  14386.5
179  128  2025-06-09 22-10-54  1518.4  2686.34  -1550.66  202.015  14380.7
180  128  2025-06-09 22-10-54  1520  2694.02  -1555.36  202.072  14374.8
181  128  2025-06-09 22-10-54  1521.6  2701.74  -1560  202.13  14368.8
182  128  2025-06-09 22-10-54  1523.2  2709.41  -1564.75  202.187  14380.5
183  128  2025-06-09 22-10-54  1524.8  2717.11  -1569.46  202.245  14374.5
184  128  2025-06-09 22-10-54  1526.4  2724.85  -1574.11  202.303  14368.4
185  128  2025-06-09 22-10-54  1528  2732.54  -1578.87  202.36  14380
186  128  2025-06-09 22-10-54  1529.6  2740.26  -1583.57  202.418  14374
187  128  2025-06-09 22-10-54  1531.2  2748.01  -1588.23  202.475  14367.9
188  128  2025-06-09 22-10-54  1532.8  2755.71  -1592.99  202.533  14379.4
189  128  2025-06-09 22-10-54  1534.4  2763.45  -1597.7  202.59  14373.3
190  128  2025-06-09 22-10-54  1536  2771.22  -1602.36  202.648  14367.1
191  128  2025-06-09 22-10-54  1537.6  2778.94  -1607.13  202.705  14378.6
192  128  2025-06-09 22-10-54  1539.2  2786.7  -1611.84  202.763  14372.5
193  128  2025-06-09 22-10-54  1540.8  2794.5  -1616.5  202.821  14366.2
194  128  2025-06-09 22-10-54  1542.4  2802.24  -1621.26  202.878  14377.6
195  128  2025-06-09 22-10-54  1544  2810.01  -1625.98  202.936  14371.4
196  128  2025-06-09 22-10-54  1545.6  2817.82  -1630.63  202.849  14365.1
197  128  2025-06-09 22-10-54  1547.2  2825.61  -1635.32  202.907  14368.4
198  128  2025-06-09 22-10-54  1548.8  14033.4  -1640.03  202.964  14371.7
199  128  2025-06-09 22-10-54  1550.4  14041.1  -1644.78  203.022  14375
200  128  2025-06-09 22-10-54  1552  14048.9  -1649.56  203.08  14378.4
201  128  2025-06-09 22-10-54  1553.6  14056.6  -1654.37  203.137  14381.7
202  128  2025-06-09 22-10-54  1555.2  14064.4  -1659.21  203.195  14385.1
203  128  2025-06-09 22-10-54  1556.8  14072.1  -1664.08  203.252  14388.5
204  128  2025-06-09 22-10-54  1558.4  14079.8  -1668.99  203.31  14391.9
205  128  2025-06-09 22-10-54  1560  14087.5  -1673.93  203.367  14395.3
206  128  2025-06-09 22-10-54  1561.6  14095.2  -1678.9  203.425  14398.8
207  128  2025-06-09 22-10-54  1563.2  14102.9  -1683.83  203.482  14394.1
208  128  2025-06-09 22-10-54  1564.8  14110.6  -1688.73  203.54  14389.5
209  128  2025-06-09 22-10-54  1566.4  14118.4  -1693.59  203.598  14384.7
210  128  2025-06-09 22-10-54  1568  14126.1  -1698.41  203.655  14379.9
211  128  2025-06-09 22-10-54  1569.6  14134  -1703.19  203.713  14375
212  128  2025-06-09 22-10-54  1571.2  14141.8  -1707.94  203.77  14370.1
213  128  2025-06-09 22-10-54  1572.8  14149.7  -1712.64  203.828  14365.1
214  128  2025-06-09 22-10-54  1574.4  14157.6  -1717.3  203.885  14360
215  128  2025-06-09 22-10-54  1576  14165.6  -1721.93  203.943  14354.8
216  128  2025-06-09 22-10-54  1577.6  14173.6  -1726.5  204  14349.6
217  128  2025-06-09 22-10-54  1579.2  14181.6  -1731.04  204.058  14344.4
218  128  2025-06-09 22-10-54  1580.8  14189.6  -1735.53  204.116  14339.1
219  128  2025-06-09 22-10-54  1582.4  14197.7  -1739.98  204.173  14333.7
220  128  2025-06-09 22-10-54  1584  14205.8  -1744.38  204.231  14328.2
221  128  2025-06-09 22-10-54  1585.6  14213.9  -1748.74  204.288  14322.7
222  128  2025-06-09 22-10-54  1587.2  14222  -1753.13  204.202  14326.8
223  128  2025-06-09 22-10-54  1588.8  14230.1  -1757.55  204.116  14330.9
224  128  2025-06-09 22-10-54  1590.4  14238.2  -1762.01  204.029  14335.1
225  128  2025-06-09 22-10-54  1592  14246.2  -1766.49  203.943  14339.3
226  128  2025-06-09 22-10-54  1593.6  14254.2  -1771.01  203.857  14343.6
227  128  2025-06-09 22-10-54  1595.2  14262.2  -1775.56  203.77  14347.8
228  128  2025-06-09 22-10-54  1596.8  14270.1  -1780.16  203.828  14352.1
229  128  2025-06-09 22-10-54  1598.4  14278  -1784.79  203.885  14356.5
230  128  2025-06-09 22-10-54  1600  14286  -1789.39  203.943  14352.8
231  128  2025-06-09 22-10-54  1601.6  14294  -1793.97  204  14349
232  128  2025-06-09 22-10-54  1603.2  14301.9  -1798.64  204.058  14359.7
233  128  2025-06-09 22-10-54  1604.8  14309.8  -1803.4  204.116  14370.6
234  128  2025-06-09 22-10-54  1606.4  14317.7  -1808.11  204.173  14363.7
235  128  2025-06-09 22-10-54  1608  14325.7  -1812.77  204.231  14356.8
236  128  2025-06-09 22-10-54  1609.6  14333.6  -1817.52  204.288  14367.6
237  128  2025-06-09 22-10-54  1611.2  14341.6  -1822.21  204.346  14360.7
238  128  2025-06-09 22-10-54  1612.8  14349.5  -1826.84  204.403  14353.7
239  128  2025-06-09 22-10-54  1614.4  14357.5  -1831.58  204.461  14364.4
240  128  2025-06-09 22-10-54  1616  14365.5  -1836.25  204.518  14357.4
241  128  2025-06-09 22-10-54  1617.6  14373.4  -1841.02  204.576  14368.1
242  128  2025-06-09 22-10-54  1619.2  14381.4  -1845.73  204.634  14361.2
243  128  2025-06-09 22-10-54  1620.8  14389.4  -1850.38  204.691  14354.1
244  128  2025-06-09 22-10-54  1622.4  14397.4  -1855.13  204.749  14364.8
245  128  2025-06-09 22-10-54  1624  14405.4  -1859.82  204.806  14357.7
246  128  2025-06-09 22-10-54  1625.6  14413.3  -1864.61  204.864  14368.4
247  128  2025-06-09 22-10-54  1627.2  14421.3  -1869.34  204.921  14361.4
248  128  2025-06-09 22-10-54  1628.8  14429.4  -1874.01  204.979  14354.3
249  128  2025-06-09 22-10-54  1630.4  14437.4  -1878.77  205.036  14364.9
250  128  2025-06-09 22-10-54  1632  14445.4  -1883.48  205.094  14357.9
251  128  2025-06-09 22-10-54  1633.6  14453.5  -1888.12  205.152  14350.7
252  128  2025-06-09 22-10-54  1635.2  14461.5  -1892.86  205.209  14361.2
253  128  2025-06-09 22-10-54  1636.8  14469.6  -1897.55  205.267  14354.1
254  128  2025-06-09 22-10-54  1638.4  14477.6  -1902.32  205.324  14364.7
255  128  2025-06-09 22-10-54  1640  14485.6  -1907.04  205.382  14357.6
256  128  2025-06-09 22-10-54  1641.6  14493.7  -1911.7  205.439  14350.4
257  128  2025-06-09 22-10-54  1643.2  14501.8  -1916.45  205.497  14360.8
258  128  2025-06-09 22-10-54  1644.8  14509.9  -1921.14  205.554  14353.7
259  128  2025-06-09 22-10-54  1646.4  14517.9  -1925.93  205.612  14364.2
260  128  2025-06-09 22-10-54  1648  14526  -1930.66  205.67  14357
261  128  2025-06-09 22-10-54  1649.6  14534.1  -1935.33  205.727  14349.8
262  128  2025-06-09 22-10-54  1651.2  14542.2  -1940.09  205.785  14360.2
263  128  2025-06-09 22-10-54  1652.8  14550.3  -1944.79  205.842  14353
264  128  2025-06-09 22-10-54  1654.4  14558.4  -1949.59  205.9  14363.4
265  128  2025-06-09 22-10-54  1656  14566.5  -1954.32  205.957  14356.2
266  128  2025-06-09 22-10-54  1657.6  14574.7  -1958.99  206.015  14348.9
267  128  2025-06-09 22-10-54  1659.2  14582.8  -1963.76  206.072  14359.3
268  128  2025-06-09 22-10-54  1660.8  14591  -1968.47  206.13  14352
269  128  2025-06-09 22-10-54  1662.4  14599.1  -1973.27  206.188  14362.5
270  128  2025-06-09 22-10-54  1664  14607.2  -1978.01  206.245  14355.2
271  128  2025-06-09 22-10-54  1665.6  14615.4  -1982.69  206.303  14347.9
272  128  2025-06-09 22-10-54  1667.2  14623.5  -1987.46  206.36  14358.2
273  128  2025-06-09 22-10-54  1668.8  14631.7  -1992.18  206.418  14350.9
274  128  2025-06-09 22-10-54  1670.4  14639.8  -1996.98  206.475  14361.2
275  128  2025-06-09 22-10-54  1672  14648  -2001.73  206.533  14353.9
276  128  2025-06-09 22-10-54  1673.6  14656.2  -2006.41  206.59  14346.5
277  128  2025-06-09 22-10-54  1675.2  14664.4  -2011.18  206.648  14356.8
278  128  2025-06-09 22-10-54  1676.8  14672.6  -2015.89  206.706  14349.5
279  128  2025-06-09 22-10-54  1678.4  14680.8  -2020.7  206.763  14359.8
280  128  2025-06-09 22-10-54  1680  14689  -2025.45  206.821  14352.4
281  128  2025-06-09 22-10-54  1681.6  14697.3  -2030.13  206.878  14345
282  128  2025-06-09 22-10-54  1683.2  14705.5  -2034.9  206.936  14355.2
283  128  2025-06-09 22-10-54  1684.8  14713.7  -2039.62  206.993  14347.8
284  128  2025-06-09 22-10-54  1686.4  14721.9  -2044.42  207.051  14358.1
285  128  2025-06-09 22-10-54  1688  14730.2  -2049.17  207.108  14350.7
286  128  2025-06-09 22-10-54  1689.6  14738.4  -2053.85  207.166  14343.2
287  128  2025-06-09 22-10-54  1691.2  14746.7  -2058.62  207.224  14353.4
288  128  2025-06-09 22-10-54  1692.8  14755  -2063.33  207.281  14345.9
289  128  2025-06-09 22-10-54  1694.4  14763.2  -2068.13  207.339  14356.2
290  128  2025-06-09 22-10-54  1696  14771.5  -2072.87  207.396  14348.7
291  128  2025-06-09 22-10-54  1697.6  14779.8  -2077.55  207.454  14341.2
292  128  2025-06-09 22-10-54  1699.2  14788.1  -2082.32  207.511  14351.3
293  128  2025-06-09 22-10-54  1700.8  14796.4  -2087.02  207.569  14343.8
294  128  2025-06-09 22-10-54  1702.4  14804.7  -2091.82  207.626  14354
295  128  2025-06-09 22-10-54  1704  14813  -2096.56  207.684  14346.5
296  128  2025-06-09 22-10-54  1705.6  14821.2  -2101.38  207.742  14356.7
297  128  2025-06-09 22-10-54  1707.2  14829.6  -2106.15  207.799  14349.2
298  128  2025-06-09 22-10-54  1708.8  14837.9  -2110.85  207.857  14341.6
299  128  2025-06-09 22-10-54  1710.4  14846.2  -2115.64  207.914  14351.7
300  128  2025-06-09 22-10-54  1712  14854.6  -2120.37  207.972  14344.2
301  128  2025-06-09 22-10-54  1713.6  14862.9  -2125.19  208.029  14354.3
302  128  2025-06-09 22-10-54  1715.2  14871.2  -2129.95  208.087  14346.8
303  128  2025-06-09 22-10-54  1716.8  14879.6  -2134.64  208.145  14339.2
304  128  2025-06-09 22-10-54  1718.4  14888  -2139.42  208.202  14349.3
305  128  2025-06-09 22-10-54  1720  14896.4  -2144.14  208.26  14341.7
306  128  2025-06-09 22-10-54  1721.6  14904.7  -2148.96  208.317  14351.8
307  128  2025-06-09 22-10-54  1723.2  14913.1  -2153.7  208.375  14344.2
308  128  2025-06-09 22-10-54  1724.8  14921.4  -2158.55  208.432  14354.3
309  128  2025-06-09 22-10-54  1726.4  14929.8  -2163.32  208.49  14346.7
310  128  2025-06-09 22-10-54  1728  14938.2  -2168.03  208.547  14339.1
311  128  2025-06-09 22-10-54  1729.6  14946.6  -2172.84  208.605  14349.1
312  128  2025-06-09 22-10-54  1731.2  14955  -2177.57  208.663  14341.5
313  128  2025-06-09 22-10-54  1732.8  14963.4  -2182.4  208.72  14351.6
314  128  2025-06-09 22-10-54  1734.4  14971.8  -2187.17  208.778  14343.9
315  128  2025-06-09 22-10-54  1736  14980.3  -2191.87  208.835  14336.2
316  128  2025-06-09 22-10-54  1737.6  14988.7  -2196.66  208.893  14346.2
317  128  2025-06-09 22-10-54  1739.2  14997.2  -2201.38  208.95  14338.6
318  128  2025-06-09 22-10-54  1740.8  15005.6  -2206.2  209.008  14348.6
319  128  2025-06-09 22-10-54  1742.4  15014.1  -2210.95  209.065  14340.9
320  128  2025-06-09 22-10-54  1744  15022.5  -2215.8  209.123  14350.9
321  128  2025-06-09 22-10-54  1745.6  15031  -2220.58  209.181  14343.3
322  128  2025-06-09 22-10-54  1747.2  15039.5  -2225.29  209.238  14335.6
323  128  2025-06-09 22-10-54  1748.8  15047.9  -2230.09  209.296  14345.5
324  128  2025-06-09 22-10-54  1750.4  15056.4  -2234.83  209.353  14337.8
325  128  2025-06-09 22-10-54  1752  15064.9  -2239.66  209.411  14347.8
326  128  2025-06-09 22-10-54  1753.6  15073.4  -2244.43  209.468  14340.1
327  128  2025-06-09 22-10-54  1755.2  15081.9  -2249.12  209.526  14332.3
328  128  2025-06-09 22-10-54  1756.8  15090.4  -2253.91  209.583  14342.3
329  128  2025-06-09 22-10-54  1758.4  15099  -2258.63  209.641  14334.5
330  128  2025-06-09 22-10-54  1760  15107.5  -2263.44  209.699  14344.4
331  128  2025-06-09 22-10-54  1761.6  15116  -2268.19  209.756  14336.7
332  128  2025-06-09 22-10-54  1763.2  15124.5  -2273.03  209.814  14346.6
333  128  2025-06-09 22-10-54  1764.8  15133.1  -2277.8  209.871  14338.9
334  128  2025-06-09 22-10-54  1766.4  15141.7  -2282.5  209.929  14331.1
335  128  2025-06-09 22-10-54  1768  15150.2  -2287.3  209.986  14341
336  128  2025-06-09 22-10-54  1769.6  15158.8  -2292.03  210.044  14333.2
337  128  2025-06-09 22-10-54  1771.2  15167.3  -2296.85  210.101  14343.1
338  128  2025-06-09 22-10-54  1772.8  15175.9  -2301.6  210.159  14335.3
339  128  2025-06-09 22-10-54  1774.4  15184.5  -2306.45  210.217  14345.2
340  128  2025-06-09 22-10-54  1776  15193.1  -2311.23  210.274  14337.5
341  128  2025-06-09 22-10-54  1777.6  15201.7  -2315.94  210.332  14329.6
342  128  2025-06-09 22-10-54  1779.2  15210.3  -2320.74  210.389  14339.5
343  128  2025-06-09 22-10-54  1780.8  15218.9  -2325.47  210.447  14331.7
344  128  2025-06-09 22-10-54  1782.4  15227.5  -2330.3  210.504  14341.6
345  128  2025-06-09 22-10-54  1784  15236.1  -2335.06  210.562  14333.7
346  128  2025-06-09 22-10-54  1785.6  15244.7  -2339.91  210.619  14343.6
347  128  2025-06-09 22-10-54  1787.2  15253.4  -2344.69  210.677  14335.8
348  128  2025-06-09 22-10-54  1788.8  15262  -2349.4  210.735  14328
349  128  2025-06-09 22-10-54  1790.4  15270.7  -2354.21  210.792  14337.8
350  128  2025-06-09 22-10-54  1792  15279.3  -2358.94  210.85  14329.9
351  128  2025-06-09 22-10-54  1793.6  15288  -2363.78  210.907  14339.8
352  128  2025-06-09 22-10-54  1795.2  15296.6  -2368.53  210.965  14331.9
353  128  2025-06-09 22-10-54  1796.8  15305.3  -2373.39  211.022  14341.8
354  128  2025-06-09 22-10-54  1798.4  15314  -2378.17  211.08  14334
355  128  2025-06-09 22-10-54  1800  15322.7  -2382.89  211.137  14326.1
356  128  2025-06-09 22-10-54  1801.6  15331.4  -2387.69  211.195  14335.9
357  128  2025-06-09 22-10-54  1803.2  15340.1  -2392.43  211.253  14328
358  128  2025-06-09 22-10-54  1804.8  15348.8  -2397.26  211.31  14337.8
359  128  2025-06-09 22-10-54  1806.4  15357.5  -2402.02  211.368  14329.9
360  128  2025-06-09 22-10-54  1808  15366.2  -2406.88  211.425  14339.7
361  128  2025-06-09 22-10-54  1809.6  15374.9  -2411.66  211.483  14331.9
362  128  2025-06-09 22-10-54  1811.2  15383.6  -2416.37  211.54  14323.9
363  128  2025-06-09 22-10-54  1812.8  15392.4  -2421.18  211.598  14333.7
364  128  2025-06-09 22-10-54  1814.4  15401.1  -2425.91  211.655  14325.8
365  128  2025-06-09 22-10-54  1816  15409.9  -2430.74  211.713  14335.6
366  128  2025-06-09 22-10-54  1817.6  15418.6  -2435.5  211.771  14327.6
367  128  2025-06-09 22-10-54  1819.2  15427.4  -2440.35  211.828  14337.4
368  128  2025-06-09 22-10-54  1820.8  15436.1  -2445.13  211.886  14329.6
369  128  2025-06-09 22-10-54  1822.4  15444.8  -2450.01  211.943  14339.4
370  128  2025-06-09 22-10-54  1824  15453.6  -2454.82  212.001  14331.5
371  128  2025-06-09 22-10-54  1825.6  15462.4  -2459.55  212.058  14323.5
372  128  2025-06-09 22-10-54  1827.2  15471.2  -2464.37  212.116  14333.3
373  128  2025-06-09 22-10-54  1828.8  15480  -2469.13  212.173  14325.3
374  128  2025-06-09 22-10-54  1830.4  15488.8  -2473.98  212.231  14335.1
375  128  2025-06-09 22-10-54  1832  15497.6  -2478.76  212.289  14327.2
376  128  2025-06-09 22-10-54  1833.6  15506.4  -2483.63  212.346  14337
377  128  2025-06-09 22-10-54  1835.2  15515.2  -2488.43  212.404  14329.1
378  128  2025-06-09 22-10-54  1836.8  15524.1  -2493.16  212.461  14321.1
379  128  2025-06-09 22-10-54  1838.4  15532.9  -2497.98  212.519  14330.8
380  128  2025-06-09 22-10-54  1840  15541.7  -2502.73  212.576  14322.8
381  128  2025-06-09 22-10-54  1841.6  15550.6  -2507.58  212.634  14332.5
382  128  2025-06-09 22-10-54  1843.2  15559.4  -2512.35  212.691  14324.6
383  128  2025-06-09 22-10-54  1844.8  15568.3  -2517.22  212.749  14334.3
384  128  2025-06-09 22-10-54  1846.4  15577.1  -2522.01  212.807  14326.4
385  128  2025-06-09 22-10-54  1848  15586  -2526.73  212.864  14318.4
386  128  2025-06-09 22-10-54  1849.6  15594.9  -2531.55  212.922  14328.1
387  128  2025-06-09 22-10-54  1851.2  15603.8  -2536.29  212.979  14320.1
388  128  2025-06-09 22-10-54  1852.8  15612.7  -2541.13  213.037  14329.8
389  128  2025-06-09 22-10-54  1854.4  15621.6  -2545.89  213.094  14321.8
390  128  2025-06-09 22-10-54  1856  15630.5  -2550.75  213.152  14331.5
391  128  2025-06-09 22-10-54  1857.6  15639.4  -2555.54  213.209  14323.5
392  128  2025-06-09 22-10-54  1859.2  15648.3  -2560.42  213.267  14333.2
393  128  2025-06-09 22-10-54  1860.8  15657.2  -2565.23  213.325  14325.3
394  128  2025-06-09 22-10-54  1862.4  15666.2  -2569.96  213.382  14317.3
395  128  2025-06-09 22-10-54  1864  15675.1  -2574.79  213.44  14326.9
396  128  2025-06-09 22-10-54  1865.6  15684  -2579.55  213.497  14318.9
397  128  2025-06-09 22-10-54  1867.2  15693  -2584.4  213.555  14328.6
398  128  2025-06-09 22-10-54  1868.8  15701.9  -2589.17  213.612  14320.6
399  128  2025-06-09 22-10-54  1870.4  15710.9  -2594.05  213.67  14330.3
400  128  2025-06-09 22-10-54  1872  15719.8  -2598.84  213.727  14322.3
401  128  2025-06-09 22-10-54  1873.6  15728.7  -2603.74  213.785  14332
402  128  2025-06-09 22-10-54  1875.2  15737.7  -2608.56  213.843  14324
403  128  2025-06-09 22-10-54  1876.8  15746.7  -2613.31  213.9  14316
404  128  2025-06-09 22-10-54  1878.4  15755.7  -2618.15  213.958  14325.6
405  128  2025-06-09 22-10-54  1880  15764.7  -2622.91  214.015  14317.6
406  128  2025-06-09 22-10-54  1881.6  15773.7  -2627.78  214.073  14327.3
407  128  2025-06-09 22-10-54  1883.2  15782.7  -2632.57  214.13  14319.3
408  128  2025-06-09 22-10-54  1884.8  15791.7  -2637.45  214.188  14328.9
409  128  2025-06-09 22-10-54  1886.4  15800.7  -2642.26  214.245  14320.9
410  128  2025-06-09 22-10-54  1888  15809.8  -2646.99  214.303  14312.9
411  128  2025-06-09 22-10-54  1889.6  15818.8  -2651.82  214.361  14322.5
412  128  2025-06-09 22-10-54  1891.2  15827.9  -2656.58  214.418  14314.4
413  128  2025-06-09 22-10-54  1892.8  15836.9  -2661.43  214.476  14324
414  128  2025-06-09 22-10-54  1894.4  15846  -2666.2  214.533  14316
415  128  2025-06-09 22-10-54  1896  15855  -2671.07  214.591  14325.6
416  128  2025-06-09 22-10-54  1897.6  15864.1  -2675.87  214.648  14317.6
417  128  2025-06-09 22-10-54  1899.2  15873.1  -2680.76  214.706  14327.3
418  128  2025-06-09 22-10-54  1900.8  15882.2  -2685.58  214.763  14319.3
419  128  2025-06-09 22-10-54  1902.4  15891.3  -2690.32  214.821  14311.2
420  128  2025-06-09 22-10-54  1904  15900.4  -2695.16  214.879  14320.8
421  128  2025-06-09 22-10-54  1905.6  15909.5  -2699.92  214.936  14312.7
422  128  2025-06-09 22-10-54  1907.2  15918.6  -2704.77  214.994  14322.3
423  128  2025-06-09 22-10-54  1908.8  15927.7  -2709.55  215.051  14314.2
424  128  2025-06-09 22-10-54  1910.4  15936.8  -2714.43  215.109  14323.9
425  128  2025-06-09 22-10-54  1912  15946  -2719.24  215.166  14315.8
426  128  2025-06-09 22-10-54  1913.6  15955  -2724.14  215.224  14325.5
427  128  2025-06-09 22-10-54  1915.2  15964.2  -2728.96  215.281  14317.4
428  128  2025-06-09 22-10-54  1916.8  15973.4  -2733.7  215.339  14309.3
429  128  2025-06-09 22-10-54  1918.4  15982.5  -2738.55  215.397  14318.9
430  128  2025-06-09 22-10-54  1920  15991.7  -2743.31  215.454  14310.8
431  128  2025-06-09 22-10-54  1921.6  16000.8  -2748.18  215.512  14320.4
432  128  2025-06-09 22-10-54  1923.2  16010  -2752.96  215.569  14312.3
433  128  2025-06-09 22-10-54  1924.8  16019.1  -2757.85  215.627  14322
434  128  2025-06-09 22-10-54  1926.4  16028.3  -2762.65  215.684  14313.9
435  128  2025-06-09 22-10-54  1928  16037.5  -2767.56  215.742  14323.5
436  128  2025-06-09 22-10-54  1929.6  16046.7  -2772.39  215.799  14315.5
437  128  2025-06-09 22-10-54  1931.2  16055.9  -2777.14  215.857  14307.3
438  128  2025-06-09 22-10-54  1932.8  16065.1  -2781.98  215.915  14316.9
439  128  2025-06-09 22-10-54  1934.4  16074.3  -2786.75  215.972  14308.8
440  128  2025-06-09 22-10-54  1936  16083.5  -2791.62  216.03  14318.4
441  128  2025-06-09 22-10-54  1937.6  16092.8  -2796.41  216.087  14310.3
442  128  2025-06-09 22-10-54  1939.2  16102  -2801.3  216.145  14319.9
443  128  2025-06-09 22-10-54  1940.8  16111.2  -2806.11  216.202  14311.8
444  128  2025-06-09 22-10-54  1942.4  16120.4  -2811.01  216.26  14321.4
445  128  2025-06-09 22-10-54  1944  16129.6  -2815.85  216.317  14313.4
446  128  2025-06-09 22-10-54  1945.6  16138.9  -2820.6  216.375  14305.2
447  128  2025-06-09 22-10-54  1947.2  16148.2  -2825.45  216.433  14314.8
448  128  2025-06-09 22-10-54  1948.8  16157.5  -2830.22  216.49  14306.6
449  128  2025-06-09 22-10-54  1950.4  16166.7  -14035.1  216.548  14316.2
450  128  2025-06-09 22-10-54  1952  16176  -14039.9  216.605  14308.1
451  128  2025-06-09 22-10-54  1953.6  16185.3  -14044.8  216.663  14317.7
452  128  2025-06-09 22-10-54  1955.2  16194.6  -14049.6  216.72  14309.6
453  128  2025-06-09 22-10-54  1956.8  16203.8  -14054.5  216.778  14319.2
454  128  2025-06-09 22-10-54  1958.4  16213.1  -14059.3  216.835  14311.1
455  128  2025-06-09 22-10-54  1960  16222.5  -14064.1  216.893  14302.9
456  128  2025-06-09 22-10-54  1961.6  16231.8  -14068.9  216.951  14312.5
457  128  2025-06-09 22-10-54  1963.2  16241.2  -14073.7  217.008  14304.3
458  128  2025-06-09 22-10-54  1964.8  16250.5  -14078.6  217.066  14313.9
459  128  2025-06-09 22-10-54  1966.4  16259.8  -14083.4  217.123  14305.8
460  128  2025-06-09 22-10-54  1968  16269.1  -14088.2  217.181  14315.3
461  128  2025-06-09 22-10-54  1969.6  16278.5  -14093.1  217.238  14307.2
462  128  2025-06-09 22-10-54  1971.2  16287.8  -14098  217.296  14316.8
463  128  2025-06-09 22-10-54  1972.8  16297.2  -14102.8  217.353  14308.7
464  128  2025-06-09 22-10-54  1974.4  16306.6  -14107.5  217.411  14300.5
465  128  2025-06-09 22-10-54  1976  16315.9  -14112.4  217.469  14310
466  128  2025-06-09 22-10-54  1977.6  16325.4  -14117.2  217.526  14301.9
467  128  2025-06-09 22-10-54  1979.2  16334.7  -14122  217.584  14311.4
468  128  2025-06-09 22-10-54  1980.8  16344.1  -14126.8  217.641  14303.3
469  128  2025-06-09 22-10-54  1982.4  16353.5  -14131.7  217.699  14312.8
470  128  2025-06-09 22-10-54  1984  16362.9  -14136.5  217.756  14304.7
471  128  2025-06-09 22-10-54  1985.6  16372.3  -14141.4  217.814  14314.3
472  128  2025-06-09 22-10-54  1987.2  16381.7  -14146.3  217.871  14306.2
473  128  2025-06-09 22-10-54  1988.8  16391.1  -14151.2  217.929  14315.7
474  128  2025-06-09 22-10-54  1990.4  16400.5  -14156  217.987  14307.6
475  128  2025-06-09 22-10-54  1992  16410  -14160.8  218.044  14299.5
476  128  2025-06-09 22-10-54  1993.6  16419.4  -14165.7  218.102  14309
477  128  2025-06-09 22-10-54  1995.2  16428.9  -14170.5  218.159  14300.8
478  128  2025-06-09 22-10-54  1996.8  16438.3  -14175.4  218.217  14310.4
479  128  2025-06-09 22-10-54  1998.4  16447.8  -14180.2  218.274  14302.2
480  128  2025-06-09 22-10-54  2000  16457.2  -14185.1  218.332  14311.8
481  128  2025-06-09 22-10-54  2001.6  16466.7  -14189.9  218.389  14303.6
482  128  2025-06-09 22-10-54  2003.2  16476.2  -14194.8  218.447  14313.2
483  128  2025-06-09 22-10-54  2004.8  16485.6  -14199.7  218.505  14305.1
484  128  2025-06-09 22-10-54  2006.4  16495.2  -14204.4  218.562  14296.9
485  128  2025-06-09 22-10-54  2008  16504.7  -14209.3  218.62  14306.4
486  128  2025-06-09 22-10-54  2009.6  16514.2  -14214.1  218.677  14298.2
487  128  2025-06-09 22-10-54  2011.2  16523.7  -14219  218.735  14307.8
488  128  2025-06-09 22-10-54  2012.8  16533.2  -14223.8  218.792  14299.6
489  128  2025-06-09 22-10-54  2014.4  16542.7  -14228.7  218.85  14309.1
490  128  2025-06-09 22-10-54  2016  16552.3  -14233.5  218.908  14301
491  128  2025-06-09 22-10-54  2017.6  16561.8  -14238.4  218.965  14310.5
492  128  2025-06-09 22-10-54  2019.2  16571.3  -14243.3  219.023  14302.4
493  128  2025-06-09 22-10-54  2020.8  16580.9  -14248  219.08  14294.2
494  128  2025-06-09 22-10-54  2022.4  16590.4  -14252.9  219.138  14303.7
495  128  2025-06-09 22-10-54  2024  16600  -14257.7  219.195  14295.5
496  128  2025-06-09 22-10-54  2025.6  16609.6  -14262.5  219.253  14305
497  128  2025-06-09 22-10-54  2027.2  16619.2  -14267.3  219.31  14296.8
498  128  2025-06-09 22-10-54  2028.8  16628.7  -14272.2  219.368  14306.4
499  128  2025-06-09 22-10-54  2030.4  16638.3  -14277  219.426  14298.2
500  128  2025-06-09 22-10-54  2032  16647.9  -14282  219.483  14307.7
501  128  2025-06-09 22-10-54  2033.6  16657.5  -14286.8  219.541  14299.6
502  128  2025-06-09 22-10-54  2035.2  16667.2  -14291.6  219.598  14291.4
503  128  2025-06-09 22-10-54  2036.8  16676.8  -14296.4  219.656  14300.8
504  128  2025-06-09 22-10-54  2038.4  16686.4  -14301.2  219.713  14292.6
505  128  2025-06-09 22-10-54  2040  16696  -14306.1  219.771  14302.1
506  128  2025-06-09 22-10-54  2041.6  16705.7  -14310.8  219.828  14293.9
507  128  2025-06-09 22-10-54  2043.2  16715.3  -14315.7  219.886  14303.4
508  128  2025-06-09 22-10-54  2044.8  16725  -14320.5  219.944  14295.2
509  128  2025-06-09 22-10-54  2046.4  16734.6  -14325.5  220.001  14304.8
510  128  2025-06-09 22-10-54  2048  16744.3  -14330.3  220.059  14296.6
511  128  2025-06-09 22-10-54  2049.6  16753.9  -14335.2  220.116  14306.1
512  128  2025-06-09 22-10-54  2051.2  16763.6  -14340.1  220.174  14298
513  128  2025-06-09 22-10-54  2052.8  16773.3  -14344.8  220.231  14289.8
514  128  2025-06-09 22-10-54  2054.4  16783  -14349.7  220.289  14299.2
515  128  2025-06-09 22-10-54  2056  16792.7  -14354.5  220.346  14291
516  128  2025-06-09 22-10-54  2057.6  16802.4  -14359.4  220.404  14300.5
517  128  2025-06-09 22-10-54  2059.2  16812.1  -14364.2  220.462  14292.3
518  128  2025-06-09 22-10-54  2060.8  16821.8  -14369.1  220.519  14301.8
519  128  2025-06-09 22-10-54  2062.4  16831.5  -14373.9  220.577  14293.7
520  128  2025-06-09 22-10-54  2064  16841.2  -14378.8  220.634  14303.2
521  128  2025-06-09 22-10-54  2065.6  16850.9  -14383.6  220.692  14295
522  128  2025-06-09 22-10-54  2067.2  16860.6  -14388.6  220.749  14304.6
523  128  2025-06-09 22-10-54  2068.8  16870.3  -14393.4  220.807  14296.4
524  128  2025-06-09 22-10-54  2070.4  16880.1  -14398.2  220.864  14288.2
525  128  2025-06-09 22-10-54  2072  16889.8  -14403.1  220.922  14297.7
526  128  2025-06-09 22-10-54  2073.6  16899.6  -14407.9  220.98  14289.5
527  128  2025-06-09 22-10-54  2075.2  16909.4  -14412.8  221.037  14298.9
528  128  2025-06-09 22-10-54  2076.8  16919.2  -14417.6  221.095  14290.8
529  128  2025-06-09 22-10-54  2078.4  16928.9  -14422.5  221.152  14300.3
530  128  2025-06-09 22-10-54  2080  16938.7  -14427.3  221.21  14292.1
531  128  2025-06-09 22-10-54  2081.6  16948.5  -14432.3  221.267  14301.6
532  128  2025-06-09 22-10-54  2083.2  16958.2  -14437.3  221.325  14311.2
533  128  2025-06-09 22-10-54  2084.8  16967.8  -14442.5  221.382  14320.9
534  128  2025-06-09 22-10-54  2086.4  16977.5  -14447.6  221.44  14321
535  128  2025-06-09 22-10-54  2088  16987.1  -14452.8  221.498  14321.2
536  128  2025-06-09 22-10-54  2089.6  16996.8  -14457.9  221.555  14321.3
537  128  2025-06-09 22-10-54  2091.2  17006.5  -14463.1  221.613  14321.4
538  128  2025-06-09 22-10-54  2092.8  17016.1  -14468.2  221.67  14321.5
539  128  2025-06-09 22-10-54  2094.4  17025.8  -14473.4  221.728  14321.6
540  128  2025-06-09 22-10-54  2096  17035.5  -14478.6  221.785  14321.7
541  128  2025-06-09 22-10-54  2097.6  17045.2  -14483.8  221.843  14321.8
542  128  2025-06-09 22-10-54  2099.2  17054.8  -14489  221.9  14330
543  128  2025-06-09 22-10-54  2100.8  17064.4  -14494.4  221.958  14338.3
544  128  2025-06-09 22-10-54  2102.4  17074  -14499.8  222.016  14346.6
545  128  2025-06-09 22-10-54  2104  17083.5  -14505.4  222.073  14355.1
546  128  2025-06-09 22-10-54  2105.6  17093  -14511  222.131  14363.6
547  128  2025-06-09 22-10-54  2107.2  17102.4  -14516.7  222.188  14372.2
548  128  2025-06-09 22-10-54  2108.8  17111.8  -14522.5  222.246  14380.8
549  128  2025-06-09 22-10-54  2110.4  17121.1  -14528.4  222.303  14389.6
550  128  2025-06-09 22-10-54  2112  17130.4  -14534.4  222.361  14398.4
551  128  2025-06-09 22-10-54  2113.6  17139.6  -14540.5  222.418  14407.3
552  128  2025-06-09 22-10-54  2115.2  17148.7  -14546.7  222.476  14416.3
553  128  2025-06-09 22-10-54  2116.8  17157.8  -14553  222.534  14425.4
554  128  2025-06-09 22-10-54  2118.4  17166.9  -14559.3  222.591  14434.6
555  128  2025-06-09 22-10-54  2120  17175.9  -14565.8  222.649  14443.8
556  128  2025-06-09 22-10-54  2121.6  17184.8  -14572.3  222.706  14453.1
557  128  2025-06-09 22-10-54  2123.2  17193.6  -14579  222.764  14462.5
558  128  2025-06-09 22-10-54  2124.8  17202.5  -14585.6  222.677  14462.3
559  128  2025-06-09 22-10-54  2126.4  17211.3  -14592.3  222.591  14462
560  128  2025-06-09 22-10-54  2128  17220.2  -14598.9  222.505  14461.8
561  128  2025-06-09 22-10-54  2129.6  17229  -14605.5  222.418  14461.5
562  128  2025-06-09 22-10-54  2131.2  17237.8  -14612.1  222.332  14461.2
563  128  2025-06-09 22-10-54  2132.8  17246.7  -14618.8  222.246  14460.9
564  128  2025-06-09 22-10-54  2134.4  17255.5  -14625.3  222.159  14460.6
565  128  2025-06-09 22-10-54  2136  17264.3  -14631.9  222.217  14460.3
566  128  2025-06-09 22-10-54  2137.6  17273.1  -14638.5  222.275  14459.9
567  128  2025-06-09 22-10-54  2139.2  17281.9  -14645.2  222.332  14467.6
568  128  2025-06-09 22-10-54  2140.8  17290.8  -14651.8  222.39  14460.8
569  128  2025-06-09 22-10-54  2142.4  17299.7  -14658.4  222.447  14454
570  128  2025-06-09 22-10-54  2144  17308.6  -14664.9  222.505  14447.1
571  128  2025-06-09 22-10-54  2145.6  17317.6  -14671.3  222.562  14440.1
572  128  2025-06-09 22-10-54  2147.2  17326.7  -14677.6  222.62  14433
573  128  2025-06-09 22-10-54  2148.8  17335.8  -14683.9  222.677  14425.8
574  128  2025-06-09 22-10-54  2150.4  17344.9  -14690.1  222.735  14418.6
575  128  2025-06-09 22-10-54  2152  17354.2  -14696.3  222.793  14411.2
576  128  2025-06-09 22-10-54  2153.6  17363.4  -14702.4  222.85  14403.8
577  128  2025-06-09 22-10-54  2155.2  17372.8  -14708.4  222.908  14396.3
578  128  2025-06-09 22-10-54  2156.8  17382.1  -14714.3  222.965  14388.8
579  128  2025-06-09 22-10-54  2158.4  17391.6  -14720.2  223.023  14381.1
580  128  2025-06-09 22-10-54  2160  17401.1  -14725.9  223.08  14373.4
581  128  2025-06-09 22-10-54  2161.6  17410.6  -14731.6  223.138  14365.6
582  128  2025-06-09 22-10-54  2163.2  17420.2  -14737.3  223.195  14357.7
583  128  2025-06-09 22-10-54  2164.8  17429.8  -14742.8  223.253  14349.7
584  128  2025-06-09 22-10-54  2166.4  17439.5  -14748.2  223.311  14341.7
585  128  2025-06-09 22-10-54  2168  17449.3  -14753.6  223.368  14333.6
586  128  2025-06-09 22-10-54  2169.6  17459.1  -14758.9  223.426  14325.3
587  128  2025-06-09 22-10-54  2171.2  17469  -14764.1  223.483  14317.1
588  128  2025-06-09 22-10-54  2172.8  17478.9  -14769.2  223.541  14308.7
589  128  2025-06-09 22-10-54  2174.4  17488.8  -14774.3  223.598  14300.2
590  128  2025-06-09 22-10-54  2176  17498.9  -14779.2  223.656  14291.7
591  128  2025-06-09 22-10-54  2177.6  17508.9  -14784  223.713  14283.1
592  128  2025-06-09 22-10-54  2179.2  17519  -14788.8  223.771  14274.4
593  128  2025-06-09 22-10-54  2180.8  17529.1  -14793.6  223.829  14283.4
594  128  2025-06-09 22-10-54  2182.4  17539.2  -14798.4  223.886  14274.8
595  128  2025-06-09 22-10-54  2184  17549.3  -14803.3  223.944  14283.8
596  128  2025-06-09 22-10-54  2185.6  17559.5  -14808  224.001  14275.1
597  128  2025-06-09 22-10-54  2187.2  17569.6  -14812.9  224.059  14284.2
598  128  2025-06-09 22-10-54  2188.8  17579.7  -14817.7  224.116  14275.5
599  128  2025-06-09 22-10-54  2190.4  17589.8  -14822.5  224.174  14284.6
600  128  2025-06-09 22-10-54  2192  17599.9  -14827.3  224.231  14276
601  128  2025-06-09 22-10-54  2193.6  17610.1  -14832  224.289  14267.2
602  128  2025-06-09 22-10-54  2195.2  17620.3  -14836.8  224.347  14276.2
603  128  2025-06-09 22-10-54  2196.8  17630.5  -14841.5  224.404  14267.6
604  128  2025-06-09 22-10-54  2198.4  17640.7  -14846.3  224.462  14276.6
605  128  2025-06-09 22-10-54  2200  17650.9  -14851  224.519  14267.9
606  128  2025-06-09 22-10-54  2201.6  17661.1  -14855.8  224.577  14276.9
607  128  2025-06-09 22-10-54  2203.2  17671.3  -14860.6  224.634  14268.3
608  128  2025-06-09 22-10-54  2204.8  17681.5  -14865.4  224.692  14277.3
609  128  2025-06-09 22-10-54  2206.4  17691.7  -14870.1  224.749  14268.7
610  128  2025-06-09 22-10-54  2208  17701.9  -14874.9  224.807  14277.7
611  128  2025-06-09 22-10-54  2209.6  17712.2  -14879.7  224.865  14269.1
612  128  2025-06-09 22-10-54  2211.2  17722.4  -14884.5  224.922  14278.2
613  128  2025-06-09 22-10-54  2212.8  17732.6  -14889.3  224.98  14269.6
614  128  2025-06-09 22-10-54  2214.4  17742.8  -14894.1  225.037  14278.6
615  128  2025-06-09 22-10-54  2216  17753.1  -14898.9  225.095  14270
616  128  2025-06-09 22-10-54  2217.6  17763.3  -14903.7  225.152  14279.2
617  128  2025-06-09 22-10-54  2219.2  17773.6  -14908.5  225.21  14270.6
618  128  2025-06-09 22-10-54  2220.8  17783.8  -14913.4  225.267  14279.7
619  128  2025-06-09 22-10-54  2222.4  17794.1  -14918.2  225.325  14271.1
620  128  2025-06-09 22-10-54  2224  17804.3  -14923  225.383  14280.3
621  128  2025-06-09 22-10-54  2225.6  17814.6  -14927.8  225.44  14271.7
622  128  2025-06-09 22-10-54  2227.2  17824.9  -14932.5  225.498  14263.1
623  128  2025-06-09 22-10-54  2228.8  17835.2  -14937.3  225.555  14272.2
624  128  2025-06-09 22-10-54  2230.4  17845.6  -14942  225.613  14263.6
625  128  2025-06-09 22-10-54  2232  17855.9  -14946.9  225.67  14272.7
626  128  2025-06-09 22-10-54  2233.6  17866.2  -14951.6  225.728  14264.1
627  128  2025-06-09 22-10-54  2235.2  17876.5  -14956.4  225.785  14273.2
628  128  2025-06-09 22-10-54  2236.8  17886.9  -14961.1  225.843  14264.6
629  128  2025-06-09 22-10-54  2238.4  17897.2  -14966  225.901  14273.7
630  128  2025-06-09 22-10-54  2240  17907.5  -14970.7  225.958  14265.2
631  128  2025-06-09 22-10-54  2241.6  17917.9  -14975.5  226.016  14274.3
632  128  2025-06-09 22-10-54  2243.2  17928.2  -14980.3  226.073  14265.7
633  128  2025-06-09 22-10-54  2244.8  17938.6  -14985.1  226.131  14274.9
634  128  2025-06-09 22-10-54  2246.4  17948.9  -14989.9  226.188  14266.4
635  128  2025-06-09 22-10-54  2248  17959.3  -14994.8  226.246  14275.5
636  128  2025-06-09 22-10-54  2249.6  17969.7  -14999.5  226.303  14267
637  128  2025-06-09 22-10-54  2251.2  17980  -15004.4  226.361  14276.2
638  128  2025-06-09 22-10-54  2252.8  17990.4  -15009.2  226.419  14267.7
639  128  2025-06-09 22-10-54  2254.4  18000.8  -15013.9  226.476  14259.1
640  128  2025-06-09 22-10-54  2256  18011.2  -15018.7  226.534  14268.3
641  128  2025-06-09 22-10-54  2257.6  18021.7  -15023.4  226.591  14259.7
642  128  2025-06-09 22-10-54  2259.2  18032.1  -15028.2  226.649  14268.8
643  128  2025-06-09 22-10-54  2260.8  18042.6  -15032.9  226.706  14260.3
644  128  2025-06-09 22-10-54  2262.4  18053  -15037.8  226.764  14269.4
645  128  2025-06-09 22-10-54  2264  18063.4  -15042.5  226.821  14260.9
646  128  2025-06-09 22-10-54  2265.6  18073.9  -15047.3  226.879  14270.1
647  128  2025-06-09 22-10-54  2267.2  18084.3  -15052.1  226.937  14261.6
648  128  2025-06-09 22-10-54  2268.8  18094.8  -15056.9  226.994  14270.8
649  128  2025-06-09 22-10-54  2270.4  18105.2  -15061.6  227.052  14262.3
650  128  2025-06-09 22-10-54  2272  18115.7  -15066.5  227.109  14271.5
651  128  2025-06-09 22-10-54  2273.6  18126.2  -15071.3  227.167  14263
652  128  2025-06-09 22-10-54  2275.2  18136.6  -15076.1  227.224  14272.2
653  128  2025-06-09 22-10-54  2276.8  18147.1  -15080.9  227.282  14263.7
654  128  2025-06-09 22-10-54  2278.4  18157.5  -15085.8  227.339  14273
655  128  2025-06-09 22-10-54  2280  18168  -15090.6  227.397  14264.5
656  128  2025-06-09 22-10-54  2281.6  18178.6  -15095.3  227.455  14256
657  128  2025-06-09 22-10-54  2283.2  18189.1  -15100.1  227.512  14265.2
658  128  2025-06-09 22-10-54  2284.8  18199.6  -15104.8  227.57  14256.6
659  128  2025-06-09 22-10-54  2286.4  18210.2  -15109.6  227.627  14265.8
660  128  2025-06-09 22-10-54  2288  18220.7  -15114.3  227.685  14257.3
661  128  2025-06-09 22-10-54  2289.6  18231.2  -15119.2  227.742  14266.5
662  128  2025-06-09 22-10-54  2291.2  18241.8  -15123.9  227.8  14258
663  128  2025-06-09 22-10-54  2292.8  18252.3  -15128.7  227.857  14267.3
664  128  2025-06-09 22-10-54  2294.4  18262.9  -15133.5  227.915  14258.8
665  128  2025-06-09 22-10-54  2296  18273.4  -15138.3  227.973  14268
666  128  2025-06-09 22-10-54  2297.6  18284  -15143.1  228.03  14259.6
667  128  2025-06-09 22-10-54  2299.2  18294.6  -15148  228.088  14268.8
668  128  2025-06-09 22-10-54  2300.8  18305.1  -15152.8  228.145  14260.4
669  128  2025-06-09 22-10-54  2302.4  18315.7  -15157.6  228.203  14269.7
670  128  2025-06-09 22-10-54  2304  18326.3  -15162.4  228.26  14261.2
671  128  2025-06-09 22-10-54  2305.6  18336.9  -15167.1  228.318  14252.8
672  128  2025-06-09 22-10-54  2307.2  18347.5  -15171.9  228.375  14262
673  128  2025-06-09 22-10-54  2308.8  18358.2  -15176.6  228.433  14253.5
674  128  2025-06-09 22-10-54  2310.4  18368.8  -15181.4  228.491  14262.7
675  128  2025-06-09 22-10-54  2312  18379.4  -15186.2  228.548  14254.2
676  128  2025-06-09 22-10-54  2313.6  18390.1  -15191  228.606  14263.5
677  128  2025-06-09 22-10-54  2315.2  18400.7  -15195.7  228.663  14255
678  128  2025-06-09 22-10-54  2316.8  18411.3  -15200.6  228.721  14264.3
679  128  2025-06-09 22-10-54  2318.4  18422  -15205.3  228.778  14255.8
680  128  2025-06-09 22-10-54  2320  18432.6  -15210.2  228.836  14265.1
681  128  2025-06-09 22-10-54  2321.6  18443.3  -15214.9  228.893  14256.7
682  128  2025-06-09 22-10-54  2323.2  18453.9  -15219.8  228.951  14266
683  128  2025-06-09 22-10-54  2324.8  18464.6  -15224.6  229.009  14257.6
684  128  2025-06-09 22-10-54  2326.4  18475.3  -15229.5  229.066  14266.8
685  128  2025-06-09 22-10-54  2328  18485.9  -15234.3  229.124  14258.5
686  128  2025-06-09 22-10-54  2329.6  18496.7  -15239  229.181  14250
687  128  2025-06-09 22-10-54  2331.2  18507.4  -15243.8  229.239  14259.2
688  128  2025-06-09 22-10-54  2332.8  18518.1  -15248.5  229.296  14250.8
689  128  2025-06-09 22-10-54  2334.4  18528.8  -15253.3  229.354  14260
690  128  2025-06-09 22-10-54  2336  18539.6  -15258  229.411  14251.6
691  128  2025-06-09 22-10-54  2337.6  18550.3  -15262.9  229.469  14260.9
692  128  2025-06-09 22-10-54  2339.2  18561  -15267.6  229.527  14252.4
693  128  2025-06-09 22-10-54  2340.8  18571.7  -15272.4  229.584  14261.7
694  128  2025-06-09 22-10-54  2342.4  18582.5  -15277.2  229.642  14253.3
695  128  2025-06-09 22-10-54  2344  18593.2  -15282.1  229.699  14262.6
696  128  2025-06-09 22-10-54  2345.6  18604  -15286.8  229.757  14254.2
697  128  2025-06-09 22-10-54  2347.2  18614.7  -15291.7  229.814  14263.6
698  128  2025-06-09 22-10-54  2348.8  18625.5  -15296.5  229.872  14255.2
699  128  2025-06-09 22-10-54  2350.4  18636.3  -15301.2  229.93  14246.7
700  128  2025-06-09 22-10-54  2352  18647.1  -15306  229.987  14256
701  128  2025-06-09 22-10-54  2353.6  18657.9  -15310.7  230.045  14247.6
702  128  2025-06-09 22-10-54  2355.2  18668.7  -15315.5  230.102  14256.8
703  128  2025-06-09 22-10-54  2356.8  18679.5  -15320.2  230.16  14248.4
704  128  2025-06-09 22-10-54  2358.4  18690.3  -15325  230.217  14257.7
705  128  2025-06-09 22-10-54  2360  18701.2  -15329.8  230.275  14249.3
706  128  2025-06-09 22-10-54  2361.6  18711.9  -15334.6  230.332  14258.6
707  128  2025-06-09 22-10-54  2363.2  18722.8  -15339.4  230.39  14250.2
708  128  2025-06-09 22-10-54  2364.8  18733.6  -15344.2  230.448  14259.5
709  128  2025-06-09 22-10-54  2366.4  18744.4  -15349  230.505  14251.1
710  128  2025-06-09 22-10-54  2368  18755.3  -15353.9  230.563  14260.5
711  128  2025-06-09 22-10-54  2369.6  18766.1  -15358.6  230.62  14252.1
712  128  2025-06-09 22-10-54  2371.2  18777  -15363.3  230.678  14243.7
713  128  2025-06-09 22-10-54  2372.8  18787.9  -15368.1  230.735  14252.9
714  128  2025-06-09 22-10-54  2374.4  18798.8  -15372.8  230.793  14244.5
715  128  2025-06-09 22-10-54  2376  18809.7  -15377.6  230.85  14253.8
716  128  2025-06-09 22-10-54  2377.6  18820.6  -15382.3  230.908  14245.4
717  128  2025-06-09 22-10-54  2379.2  18831.5  -15387.2  230.966  14254.7
718  128  2025-06-09 22-10-54  2380.8  18842.4  -15391.9  231.023  14246.3
719  128  2025-06-09 22-10-54  2382.4  18853.3  -15396.7  231.081  14255.6
720  128  2025-06-09 22-10-54  2384  18864.2  -15401.5  231.138  14247.3
721  128  2025-06-09 22-10-54  2385.6  18875.1  -15406.3  231.196  14256.6
722  128  2025-06-09 22-10-54  2387.2  18886  -15411.1  231.253  14248.2
723  128  2025-06-09 22-10-54  2388.8  18896.9  -15415.9  231.311  14257.6
724  128  2025-06-09 22-10-54  2390.4  18907.8  -15420.7  231.368  14249.2
725  128  2025-06-09 22-10-54  2392  18918.8  -15425.4  231.426  14240.8
726  128  2025-06-09 22-10-54  2393.6  18929.8  -15430.2  231.484  14250.1
727  128  2025-06-09 22-10-54  2395.2  18940.8  -15434.9  231.541  14241.7
728  128  2025-06-09 22-10-54  2396.8  18951.7  -15439.7  231.599  14251
729  128  2025-06-09 22-10-54  2398.4  18962.7  -15444.4  231.656  14242.6
730  128  2025-06-09 22-10-54  2400  18973.7  -15449.2  231.714  14251.9
731  128  2025-06-09 22-10-54  2401.6  18984.7  -15453.9  231.771  14243.6
732  128  2025-06-09 22-10-54  2403.2  18995.7  -15458.8  231.829  14252.9
733  128  2025-06-09 22-10-54  2404.8  19006.7  -15463.5  231.886  14244.5
734  128  2025-06-09 22-10-54  2406.4  19017.6  -15468.4  231.944  14253.9
735  128  2025-06-09 22-10-54  2408  19028.7  -15473.1  232.002  14245.6
736  128  2025-06-09 22-10-54  2409.6  19039.6  -15478  232.059  14254.9
737  128  2025-06-09 22-10-54  2411.2  19050.6  -15482.8  232.117  14246.6
738  128  2025-06-09 22-10-54  2412.8  19061.7  -15487.4  232.174  14238.2
739  128  2025-06-09 22-10-54  2414.4  19072.7  -15492.2  232.232  14247.5
740  128  2025-06-09 22-10-54  2416  19083.8  -15496.9  232.289  14239.1
741  128  2025-06-09 22-10-54  2417.6  19094.9  -15501.7  232.347  14248.4
742  128  2025-06-09 22-10-54  2419.2  19105.9  -15506.4  232.404  14240
743  128  2025-06-09 22-10-54  2420.8  19117  -15511.2  232.462  14249.4
744  128  2025-06-09 22-10-54  2422.4  19128.1  -15516  232.52  14241
745  128  2025-06-09 22-10-54  2424  19139.1  -15520.8  232.577  14250.4
746  128  2025-06-09 22-10-54  2425.6  19150.2  -15525.5  232.635  14242
747  128  2025-06-09 22-10-54  2427.2  19161.3  -15530.4  232.692  14251.4
748  128  2025-06-09 22-10-54  2428.8  19172.4  -15535.1  232.75  14243.1
749  128  2025-06-09 22-10-54  2430.4  19183.4  -15540  232.807  14252.4
750  128  2025-06-09 22-10-54  2432  19194.5  -15544.8  232.865  14244.1
751  128  2025-06-09 22-10-54  2433.6  19205.7  -15549.5  232.922  14235.8
752  128  2025-06-09 22-10-54  2435.2  19216.8  -15554.3  232.98  14245.1
753  128  2025-06-09 22-10-54  2436.8  19227.9  -15558.9  233.038  14236.7
754  128  2025-06-09 22-10-54  2438.4  19239.1  -15563.7  233.095  14246
755  128  2025-06-09 22-10-54  2440  19250.2  -15568.5  233.153  14237.7
756  128  2025-06-09 22-10-54  2441.6  19261.3  -15573.3  233.21  14247
757  128  2025-06-09 22-10-54  2443.2  19272.5  -15578  233.268  14238.7
758  128  2025-06-09 22-10-54  2444.8  19283.6  -15582.8  233.325  14248
759  128  2025-06-09 22-10-54  2446.4  19294.8  -15587.6  233.383  14239.7
760  128  2025-06-09 22-10-54  2448  19305.9  -15592.4  233.44  14249.1
761  128  2025-06-09 22-10-54  2449.6  19317.1  -15597.2  233.498  14240.8
762  128  2025-06-09 22-10-54  2451.2  19328.3  -15602.1  233.556  14250.2
763  128  2025-06-09 22-10-54  2452.8  19339.4  -15606.8  233.613  14241.9
764  128  2025-06-09 22-10-54  2454.4  19350.7  -15611.5  233.671  14233.5
765  128  2025-06-09 22-10-54  2456  19361.9  -15616.3  233.728  14242.9
766  128  2025-06-09 22-10-54  2457.6  19373.1  -15621  233.786  14234.5
767  128  2025-06-09 22-10-54  2459.2  19384.3  -15625.8  233.843  14243.9
768  128  2025-06-09 22-10-54  2460.8  19395.5  -15630.5  233.901  14235.5
769  128  2025-06-09 22-10-54  2462.4  19406.7  -15635.3  233.958  14244.9
770  128  2025-06-09 22-10-54  2464  19418  -15640.1  234.016  14236.6
771  128  2025-06-09 22-10-54  2465.6  19429.2  -15644.9  234.074  14245.9
772  128  2025-06-09 22-10-54  2467.2  19440.5  -15649.6  234.131  14237.6
773  128  2025-06-09 22-10-54  2468.8  19451.7  -15654.5  234.189  14247
774  128  2025-06-09 22-10-54  2470.4  19462.9  -15659.3  234.246  14238.7
775  128  2025-06-09 22-10-54  2472  19474.2  -15663.9  234.304  14230.4
776  128  2025-06-09 22-10-54  2473.6  19485.5  -15668.7  234.361  14239.7
777  128  2025-06-09 22-10-54  2475.2  19496.8  -15673.4  234.419  14231.3
778  128  2025-06-09 22-10-54  2476.8  19508.1  -15678.2  234.476  14240.7
779  128  2025-06-09 22-10-54  2478.4  19519.4  -15682.9  234.534  14232.4
780  128  2025-06-09 22-10-54  2480  19530.7  -15687.7  234.592  14241.7
781  128  2025-06-09 22-10-54  2481.6  19542  -15692.4  234.649  14233.4
782  128  2025-06-09 22-10-54  2483.2  19553.3  -15697.2  234.707  14242.8
783  128  2025-06-09 22-10-54  2484.8  19564.6  -15701.9  234.764  14234.5
784  128  2025-06-09 22-10-54  2486.4  19575.9  -15706.8  234.822  14243.9
785  128  2025-06-09 22-10-54  2488  19587.2  -15711.5  234.879  14235.6
786  128  2025-06-09 22-10-54  2489.6  19598.5  -15716.4  234.937  14245
787  128  2025-06-09 22-10-54  2491.2  19609.9  -15721.2  234.994  14236.7
788  128  2025-06-09 22-10-54  2492.8  19621.2  -15725.8  235.052  14228.4
789  128  2025-06-09 22-10-54  2494.4  19632.6  -15730.6  235.11  14237.7
790  128  2025-06-09 22-10-54  2496  19644  -15735.3  235.167  14229.4
791  128  2025-06-09 22-10-54  2497.6  19655.3  -15740.1  235.225  14238.7
792  128  2025-06-09 22-10-54  2499.2  19666.7  -15744.8  235.282  14230.4
793  128  2025-06-09 22-10-54  2500.8  19678.1  -15749.6  235.34  14239.8
794  128  2025-06-09 22-10-54  2502.4  19689.5  -15754.3  235.397  14231.5
795  128  2025-06-09 22-10-54  2504  19700.8  -15759.2  235.455  14240.9
796  128  2025-06-09 22-10-54  2505.6  19712.3  -15763.9  235.512  14232.6
797  128  2025-06-09 22-10-54  2507.2  19723.6  -15768.7  235.57  14242
798  128  2025-06-09 22-10-54  2508.8  19735  -15773.5  235.628  14233.7
799  128  2025-06-09 22-10-54  2510.4  19746.5  -15778.2  235.685  14225.4
800  128  2025-06-09 22-10-54  2512  19757.9  -15782.9  235.743  14234.7
801  128  2025-06-09 22-10-54  2513.6  19769.4  -15787.6  235.8  14226.4
802  128  2025-06-09 22-10-54  2515.2  19780.8  -15792.4  235.858  14235.7
803  128  2025-06-09 22-10-54  2516.8  19792.3  -15797.1  235.915  14227.4
804  128  2025-06-09 22-10-54  2518.4  19803.7  -15801.9  235.973  14236.8
805  128  2025-06-09 22-10-54  2520  19815.2  -15806.6  236.03  14228.5
806  128  2025-06-09 22-10-54  2521.6  19826.6  -15811.4  236.088  14237.9
807  128  2025-06-09 22-10-54  2523.2  19838.1  -15816.1  236.146  14229.6
808  128  2025-06-09 22-10-54  2524.8  19849.5  -15820.9  236.203  14239
809  128  2025-06-09 22-10-54  2526.4  19861  -15825.7  236.261  14230.7
810  128  2025-06-09 22-10-54  2528  19872.5  -15830.5  236.318  14240.1
811  128  2025-06-09 22-10-54  2529.6  19884  -15835.3  236.376  14231.9
812  128  2025-06-09 22-10-54  2531.2  19895.5  -15840  236.433  14223.6
813  128  2025-06-09 22-10-54  2532.8  19907  -15844.7  236.491  14232.9
814  128  2025-06-09 22-10-54  2534.4  19918.5  -15849.4  236.548  14224.6
815  128  2025-06-09 22-10-54  2536  19930  -15854.2  236.606  14234
816  128  2025-06-09 22-10-54  2537.6  19941.6  -15858.9  236.664  14225.7
817  128  2025-06-09 22-10-54  2539.2  19953.1  -15863.7  236.721  14235.1
818  128  2025-06-09 22-10-54  2540.8  19964.6  -15868.4  236.779  14226.8
819  128  2025-06-09 22-10-54  2542.4  19976.2  -15873.2  236.836  14236.2
820  128  2025-06-09 22-10-54  2544  19987.7  -15878  236.894  14227.9
821  128  2025-06-09 22-10-54  2545.6  19999.2  -15882.8  236.951  14237.3
822  128  2025-06-09 22-10-54  2547.2  20010.8  -15887.6  237.009  14229.1
823  128  2025-06-09 22-10-54  2548.8  20022.4  -15892.2  237.066  14220.7
824  128  2025-06-09 22-10-54  2550.4  20034  -15897  237.124  14230.1
825  128  2025-06-09 22-10-54  2552  20045.6  -15901.6  237.182  14221.8
826  128  2025-06-09 22-10-54  2553.6  20057.2  -15906.4  237.239  14231.2
827  128  2025-06-09 22-10-54  2555.2  20068.8  -15911.1  237.297  14222.8
828  128  2025-06-09 22-10-54  2556.8  20080.4  -15915.9  237.354  14232.2
829  128  2025-06-09 22-10-54  2558.4  20092  -15920.6  237.412  14224
830  128  2025-06-09 22-10-54  2560  20103.6  -15925.4  237.469  14233.4
831  128  2025-06-09 22-10-54  2561.6  20115.2  -15930.1  237.527  14225.1
832  128  2025-06-09 22-10-54  2563.2  20126.8  -15935  237.584  14234.5
833  128  2025-06-09 22-10-54  2564.8  20138.5  -15939.7  237.642  14226.3
834  128  2025-06-09 22-10-54  2566.4  20150.1  -15944.3  237.7  14217.9
835  128  2025-06-09 22-10-54  2568  20161.8  -15949.1  237.757  14227.3
836  128  2025-06-09 22-10-54  2569.6  20173.5  -15953.7  237.815  14219
837  128  2025-06-09 22-10-54  2571.2  20185.1  -15958.5  237.872  14228.3
838  128  2025-06-09 22-10-54  2572.8  20196.8  -15963.2  237.93  14220
839  128  2025-06-09 22-10-54  2574.4  20208.5  -15968  237.987  14229.4
840  128  2025-06-09 22-10-54  2576  20220.2  -15972.6  238.045  14221.1
841  128  2025-06-09 22-10-54  2577.6  20231.8  -15977.5  238.102  14230.5
842  128  2025-06-09 22-10-54  2579.2  20243.5  -15982.2  238.16  14222.3
843  128  2025-06-09 22-10-54  2580.8  20255.2  -15987  238.218  14231.7
844  128  2025-06-09 22-10-54  2582.4  20266.9  -15991.7  238.275  14223.4
845  128  2025-06-09 22-10-54  2584  20278.6  -15996.6  238.333  14232.9
846  128  2025-06-09 22-10-54  2585.6  20290.3  -16001.3  238.39  14224.6
847  128  2025-06-09 22-10-54  2587.2  20302.1  -16005.9  238.448  14216.3
848  128  2025-06-09 22-10-54  2588.8  20313.8  -16010.7  238.505  14225.7
849  128  2025-06-09 22-10-54  2590.4  20325.5  -16015.4  238.563  14217.4
850  128  2025-06-09 22-10-54  2592  20337.3  -16020.1  238.62  14226.8
851  128  2025-06-09 22-10-54  2593.6  20349  -16024.8  238.678  14218.5
852  128  2025-06-09 22-10-54  2595.2  20360.8  -16029.6  238.736  14227.9
853  128  2025-06-09 22-10-54  2596.8  20372.6  -16034.3  238.793  14219.6
854  128  2025-06-09 22-10-54  2598.4  20384.3  -16039.1  238.851  14229.1
855  128  2025-06-09 22-10-54  2600  20396.1  -16043.8  238.908  14220.8
856  128  2025-06-09 22-10-54  2601.6  20407.8  -16048.7  238.966  14230.2
857  128  2025-06-09 22-10-54  2603.2  20419.6  -16053.4  239.023  14222
858  128  2025-06-09 22-10-54  2604.8  20431.4  -16058  239.081  14213.7
859  128  2025-06-09 22-10-54  2606.4  20443.2  -16062.8  239.138  14223.1
860  128  2025-06-09 22-10-54  2608  20455.1  -16067.4  239.196  14214.8
861  128  2025-06-09 22-10-54  2609.6  20466.9  -16072.2  239.254  14224.1
862  128  2025-06-09 22-10-54  2611.2  20478.7  -16076.9  239.311  14215.9
863  128  2025-06-09 22-10-54  2612.8  20490.5  -16081.6  239.369  14225.3
864  128  2025-06-09 22-10-54  2614.4  20502.4  -16086.3  239.426  14217
865  128  2025-06-09 22-10-54  2616  20514.2  -16091.1  239.484  14226.4
866  128  2025-06-09 22-10-54  2617.6  20526  -16095.8  239.541  14218.2
867  128  2025-06-09 22-10-54  2619.2  20537.8  -16100.7  239.599  14227.6
868  128  2025-06-09 22-10-54  2620.8  20549.7  -16105.4  239.656  14219.4
869  128  2025-06-09 22-10-54  2622.4  20561.6  -16110  239.714  14211
870  128  2025-06-09 22-10-54  2624  20573.5  -16114.7  239.772  14220.4
871  128  2025-06-09 22-10-54  2625.6  20585.4  -16119.4  239.829  14212.1
872  128  2025-06-09 22-10-54  2627.2  20597.3  -16124.1  239.887  14221.5
873  128  2025-06-09 22-10-54  2628.8  20609.2  -16128.8  239.944  14213.2
874  128  2025-06-09 22-10-54  2630.4  20621  -16133.6  240.002  14222.6
875  128  2025-06-09 22-10-54  2632  20633  -16138.2  240.059  14214.4
876  128  2025-06-09 22-10-54  2633.6  20644.9  -16143  240.117  14223.8
877  128  2025-06-09 22-10-54  2635.2  20656.8  -16147.7  240.174  14215.5
878  128  2025-06-09 22-10-54  2636.8  20668.7  -16152.5  240.232  14225
879  128  2025-06-09 22-10-54  2638.4  20680.6  -16157.2  240.29  14216.7
880  128  2025-06-09 22-10-54  2640  20692.6  -16161.9  240.347  14208.4
881  128  2025-06-09 22-10-54  2641.6  20704.5  -16166.6  240.405  14217.8
882  128  2025-06-09 22-10-54  2643.2  20716.5  -16171.2  240.462  14209.5
883  128  2025-06-09 22-10-54  2644.8  20728.4  -16176  240.52  14218.9
884  128  2025-06-09 22-10-54  2646.4  20740.4  -16180.6  240.577  14210.6
885  128  2025-06-09 22-10-54  2648  20752.4  -16185.4  240.635  14220
886  128  2025-06-09 22-10-54  2649.6  20764.4  -16190  240.693  14211.7
887  128  2025-06-09 22-10-54  2651.2  20776.3  -16194.8  240.75  14221.1
888  128  2025-06-09 22-10-54  2652.8  20788.3  -16199.5  240.808  14212.9
889  128  2025-06-09 22-10-54  2654.4  20800.3  -16204.3  240.865  14222.3
890  128  2025-06-09 22-10-54  2656  20812.3  -16209  240.923  14214.1
891  128  2025-06-09 22-10-54  2657.6  20824.3  -16213.6  240.98  14205.8
892  128  2025-06-09 22-10-54  2659.2  20836.4  -16218.3  241.038  14215.1
893  128  2025-06-09 22-10-54  2660.8  20848.4  -16222.9  241.095  14206.8
894  128  2025-06-09 22-10-54  2662.4  20860.4  -16227.7  241.153  14216.2
895  128  2025-06-09 22-10-54  2664  20872.5  -16232.3  241.211  14207.9
896  128  2025-06-09 22-10-54  2665.6  20884.5  -16237  241.268  14217.3
897  128  2025-06-09 22-10-54  2667.2  20896.6  -16241.7  241.326  14209.1
898  128  2025-06-09 22-10-54  2668.8  20908.6  -16246.5  241.383  14218.5
899  128  2025-06-09 22-10-54  2670.4  20920.7  -16251.1  241.441  14210.2
900  128  2025-06-09 22-10-54  2672  20932.7  -16255.9  241.498  14219.7
901  128  2025-06-09 22-10-54  2673.6  20944.8  -16260.6  241.556  14211.4
902  128  2025-06-09 22-10-54  2675.2  20956.9  -16265.2  241.613  14203.1
903  128  2025-06-09 22-10-54  2676.8  20969  -16269.9  241.671  14212.5
904  128  2025-06-09 22-10-54  2678.4  20981.1  -16274.5  241.729  14204.2
905  128  2025-06-09 22-10-54  2680  20993.2  -16279.2  241.786  14213.6
906  128  2025-06-09 22-10-54  2681.6  21005.3  -16283.8  241.844  14205.3
907  128  2025-06-09 22-10-54  2683.2  21017.4  -16288.6  241.901  14214.7
908  128  2025-06-09 22-10-54  2684.8  21029.6  -16293.2  241.959  14206.4
909  128  2025-06-09 22-10-54  2686.4  21041.7  -16298  242.016  14215.9
910  128  2025-06-09 22-10-54  2688  21053.8  -16302.6  242.074  14207.6
911  128  2025-06-09 22-10-54  2689.6  21065.9  -16307.4  242.131  14217
912  128  2025-06-09 22-10-54  2691.2  21078.1  -16312.1  242.189  14208.8
913  128  2025-06-09 22-10-54  2692.8  21090.2  -16316.9  242.247  14218.3
914  128  2025-06-09 22-10-54  2694.4  21102.3  -16321.6  242.304  14210
915  128  2025-06-09 22-10-54  2696  21114.5  -16326.2  242.362  14201.7
916  128  2025-06-09 22-10-54  2697.6  21126.7  -16330.9  242.419  14211.1
917  128  2025-06-09 22-10-54  2699.2  21138.9  -16335.5  242.477  14202.8
918  128  2025-06-09 22-10-54  2700.8  21151.1  -16340.2  242.534  14212.2
919  128  2025-06-09 22-10-54  2702.4  21163.3  -16344.9  242.592  14204
920  128  2025-06-09 22-10-54  2704  21175.5  -16349.6  242.649  14213.4
921  128  2025-06-09 22-10-54  2705.6  21187.7  -16354.3  242.707  14205.1
922  128  2025-06-09 22-10-54  2707.2  21199.8  -16359  242.765  14214.6
923  128  2025-06-09 22-10-54  2708.8  21212.1  -16363.7  242.822  14206.3
924  128  2025-06-09 22-10-54  2710.4  21224.2  -16368.5  242.88  14215.8
925  128  2025-06-09 22-10-54  2712  21236.5  -16373.2  242.937  14207.6
926  128  2025-06-09 22-10-54  2713.6  21248.7  -16377.8  242.995  14199.3
927  128  2025-06-09 22-10-54  2715.2  21261  -16382.5  243.052  14208.7
928  128  2025-06-09 22-10-54  2716.8  21273.3  -16387.1  243.11  14200.4
929  128  2025-06-09 22-10-54  2718.4  21285.5  -16391.8  243.167  14209.8
930  128  2025-06-09 22-10-54  2720  21297.8  -16396.4  243.225  14201.5
931  128  2025-06-09 22-10-54  2721.6  21310  -16401.2  243.283  14210.9
932  128  2025-06-09 22-10-54  2723.2  21322.3  -16405.8  243.34  14202.7
933  128  2025-06-09 22-10-54  2724.8  21334.6  -16410.6  243.398  14212.1
934  128  2025-06-09 22-10-54  2726.4  21346.8  -16415.2  243.455  14203.9
935  128  2025-06-09 22-10-54  2728  21359.1  -16420  243.513  14213.3
936  128  2025-06-09 22-10-54  2729.6  21371.4  -16424.7  243.57  14205.1
937  128  2025-06-09 22-10-54  2731.2  21383.7  -16429.2  243.628  14196.8
938  128  2025-06-09 22-10-54  2732.8  21396  -16433.9  243.685  14206.2
939  128  2025-06-09 22-10-54  2734.4  21408.4  -16438.5  243.743  14197.9
940  128  2025-06-09 22-10-54  2736  21420.7  -16443.2  243.801  14207.3
941  128  2025-06-09 22-10-54  2737.6  21433.1  -16447.8  243.858  14199
942  128  2025-06-09 22-10-54  2739.2  21445.4  -16452.6  243.916  14208.5
943  128  2025-06-09 22-10-54  2740.8  21457.7  -16457.2  243.973  14200.2
944  128  2025-06-09 22-10-54  2742.4  21470  -16461.9  244.031  14209.6
945  128  2025-06-09 22-10-54  2744  21482.4  -16466.6  244.088  14201.4
946  128  2025-06-09 22-10-54  2745.6  21494.7  -16471.4  244.146  14210.9
947  128  2025-06-09 22-10-54  2747.2  21507.1  -16476  244.203  14202.6
948  128  2025-06-09 22-10-54  2748.8  21519.5  -16480.6  244.261  14194.3
949  128  2025-06-09 22-10-54  2750.4  21531.9  -16485.3  244.319  14203.7
950  128  2025-06-09 22-10-54  2752  21544.3  -16489.8  244.376  14195.4
951  128  2025-06-09 22-10-54  2753.6  21556.7  -16494.5  244.434  14204.8
952  128  2025-06-09 22-10-54  2755.2  21569.1  -16499.3  244.491  14209.5
953  128  2025-06-09 22-10-54  2756.8  21581.4  -16504.1  244.549  14214.2
954  128  2025-06-09 22-10-54  2758.4  21593.8  -16508.9  244.462  14210.9
955  128  2025-06-09 22-10-54  2760  21606.1  -16513.8  244.376  14215.6
956  128  2025-06-09 22-10-54  2761.6  21618.4  -16518.7  244.29  14220.4
957  128  2025-06-09 22-10-54  2763.2  21630.6  -16523.7  244.203  14225.2
958  128  2025-06-09 22-10-54  2764.8  21642.8  -16528.7  244.117  14230
959  128  2025-06-09 22-10-54  2766.4  21655  -16533.8  244.031  14235
960  128  2025-06-09 22-10-54  2768  21667.2  -16538.9  243.944  14239.9
961  128  2025-06-09 22-10-54  2769.6  21679.3  -16544.2  244.002  14246.5
962  128  2025-06-09 22-10-54  2771.2  21691.3  -16549.5  243.916  14253.2
963  128  2025-06-09 22-10-54  2772.8  21703.4  -16554.9  243.829  14260
964  128  2025-06-09 22-10-54  2774.4  21715.4  -16560.3  243.887  14255.5
965  128  2025-06-09 22-10-54  2776  21727.5  -16565.6  243.801  14250.9
966  128  2025-06-09 22-10-54  2777.6  21739.6  -16570.8  243.714  14246.4
967  128  2025-06-09 22-10-54  2779.2  21751.7  -16576  243.628  14241.7
968  128  2025-06-09 22-10-54  2780.8  21763.8  -16581.1  243.542  14237
969  128  2025-06-09 22-10-54  2782.4  21775.9  -16586.1  243.455  14232.3
970  128  2025-06-09 22-10-54  2784  21788.1  -16591.1  243.369  14227.5
971  128  2025-06-09 22-10-54  2785.6  21800.3  -16596  243.283  14222.7
972  128  2025-06-09 22-10-54  2787.2  21812.5  -16600.8  243.196  14217.8
973  128  2025-06-09 22-10-54  2788.8  21824.7  -16605.6  243.11  14212.9
974  128  2025-06-09 22-10-54  2790.4  21836.9  -16610.3  243.024  14207.9
975  128  2025-06-09 22-10-54  2792  21849.2  -16614.9  242.937  14202.9
976  128  2025-06-09 22-10-54  2793.6  21861.4  -16619.4  242.851  14197.8
977  128  2025-06-09 22-10-54  2795.2  21873.7  -16623.9  242.765  14192.7
978  128  2025-06-09 22-10-54  2796.8  21886  -16628.5  242.678  14198.8
979  128  2025-06-09 22-10-54  2798.4  21898.2  -16633  242.592  14196.9
980  128  2025-06-09 22-10-54  2800  21910.5  -16637.5  242.506  14195.1
981  128  2025-06-09 22-10-54  2801.6  21922.7  -16642.1  242.419  14198
982  128  2025-06-09 22-10-54  2803.2  21934.9  -16646.6  242.333  14201
983  128  2025-06-09 22-10-54  2804.8  21947.1  -16651.2  242.247  14204
984  128  2025-06-09 22-10-54  2806.4  21959.2  -16655.9  242.16  14207
985  128  2025-06-09 22-10-54  2808  21971.4  -16660.6  242.074  14210.1
986  128  2025-06-09 22-10-54  2809.6  21983.5  -16665.3  241.988  14213.2
987  128  2025-06-09 22-10-54  2811.2  21995.6  -16670.1  241.901  14216.3
988  128  2025-06-09 22-10-54  2812.8  22007.6  -16674.9  241.815  14219.5
989  128  2025-06-09 22-10-54  2814.4  22019.7  -16679.7  241.729  14222.7
990  128  2025-06-09 22-10-54  2816  22031.7  -16684.6  241.642  14225.9
991  128  2025-06-09 22-10-54  2817.6  22043.6  -16689.5  241.556  14229.2
992  128  2025-06-09 22-10-54  2819.2  22055.6  -16694.6  241.47  14237.3
993  128  2025-06-09 22-10-54  2820.8  22067.5  -16699.7  241.527  14245.6
994  128  2025-06-09 22-10-54  2822.4  22079.3  -16704.9  241.585  14253.9
995  128  2025-06-09 22-10-54  2824  22091.1  -16710.3  241.642  14262.3
996  128  2025-06-09 22-10-54  2825.6  22102.9  -16715.8  241.7  14270.7
997  128  2025-06-09 22-10-54  2827.2  22114.7  -16721.1  241.613  14264.7
998  128  2025-06-09 22-10-54  2828.8  22126.5  -16726.4  241.671  14258.7
999  128  2025-06-09 22-10-54  2830.4  22138.4  -16731.7  241.729  14252.5
1000  128  2025-06-09 22-10-54  14032  22150.3  -16736.8  241.786  14246.3
1001  128  2025-06-09 22-10-54  14033.6  22162.2  -16741.9  241.844  14240.1
1002  128  2025-06-09 22-10-54  14035.2  22174.2  -16746.9  241.901  14233.8
1003  128  2025-06-09 22-10-54  14036.8  22186.3  -16751.8  241.959  14227.4
1004  128  2025-06-09 22-10-54  14038.4  22198.3  -16756.7  241.872  14227.4
1005  128  2025-06-09 22-10-54  14040  22210.3  -16761.6  241.93  14227.4
1006  128  2025-06-09 22-10-54  14041.6  22222.4  -16766.5  241.988  14227.4
1007  128  2025-06-09 22-10-54  14043.2  22234.4  -16771.5  242.045  14227.4
1008  128  2025-06-09 22-10-54  14044.8  22246.4  -16776.4  242.103  14229.1
1009  128  2025-06-09 22-10-54  14046.4  22258.5  -16781.2  242.016  14221
1010  128  2025-06-09 22-10-54  14048  22270.7  -16785.9  242.103  14205
1011  128  2025-06-09 22-10-54  14049.6  22282.9  -16790.3  242.189  14189
1012  128  2025-06-09 22-10-54  14051.2  22295.2  -16794.5  242.275  14173
1013  128  2025-06-09 22-10-54  14052.8  22307.7  -16798.5  242.362  14157
1014  128  2025-06-09 22-10-54  14054.4  22320.1  -16802.2  242.448  14141
1015  128  2025-06-09 22-10-54  14056  22332.7  -16805.8  242.534  14125
1016  128  2025-06-09 22-10-54  14057.6  22345.3  -16809.1  242.621  14109
1017  128  2025-06-09 22-10-54  14059.2  22358  -16812.4  242.707  14107.2
1018  128  2025-06-09 22-10-54  14060.8  22370.6  -16815.7  242.793  14105.4
1019  128  2025-06-09 22-10-54  14062.4  22383.3  -16819  242.88  14103.6
1020  128  2025-06-09 22-10-54  14064  22396  -16822.3  242.966  14101.8
1021  128  2025-06-09 22-10-54  14065.6  22408.7  -16825.5  243.052  14099.9
1022  128  2025-06-09 22-10-54  14067.2  22421.4  -16828.7  243.139  14098.1
