SN    USVID    CurTime    simTime    CurX    CurY    CurVel      CurYaw   
0  208  2025-06-08 18-10-55  0  17240  4.89843e-16  192  2672
1  208  2025-06-08 18-10-55  1.6  17248  9.80214e-16  192.086  2672
2  208  2025-06-08 18-10-55  3.2  17256  1.47111e-15  192.173  2672
3  208  2025-06-08 18-10-55  4.8  17264.1  1.96254e-15  192.259  2672
4  208  2025-06-08 18-10-55  6.4  17272.1  2.4545e-15  192.345  2672
5  208  2025-06-08 18-10-55  8  17280.1  2.94698e-15  192.432  2672
6  208  2025-06-08 18-10-55  9.6  17288.2  3.44e-15  192.518  2672
7  208  2025-06-08 18-10-55  11.2  17296.2  3.93354e-15  192.604  2672
8  208  2025-06-08 18-10-55  12.8  17304.3  4.42761e-15  192.691  2672
9  208  2025-06-08 18-10-55  14.4  17312.4  4.92221e-15  192.777  2672
10  208  2025-06-08 18-10-55  128  17320.5  5.41734e-15  192.863  2672
11  208  2025-06-08 18-10-55  129.6  17328.6  5.913e-15  192.95  2672
12  208  2025-06-08 18-10-55  131.2  17336.7  6.40919e-15  193.036  2672
13  208  2025-06-08 18-10-55  132.8  17344.8  6.9059e-15  193.122  2672
14  208  2025-06-08 18-10-55  134.4  17352.9  7.40314e-15  193.209  2672
15  208  2025-06-08 18-10-55  136  17361  7.90092e-15  193.295  2672
16  208  2025-06-08 18-10-55  137.6  17369.2  8.39922e-15  193.381  2672
17  208  2025-06-08 18-10-55  139.2  17377.3  8.89805e-15  193.468  2672
18  208  2025-06-08 18-10-55  140.8  17385.5  9.3974e-15  193.554  2672
19  208  2025-06-08 18-10-55  142.4  17393.6  9.89729e-15  193.64  2672
20  208  2025-06-08 18-10-55  144  17401.8  1.03977e-14  193.727  2672
21  208  2025-06-08 18-10-55  145.6  17410  1.08986e-14  193.813  2672
22  208  2025-06-08 18-10-55  147.2  17418.2  1.14001e-14  193.899  2672
23  208  2025-06-08 18-10-55  148.8  17426.4  1.19021e-14  193.986  2672
24  208  2025-06-08 18-10-55  150.4  17434.6  1.24047e-14  194.072  2672
25  208  2025-06-08 18-10-55  152  17442.8  1.29077e-14  194.158  2672
26  208  2025-06-08 18-10-55  153.6  17451  1.34113e-14  194.245  2672
27  208  2025-06-08 18-10-55  155.2  17459.3  1.39154e-14  194.331  2672
28  208  2025-06-08 18-10-55  156.8  17467.5  1.44201e-14  194.417  2672
29  208  2025-06-08 18-10-55  158.4  17475.8  1.49252e-14  194.504  2672
30  208  2025-06-08 18-10-55  160  17484  1.54309e-14  194.59  2672
31  208  2025-06-08 18-10-55  161.6  17492.3  1.59372e-14  194.676  2672
32  208  2025-06-08 18-10-55  163.2  17500.6  1.64439e-14  194.763  2672
33  208  2025-06-08 18-10-55  164.8  17508.8  1.69512e-14  194.849  2672
34  208  2025-06-08 18-10-55  166.4  17517.1  1.7459e-14  194.935  2672
35  208  2025-06-08 18-10-55  168  17525.4  1.79674e-14  195.022  2672
36  208  2025-06-08 18-10-55  169.6  17533.7  1.84762e-14  195.108  2672
37  208  2025-06-08 18-10-55  171.2  17542.1  1.89856e-14  195.194  2672
38  208  2025-06-08 18-10-55  172.8  17550.4  1.94956e-14  195.281  2672
39  208  2025-06-08 18-10-55  174.4  17558.7  2.0006e-14  195.367  2672
40  208  2025-06-08 18-10-55  176  17567.1  2.0517e-14  195.453  2672
41  208  2025-06-08 18-10-55  177.6  17575.4  2.10285e-14  195.54  2672
42  208  2025-06-08 18-10-55  179.2  17583.8  2.15406e-14  195.626  2672
43  208  2025-06-08 18-10-55  180.8  17592.2  2.20532e-14  195.712  2672
44  208  2025-06-08 18-10-55  182.4  17600.5  2.25663e-14  195.799  2672
45  208  2025-06-08 18-10-55  184  17608.9  2.30799e-14  195.885  2672
46  208  2025-06-08 18-10-55  185.6  17617.3  2.3594e-14  195.971  2672
47  208  2025-06-08 18-10-55  187.2  17625.7  2.41087e-14  196.058  2672
48  208  2025-06-08 18-10-55  188.8  17634.2  2.4624e-14  196.144  2672
49  208  2025-06-08 18-10-55  190.4  17642.6  2.51397e-14  196.23  2672
50  208  2025-06-08 18-10-55  192  17651  2.5656e-14  196.317  2672
51  208  2025-06-08 18-10-55  193.6  17659.4  2.61728e-14  196.403  2672
52  208  2025-06-08 18-10-55  195.2  17667.9  2.66901e-14  196.489  2672
53  208  2025-06-08 18-10-55  196.8  17676.4  2.7208e-14  196.576  2672
54  208  2025-06-08 18-10-55  198.4  17684.8  2.77264e-14  196.662  2672
55  208  2025-06-08 18-10-55  200  17693.3  2.82453e-14  196.748  2672
56  208  2025-06-08 18-10-55  201.6  17701.8  2.87647e-14  196.835  2672
57  208  2025-06-08 18-10-55  203.2  17710.3  2.92847e-14  196.921  2672
58  208  2025-06-08 18-10-55  204.8  17718.8  2.98052e-14  197.007  2672
59  208  2025-06-08 18-10-55  206.4  17727.3  3.03262e-14  197.094  2672
60  208  2025-06-08 18-10-55  208  17735.8  3.08478e-14  197.18  2672
61  208  2025-06-08 18-10-55  209.6  17744.3  3.13699e-14  197.266  2672
62  208  2025-06-08 18-10-55  211.2  17752.9  3.18925e-14  197.353  2672
63  208  2025-06-08 18-10-55  212.8  17761.4  3.24156e-14  197.439  2672
64  208  2025-06-08 18-10-55  214.4  17770  3.29393e-14  197.525  2672
65  208  2025-06-08 18-10-55  216  17778.5  3.34635e-14  197.612  2672
66  208  2025-06-08 18-10-55  217.6  17787.1  3.39882e-14  197.698  2672
67  208  2025-06-08 18-10-55  219.2  17795.7  3.45135e-14  197.784  2672
68  208  2025-06-08 18-10-55  220.8  17804.3  3.50393e-14  197.871  2672
69  208  2025-06-08 18-10-55  222.4  17812.8  3.55656e-14  197.957  2672
70  208  2025-06-08 18-10-55  224  17821.5  3.60925e-14  198.043  2672
71  208  2025-06-08 18-10-55  225.6  17830.1  3.66198e-14  198.13  2672
72  208  2025-06-08 18-10-55  227.2  17838.7  3.71477e-14  198.216  2672
73  208  2025-06-08 18-10-55  228.8  17847.3  3.76762e-14  198.302  2672
74  208  2025-06-08 18-10-55  230.4  17856  3.82051e-14  198.389  2672
75  208  2025-06-08 18-10-55  232  17864.6  3.87346e-14  198.475  2672
76  208  2025-06-08 18-10-55  233.6  17873.3  3.92646e-14  198.561  2672
77  208  2025-06-08 18-10-55  235.2  17881.9  3.97952e-14  198.648  2672
78  208  2025-06-08 18-10-55  236.8  17890.6  4.03263e-14  198.734  2672
79  208  2025-06-08 18-10-55  238.4  17899.3  4.08579e-14  198.82  2672
80  208  2025-06-08 18-10-55  240  17908  4.139e-14  198.907  2672
81  208  2025-06-08 18-10-55  241.6  17916.7  4.19227e-14  198.993  2672
82  208  2025-06-08 18-10-55  243.2  17925.4  4.24559e-14  199.079  2672
83  208  2025-06-08 18-10-55  244.8  17934.1  4.29896e-14  199.166  2672
84  208  2025-06-08 18-10-55  246.4  17942.8  4.35238e-14  199.252  2672
85  208  2025-06-08 18-10-55  248  17951.6  4.40586e-14  199.338  2672
86  208  2025-06-08 18-10-55  249.6  17960.3  4.45939e-14  199.425  2672
87  208  2025-06-08 18-10-55  251.2  17969  4.51297e-14  199.511  2672
88  208  2025-06-08 18-10-55  252.8  17977.8  4.56661e-14  199.597  2672
89  208  2025-06-08 18-10-55  254.4  17986.6  4.6203e-14  199.684  2672
90  208  2025-06-08 18-10-55  256  17995.4  4.67404e-14  199.77  2672
91  208  2025-06-08 18-10-55  257.6  18004.1  4.72783e-14  199.856  2672
92  208  2025-06-08 18-10-55  259.2  18012.9  4.78168e-14  199.943  2672
93  208  2025-06-08 18-10-55  260.8  18021.7  4.83558e-14  200.029  2672
94  208  2025-06-08 18-10-55  262.4  18030.5  4.88954e-14  200.115  2672
95  208  2025-06-08 18-10-55  264  18039.4  4.94354e-14  200.202  2672
96  208  2025-06-08 18-10-55  265.6  18048.2  4.9976e-14  200.288  2672
97  208  2025-06-08 18-10-55  267.2  18057  5.05171e-14  200.374  2672
98  208  2025-06-08 18-10-55  268.8  18065.9  5.10588e-14  200.461  2672
99  208  2025-06-08 18-10-55  270.4  18074.7  5.1601e-14  200.547  2672
100  208  2025-06-08 18-10-55  1392  18083.6  5.21437e-14  200.633  2672
101  208  2025-06-08 18-10-55  1393.6  18092.5  5.26869e-14  200.72  2672
102  208  2025-06-08 18-10-55  1395.2  18101.4  5.32307e-14  200.806  2672
103  208  2025-06-08 18-10-55  1396.8  18110.2  5.3775e-14  200.892  2672
104  208  2025-06-08 18-10-55  1398.4  18119.1  5.43198e-14  200.979  2672
105  208  2025-06-08 18-10-55  1400  18128  5.48651e-14  201.065  2672
106  208  2025-06-08 18-10-55  1401.6  18137  5.5411e-14  201.151  2672
107  208  2025-06-08 18-10-55  1403.2  18145.9  5.59574e-14  201.238  2672
108  208  2025-06-08 18-10-55  1404.8  18154.8  5.65043e-14  201.324  2672
109  208  2025-06-08 18-10-55  1406.4  18163.8  5.70518e-14  201.41  2672
110  208  2025-06-08 18-10-55  1408  18172.7  5.75998e-14  201.497  2672
111  208  2025-06-08 18-10-55  1409.6  18181.7  5.81483e-14  201.583  2672
112  208  2025-06-08 18-10-55  1411.2  18190.6  5.86974e-14  201.669  2672
113  208  2025-06-08 18-10-55  1412.8  18199.6  5.92469e-14  201.756  2672
114  208  2025-06-08 18-10-55  1414.4  18208.6  5.9797e-14  201.842  2672
115  208  2025-06-08 18-10-55  1416  18217.6  6.03477e-14  201.928  2672
116  208  2025-06-08 18-10-55  1417.6  18226.6  6.08988e-14  202.015  2672
117  208  2025-06-08 18-10-55  1419.2  18235.6  6.14505e-14  202.101  2672
118  208  2025-06-08 18-10-55  1420.8  18244.6  6.20028e-14  202.187  2672
119  208  2025-06-08 18-10-55  1422.4  18253.6  6.25555e-14  202.274  2672
120  208  2025-06-08 18-10-55  1424  18262.7  6.31088e-14  202.36  2672
121  208  2025-06-08 18-10-55  1425.6  18271.7  6.36626e-14  202.446  2672
122  208  2025-06-08 18-10-55  1427.2  18280.8  6.42169e-14  202.533  2672
123  208  2025-06-08 18-10-55  1428.8  18289.8  6.47718e-14  202.619  2672
124  208  2025-06-08 18-10-55  1430.4  18298.9  6.53272e-14  202.705  2672
125  208  2025-06-08 18-10-55  1432  18308  6.58831e-14  202.792  2672
126  208  2025-06-08 18-10-55  1433.6  18317.1  6.64396e-14  202.878  2672
127  208  2025-06-08 18-10-55  1435.2  18326.2  6.69965e-14  202.964  2672
128  208  2025-06-08 18-10-55  1436.8  18335.3  6.7554e-14  203.051  2672
129  208  2025-06-08 18-10-55  1438.4  18344.4  6.81121e-14  203.137  2672
130  208  2025-06-08 18-10-55  1440  18353.5  6.86706e-14  203.223  2672
131  208  2025-06-08 18-10-55  1441.6  18362.6  6.92297e-14  203.31  2672
132  208  2025-06-08 18-10-55  1443.2  18371.8  6.97893e-14  203.396  2672
133  208  2025-06-08 18-10-55  1444.8  18380.9  7.03495e-14  203.482  2672
134  208  2025-06-08 18-10-55  1446.4  18390.1  7.09102e-14  203.569  2672
135  208  2025-06-08 18-10-55  1448  18399.3  7.14714e-14  203.655  2672
136  208  2025-06-08 18-10-55  1449.6  18408.4  7.20331e-14  203.741  2672
137  208  2025-06-08 18-10-55  1451.2  18417.6  7.25954e-14  203.828  2672
138  208  2025-06-08 18-10-55  1452.8  18426.8  7.31582e-14  203.914  2672
139  208  2025-06-08 18-10-55  1454.4  18436  7.37215e-14  204  2672
140  208  2025-06-08 18-10-55  1456  18445.2  7.42854e-14  204.087  2672
141  208  2025-06-08 18-10-55  1457.6  18454.4  7.48497e-14  204.173  2672
142  208  2025-06-08 18-10-55  1459.2  18463.7  7.54146e-14  204.259  2672
143  208  2025-06-08 18-10-55  1460.8  18472.9  7.59801e-14  204.346  2672
144  208  2025-06-08 18-10-55  1462.4  18482.1  7.6546e-14  204.432  2672
145  208  2025-06-08 18-10-55  1464  18491.4  7.71125e-14  204.518  2672
146  208  2025-06-08 18-10-55  1465.6  18500.6  7.76796e-14  204.605  2672
147  208  2025-06-08 18-10-55  1467.2  18509.9  7.82471e-14  204.691  2672
148  208  2025-06-08 18-10-55  1468.8  18519.2  7.88152e-14  204.777  2672
149  208  2025-06-08 18-10-55  1470.4  18528.5  7.93838e-14  204.864  2672
150  208  2025-06-08 18-10-55  1472  18537.8  7.99529e-14  204.95  2672
151  208  2025-06-08 18-10-55  1473.6  18547.1  8.05226e-14  205.036  2672
152  208  2025-06-08 18-10-55  1475.2  18556.4  8.10928e-14  205.123  2672
153  208  2025-06-08 18-10-55  1476.8  18565.7  8.16635e-14  205.209  2672
154  208  2025-06-08 18-10-55  1478.4  18575  8.22348e-14  205.295  2672
155  208  2025-06-08 18-10-55  1480  18584.4  8.28065e-14  205.382  2672
156  208  2025-06-08 18-10-55  1481.6  18593.7  8.33788e-14  205.468  2672
157  208  2025-06-08 18-10-55  1483.2  18603.1  8.39517e-14  205.554  2672
158  208  2025-06-08 18-10-55  1484.8  18612.4  8.45251e-14  205.641  2672
159  208  2025-06-08 18-10-55  1486.4  18621.8  8.50989e-14  205.727  2672
160  208  2025-06-08 18-10-55  1488  18631.2  8.56734e-14  205.813  2672
161  208  2025-06-08 18-10-55  1489.6  18640.6  8.62483e-14  205.9  2672
162  208  2025-06-08 18-10-55  1491.2  18650  8.68238e-14  205.986  2672
163  208  2025-06-08 18-10-55  1492.8  18659.4  8.73998e-14  206.072  2672
164  208  2025-06-08 18-10-55  1494.4  18668.8  8.79763e-14  206.159  2672
165  208  2025-06-08 18-10-55  1496  18678.2  8.85534e-14  206.245  2672
166  208  2025-06-08 18-10-55  1497.6  18687.7  8.9131e-14  206.331  2672
167  208  2025-06-08 18-10-55  1499.2  18697.1  8.97091e-14  206.418  2672
168  208  2025-06-08 18-10-55  1500.8  18706.6  9.02878e-14  206.504  2672
169  208  2025-06-08 18-10-55  1502.4  18716  9.0867e-14  206.59  2672
170  208  2025-06-08 18-10-55  1504  18725.5  9.14467e-14  206.677  2672
171  208  2025-06-08 18-10-55  1505.6  18735  9.20269e-14  206.763  2672
172  208  2025-06-08 18-10-55  1507.2  18744.4  9.26077e-14  206.849  2672
173  208  2025-06-08 18-10-55  1508.8  18753.9  9.3189e-14  206.936  2672
174  208  2025-06-08 18-10-55  1510.4  18763.4  9.37708e-14  207.022  2672
175  208  2025-06-08 18-10-55  1512  18773  9.43531e-14  207.108  2672
176  208  2025-06-08 18-10-55  1513.6  18782.5  9.4936e-14  207.195  2672
177  208  2025-06-08 18-10-55  1515.2  18792  9.55194e-14  207.281  2672
178  208  2025-06-08 18-10-55  1516.8  18801.5  9.61034e-14  207.367  2672
179  208  2025-06-08 18-10-55  1518.4  18811.1  9.66878e-14  207.454  2672
180  208  2025-06-08 18-10-55  1520  18820.6  9.72728e-14  207.54  2672
181  208  2025-06-08 18-10-55  1521.6  18830.2  9.78584e-14  207.626  2672
182  208  2025-06-08 18-10-55  1523.2  18839.8  9.84444e-14  207.713  2672
183  208  2025-06-08 18-10-55  1524.8  18849.4  9.9031e-14  207.799  2672
184  208  2025-06-08 18-10-55  1526.4  18858.9  9.96181e-14  207.885  2672
185  208  2025-06-08 18-10-55  1528  18868.5  1.00206e-13  207.972  2672
186  208  2025-06-08 18-10-55  1529.6  18878.1  1.00794e-13  208.058  2672
187  208  2025-06-08 18-10-55  1531.2  18887.8  1.01383e-13  208.145  2672
188  208  2025-06-08 18-10-55  1532.8  18897.4  1.01972e-13  208.231  2672
189  208  2025-06-08 18-10-55  1534.4  18907  1.02562e-13  208.317  2672
190  208  2025-06-08 18-10-55  1536  18916.7  1.03152e-13  208.404  2672
191  208  2025-06-08 18-10-55  1537.6  18926.3  1.03743e-13  208.49  2672
192  208  2025-06-08 18-10-55  1539.2  18936  1.04334e-13  208.576  2672
193  208  2025-06-08 18-10-55  1540.8  18945.6  1.04926e-13  208.663  2672
194  208  2025-06-08 18-10-55  1542.4  18955.3  1.05518e-13  208.749  2672
195  208  2025-06-08 18-10-55  1544  18965  1.06111e-13  208.835  2672
196  208  2025-06-08 18-10-55  1545.6  18974.7  1.06705e-13  208.922  2672
197  208  2025-06-08 18-10-55  1547.2  18984.4  1.07299e-13  209.008  2672
198  208  2025-06-08 18-10-55  1548.8  18994.1  1.07893e-13  209.094  2672
199  208  2025-06-08 18-10-55  1550.4  19003.8  1.08488e-13  209.181  2672
200  208  2025-06-08 18-10-55  1552  19013.5  1.09084e-13  209.267  2672
201  208  2025-06-08 18-10-55  1553.6  19023.3  1.0968e-13  209.353  2672
202  208  2025-06-08 18-10-55  1555.2  19033  1.10276e-13  209.44  2672
203  208  2025-06-08 18-10-55  1556.8  19042.8  1.10874e-13  209.526  2672
204  208  2025-06-08 18-10-55  1558.4  19052.5  1.11471e-13  209.612  2672
205  208  2025-06-08 18-10-55  1560  19062.3  1.1207e-13  209.699  2672
206  208  2025-06-08 18-10-55  1561.6  19072.1  1.12668e-13  209.785  2672
207  208  2025-06-08 18-10-55  1563.2  19081.9  1.13268e-13  209.871  2672
208  208  2025-06-08 18-10-55  1564.8  19091.7  1.13867e-13  209.958  2672
209  208  2025-06-08 18-10-55  1566.4  19101.5  1.14468e-13  210.044  2672
210  208  2025-06-08 18-10-55  1568  19111.3  1.15069e-13  210.13  2672
211  208  2025-06-08 18-10-55  1569.6  19121.1  1.1567e-13  210.217  2672
212  208  2025-06-08 18-10-55  1571.2  19130.9  1.16272e-13  210.303  2672
213  208  2025-06-08 18-10-55  1572.8  19140.8  1.16874e-13  210.389  2672
214  208  2025-06-08 18-10-55  1574.4  19150.6  1.17477e-13  210.476  2672
215  208  2025-06-08 18-10-55  1576  19160.5  1.18081e-13  210.562  2672
216  208  2025-06-08 18-10-55  1577.6  19170.3  1.18685e-13  210.648  2672
217  208  2025-06-08 18-10-55  1579.2  19180.2  1.19289e-13  210.735  2672
218  208  2025-06-08 18-10-55  1580.8  19190.1  1.19894e-13  210.821  2672
219  208  2025-06-08 18-10-55  1582.4  19200  1.205e-13  210.907  2672
220  208  2025-06-08 18-10-55  1584  19209.9  1.21106e-13  210.994  2672
221  208  2025-06-08 18-10-55  1585.6  19219.8  1.21713e-13  211.08  2672
222  208  2025-06-08 18-10-55  1587.2  19229.7  1.2232e-13  211.166  2672
223  208  2025-06-08 18-10-55  1588.8  19239.6  1.22928e-13  211.253  2672
224  208  2025-06-08 18-10-55  1590.4  19249.6  1.23536e-13  211.339  2672
225  208  2025-06-08 18-10-55  1592  19259.5  1.24145e-13  211.425  2672
226  208  2025-06-08 18-10-55  1593.6  19269.5  1.24754e-13  211.512  2672
227  208  2025-06-08 18-10-55  1595.2  19279.4  1.25364e-13  211.598  2672
228  208  2025-06-08 18-10-55  1596.8  19289.4  1.25974e-13  211.684  2672
229  208  2025-06-08 18-10-55  1598.4  19299.4  1.26585e-13  211.771  2672
230  208  2025-06-08 18-10-55  1600  19309.3  1.27197e-13  211.857  2672
231  208  2025-06-08 18-10-55  1601.6  19319.3  1.27809e-13  211.943  2672
232  208  2025-06-08 18-10-55  1603.2  19329.3  1.28421e-13  212.03  2672
233  208  2025-06-08 18-10-55  1604.8  19339.4  1.29034e-13  212.116  2672
234  208  2025-06-08 18-10-55  1606.4  19349.4  1.29648e-13  212.202  2672
235  208  2025-06-08 18-10-55  1608  19359.4  1.30262e-13  212.289  2672
236  208  2025-06-08 18-10-55  1609.6  19369.4  1.30876e-13  212.375  2672
237  208  2025-06-08 18-10-55  1611.2  19379.5  1.31491e-13  212.461  2672
238  208  2025-06-08 18-10-55  1612.8  19389.5  1.32107e-13  212.548  2672
239  208  2025-06-08 18-10-55  1614.4  19399.6  1.32723e-13  212.634  2672
240  208  2025-06-08 18-10-55  1616  19409.7  1.3334e-13  212.72  2672
241  208  2025-06-08 18-10-55  1617.6  19419.8  1.33957e-13  212.807  2672
242  208  2025-06-08 18-10-55  1619.2  19429.8  1.34575e-13  212.893  2672
243  208  2025-06-08 18-10-55  1620.8  19439.9  1.35193e-13  212.979  2672
244  208  2025-06-08 18-10-55  1622.4  19450.1  1.35812e-13  213.066  2672
245  208  2025-06-08 18-10-55  1624  19460.2  1.36431e-13  213.152  2672
246  208  2025-06-08 18-10-55  1625.6  19470.3  1.37051e-13  213.238  2672
247  208  2025-06-08 18-10-55  1627.2  19480.4  1.37672e-13  213.325  2672
248  208  2025-06-08 18-10-55  1628.8  19490.6  1.38293e-13  213.411  2672
249  208  2025-06-08 18-10-55  1630.4  19500.7  1.38914e-13  213.497  2672
250  208  2025-06-08 18-10-55  1632  19510.9  1.39536e-13  213.584  2672
251  208  2025-06-08 18-10-55  1633.6  19521  1.40159e-13  213.67  2672
252  208  2025-06-08 18-10-55  1635.2  19531.2  1.40782e-13  213.756  2672
253  208  2025-06-08 18-10-55  1636.8  19541.4  1.41405e-13  213.843  2672
254  208  2025-06-08 18-10-55  1638.4  19551.6  1.42029e-13  213.929  2672
255  208  2025-06-08 18-10-55  1640  19561.8  1.42654e-13  214.015  2672
256  208  2025-06-08 18-10-55  1641.6  19572  1.43279e-13  214.102  2672
257  208  2025-06-08 18-10-55  1643.2  19582.2  1.43905e-13  214.188  2672
258  208  2025-06-08 18-10-55  1644.8  19592.5  1.44531e-13  214.274  2672
259  208  2025-06-08 18-10-55  1646.4  19602.7  1.45158e-13  214.361  2672
260  208  2025-06-08 18-10-55  1648  19612.9  1.45785e-13  214.447  2672
261  208  2025-06-08 18-10-55  1649.6  19623.2  1.46413e-13  214.533  2672
262  208  2025-06-08 18-10-55  1651.2  19633.4  1.47041e-13  214.62  2672
263  208  2025-06-08 18-10-55  1652.8  19643.7  1.4767e-13  214.706  2672
264  208  2025-06-08 18-10-55  1654.4  19654  1.483e-13  214.792  2672
265  208  2025-06-08 18-10-55  1656  19664.3  1.4893e-13  214.879  2672
266  208  2025-06-08 18-10-55  1657.6  19674.6  1.4956e-13  214.965  2672
267  208  2025-06-08 18-10-55  1659.2  19684.9  1.50191e-13  215.051  2672
268  208  2025-06-08 18-10-55  1660.8  19695.2  1.50823e-13  215.138  2672
269  208  2025-06-08 18-10-55  1662.4  19705.5  1.51455e-13  215.224  2672
270  208  2025-06-08 18-10-55  1664  19715.9  1.52087e-13  215.31  2672
271  208  2025-06-08 18-10-55  1665.6  19726.2  1.5272e-13  215.397  2672
272  208  2025-06-08 18-10-55  1667.2  19736.5  1.53354e-13  215.483  2672
273  208  2025-06-08 18-10-55  1668.8  19746.9  1.53988e-13  215.569  2672
274  208  2025-06-08 18-10-55  1670.4  19757.3  1.54623e-13  215.656  2672
275  208  2025-06-08 18-10-55  1672  19767.6  1.55258e-13  215.742  2672
276  208  2025-06-08 18-10-55  1673.6  19778  1.55894e-13  215.828  2672
277  208  2025-06-08 18-10-55  1675.2  19788.4  1.5653e-13  215.915  2672
278  208  2025-06-08 18-10-55  1676.8  19798.8  1.57167e-13  216.001  2672
279  208  2025-06-08 18-10-55  1678.4  19809.2  1.57804e-13  216.087  2672
280  208  2025-06-08 18-10-55  1680  19819.6  1.58442e-13  216.174  2672
281  208  2025-06-08 18-10-55  1681.6  19830.1  1.5908e-13  216.26  2672
282  208  2025-06-08 18-10-55  1683.2  19840.5  1.59719e-13  216.346  2672
283  208  2025-06-08 18-10-55  1684.8  19850.9  1.60359e-13  216.433  2672
284  208  2025-06-08 18-10-55  1686.4  19861.4  1.60999e-13  216.519  2672
285  208  2025-06-08 18-10-55  1688  19871.9  1.61639e-13  216.605  2672
286  208  2025-06-08 18-10-55  1689.6  19882.3  1.6228e-13  216.692  2672
287  208  2025-06-08 18-10-55  1691.2  19892.8  1.62922e-13  216.778  2672
288  208  2025-06-08 18-10-55  1692.8  19903.3  1.63564e-13  216.864  2672
289  208  2025-06-08 18-10-55  1694.4  19913.8  1.64206e-13  216.951  2672
290  208  2025-06-08 18-10-55  1696  19924.3  1.6485e-13  217.037  2672
291  208  2025-06-08 18-10-55  1697.6  19934.8  1.65493e-13  217.123  2672
292  208  2025-06-08 18-10-55  1699.2  19945.3  1.66137e-13  217.21  2672
293  208  2025-06-08 18-10-55  1700.8  19955.9  1.66782e-13  217.296  2672
294  208  2025-06-08 18-10-55  1702.4  19966.4  1.67427e-13  217.382  2672
295  208  2025-06-08 18-10-55  1704  19976.9  1.68073e-13  217.469  2672
296  208  2025-06-08 18-10-55  1705.6  19987.5  1.6872e-13  217.555  2672
297  208  2025-06-08 18-10-55  1707.2  19998.1  1.69366e-13  217.641  2672
298  208  2025-06-08 18-10-55  1708.8  20008.6  1.70014e-13  217.728  2672
299  208  2025-06-08 18-10-55  1710.4  20019.2  1.70662e-13  217.814  2672
300  208  2025-06-08 18-10-55  1712  20029.8  1.7131e-13  217.9  2672
301  208  2025-06-08 18-10-55  1713.6  20040.4  1.71959e-13  217.987  2672
302  208  2025-06-08 18-10-55  1715.2  20051  1.72609e-13  218.073  2672
303  208  2025-06-08 18-10-55  1716.8  20061.6  1.73259e-13  218.159  2672
304  208  2025-06-08 18-10-55  1718.4  20072.2  1.73909e-13  218.246  2672
305  208  2025-06-08 18-10-55  1720  20082.9  1.7456e-13  218.332  2672
306  208  2025-06-08 18-10-55  1721.6  20093.5  1.75212e-13  218.418  2672
307  208  2025-06-08 18-10-55  1723.2  20104.2  1.75864e-13  218.505  2672
308  208  2025-06-08 18-10-55  1724.8  20114.8  1.76517e-13  218.591  2672
309  208  2025-06-08 18-10-55  1726.4  20125.5  1.7717e-13  218.677  2672
310  208  2025-06-08 18-10-55  1728  20136.2  1.77824e-13  218.764  2672
311  208  2025-06-08 18-10-55  1729.6  20146.9  1.78478e-13  218.85  2672
312  208  2025-06-08 18-10-55  1731.2  20157.6  1.79133e-13  218.936  2672
313  208  2025-06-08 18-10-55  1732.8  20168.3  1.79788e-13  219.023  2672
314  208  2025-06-08 18-10-55  1734.4  20179  1.80444e-13  219.109  2672
315  208  2025-06-08 18-10-55  1736  20189.7  1.811e-13  219.195  2672
316  208  2025-06-08 18-10-55  1737.6  20200.4  1.81757e-13  219.282  2672
317  208  2025-06-08 18-10-55  1739.2  20211.2  1.82414e-13  219.368  2672
318  208  2025-06-08 18-10-55  1740.8  20221.9  1.83072e-13  219.454  2672
319  208  2025-06-08 18-10-55  1742.4  20232.6  1.83731e-13  219.541  2672
320  208  2025-06-08 18-10-55  1744  20243.4  1.8439e-13  219.627  2672
321  208  2025-06-08 18-10-55  1745.6  20254.2  1.85049e-13  219.713  2672
322  208  2025-06-08 18-10-55  1747.2  20265  1.85709e-13  219.8  2672
323  208  2025-06-08 18-10-55  1748.8  20275.8  1.8637e-13  219.886  2672
324  208  2025-06-08 18-10-55  1750.4  20286.5  1.87031e-13  219.972  2672
325  208  2025-06-08 18-10-55  1752  20297.4  1.87693e-13  220.059  2672
326  208  2025-06-08 18-10-55  1753.6  20308.2  1.88355e-13  220.145  2672
327  208  2025-06-08 18-10-55  1755.2  20319  1.89018e-13  220.231  2672
328  208  2025-06-08 18-10-55  1756.8  20329.8  1.89681e-13  220.318  2672
329  208  2025-06-08 18-10-55  1758.4  20340.7  1.90345e-13  220.404  2672
330  208  2025-06-08 18-10-55  1760  20351.5  1.91009e-13  220.49  2672
331  208  2025-06-08 18-10-55  1761.6  20362.4  1.91674e-13  220.577  2672
332  208  2025-06-08 18-10-55  1763.2  20373.2  1.92339e-13  220.663  2672
333  208  2025-06-08 18-10-55  1764.8  20384.1  1.93005e-13  220.749  2672
334  208  2025-06-08 18-10-55  1766.4  20395  1.93671e-13  220.836  2672
335  208  2025-06-08 18-10-55  1768  20405.9  1.94338e-13  220.922  2672
336  208  2025-06-08 18-10-55  1769.6  20416.8  1.95006e-13  221.008  2672
337  208  2025-06-08 18-10-55  1771.2  20427.7  1.95674e-13  221.095  2672
338  208  2025-06-08 18-10-55  1772.8  20438.6  1.96342e-13  221.181  2672
339  208  2025-06-08 18-10-55  1774.4  20449.5  1.97011e-13  221.267  2672
340  208  2025-06-08 18-10-55  1776  20460.5  1.97681e-13  221.354  2672
341  208  2025-06-08 18-10-55  1777.6  20471.4  1.98351e-13  221.44  2672
342  208  2025-06-08 18-10-55  1779.2  20482.4  1.99022e-13  221.526  2672
343  208  2025-06-08 18-10-55  1780.8  20493.3  1.99693e-13  221.613  2672
344  208  2025-06-08 18-10-55  1782.4  20504.3  2.00364e-13  221.699  2672
345  208  2025-06-08 18-10-55  1784  20515.3  2.01037e-13  221.785  2672
346  208  2025-06-08 18-10-55  1785.6  20526.3  2.01709e-13  221.872  2672
347  208  2025-06-08 18-10-55  1787.2  20537.3  2.02383e-13  221.958  2672
348  208  2025-06-08 18-10-55  1788.8  20548.3  2.03056e-13  222.044  2672
349  208  2025-06-08 18-10-55  1790.4  20559.3  2.03731e-13  222.131  2672
350  208  2025-06-08 18-10-55  1792  20570.3  2.04406e-13  222.217  2672
351  208  2025-06-08 18-10-55  1793.6  20581.3  2.05081e-13  222.303  2672
352  208  2025-06-08 18-10-55  1795.2  20592.4  2.05757e-13  222.39  2672
353  208  2025-06-08 18-10-55  1796.8  20603.4  2.06433e-13  222.476  2672
354  208  2025-06-08 18-10-55  1798.4  20614.5  2.0711e-13  222.562  2672
355  208  2025-06-08 18-10-55  1800  20625.5  2.07788e-13  222.649  2672
356  208  2025-06-08 18-10-55  1801.6  20636.6  2.08466e-13  222.735  2672
357  208  2025-06-08 18-10-55  1803.2  20647.7  2.09144e-13  222.821  2672
358  208  2025-06-08 18-10-55  1804.8  20658.8  2.09824e-13  222.908  2672
359  208  2025-06-08 18-10-55  1806.4  20669.9  2.10503e-13  222.994  2672
360  208  2025-06-08 18-10-55  1808  20681  2.11183e-13  223.08  2672
361  208  2025-06-08 18-10-55  1809.6  20692.1  2.11864e-13  223.167  2672
362  208  2025-06-08 18-10-55  1811.2  20703.2  2.12545e-13  223.253  2672
363  208  2025-06-08 18-10-55  1812.8  20714.4  2.13227e-13  223.339  2672
364  208  2025-06-08 18-10-55  1814.4  20725.5  2.13909e-13  223.426  2672
365  208  2025-06-08 18-10-55  1816  20736.7  2.14592e-13  223.512  2672
366  208  2025-06-08 18-10-55  1817.6  20747.8  2.15275e-13  223.598  2672
367  208  2025-06-08 18-10-55  1819.2  20759  2.15959e-13  223.685  2672
368  208  2025-06-08 18-10-55  1820.8  20770.2  2.16644e-13  223.771  2672
369  208  2025-06-08 18-10-55  1822.4  20781.4  2.17328e-13  223.857  2672
370  208  2025-06-08 18-10-55  1824  20792.6  2.18014e-13  223.944  2672
371  208  2025-06-08 18-10-55  1825.6  20803.8  2.187e-13  224.03  2672
372  208  2025-06-08 18-10-55  1827.2  20815  2.19386e-13  224.116  2672
373  208  2025-06-08 18-10-55  1828.8  20826.2  2.20073e-13  224.203  2672
374  208  2025-06-08 18-10-55  1830.4  20837.4  2.20761e-13  224.289  2672
375  208  2025-06-08 18-10-55  1832  20848.7  2.21449e-13  224.375  2672
376  208  2025-06-08 18-10-55  1833.6  20859.9  2.22138e-13  224.462  2672
377  208  2025-06-08 18-10-55  1835.2  20871.2  2.22827e-13  224.548  2672
378  208  2025-06-08 18-10-55  1836.8  20882.4  2.23516e-13  224.634  2672
379  208  2025-06-08 18-10-55  1838.4  20893.7  2.24207e-13  224.721  2672
380  208  2025-06-08 18-10-55  1840  20905  2.24897e-13  224.807  2672
381  208  2025-06-08 18-10-55  1841.6  20916.3  2.25589e-13  224.893  2672
382  208  2025-06-08 18-10-55  1843.2  20927.6  2.2628e-13  224.979  2672
383  208  2025-06-08 18-10-55  1844.8  20938.9  2.26973e-13  225.064  2672
384  208  2025-06-08 18-10-55  1846.4  20950.2  2.27665e-13  225.148  2672
385  208  2025-06-08 18-10-55  1848  20961.5  2.28359e-13  225.23  2672
386  208  2025-06-08 18-10-55  1849.6  20972.8  2.29053e-13  225.312  2672
387  208  2025-06-08 18-10-55  1851.2  20984.2  2.29747e-13  225.392  2672
388  208  2025-06-08 18-10-55  1852.8  20995.5  2.30442e-13  225.471  2672
389  208  2025-06-08 18-10-55  1854.4  21006.9  2.31137e-13  225.55  2672
390  208  2025-06-08 18-10-55  1856  21018.2  2.31833e-13  225.627  2672
391  208  2025-06-08 18-10-55  1857.6  21029.6  2.32529e-13  225.703  2672
392  208  2025-06-08 18-10-55  1859.2  21041  2.33226e-13  225.778  2672
393  208  2025-06-08 18-10-55  1860.8  21052.4  2.33923e-13  225.852  2672
394  208  2025-06-08 18-10-55  1862.4  21063.8  2.3462e-13  225.925  2672
395  208  2025-06-08 18-10-55  1864  21075.2  2.35318e-13  225.998  2672
396  208  2025-06-08 18-10-55  1865.6  21086.6  2.36017e-13  226.069  2672
397  208  2025-06-08 18-10-55  1867.2  21098  2.36716e-13  226.139  2672
398  208  2025-06-08 18-10-55  1868.8  21109.4  2.37415e-13  226.209  2672
399  208  2025-06-08 18-10-55  1870.4  21120.8  2.38115e-13  226.277  2672
400  208  2025-06-08 18-10-55  1872  21132.3  2.38815e-13  226.345  2672
401  208  2025-06-08 18-10-55  1873.6  21143.7  2.39515e-13  226.412  2672
402  208  2025-06-08 18-10-55  1875.2  21155.2  2.40216e-13  226.477  2672
403  208  2025-06-08 18-10-55  1876.8  21166.6  2.40918e-13  226.542  2672
404  208  2025-06-08 18-10-55  1878.4  21178.1  2.41619e-13  226.607  2672
405  208  2025-06-08 18-10-55  1880  21189.5  2.42321e-13  226.67  2672
406  208  2025-06-08 18-10-55  1881.6  21201  2.43024e-13  226.733  2672
407  208  2025-06-08 18-10-55  1883.2  21212.5  2.43727e-13  226.794  2672
408  208  2025-06-08 18-10-55  1884.8  21224  2.4443e-13  226.856  2672
409  208  2025-06-08 18-10-55  1886.4  21235.5  2.45134e-13  226.916  2672
410  208  2025-06-08 18-10-55  1888  21247  2.45838e-13  226.975  2672
411  208  2025-06-08 18-10-55  1889.6  21258.5  2.46542e-13  227.034  2672
412  208  2025-06-08 18-10-55  1891.2  21270  2.47247e-13  227.092  2672
413  208  2025-06-08 18-10-55  1892.8  21281.5  2.47952e-13  227.149  2672
414  208  2025-06-08 18-10-55  1894.4  21293  2.48657e-13  227.206  2672
415  208  2025-06-08 18-10-55  1896  21304.5  2.49363e-13  227.262  2672
416  208  2025-06-08 18-10-55  1897.6  21316.1  2.50069e-13  227.317  2672
417  208  2025-06-08 18-10-55  1899.2  21327.6  2.50776e-13  227.372  2672
418  208  2025-06-08 18-10-55  1900.8  21339.2  2.51482e-13  227.426  2672
419  208  2025-06-08 18-10-55  1902.4  21350.7  2.52189e-13  227.479  2672
420  208  2025-06-08 18-10-55  1904  21362.3  2.52897e-13  227.531  2672
421  208  2025-06-08 18-10-55  1905.6  21373.8  2.53605e-13  227.583  2672
422  208  2025-06-08 18-10-55  1907.2  21385.4  2.54313e-13  227.635  2672
423  208  2025-06-08 18-10-55  1908.8  21396.9  2.55021e-13  227.685  2672
424  208  2025-06-08 18-10-55  1910.4  21408.5  2.5573e-13  227.736  2672
425  208  2025-06-08 18-10-55  1912  21420.1  2.56439e-13  227.785  2672
426  208  2025-06-08 18-10-55  1913.6  21431.7  2.57148e-13  227.834  2672
427  208  2025-06-08 18-10-55  1915.2  21443.3  2.57857e-13  227.882  2672
428  208  2025-06-08 18-10-55  1916.8  21454.9  2.58567e-13  227.93  2672
429  208  2025-06-08 18-10-55  1918.4  21466.5  2.59277e-13  227.977  2672
430  208  2025-06-08 18-10-55  1920  21478.1  2.59988e-13  228.024  2672
431  208  2025-06-08 18-10-55  1921.6  21489.7  2.60698e-13  228.07  2672
432  208  2025-06-08 18-10-55  1923.2  21501.3  2.61409e-13  228.116  2672
433  208  2025-06-08 18-10-55  1924.8  21512.9  2.62121e-13  228.161  2672
434  208  2025-06-08 18-10-55  1926.4  21524.5  2.62832e-13  228.206  2672
435  208  2025-06-08 18-10-55  1928  21536.1  2.63544e-13  228.25  2672
436  208  2025-06-08 18-10-55  1929.6  21547.8  2.64256e-13  228.293  2672
437  208  2025-06-08 18-10-55  1931.2  21559.4  2.64968e-13  228.337  2672
438  208  2025-06-08 18-10-55  1932.8  21571  2.65681e-13  228.379  2672
439  208  2025-06-08 18-10-55  1934.4  21582.7  2.66394e-13  228.421  2672
440  208  2025-06-08 18-10-55  1936  21594.3  2.67107e-13  228.463  2672
441  208  2025-06-08 18-10-55  1937.6  21606  2.6782e-13  228.504  2672
442  208  2025-06-08 18-10-55  1939.2  21617.6  2.68534e-13  228.545  2672
443  208  2025-06-08 18-10-55  1940.8  21629.3  2.69248e-13  228.585  2672
444  208  2025-06-08 18-10-55  1942.4  21641  2.69962e-13  228.625  2672
445  208  2025-06-08 18-10-55  1944  21652.6  2.70676e-13  228.665  2672
446  208  2025-06-08 18-10-55  1945.6  21664.3  2.71391e-13  228.704  2672
447  208  2025-06-08 18-10-55  1947.2  21676  2.72106e-13  228.742  2672
448  208  2025-06-08 18-10-55  1948.8  21687.6  2.72821e-13  228.781  2672
449  208  2025-06-08 18-10-55  1950.4  21699.3  2.73536e-13  228.818  2672
450  208  2025-06-08 18-10-55  1952  21711  2.74251e-13  228.856  2672
451  208  2025-06-08 18-10-55  1953.6  21722.7  2.74967e-13  228.893  2672
452  208  2025-06-08 18-10-55  1955.2  21734.4  2.75683e-13  228.93  2672
453  208  2025-06-08 18-10-55  1956.8  21746.1  2.76399e-13  228.966  2672
454  208  2025-06-08 18-10-55  1958.4  21757.8  2.77116e-13  229.002  2672
455  208  2025-06-08 18-10-55  1960  21769.5  2.77832e-13  229.037  2672
456  208  2025-06-08 18-10-55  1961.6  21781.2  2.78549e-13  229.072  2672
457  208  2025-06-08 18-10-55  1963.2  21792.9  2.79266e-13  229.107  2672
458  208  2025-06-08 18-10-55  1964.8  21804.6  2.79984e-13  229.142  2672
459  208  2025-06-08 18-10-55  1966.4  21816.3  2.80701e-13  229.176  2672
460  208  2025-06-08 18-10-55  1968  21828.1  2.81419e-13  229.209  2672
461  208  2025-06-08 18-10-55  1969.6  21839.8  2.82137e-13  229.243  2672
462  208  2025-06-08 18-10-55  1971.2  21851.5  2.82855e-13  229.276  2672
463  208  2025-06-08 18-10-55  1972.8  21863.3  2.83573e-13  229.309  2672
464  208  2025-06-08 18-10-55  1974.4  21875  2.84291e-13  229.341  2672
465  208  2025-06-08 18-10-55  1976  21886.7  2.8501e-13  229.373  2672
466  208  2025-06-08 18-10-55  1977.6  21898.5  2.85729e-13  229.405  2672
467  208  2025-06-08 18-10-55  1979.2  21910.2  2.86448e-13  229.437  2672
468  208  2025-06-08 18-10-55  1980.8  21922  2.87167e-13  229.468  2672
469  208  2025-06-08 18-10-55  1982.4  21933.7  2.87887e-13  229.499  2672
470  208  2025-06-08 18-10-55  1984  21945.5  2.88606e-13  229.529  2672
471  208  2025-06-08 18-10-55  1985.6  21957.2  2.89326e-13  229.56  2672
472  208  2025-06-08 18-10-55  1987.2  21969  2.90046e-13  229.59  2672
473  208  2025-06-08 18-10-55  1988.8  21980.7  2.90766e-13  229.62  2672
474  208  2025-06-08 18-10-55  1990.4  21992.5  2.91487e-13  229.649  2672
475  208  2025-06-08 18-10-55  1992  22004.3  2.92207e-13  229.678  2672
476  208  2025-06-08 18-10-55  1993.6  22016  2.92928e-13  229.707  2672
477  208  2025-06-08 18-10-55  1995.2  22027.8  2.93649e-13  229.736  2672
478  208  2025-06-08 18-10-55  1996.8  22039.6  2.9437e-13  229.764  2672
479  208  2025-06-08 18-10-55  1998.4  22051.4  2.95091e-13  229.793  2672
480  208  2025-06-08 18-10-55  2000  22063.1  2.95813e-13  229.821  2672
481  208  2025-06-08 18-10-55  2001.6  22074.9  2.96534e-13  229.848  2672
482  208  2025-06-08 18-10-55  2003.2  22086.7  2.97256e-13  229.876  2672
483  208  2025-06-08 18-10-55  2004.8  22098.5  2.97978e-13  229.903  2672
484  208  2025-06-08 18-10-55  2006.4  22110.3  2.987e-13  229.93  2672
485  208  2025-06-08 18-10-55  2008  22122.1  2.99422e-13  229.957  2672
486  208  2025-06-08 18-10-55  2009.6  22133.9  3.00145e-13  229.983  2672
487  208  2025-06-08 18-10-55  2011.2  22145.7  3.00867e-13  230.009  2672
488  208  2025-06-08 18-10-55  2012.8  22157.5  3.0159e-13  230.036  2672
489  208  2025-06-08 18-10-55  2014.4  22169.3  3.02313e-13  230.061  2672
490  208  2025-06-08 18-10-55  2016  22181.1  3.03036e-13  230.087  2672
491  208  2025-06-08 18-10-55  2017.6  22192.9  3.03759e-13  230.112  2672
492  208  2025-06-08 18-10-55  2019.2  22204.7  3.04483e-13  230.138  2672
493  208  2025-06-08 18-10-55  2020.8  22216.6  3.05206e-13  230.163  2672
494  208  2025-06-08 18-10-55  2022.4  22228.4  3.0593e-13  230.188  2672
495  208  2025-06-08 18-10-55  2024  22240.2  3.06654e-13  230.212  2672
496  208  2025-06-08 18-10-55  2025.6  22252  3.07377e-13  230.237  2672
497  208  2025-06-08 18-10-55  2027.2  22263.8  3.08102e-13  230.261  2672
498  208  2025-06-08 18-10-55  2028.8  22275.7  3.08826e-13  230.285  2672
499  208  2025-06-08 18-10-55  2030.4  22287.5  3.0955e-13  230.309  2672
500  208  2025-06-08 18-10-55  2032  22299.3  3.10275e-13  230.332  2672
501  208  2025-06-08 18-10-55  2033.6  22311.2  3.11e-13  230.356  2672
502  208  2025-06-08 18-10-55  2035.2  22323  3.11724e-13  230.379  2672
503  208  2025-06-08 18-10-55  2036.8  22334.9  3.12449e-13  230.402  2672
504  208  2025-06-08 18-10-55  2038.4  22346.7  3.13174e-13  230.425  2672
505  208  2025-06-08 18-10-55  2040  22358.5  3.139e-13  230.448  2672
506  208  2025-06-08 18-10-55  2041.6  22370.4  3.14625e-13  230.471  2672
507  208  2025-06-08 18-10-55  2043.2  22382.2  3.15351e-13  230.493  2672
508  208  2025-06-08 18-10-55  2044.8  22394.1  3.16076e-13  230.515  2672
509  208  2025-06-08 18-10-55  2046.4  22405.9  3.16802e-13  230.538  2672
510  208  2025-06-08 18-10-55  2048  22417.8  3.17528e-13  230.559  2672
511  208  2025-06-08 18-10-55  2049.6  22429.7  3.18254e-13  230.581  2672
512  208  2025-06-08 18-10-55  2051.2  22441.5  3.1898e-13  230.603  2672
513  208  2025-06-08 18-10-55  2052.8  22453.4  3.19707e-13  230.624  2672
514  208  2025-06-08 18-10-55  2054.4  22465.2  3.20433e-13  230.646  2672
515  208  2025-06-08 18-10-55  2056  22477.1  3.2116e-13  230.667  2672
516  208  2025-06-08 18-10-55  2057.6  22489  3.21887e-13  230.688  2672
517  208  2025-06-08 18-10-55  2059.2  22500.9  3.22613e-13  230.709  2672
518  208  2025-06-08 18-10-55  2060.8  22512.7  3.2334e-13  230.73  2672
519  208  2025-06-08 18-10-55  2062.4  22524.6  3.24067e-13  230.75  2672
520  208  2025-06-08 18-10-55  2064  22536.5  3.24795e-13  230.771  2672
521  208  2025-06-08 18-10-55  2065.6  22548.4  3.25522e-13  230.791  2672
522  208  2025-06-08 18-10-55  2067.2  22560.2  3.2625e-13  230.811  2672
523  208  2025-06-08 18-10-55  2068.8  22572.1  3.26977e-13  230.831  2672
524  208  2025-06-08 18-10-55  2070.4  22584  3.27705e-13  230.851  2672
525  208  2025-06-08 18-10-55  2072  22595.9  3.28433e-13  230.871  2672
526  208  2025-06-08 18-10-55  2073.6  22607.8  3.29161e-13  230.891  2672
527  208  2025-06-08 18-10-55  2075.2  22619.7  3.29889e-13  230.911  2672
528  208  2025-06-08 18-10-55  2076.8  22631.6  3.30617e-13  230.93  2672
529  208  2025-06-08 18-10-55  2078.4  22643.5  3.31345e-13  230.949  2672
530  208  2025-06-08 18-10-55  2080  22655.4  3.32074e-13  230.969  2672
531  208  2025-06-08 18-10-55  2081.6  22667.3  3.32802e-13  230.988  2672
532  208  2025-06-08 18-10-55  2083.2  22679.2  3.33531e-13  231.007  2672
533  208  2025-06-08 18-10-55  2084.8  22691.1  3.3426e-13  231.025  2672
534  208  2025-06-08 18-10-55  2086.4  22703  3.34989e-13  231.044  2672
535  208  2025-06-08 18-10-55  2088  22714.9  3.35718e-13  231.063  2672
536  208  2025-06-08 18-10-55  2089.6  22726.8  3.36447e-13  231.081  2672
537  208  2025-06-08 18-10-55  2091.2  22738.7  3.37176e-13  231.1  2672
538  208  2025-06-08 18-10-55  2092.8  22750.6  3.37906e-13  231.118  2672
539  208  2025-06-08 18-10-55  2094.4  22762.5  3.38635e-13  231.136  2672
540  208  2025-06-08 18-10-55  2096  22774.4  3.39365e-13  231.154  2672
541  208  2025-06-08 18-10-55  2097.6  22786.3  3.40094e-13  231.172  2672
542  208  2025-06-08 18-10-55  2099.2  22798.3  3.40824e-13  231.19  2672
543  208  2025-06-08 18-10-55  2100.8  22810.2  3.41554e-13  231.208  2672
544  208  2025-06-08 18-10-55  2102.4  22822.1  3.42284e-13  231.226  2672
545  208  2025-06-08 18-10-55  2104  22834  3.43014e-13  231.243  2672
546  208  2025-06-08 18-10-55  2105.6  22846  3.43744e-13  231.261  2672
547  208  2025-06-08 18-10-55  2107.2  22857.9  3.44475e-13  231.278  2672
548  208  2025-06-08 18-10-55  2108.8  22869.8  3.45205e-13  231.296  2672
549  208  2025-06-08 18-10-55  2110.4  22881.7  3.45936e-13  231.313  2672
550  208  2025-06-08 18-10-55  2112  22893.7  3.46666e-13  231.33  2672
551  208  2025-06-08 18-10-55  2113.6  22905.6  3.47397e-13  231.347  2672
552  208  2025-06-08 18-10-55  2115.2  22917.6  3.48128e-13  231.364  2672
553  208  2025-06-08 18-10-55  2116.8  22929.5  3.48859e-13  231.381  2672
554  208  2025-06-08 18-10-55  2118.4  22941.4  3.4959e-13  231.398  2672
555  208  2025-06-08 18-10-55  2120  22953.4  3.50321e-13  231.414  2672
556  208  2025-06-08 18-10-55  2121.6  22965.3  3.51053e-13  231.431  2672
557  208  2025-06-08 18-10-55  2123.2  22977.3  3.51784e-13  231.448  2672
558  208  2025-06-08 18-10-55  2124.8  22989.2  3.52515e-13  231.464  2672
559  208  2025-06-08 18-10-55  2126.4  23001.2  3.53247e-13  231.48  2672
560  208  2025-06-08 18-10-55  2128  23013.1  3.53979e-13  231.497  2672
561  208  2025-06-08 18-10-55  2129.6  23025.1  3.5471e-13  231.513  2672
562  208  2025-06-08 18-10-55  2131.2  23037  3.55442e-13  231.529  2672
563  208  2025-06-08 18-10-55  2132.8  23049  3.56174e-13  231.545  2672
564  208  2025-06-08 18-10-55  2134.4  23060.9  3.56906e-13  231.561  2672
565  208  2025-06-08 18-10-55  2136  23072.9  3.57639e-13  231.577  2672
566  208  2025-06-08 18-10-55  2137.6  23084.8  3.58371e-13  231.593  2672
567  208  2025-06-08 18-10-55  2139.2  23096.8  3.59103e-13  231.609  2672
568  208  2025-06-08 18-10-55  2140.8  23108.8  3.59836e-13  231.624  2672
569  208  2025-06-08 18-10-55  2142.4  23120.7  3.60568e-13  231.64  2672
570  208  2025-06-08 18-10-55  2144  23132.7  3.61301e-13  231.655  2672
571  208  2025-06-08 18-10-55  2145.6  23144.7  3.62034e-13  231.671  2672
572  208  2025-06-08 18-10-55  2147.2  23156.6  3.62767e-13  231.686  2672
573  208  2025-06-08 18-10-55  2148.8  23168.6  3.63499e-13  231.702  2672
574  208  2025-06-08 18-10-55  2150.4  23180.6  3.64232e-13  231.717  2672
575  208  2025-06-08 18-10-55  2152  23192.5  3.64966e-13  231.732  2672
576  208  2025-06-08 18-10-55  2153.6  23204.5  3.65699e-13  231.747  2672
577  208  2025-06-08 18-10-55  2155.2  23216.5  3.66432e-13  231.762  2672
578  208  2025-06-08 18-10-55  2156.8  23228.5  3.67166e-13  231.777  2672
579  208  2025-06-08 18-10-55  2158.4  23240.4  3.67899e-13  231.792  2672
580  208  2025-06-08 18-10-55  2160  23252.4  3.68633e-13  231.807  2672
581  208  2025-06-08 18-10-55  2161.6  23264.4  3.69366e-13  231.822  2672
582  208  2025-06-08 18-10-55  2163.2  23276.4  3.701e-13  231.837  2672
583  208  2025-06-08 18-10-55  2164.8  23288.4  3.70834e-13  231.852  2672
584  208  2025-06-08 18-10-55  2166.4  23300.4  3.71568e-13  231.866  2672
585  208  2025-06-08 18-10-55  2168  23312.4  3.72302e-13  231.881  2672
586  208  2025-06-08 18-10-55  2169.6  23324.3  3.73036e-13  231.895  2672
587  208  2025-06-08 18-10-55  2171.2  23336.3  3.7377e-13  231.91  2672
588  208  2025-06-08 18-10-55  2172.8  23348.3  3.74505e-13  231.924  2672
589  208  2025-06-08 18-10-55  2174.4  23360.3  3.75239e-13  231.939  2672
590  208  2025-06-08 18-10-55  2176  23372.3  3.75973e-13  231.953  2672
591  208  2025-06-08 18-10-55  2177.6  23384.3  3.76708e-13  231.967  2672
592  208  2025-06-08 18-10-55  2179.2  23396.3  3.77443e-13  231.981  2672
593  208  2025-06-08 18-10-55  2180.8  23408.3  3.78177e-13  231.995  2672
594  208  2025-06-08 18-10-55  2182.4  23420.3  3.78912e-13  232.01  2672
595  208  2025-06-08 18-10-55  2184  23432.3  3.79647e-13  232.024  2672
596  208  2025-06-08 18-10-55  2185.6  23444.3  3.80382e-13  232.038  2672
597  208  2025-06-08 18-10-55  2187.2  23456.3  3.81117e-13  232.052  2672
598  208  2025-06-08 18-10-55  2188.8  23468.3  3.81852e-13  232.065  2672
599  208  2025-06-08 18-10-55  2190.4  23480.3  3.82588e-13  232.079  2672
600  208  2025-06-08 18-10-55  2192  23492.3  3.83323e-13  232.093  2672
601  208  2025-06-08 18-10-55  2193.6  23504.4  3.84058e-13  232.107  2672
602  208  2025-06-08 18-10-55  2195.2  23516.4  3.84794e-13  232.121  2672
603  208  2025-06-08 18-10-55  2196.8  23528.4  3.85529e-13  232.134  2672
604  208  2025-06-08 18-10-55  2198.4  23540.4  3.86265e-13  232.148  2672
605  208  2025-06-08 18-10-55  2200  23552.4  3.87001e-13  232.161  2672
606  208  2025-06-08 18-10-55  2201.6  23564.4  3.87737e-13  232.175  2672
607  208  2025-06-08 18-10-55  2203.2  23576.4  3.88473e-13  232.188  2672
608  208  2025-06-08 18-10-55  2204.8  23588.5  3.89209e-13  232.202  2672
609  208  2025-06-08 18-10-55  2206.4  23600.5  3.89945e-13  232.215  2672
610  208  2025-06-08 18-10-55  2208  23612.5  3.90681e-13  232.228  2672
611  208  2025-06-08 18-10-55  2209.6  23624.5  3.91417e-13  232.242  2672
612  208  2025-06-08 18-10-55  2211.2  23636.6  3.92153e-13  232.255  2672
613  208  2025-06-08 18-10-55  2212.8  23648.6  3.9289e-13  232.268  2672
614  208  2025-06-08 18-10-55  2214.4  23660.6  3.93626e-13  232.281  2672
615  208  2025-06-08 18-10-55  2216  23672.6  3.94363e-13  232.294  2672
616  208  2025-06-08 18-10-55  2217.6  23684.7  3.95099e-13  232.307  2672
617  208  2025-06-08 18-10-55  2219.2  23696.7  3.95836e-13  232.32  2672
618  208  2025-06-08 18-10-55  2220.8  23708.7  3.96573e-13  232.333  2672
619  208  2025-06-08 18-10-55  2222.4  23720.8  3.9731e-13  232.346  2672
620  208  2025-06-08 18-10-55  2224  23732.8  3.98047e-13  232.359  2672
621  208  2025-06-08 18-10-55  2225.6  23744.9  3.98784e-13  232.372  2672
622  208  2025-06-08 18-10-55  2227.2  23756.9  3.99521e-13  232.385  2672
623  208  2025-06-08 18-10-55  2228.8  23768.9  4.00258e-13  232.398  2672
624  208  2025-06-08 18-10-55  2230.4  23781  4.00995e-13  232.411  2672
625  208  2025-06-08 18-10-55  2232  23793  4.01733e-13  232.423  2672
626  208  2025-06-08 18-10-55  2233.6  23805.1  4.0247e-13  232.436  2672
627  208  2025-06-08 18-10-55  2235.2  23817.1  4.03208e-13  232.449  2672
628  208  2025-06-08 18-10-55  2236.8  23829.1  4.03945e-13  232.461  2672
629  208  2025-06-08 18-10-55  2238.4  23841.2  4.04683e-13  232.474  2672
630  208  2025-06-08 18-10-55  2240  23853.2  4.05421e-13  232.486  2672
631  208  2025-06-08 18-10-55  2241.6  23865.3  4.06159e-13  232.499  2672
632  208  2025-06-08 18-10-55  2243.2  23877.3  4.06896e-13  232.511  2672
633  208  2025-06-08 18-10-55  2244.8  23889.4  4.07634e-13  232.524  2672
634  208  2025-06-08 18-10-55  2246.4  23901.4  4.08373e-13  232.536  2672
635  208  2025-06-08 18-10-55  2248  23913.5  4.09111e-13  232.548  2672
636  208  2025-06-08 18-10-55  2249.6  23925.6  4.09849e-13  232.561  2672
637  208  2025-06-08 18-10-55  2251.2  23937.6  4.10587e-13  232.573  2672
638  208  2025-06-08 18-10-55  2252.8  23949.7  4.11325e-13  232.585  2672
639  208  2025-06-08 18-10-55  2254.4  23961.7  4.12064e-13  232.597  2672
640  208  2025-06-08 18-10-55  2256  23973.8  4.12802e-13  232.61  2672
641  208  2025-06-08 18-10-55  2257.6  23985.9  4.13541e-13  232.622  2672
642  208  2025-06-08 18-10-55  2259.2  23997.9  4.1428e-13  232.634  2672
643  208  2025-06-08 18-10-55  2260.8  24010  4.15018e-13  232.646  2672
644  208  2025-06-08 18-10-55  2262.4  24022.1  4.15757e-13  232.658  2672
645  208  2025-06-08 18-10-55  2264  24034.1  4.16496e-13  232.67  2672
646  208  2025-06-08 18-10-55  2265.6  24046.2  4.17235e-13  232.682  2672
647  208  2025-06-08 18-10-55  2267.2  24058.3  4.17974e-13  232.694  2672
648  208  2025-06-08 18-10-55  2268.8  24070.3  4.18713e-13  232.706  2672
649  208  2025-06-08 18-10-55  2270.4  24082.4  4.19452e-13  232.718  2672
650  208  2025-06-08 18-10-55  2272  24094.5  4.20191e-13  232.73  2672
651  208  2025-06-08 18-10-55  2273.6  24106.5  4.20931e-13  232.742  2672
652  208  2025-06-08 18-10-55  2275.2  24118.6  4.2167e-13  232.753  2672
653  208  2025-06-08 18-10-55  2276.8  24130.7  4.2241e-13  232.765  2672
654  208  2025-06-08 18-10-55  2278.4  24142.8  4.23149e-13  232.777  2672
655  208  2025-06-08 18-10-55  2280  24154.9  4.23889e-13  232.789  2672
656  208  2025-06-08 18-10-55  2281.6  24166.9  4.24628e-13  232.8  2672
657  208  2025-06-08 18-10-55  2283.2  24179  4.25368e-13  232.812  2672
658  208  2025-06-08 18-10-55  2284.8  24191.1  4.26108e-13  232.824  2672
659  208  2025-06-08 18-10-55  2286.4  24203.2  4.26848e-13  232.835  2672
660  208  2025-06-08 18-10-55  2288  24215.3  4.27588e-13  232.847  2672
661  208  2025-06-08 18-10-55  2289.6  24227.4  4.28328e-13  232.858  2672
662  208  2025-06-08 18-10-55  2291.2  24239.4  4.29068e-13  232.87  2672
663  208  2025-06-08 18-10-55  2292.8  24251.5  4.29808e-13  232.881  2672
664  208  2025-06-08 18-10-55  2294.4  24263.6  4.30548e-13  232.893  2672
665  208  2025-06-08 18-10-55  2296  24275.7  4.31288e-13  232.904  2672
666  208  2025-06-08 18-10-55  2297.6  24287.8  4.32029e-13  232.916  2672
667  208  2025-06-08 18-10-55  2299.2  24299.9  4.32769e-13  232.927  2672
668  208  2025-06-08 18-10-55  2300.8  24312  4.3351e-13  232.938  2672
669  208  2025-06-08 18-10-55  2302.4  24324.1  4.3425e-13  232.95  2672
670  208  2025-06-08 18-10-55  2304  24336.2  4.34991e-13  232.961  2672
671  208  2025-06-08 18-10-55  2305.6  24348.3  4.35732e-13  232.972  2672
672  208  2025-06-08 18-10-55  2307.2  24360.4  4.36473e-13  232.984  2672
673  208  2025-06-08 18-10-55  2308.8  24372.5  4.37213e-13  232.995  2672
674  208  2025-06-08 18-10-55  2310.4  24384.6  4.37954e-13  233.006  2672
675  208  2025-06-08 18-10-55  2312  24396.7  4.38695e-13  233.017  2672
676  208  2025-06-08 18-10-55  2313.6  24408.8  4.39436e-13  233.028  2672
677  208  2025-06-08 18-10-55  2315.2  24420.9  4.40177e-13  233.039  2672
678  208  2025-06-08 18-10-55  2316.8  24433  4.40919e-13  233.051  2672
679  208  2025-06-08 18-10-55  2318.4  24445.1  4.4166e-13  233.062  2672
680  208  2025-06-08 18-10-55  2320  24457.2  4.42401e-13  233.073  2672
681  208  2025-06-08 18-10-55  2321.6  24469.3  4.43143e-13  233.084  2672
682  208  2025-06-08 18-10-55  2323.2  24481.4  4.43884e-13  233.095  2672
683  208  2025-06-08 18-10-55  2324.8  24493.5  4.44626e-13  233.106  2672
684  208  2025-06-08 18-10-55  2326.4  24505.6  4.45367e-13  233.117  2672
685  208  2025-06-08 18-10-55  2328  24517.8  4.46109e-13  233.128  2672
686  208  2025-06-08 18-10-55  2329.6  24529.9  4.46851e-13  233.139  2672
687  208  2025-06-08 18-10-55  2331.2  24542  4.47592e-13  233.149  2672
688  208  2025-06-08 18-10-55  2332.8  24554.1  4.48334e-13  233.16  2672
689  208  2025-06-08 18-10-55  2334.4  24566.2  4.49076e-13  233.171  2672
690  208  2025-06-08 18-10-55  2336  24578.3  4.49818e-13  233.182  2672
691  208  2025-06-08 18-10-55  2337.6  24590.5  4.5056e-13  233.193  2672
692  208  2025-06-08 18-10-55  2339.2  24602.6  4.51302e-13  233.204  2672
693  208  2025-06-08 18-10-55  2340.8  24614.7  4.52045e-13  233.214  2672
694  208  2025-06-08 18-10-55  2342.4  24626.8  4.52787e-13  233.225  2672
695  208  2025-06-08 18-10-55  2344  24638.9  4.53529e-13  233.236  2672
696  208  2025-06-08 18-10-55  2345.6  24651.1  4.54272e-13  233.246  2672
697  208  2025-06-08 18-10-55  2347.2  24663.2  4.55014e-13  233.257  2672
698  208  2025-06-08 18-10-55  2348.8  24675.3  4.55757e-13  233.268  2672
699  208  2025-06-08 18-10-55  2350.4  24687.4  4.56499e-13  233.278  2672
700  208  2025-06-08 18-10-55  2352  24699.6  4.57242e-13  233.289  2672
701  208  2025-06-08 18-10-55  2353.6  24711.7  4.57985e-13  233.3  2672
702  208  2025-06-08 18-10-55  2355.2  24723.8  4.58727e-13  233.31  2672
703  208  2025-06-08 18-10-55  2356.8  24736  4.5947e-13  233.321  2672
704  208  2025-06-08 18-10-55  2358.4  24748.1  4.60213e-13  233.331  2672
705  208  2025-06-08 18-10-55  2360  24760.2  4.60956e-13  233.342  2672
706  208  2025-06-08 18-10-55  2361.6  24772.4  4.61699e-13  233.352  2672
707  208  2025-06-08 18-10-55  2363.2  24784.5  4.62442e-13  233.363  2672
708  208  2025-06-08 18-10-55  2364.8  24796.6  4.63185e-13  233.373  2672
709  208  2025-06-08 18-10-55  2366.4  24808.8  4.63929e-13  233.383  2672
710  208  2025-06-08 18-10-55  2368  24820.9  4.64672e-13  233.394  2672
711  208  2025-06-08 18-10-55  2369.6  24833.1  4.65415e-13  233.404  2672
712  208  2025-06-08 18-10-55  2371.2  24845.2  4.66159e-13  233.414  2672
713  208  2025-06-08 18-10-55  2372.8  24857.3  4.66902e-13  233.425  2672
714  208  2025-06-08 18-10-55  2374.4  24869.5  4.67646e-13  233.435  2672
715  208  2025-06-08 18-10-55  2376  24881.6  4.68389e-13  233.445  2672
716  208  2025-06-08 18-10-55  2377.6  24893.8  4.69133e-13  233.456  2672
717  208  2025-06-08 18-10-55  2379.2  24905.9  4.69877e-13  233.466  2672
718  208  2025-06-08 18-10-55  2380.8  24918.1  4.70621e-13  233.476  2672
719  208  2025-06-08 18-10-55  2382.4  24930.2  4.71365e-13  233.486  2672
720  208  2025-06-08 18-10-55  2384  24942.4  4.72108e-13  233.497  2672
721  208  2025-06-08 18-10-55  2385.6  24954.5  4.72852e-13  233.507  2672
722  208  2025-06-08 18-10-55  2387.2  24966.7  4.73597e-13  233.517  2672
723  208  2025-06-08 18-10-55  2388.8  24978.8  4.74341e-13  233.527  2672
724  208  2025-06-08 18-10-55  2390.4  24991  4.75085e-13  233.537  2672
725  208  2025-06-08 18-10-55  2392  25003.1  4.75829e-13  233.547  2672
726  208  2025-06-08 18-10-55  2393.6  25015.3  4.76573e-13  233.557  2672
727  208  2025-06-08 18-10-55  2395.2  25027.4  4.77318e-13  233.567  2672
728  208  2025-06-08 18-10-55  2396.8  25039.6  4.78062e-13  233.577  2672
729  208  2025-06-08 18-10-55  2398.4  25051.8  4.78807e-13  233.587  2672
730  208  2025-06-08 18-10-55  2400  25063.9  4.79551e-13  233.597  2672
731  208  2025-06-08 18-10-55  2401.6  25076.1  4.80296e-13  233.607  2672
732  208  2025-06-08 18-10-55  2403.2  25088.2  4.8104e-13  233.617  2672
733  208  2025-06-08 18-10-55  2404.8  25100.4  4.81785e-13  233.627  2672
734  208  2025-06-08 18-10-55  2406.4  25112.6  4.8253e-13  233.637  2672
735  208  2025-06-08 18-10-55  2408  25124.7  4.83275e-13  233.647  2672
736  208  2025-06-08 18-10-55  2409.6  25136.9  4.8402e-13  233.657  2672
737  208  2025-06-08 18-10-55  2411.2  25149.1  4.84765e-13  233.667  2672
738  208  2025-06-08 18-10-55  2412.8  25161.2  4.8551e-13  233.677  2672
739  208  2025-06-08 18-10-55  2414.4  25173.4  4.86255e-13  233.687  2672
740  208  2025-06-08 18-10-55  2416  25185.6  4.87e-13  233.696  2672
741  208  2025-06-08 18-10-55  2417.6  25197.7  4.87745e-13  233.706  2672
742  208  2025-06-08 18-10-55  2419.2  25209.9  4.8849e-13  233.716  2672
743  208  2025-06-08 18-10-55  2420.8  25222.1  4.89236e-13  233.726  2672
744  208  2025-06-08 18-10-55  2422.4  25234.3  4.89981e-13  233.736  2672
745  208  2025-06-08 18-10-55  2424  25246.4  4.90727e-13  233.745  2672
746  208  2025-06-08 18-10-55  2425.6  25258.6  4.91472e-13  233.755  2672
747  208  2025-06-08 18-10-55  2427.2  25270.8  4.92218e-13  233.765  2672
748  208  2025-06-08 18-10-55  2428.8  25283  4.92963e-13  233.774  2672
749  208  2025-06-08 18-10-55  2430.4  25295.1  4.93709e-13  233.784  2672
750  208  2025-06-08 18-10-55  2432  25307.3  4.94455e-13  233.794  2672
751  208  2025-06-08 18-10-55  2433.6  25319.5  4.95201e-13  233.803  2672
752  208  2025-06-08 18-10-55  2435.2  25331.7  4.95946e-13  233.813  2672
753  208  2025-06-08 18-10-55  2436.8  25343.9  4.96692e-13  233.823  2672
754  208  2025-06-08 18-10-55  2438.4  25356.1  4.97438e-13  233.832  2672
755  208  2025-06-08 18-10-55  2440  25368.2  4.98184e-13  233.842  2672
756  208  2025-06-08 18-10-55  2441.6  25380.4  4.9893e-13  233.851  2672
757  208  2025-06-08 18-10-55  2443.2  25392.6  4.99677e-13  233.861  2672
758  208  2025-06-08 18-10-55  2444.8  25404.8  5.00423e-13  233.87  2672
759  208  2025-06-08 18-10-55  2446.4  25417  5.01169e-13  233.88  2672
760  208  2025-06-08 18-10-55  2448  25429.2  5.01915e-13  233.889  2672
761  208  2025-06-08 18-10-55  2449.6  25441.4  5.02662e-13  233.899  2672
762  208  2025-06-08 18-10-55  2451.2  25453.6  5.03408e-13  233.908  2672
