SN    USVID    CurTime    simTime    CurX    CurY    CurVel      CurYaw   
0  128  2025-06-14 14-40-14  0  8  4.89843e-16  192  2672
1  128  2025-06-14 14-40-14  1.6  128.288  9.97306e-16  194.878  2672
2  128  2025-06-14 14-40-14  3.2  136.858  1.52207e-15  197.704  2672
3  128  2025-06-14 14-40-14  4.8  145.706  2.06383e-15  200.479  2672
4  128  2025-06-14 14-40-14  6.4  154.826  2.62228e-15  203.204  2672
5  128  2025-06-14 14-40-14  8  164.215  3.19711e-15  205.881  2672
6  128  2025-06-14 14-40-14  9.6  173.865  3.78804e-15  208.509  2672
7  128  2025-06-14 14-40-14  11.2  183.774  4.39477e-15  211.09  2672
8  128  2025-06-14 14-40-14  12.8  193.937  5.01702e-15  213.624  2672
9  128  2025-06-14 14-40-14  14.4  204.348  5.6545e-15  216.113  2672
10  128  2025-06-14 14-40-14  128  215.004  6.30695e-15  218.557  2672
11  128  2025-06-14 14-40-14  129.6  225.899  6.9741e-15  220.957  2672
12  128  2025-06-14 14-40-14  131.2  237.031  7.65568e-15  223.314  2672
13  128  2025-06-14 14-40-14  132.8  248.394  8.35143e-15  225.629  2672
14  128  2025-06-14 14-40-14  134.4  259.984  9.0611e-15  227.902  2672
15  128  2025-06-14 14-40-14  136  271.797  9.78444e-15  230.134  2672
16  128  2025-06-14 14-40-14  137.6  1403.83  1.05212e-14  232.326  2672
17  128  2025-06-14 14-40-14  139.2  1416.08  1.12711e-14  234.478  2672
18  128  2025-06-14 14-40-14  140.8  1428.54  1.2034e-14  236.592  2672
19  128  2025-06-14 14-40-14  142.4  1441.2  1.28096e-14  238.668  2672
20  128  2025-06-14 14-40-14  144  1454.07  1.35977e-14  240.706  2672
21  128  2025-06-14 14-40-14  145.6  1466.95  -0.090792  240.764  2678.46
22  128  2025-06-14 14-40-14  147.2  1479.83  -0.0916908  240.821  2672.06
23  128  2025-06-14 14-40-14  148.8  1492.72  -0.00171691  240.879  2665.6
24  128  2025-06-14 14-40-14  150.4  1505.61  -0.00171691  240.936  2672
25  128  2025-06-14 14-40-14  152  1518.51  -0.0926712  240.994  2678.46
26  128  2025-06-14 14-40-14  153.6  1531.42  -0.0935717  241.051  2672.06
27  128  2025-06-14 14-40-14  155.2  1544.33  -0.00343703  241.109  2665.6
28  128  2025-06-14 14-40-14  156.8  1557.24  -0.00343703  241.166  2672
29  128  2025-06-14 14-40-14  158.4  1570.17  -0.0945537  241.224  2678.46
30  128  2025-06-14 14-40-14  160  1583.1  -0.0954557  241.282  2672.06
31  128  2025-06-14 14-40-14  161.6  1596.03  -0.00516036  241.339  2665.6
32  128  2025-06-14 14-40-14  163.2  1608.97  -0.00516036  241.397  2672
33  128  2025-06-14 14-40-14  164.8  1621.91  -0.0964393  241.454  2678.46
34  128  2025-06-14 14-40-14  166.4  1634.86  -0.097343  241.512  2672.06
35  128  2025-06-14 14-40-14  168  1647.82  -0.0068869  241.569  2665.6
36  128  2025-06-14 14-40-14  169.6  1660.78  -0.0068869  241.627  2672
37  128  2025-06-14 14-40-14  171.2  1673.75  -0.0983282  241.684  2678.46
38  128  2025-06-14 14-40-14  172.8  1686.73  -0.0992335  241.742  2672.06
39  128  2025-06-14 14-40-14  174.4  1699.71  -0.00861666  241.8  2665.6
40  128  2025-06-14 14-40-14  176  1712.69  -0.00861666  241.857  2672
41  128  2025-06-14 14-40-14  177.6  1725.68  -0.10022  241.915  2678.46
42  128  2025-06-14 14-40-14  179.2  1738.68  -0.101127  241.972  2672.06
43  128  2025-06-14 14-40-14  180.8  1751.68  -0.0103496  242.03  2665.6
44  128  2025-06-14 14-40-14  182.4  1764.69  -0.0103496  242.087  2672
45  128  2025-06-14 14-40-14  184  1777.71  0.0814163  242.145  2665.54
46  128  2025-06-14 14-40-14  185.6  1790.73  0.0823248  242.202  2671.94
47  128  2025-06-14 14-40-14  187.2  1803.75  -0.00861345  242.26  2678.4
48  128  2025-06-14 14-40-14  188.8  1816.78  -0.00861345  242.318  2672
49  128  2025-06-14 14-40-14  190.4  1829.82  -0.100542  242.375  2678.46
50  128  2025-06-14 14-40-14  192  1843.05  -0.192898  244.347  2678.4
51  128  2025-06-14 14-40-14  193.6  1856.3  -0.192842  244.404  2672
52  128  2025-06-14 14-40-14  195.2  1869.54  -0.0993661  244.462  2665.53
53  128  2025-06-14 14-40-14  196.8  1882.79  -0.0983462  244.52  2671.93
54  128  2025-06-14 14-40-14  198.4  1896.05  -0.190787  244.577  2678.39
55  128  2025-06-14 14-40-14  200  1909.31  -0.190655  244.635  2671.99
56  128  2025-06-14 14-40-14  201.6  1922.58  -0.284065  244.692  2678.45
57  128  2025-06-14 14-40-14  203.2  1935.86  -0.284822  244.75  2672.05
58  128  2025-06-14 14-40-14  204.8  1949.14  -0.191916  244.807  2665.59
59  128  2025-06-14 14-40-14  206.4  1962.42  -0.191707  244.865  2671.99
60  128  2025-06-14 14-40-14  208  1975.72  -0.285203  244.922  2678.45
61  128  2025-06-14 14-40-14  209.6  1989.01  -0.285885  244.98  2672.05
62  128  2025-06-14 14-40-14  211.2  2002.32  -0.192742  245.038  2665.58
63  128  2025-06-14 14-40-14  212.8  2015.63  -0.192456  245.095  2671.98
64  128  2025-06-14 14-40-14  214.4  2028.94  -0.286038  245.153  2678.44
65  128  2025-06-14 14-40-14  216  2042.26  -0.286645  245.21  2672.04
66  128  2025-06-14 14-40-14  217.6  2055.59  -0.193264  245.268  2665.58
67  128  2025-06-14 14-40-14  219.2  2069.11  -0.0994854  247.187  2665.64
68  128  2025-06-14 14-40-14  220.8  2082.63  -0.100085  247.245  2672.04
69  128  2025-06-14 14-40-14  222.4  2096.16  -0.0052824  247.303  2665.58
70  128  2025-06-14 14-40-14  224  2109.7  -0.00493814  247.36  2671.98
71  128  2025-06-14 14-40-14  225.6  2123.24  -0.100078  247.418  2678.44
72  128  2025-06-14 14-40-14  227.2  2136.79  -0.100678  247.475  2672.04
73  128  2025-06-14 14-40-14  228.8  2150.34  -0.00571425  247.533  2665.58
74  128  2025-06-14 14-40-14  230.4  2163.9  -0.0053694  247.59  2671.98
75  128  2025-06-14 14-40-14  232  2177.46  -0.100671  247.648  2678.44
76  128  2025-06-14 14-40-14  233.6  2191.03  -0.101272  247.705  2672.04
77  128  2025-06-14 14-40-14  235.2  2204.61  -0.00614696  247.763  2665.58
78  128  2025-06-14 14-40-14  236.8  2218.19  -0.00580153  247.821  2671.98
79  128  2025-06-14 14-40-14  238.4  2231.78  -0.101264  247.878  2678.44
80  128  2025-06-14 14-40-14  240  2245.56  -0.197047  249.751  2678.37
81  128  2025-06-14 14-40-14  241.6  2259.32  -0.293712  249.665  2678.44
82  128  2025-06-14 14-40-14  243.2  2273.08  -0.391258  249.578  2678.5
83  128  2025-06-14 14-40-14  244.8  2286.83  -0.489683  249.492  2678.56
84  128  2025-06-14 14-40-14  246.4  2300.57  -0.588988  249.406  2678.63
85  128  2025-06-14 14-40-14  248  2314.3  -0.689169  249.319  2678.69
86  128  2025-06-14 14-40-14  249.6  2328.02  -0.790227  249.233  2678.75
87  128  2025-06-14 14-40-14  251.2  2341.93  -0.891515  251.081  2678.68
88  128  2025-06-14 14-40-14  252.8  2355.83  -0.993669  250.995  2678.74
89  128  2025-06-14 14-40-14  254.4  2369.72  -1.09669  250.909  2678.8
90  128  2025-06-14 14-40-14  256  2383.6  -1.20057  250.822  2678.86
91  128  2025-06-14 14-40-14  257.6  2397.47  -1.30532  250.736  2678.92
92  128  2025-06-14 14-40-14  259.2  2411.34  -1.41092  250.65  2678.98
93  128  2025-06-14 14-40-14  260.8  2425.39  -1.51667  252.473  2678.9
94  128  2025-06-14 14-40-14  262.4  2439.42  -1.62328  252.386  2678.96
95  128  2025-06-14 14-40-14  264  2453.45  -1.73073  252.3  2679.02
96  128  2025-06-14 14-40-14  265.6  2467.47  -1.83903  252.214  2679.08
97  128  2025-06-14 14-40-14  267.2  2481.49  -1.94819  252.127  2679.14
98  128  2025-06-14 14-40-14  268.8  2495.68  -2.0574  253.924  2679.05
99  128  2025-06-14 14-40-14  270.4  2509.86  -2.16746  253.837  2679.11
100  128  2025-06-14 14-40-14  1392  2524.04  -2.27834  253.751  2679.17
101  128  2025-06-14 14-40-14  1393.6  2538.2  -2.39007  253.665  2679.23
102  128  2025-06-14 14-40-14  1395.2  2552.36  -2.50263  253.578  2679.29
103  128  2025-06-14 14-40-14  1396.8  2566.51  -2.61602  253.492  2679.35
104  128  2025-06-14 14-40-14  1398.4  2580.84  -2.72939  255.264  2679.25
105  128  2025-06-14 14-40-14  1400  2595.15  -2.84357  255.177  2679.31
106  128  2025-06-14 14-40-14  1401.6  2609.46  -2.95858  255.091  2679.37
107  128  2025-06-14 14-40-14  1403.2  2623.76  -3.0744  255.005  2679.43
108  128  2025-06-14 14-40-14  1404.8  2638.05  -3.19104  254.918  2679.48
109  128  2025-06-14 14-40-14  1406.4  2652.33  -3.30851  254.832  2679.54
110  128  2025-06-14 14-40-14  1408  2666.79  -3.42584  256.58  2679.44
111  128  2025-06-14 14-40-14  1409.6  2681.24  -3.54398  256.493  2679.5
112  128  2025-06-14 14-40-14  1411.2  2695.68  -3.66292  256.407  2679.55
113  128  2025-06-14 14-40-14  1412.8  2710.11  -3.78266  256.321  2679.61
114  128  2025-06-14 14-40-14  1414.4  2724.54  -3.90321  256.234  2679.66
115  128  2025-06-14 14-40-14  1416  2739.13  -4.02354  257.957  2679.56
116  128  2025-06-14 14-40-14  1417.6  2753.72  -4.14465  257.87  2679.61
117  128  2025-06-14 14-40-14  1419.2  2768.3  -4.26655  257.784  2679.67
118  128  2025-06-14 14-40-14  1420.8  2782.86  -4.38924  257.698  2679.72
119  128  2025-06-14 14-40-14  1422.4  2797.43  -4.5127  257.611  2679.77
120  128  2025-06-14 14-40-14  1424  2811.98  -4.63695  257.525  2679.83
121  128  2025-06-14 14-40-14  1425.6  2826.7  -4.76089  259.224  2679.72
122  128  2025-06-14 14-40-14  1427.2  14041.4  -4.88559  259.138  2679.77
123  128  2025-06-14 14-40-14  1428.8  14056.1  -5.01106  259.052  2679.82
124  128  2025-06-14 14-40-14  1430.4  14070.8  -5.13729  258.965  2679.87
125  128  2025-06-14 14-40-14  1432  14085.5  -5.26429  258.879  2679.93
126  128  2025-06-14 14-40-14  1433.6  14100.4  -5.39088  260.554  2679.81
127  128  2025-06-14 14-40-14  1435.2  14115.2  -5.51823  260.468  2679.86
128  128  2025-06-14 14-40-14  1436.8  14130  -5.64631  260.381  2679.91
129  128  2025-06-14 14-40-14  1438.4  14144.9  -5.77514  260.295  2679.96
130  128  2025-06-14 14-40-14  1440  14159.7  -5.90471  260.209  2680.01
131  128  2025-06-14 14-40-14  1441.6  14174.7  -6.0338  261.86  2679.9
132  128  2025-06-14 14-40-14  1443.2  14189.7  -6.16361  261.773  2679.95
133  128  2025-06-14 14-40-14  1444.8  14204.6  -6.29415  261.687  2679.99
134  128  2025-06-14 14-40-14  1446.4  14219.6  -6.4254  261.601  2680.04
135  128  2025-06-14 14-40-14  1448  14234.5  -6.55739  261.514  2680.09
136  128  2025-06-14 14-40-14  1449.6  14249.6  -6.68879  263.142  2679.97
137  128  2025-06-14 14-40-14  1451.2  14264.7  -6.8209  263.055  2680.02
138  128  2025-06-14 14-40-14  1452.8  14279.8  -6.95371  262.969  2680.06
139  128  2025-06-14 14-40-14  1454.4  14294.9  -7.08722  262.883  2680.11
140  128  2025-06-14 14-40-14  1456  14310  -7.22144  262.796  2680.16
141  128  2025-06-14 14-40-14  1457.6  14325.3  -7.35499  264.401  2680.03
142  128  2025-06-14 14-40-14  1459.2  14340.5  -7.48922  264.314  2680.08
143  128  2025-06-14 14-40-14  1460.8  14355.7  -7.62413  264.228  2680.12
144  128  2025-06-14 14-40-14  1462.4  14370.9  -7.75971  264.142  2680.17
145  128  2025-06-14 14-40-14  1464  14386.1  -7.89598  264.055  2680.22
146  128  2025-06-14 14-40-14  1465.6  14401.5  -8.0315  265.637  2680.09
147  128  2025-06-14 14-40-14  1467.2  14416.8  -8.16767  265.551  2680.13
148  128  2025-06-14 14-40-14  1468.8  14432.2  -8.3045  265.465  2680.17
149  128  2025-06-14 14-40-14  1470.4  14447.5  -8.44198  265.378  2680.22
150  128  2025-06-14 14-40-14  1472  14462.9  -8.58012  265.292  2680.26
151  128  2025-06-14 14-40-14  1473.6  14478.3  -8.71743  266.851  2680.13
152  128  2025-06-14 14-40-14  1475.2  14493.8  -8.85536  266.765  2680.17
153  128  2025-06-14 14-40-14  1476.8  14509.3  -8.99392  266.679  2680.21
154  128  2025-06-14 14-40-14  1478.4  14524.7  -9.13312  266.592  2680.25
155  128  2025-06-14 14-40-14  1480  14540.2  -9.27294  266.506  2680.3
156  128  2025-06-14 14-40-14  1481.6  14555.8  -9.41184  268.044  2680.16
157  128  2025-06-14 14-40-14  1483.2  14571.4  -9.55135  267.958  2680.2
158  128  2025-06-14 14-40-14  1484.8  14587  -9.69146  267.871  2680.24
159  128  2025-06-14 14-40-14  1486.4  14602.6  -9.83218  267.785  2680.28
160  128  2025-06-14 14-40-14  1488  14618.1  -9.97351  267.699  2680.32
161  128  2025-06-14 14-40-14  1489.6  14633.8  -10.1138  269.215  2680.18
162  128  2025-06-14 14-40-14  1491.2  14649.6  -10.2547  269.128  2680.22
163  128  2025-06-14 14-40-14  1492.8  14665.3  -10.3962  269.042  2680.26
164  128  2025-06-14 14-40-14  1494.4  14681  -10.5383  268.956  2680.3
165  128  2025-06-14 14-40-14  1496  14696.6  -10.6809  268.869  2680.34
166  128  2025-06-14 14-40-14  1497.6  14712.5  -10.8224  270.365  2680.19
167  128  2025-06-14 14-40-14  1499.2  14728.3  -10.9645  270.278  2680.23
168  128  2025-06-14 14-40-14  1500.8  14744.1  -11.1072  270.192  2680.27
169  128  2025-06-14 14-40-14  1502.4  14759.9  -11.2504  270.106  2680.3
170  128  2025-06-14 14-40-14  1504  14775.9  -11.3924  271.579  2680.16
171  128  2025-06-14 14-40-14  1505.6  14791.8  -11.535  271.492  2680.19
172  128  2025-06-14 14-40-14  1507.2  14807.8  -11.6781  271.406  2680.23
173  128  2025-06-14 14-40-14  1508.8  14823.7  -11.8217  271.32  2680.26
174  128  2025-06-14 14-40-14  1510.4  14839.6  -11.9659  271.233  2680.3
175  128  2025-06-14 14-40-14  1512  14855.7  -12.1088  1392.69  2680.15
176  128  2025-06-14 14-40-14  1513.6  14871.8  -12.2522  1392.6  2680.19
177  128  2025-06-14 14-40-14  1515.2  14887.8  -12.3961  1392.51  2680.22
178  128  2025-06-14 14-40-14  1516.8  14903.8  -12.5405  1392.43  2680.25
179  128  2025-06-14 14-40-14  1518.4  14919.9  -12.6854  1392.34  2680.29
180  128  2025-06-14 14-40-14  1520  14936.1  -12.829  1393.77  2680.14
181  128  2025-06-14 14-40-14  1521.6  14952.2  -12.973  1393.69  2680.17
182  128  2025-06-14 14-40-14  1523.2  14968.4  -13.1175  1393.6  2680.2
183  128  2025-06-14 14-40-14  1524.8  14984.5  -13.2625  1393.51  2680.23
184  128  2025-06-14 14-40-14  1526.4  15000.8  -13.4061  1394.93  2680.08
185  128  2025-06-14 14-40-14  1528  15017.1  -13.5502  1394.84  2680.11
186  128  2025-06-14 14-40-14  1529.6  15033.4  -13.6947  1394.75  2680.14
187  128  2025-06-14 14-40-14  1531.2  15049.7  -13.8396  1394.67  2680.17
188  128  2025-06-14 14-40-14  1532.8  15065.9  -14.1572  1394.72  2689.89
189  128  2025-06-14 14-40-14  1534.4  15082.2  -14.6488  1394.64  2699.72
190  128  2025-06-14 14-40-14  1536  15098.4  -15.3159  1394.55  2709.63
191  128  2025-06-14 14-40-14  1537.6  15114.6  -128.16  1394.47  2719.65
192  128  2025-06-14 14-40-14  1539.2  15130.9  -129.182  1394.38  2729.76
193  128  2025-06-14 14-40-14  1540.8  15147  -130.384  1394.29  2739.96
194  128  2025-06-14 14-40-14  1542.4  15163.4  -131.607  1395.69  2740.57
195  128  2025-06-14 14-40-14  1544  15179.8  -132.852  1397.06  2741.17
196  128  2025-06-14 14-40-14  1545.6  15196.4  -134.117  1398.41  2741.78
197  128  2025-06-14 14-40-14  1547.2  15213.1  -135.404  1399.73  2742.38
198  128  2025-06-14 14-40-14  1548.8  15230  -136.711  1401.03  2742.99
199  128  2025-06-14 14-40-14  1550.4  15247  -138.04  1402.31  2743.59
200  128  2025-06-14 14-40-14  1552  15264.1  -139.39  1403.56  2744.2
201  128  2025-06-14 14-40-14  1553.6  15281.3  -140.761  1404.8  2744.81
202  128  2025-06-14 14-40-14  1555.2  15298.6  -142.153  1406  2745.41
203  128  2025-06-14 14-40-14  1556.8  15316.1  -143.566  1407.19  2746.02
204  128  2025-06-14 14-40-14  1558.4  15333.7  -145  1408.36  2746.62
205  128  2025-06-14 14-40-14  1560  15351.4  -146.455  1409.5  2747.23
206  128  2025-06-14 14-40-14  1561.6  15369.2  -147.93  1410.63  2747.83
207  128  2025-06-14 14-40-14  1563.2  15387.1  -149.427  1411.73  2748.44
208  128  2025-06-14 14-40-14  1564.8  15405.1  -150.945  1412.81  2749.04
209  128  2025-06-14 14-40-14  1566.4  15423.2  -152.484  1413.88  2749.65
210  128  2025-06-14 14-40-14  1568  15441.4  -154.043  1414.92  2750.25
211  128  2025-06-14 14-40-14  1569.6  15459.8  -155.624  1415.95  2750.86
212  128  2025-06-14 14-40-14  1571.2  15478.2  -157.225  1416.96  2751.47
213  128  2025-06-14 14-40-14  1572.8  15496.7  -158.847  1417.95  2752.07
214  128  2025-06-14 14-40-14  1574.4  15515.3  -160.49  1418.92  2752.68
215  128  2025-06-14 14-40-14  1576  15534.1  -162.154  1419.87  2753.28
216  128  2025-06-14 14-40-14  1577.6  15552.9  -163.838  1420.81  2753.89
217  128  2025-06-14 14-40-14  1579.2  15571.8  -165.543  1421.73  2754.49
218  128  2025-06-14 14-40-14  1580.8  15590.7  -167.269  1422.64  2755.1
219  128  2025-06-14 14-40-14  1582.4  15609.8  -169.015  1423.53  2755.7
220  128  2025-06-14 14-40-14  1584  15629  -170.782  1424.4  2756.31
221  128  2025-06-14 14-40-14  1585.6  15648.2  -172.569  1425.25  2756.91
222  128  2025-06-14 14-40-14  1587.2  15667.5  -174.377  1426.09  2757.52
223  128  2025-06-14 14-40-14  1588.8  15687  -176.206  1426.92  2758.13
224  128  2025-06-14 14-40-14  1590.4  15706.4  -178.055  1427.73  2758.73
225  128  2025-06-14 14-40-14  1592  15726  -179.924  1428.53  2759.34
226  128  2025-06-14 14-40-14  1593.6  15745.6  -181.814  1429.31  2759.94
227  128  2025-06-14 14-40-14  1595.2  15765.4  -183.725  1430.08  2760.55
228  128  2025-06-14 14-40-14  1596.8  15785.1  -185.655  1430.83  2761.15
229  128  2025-06-14 14-40-14  1598.4  15805  -187.606  1431.57  2761.76
230  128  2025-06-14 14-40-14  1600  15824.9  -189.577  1432.3  2762.36
231  128  2025-06-14 14-40-14  1601.6  15844.9  -191.569  1433.01  2762.97
232  128  2025-06-14 14-40-14  1603.2  15865  -193.58  1433.71  2763.57
233  128  2025-06-14 14-40-14  1604.8  15885.1  -195.612  1434.4  2764.18
234  128  2025-06-14 14-40-14  1606.4  15905.4  -197.664  1435.08  2764.79
235  128  2025-06-14 14-40-14  1608  15925.6  -199.736  1435.74  2765.39
236  128  2025-06-14 14-40-14  1609.6  15946  -201.828  1436.39  2766
237  128  2025-06-14 14-40-14  1611.2  15966.3  -203.94  1437.03  2766.6
238  128  2025-06-14 14-40-14  1612.8  15986.8  -206.072  1437.66  2767.21
239  128  2025-06-14 14-40-14  1614.4  16007.3  -208.224  1438.28  2767.81
240  128  2025-06-14 14-40-14  1616  16027.9  -210.396  1438.89  2768.42
241  128  2025-06-14 14-40-14  1617.6  16048.5  -212.588  1439.48  2769.02
242  128  2025-06-14 14-40-14  1619.2  16069.2  -214.8  1440.07  2769.63
243  128  2025-06-14 14-40-14  1620.8  16090  -217.031  1440.64  2770.23
244  128  2025-06-14 14-40-14  1622.4  16110.8  -219.282  1441.21  2770.84
245  128  2025-06-14 14-40-14  1624  16131.6  -221.553  1441.76  2771.45
246  128  2025-06-14 14-40-14  1625.6  16152.5  -223.844  1442.3  2772.05
247  128  2025-06-14 14-40-14  1627.2  16173.5  -226.154  1442.84  2772.66
248  128  2025-06-14 14-40-14  1628.8  16194.5  -228.484  1443.36  2773.26
249  128  2025-06-14 14-40-14  1630.4  16215.5  -230.834  1443.88  2773.87
250  128  2025-06-14 14-40-14  1632  16236.6  -233.203  1444.38  2774.47
251  128  2025-06-14 14-40-14  1633.6  16257.8  -235.592  1444.88  2775.08
252  128  2025-06-14 14-40-14  1635.2  16279  -238  1445.37  2775.68
253  128  2025-06-14 14-40-14  1636.8  16300.2  -240.427  1445.85  2776.29
254  128  2025-06-14 14-40-14  1638.4  16321.5  -242.874  1446.32  2776.89
255  128  2025-06-14 14-40-14  1640  16342.9  -245.341  1446.78  2777.5
256  128  2025-06-14 14-40-14  1641.6  16364.3  -247.826  1447.23  2778.11
257  128  2025-06-14 14-40-14  1643.2  16385.7  -250.331  1447.68  2778.71
258  128  2025-06-14 14-40-14  1644.8  16407.1  -252.855  1448.12  2779.32
259  128  2025-06-14 14-40-14  1646.4  16428.6  -255.399  1448.55  2779.92
260  128  2025-06-14 14-40-14  1648  16450.2  -257.961  1448.97  2780.53
261  128  2025-06-14 14-40-14  1649.6  16471.8  -260.543  1449.38  2781.13
262  128  2025-06-14 14-40-14  1651.2  16493.4  -263.144  1449.79  2781.74
263  128  2025-06-14 14-40-14  1652.8  16515.1  -265.764  1450.19  2782.34
264  128  2025-06-14 14-40-14  1654.4  16536.8  -268.403  1450.58  2782.95
265  128  2025-06-14 14-40-14  1656  16558.5  -271.061  1450.97  2783.56
266  128  2025-06-14 14-40-14  1657.6  16580.3  -1393.74  1451.34  2784.16
267  128  2025-06-14 14-40-14  1659.2  16602.1  -1396.43  1451.72  2784.77
268  128  2025-06-14 14-40-14  1660.8  16623.9  -1399.15  1452.08  2785.37
269  128  2025-06-14 14-40-14  1662.4  16645.8  -1401.88  1452.44  2785.98
270  128  2025-06-14 14-40-14  1664  16667.7  -1404.63  1452.79  2786.58
271  128  2025-06-14 14-40-14  1665.6  16689.6  -1407.41  1453.14  2787.19
272  128  2025-06-14 14-40-14  1667.2  16711.6  -1410.2  1453.48  2787.79
273  128  2025-06-14 14-40-14  1668.8  16733.6  -1413  1453.81  2788.4
274  128  2025-06-14 14-40-14  1670.4  16755.6  -1415.83  1454.14  2789
275  128  2025-06-14 14-40-14  1672  16777.7  -1418.68  1454.46  2789.61
276  128  2025-06-14 14-40-14  1673.6  16799.8  -1421.54  1454.77  2790.22
277  128  2025-06-14 14-40-14  1675.2  16821.9  -1424.43  1455.08  2790.82
278  128  2025-06-14 14-40-14  1676.8  16844.1  -1427.33  1455.39  2791.43
279  128  2025-06-14 14-40-14  1678.4  16866.2  -1430.25  1455.69  2792.03
280  128  2025-06-14 14-40-14  1680  16888.4  -1433.19  1455.98  2792.64
281  128  2025-06-14 14-40-14  1681.6  16910.7  -1436.14  1456.27  2793.24
282  128  2025-06-14 14-40-14  1683.2  16932.9  -1439.12  1456.55  2793.85
283  128  2025-06-14 14-40-14  1684.8  16955.2  -1442.12  1456.83  2794.45
284  128  2025-06-14 14-40-14  1686.4  16977.5  -1445.13  1457.1  2795.06
285  128  2025-06-14 14-40-14  1688  16999.8  -1448.16  1457.37  2795.66
286  128  2025-06-14 14-40-14  1689.6  17022.2  -1451.21  1457.63  2796.27
287  128  2025-06-14 14-40-14  1691.2  17044.6  -1454.28  1457.89  2796.88
288  128  2025-06-14 14-40-14  1692.8  17067  -1457.36  1458.14  2797.48
289  128  2025-06-14 14-40-14  1694.4  17089.4  -1460.47  1458.39  2798.09
290  128  2025-06-14 14-40-14  1696  17111.9  -1463.59  1458.64  2798.69
291  128  2025-06-14 14-40-14  1697.6  17134.3  -1466.73  1458.88  2799.3
292  128  2025-06-14 14-40-14  1699.2  17156.8  -1469.89  1459.11  2799.9
293  128  2025-06-14 14-40-14  1700.8  17179.3  -1473.06  1459.35  2800.51
294  128  2025-06-14 14-40-14  1702.4  17201.9  -1476.26  1459.57  2801.11
295  128  2025-06-14 14-40-14  1704  17224.4  -1479.47  1459.8  2801.72
296  128  2025-06-14 14-40-14  1705.6  17247  -1482.7  1460.02  2802.32
297  128  2025-06-14 14-40-14  1707.2  17269.6  -1485.95  1460.23  2802.93
298  128  2025-06-14 14-40-14  1708.8  17292.2  -1489.22  1460.44  2803.54
299  128  2025-06-14 14-40-14  1710.4  17314.8  -1492.5  1460.65  2804.14
300  128  2025-06-14 14-40-14  1712  17337.5  -1495.8  1460.86  2804.75
301  128  2025-06-14 14-40-14  1713.6  17360.1  -1499.12  1461.06  2805.35
302  128  2025-06-14 14-40-14  1715.2  17382.8  -1502.46  1461.25  2805.96
303  128  2025-06-14 14-40-14  1716.8  17405.5  -1505.82  1461.45  2806.56
304  128  2025-06-14 14-40-14  1718.4  17428.2  -1509.19  1461.64  2807.17
305  128  2025-06-14 14-40-14  1720  17450.9  -1512.58  1461.82  2807.77
306  128  2025-06-14 14-40-14  1721.6  17473.7  -1515.99  1462.01  2808.38
307  128  2025-06-14 14-40-14  1723.2  17496.5  -1519.42  1462.19  2808.98
308  128  2025-06-14 14-40-14  1724.8  17519.2  -1522.86  1462.36  2809.59
309  128  2025-06-14 14-40-14  1726.4  17542  -1526.32  1462.54  2810.2
310  128  2025-06-14 14-40-14  1728  17564.8  -1529.8  1462.71  2810.8
311  128  2025-06-14 14-40-14  1729.6  17587.7  -1533.3  1462.87  2811.41
312  128  2025-06-14 14-40-14  1731.2  17610.5  -1536.82  1463.04  2812.01
313  128  2025-06-14 14-40-14  1732.8  17633.3  -1540.35  1463.2  2812.62
314  128  2025-06-14 14-40-14  1734.4  17656.2  -1543.9  1463.36  2813.22
315  128  2025-06-14 14-40-14  1736  17679.1  -1547.47  1463.51  2813.83
316  128  2025-06-14 14-40-14  1737.6  17702  -1551.05  1463.66  2814.43
317  128  2025-06-14 14-40-14  1739.2  17724.9  -1554.65  1463.81  2815.04
318  128  2025-06-14 14-40-14  1740.8  17747.8  -1558.27  1463.96  2815.64
319  128  2025-06-14 14-40-14  1742.4  17770.7  -1561.91  1464.11  2816.25
320  128  2025-06-14 14-40-14  1744  17793.6  -1565.56  1464.25  2816.86
321  128  2025-06-14 14-40-14  1745.6  17816.6  -1569.24  1464.39  2817.46
322  128  2025-06-14 14-40-14  1747.2  17839.5  -1572.93  1464.52  2818.07
323  128  2025-06-14 14-40-14  1748.8  17862.5  -1576.63  1464.66  2818.67
324  128  2025-06-14 14-40-14  1750.4  17885.5  -1580.36  1464.79  2819.28
325  128  2025-06-14 14-40-14  1752  17908.5  -1584.1  1464.92  2819.88
326  128  2025-06-14 14-40-14  1753.6  17931.5  -1587.86  1465.05  2820.49
327  128  2025-06-14 14-40-14  1755.2  17954.5  -1591.63  1465.17  2821.09
328  128  2025-06-14 14-40-14  1756.8  17977.5  -1595.42  1465.3  2821.7
329  128  2025-06-14 14-40-14  1758.4  18000.5  -1599.23  1465.42  2822.31
330  128  2025-06-14 14-40-14  1760  18023.6  -1603.06  1465.53  2822.91
331  128  2025-06-14 14-40-14  1761.6  18046.6  -1606.91  1465.65  2823.52
332  128  2025-06-14 14-40-14  1763.2  18069.7  -1610.77  1465.77  2824.12
333  128  2025-06-14 14-40-14  1764.8  18092.7  -1614.65  1465.88  2824.73
334  128  2025-06-14 14-40-14  1766.4  18115.8  -1618.54  1465.99  2825.33
335  128  2025-06-14 14-40-14  1768  18138.9  -1622.45  1466.1  2825.94
336  128  2025-06-14 14-40-14  1769.6  18162  -1626.38  1466.2  2826.54
337  128  2025-06-14 14-40-14  1771.2  18185.1  -1630.33  1466.31  2827.15
338  128  2025-06-14 14-40-14  1772.8  18208.2  -1634.29  1466.41  2827.75
339  128  2025-06-14 14-40-14  1774.4  18231.3  -1638.27  1466.51  2828.36
340  128  2025-06-14 14-40-14  1776  18254.4  -1642.27  1466.61  2828.97
341  128  2025-06-14 14-40-14  1777.6  18277.5  -1646.28  1466.71  2829.57
342  128  2025-06-14 14-40-14  1779.2  18300.7  -1650.32  1466.8  2830.18
343  128  2025-06-14 14-40-14  1780.8  18323.8  -1654.36  1466.89  2830.78
344  128  2025-06-14 14-40-14  1782.4  18346.9  -1658.43  1466.99  2831.39
345  128  2025-06-14 14-40-14  1784  18370.1  -1662.51  1467.08  2831.99
346  128  2025-06-14 14-40-14  1785.6  18393.3  -1666.61  1467.16  14032.6
347  128  2025-06-14 14-40-14  1787.2  18416.4  -1670.73  1467.25  14033.2
348  128  2025-06-14 14-40-14  1788.8  18439.6  -1674.86  1467.34  14033.8
349  128  2025-06-14 14-40-14  1790.4  18462.8  -1679.01  1467.42  14034.4
350  128  2025-06-14 14-40-14  1792  18485.9  -1683.17  1467.5  14035
351  128  2025-06-14 14-40-14  1793.6  18509.1  -1687.36  1467.58  14035.6
352  128  2025-06-14 14-40-14  1795.2  18532.3  -1691.55  1467.66  14036.2
353  128  2025-06-14 14-40-14  1796.8  18555.5  -1695.77  1467.74  14036.8
354  128  2025-06-14 14-40-14  1798.4  18578.7  -1700  1467.82  14037.4
355  128  2025-06-14 14-40-14  1800  18601.9  -1704.25  1467.89  14038
356  128  2025-06-14 14-40-14  1801.6  18625.1  -1708.52  1467.97  14038.7
357  128  2025-06-14 14-40-14  1803.2  18648.3  -1712.8  1468.04  14039.3
358  128  2025-06-14 14-40-14  1804.8  18671.5  -1717.1  1468.11  14039.9
359  128  2025-06-14 14-40-14  1806.4  18694.8  -1721.42  1468.18  14040.5
360  128  2025-06-14 14-40-14  1808  18718  -1725.75  1468.25  14041.1
361  128  2025-06-14 14-40-14  1809.6  18741.2  -1730.1  1468.32  14041.7
362  128  2025-06-14 14-40-14  1811.2  18764.4  -1734.46  1468.38  14042.3
363  128  2025-06-14 14-40-14  1812.8  18787.7  -1738.85  1468.45  14042.9
364  128  2025-06-14 14-40-14  1814.4  18810.9  -1743.24  1468.51  14043.5
365  128  2025-06-14 14-40-14  1816  18834.2  -1747.66  1468.57  14044.1
366  128  2025-06-14 14-40-14  1817.6  18857.4  -1752.09  1468.64  14044.7
367  128  2025-06-14 14-40-14  1819.2  18880.7  -1756.54  1468.7  14045.3
368  128  2025-06-14 14-40-14  1820.8  18903.9  -1761  1468.76  14045.9
369  128  2025-06-14 14-40-14  1822.4  18927.2  -1765.49  1468.81  14046.5
370  128  2025-06-14 14-40-14  1824  18950.4  -1769.98  1468.87  14047.1
371  128  2025-06-14 14-40-14  1825.6  18973.7  -1774.5  1468.93  14047.7
372  128  2025-06-14 14-40-14  1827.2  18996.9  -1779.03  1468.98  14048.3
373  128  2025-06-14 14-40-14  1828.8  19020.2  -1783.58  1469.04  14048.9
374  128  2025-06-14 14-40-14  1830.4  19043.5  -1788.14  1469.09  14049.6
375  128  2025-06-14 14-40-14  1832  19066.7  -1792.72  1469.14  14050.2
376  128  2025-06-14 14-40-14  1833.6  19090  -1797.31  1469.19  14050.8
377  128  2025-06-14 14-40-14  1835.2  19113.3  -1801.93  1469.25  14051.4
378  128  2025-06-14 14-40-14  1836.8  19136.5  -1806.56  1469.29  14052
379  128  2025-06-14 14-40-14  1838.4  19159.8  -1811.2  1469.34  14052.6
380  128  2025-06-14 14-40-14  1840  19183.1  -1815.86  1469.39  14053.2
381  128  2025-06-14 14-40-14  1841.6  19206.4  -1820.54  1469.44  14053.8
382  128  2025-06-14 14-40-14  1843.2  19229.7  -1825.23  1469.48  14054.4
383  128  2025-06-14 14-40-14  1844.8  19252.9  -1829.94  1469.53  14055
384  128  2025-06-14 14-40-14  1846.4  19276.2  -1834.67  1469.57  14055.6
385  128  2025-06-14 14-40-14  1848  19299.5  -1839.41  1469.62  14056.2
386  128  2025-06-14 14-40-14  1849.6  19322.8  -1844.17  1469.66  14056.8
387  128  2025-06-14 14-40-14  1851.2  19346.1  -1848.95  1469.7  14057.4
388  128  2025-06-14 14-40-14  1852.8  19369.4  -1853.74  1469.74  14058
389  128  2025-06-14 14-40-14  1854.4  19392.6  -1858.55  1469.78  14058.6
390  128  2025-06-14 14-40-14  1856  19415.9  -1863.37  1469.82  14059.2
391  128  2025-06-14 14-40-14  1857.6  19439.2  -1868.21  1469.86  14059.8
392  128  2025-06-14 14-40-14  1859.2  19462.5  -1873.07  1469.9  14060.4
393  128  2025-06-14 14-40-14  1860.8  19485.8  -1877.94  1469.94  14061.1
394  128  2025-06-14 14-40-14  1862.4  19509.1  -1882.83  1469.98  14061.7
395  128  2025-06-14 14-40-14  1864  19532.4  -1887.73  1470.01  14062.3
396  128  2025-06-14 14-40-14  1865.6  19555.7  -1892.65  1470.05  14062.9
397  128  2025-06-14 14-40-14  1867.2  19579  -1897.59  1470.08  14063.5
398  128  2025-06-14 14-40-14  1868.8  19602.3  -1902.54  1470.12  14064.1
399  128  2025-06-14 14-40-14  1870.4  19625.5  -1907.51  1470.15  14064.7
400  128  2025-06-14 14-40-14  1872  19648.8  -1912.49  1470.19  14065.3
401  128  2025-06-14 14-40-14  1873.6  19672.1  -1917.5  1470.22  14065.9
402  128  2025-06-14 14-40-14  1875.2  19695.4  -1922.51  1470.25  14066.5
403  128  2025-06-14 14-40-14  1876.8  19718.7  -1927.55  1470.28  14067.1
404  128  2025-06-14 14-40-14  1878.4  19742  -1932.6  1470.31  14067.7
405  128  2025-06-14 14-40-14  1880  19765.3  -1937.66  1470.34  14068.3
406  128  2025-06-14 14-40-14  1881.6  19788.6  -1942.74  1470.37  14068.9
407  128  2025-06-14 14-40-14  1883.2  19811.9  -1947.84  1470.4  14069.5
408  128  2025-06-14 14-40-14  1884.8  19835.2  -1952.95  1470.43  14070.1
409  128  2025-06-14 14-40-14  1886.4  19858.4  -1958.08  1470.46  14070.7
410  128  2025-06-14 14-40-14  1888  19881.7  -1963.23  1470.49  14071.3
411  128  2025-06-14 14-40-14  1889.6  19905  -1968.39  1470.51  14072
412  128  2025-06-14 14-40-14  1891.2  19928.3  -1973.57  1470.54  14072.6
413  128  2025-06-14 14-40-14  1892.8  19951.6  -1978.76  1470.57  14073.2
414  128  2025-06-14 14-40-14  1894.4  19974.9  -1983.97  1470.59  14073.8
415  128  2025-06-14 14-40-14  1896  19998.2  -1989.19  1470.62  14074.4
416  128  2025-06-14 14-40-14  1897.6  20021.4  -1994.43  1470.64  14075
417  128  2025-06-14 14-40-14  1899.2  20044.7  -1999.69  1470.67  14075.6
418  128  2025-06-14 14-40-14  1900.8  20068  -2004.96  1470.69  14076.2
419  128  2025-06-14 14-40-14  1902.4  20091.3  -2010.25  1470.71  14076.8
420  128  2025-06-14 14-40-14  1904  20114.6  -2015.56  1470.74  14077.4
421  128  2025-06-14 14-40-14  1905.6  20137.8  -2020.88  1470.76  14078
422  128  2025-06-14 14-40-14  1907.2  20161.1  -2026.21  1470.78  14078.6
423  128  2025-06-14 14-40-14  1908.8  20184.4  -2031.56  1470.8  14079.2
424  128  2025-06-14 14-40-14  1910.4  20207.6  -2036.93  1470.83  14079.8
425  128  2025-06-14 14-40-14  1912  20230.9  -2042.32  1470.85  14080.4
426  128  2025-06-14 14-40-14  1913.6  20254.2  -2047.72  1470.87  14081
427  128  2025-06-14 14-40-14  1915.2  20277.5  -2053.13  1470.89  14081.6
428  128  2025-06-14 14-40-14  1916.8  20300.7  -2058.56  1470.91  14082.2
429  128  2025-06-14 14-40-14  1918.4  20324  -2064.01  1470.93  14082.9
430  128  2025-06-14 14-40-14  1920  20347.2  -2069.47  1470.95  14083.5
431  128  2025-06-14 14-40-14  1921.6  20370.5  -2074.95  1470.97  14084.1
432  128  2025-06-14 14-40-14  1923.2  20393.8  -2080.45  1470.98  14084.7
433  128  2025-06-14 14-40-14  1924.8  20417  -2085.96  1471  14085.3
434  128  2025-06-14 14-40-14  1926.4  20440.3  -2091.48  1471.02  14085.9
435  128  2025-06-14 14-40-14  1928  20463.5  -2097.02  1471.04  14086.5
436  128  2025-06-14 14-40-14  1929.6  20486.8  -2102.58  1471.06  14087.1
437  128  2025-06-14 14-40-14  1931.2  20510  -2108.16  1471.07  14087.7
438  128  2025-06-14 14-40-14  1932.8  20533.3  -2113.74  1471.09  14088.3
439  128  2025-06-14 14-40-14  1934.4  20556.5  -2119.35  1471.11  14088.9
440  128  2025-06-14 14-40-14  1936  20579.8  -2124.97  1471.12  14089.5
441  128  2025-06-14 14-40-14  1937.6  20603  -2130.61  1471.14  14090.1
442  128  2025-06-14 14-40-14  1939.2  20626.2  -2136.26  1471.15  14090.7
443  128  2025-06-14 14-40-14  1940.8  20649.5  -2141.76  1471.07  14084.9
444  128  2025-06-14 14-40-14  1942.4  20672.8  -2147.13  1471.08  14079.9
445  128  2025-06-14 14-40-14  1944  20696.1  -2152.38  1471.1  14074.9
446  128  2025-06-14 14-40-14  1945.6  20719.5  -2157.51  1471.12  14070
447  128  2025-06-14 14-40-14  1947.2  20742.9  -2162.51  1471.13  14065.1
448  128  2025-06-14 14-40-14  1948.8  20766.3  -2167.39  1471.15  14060.3
449  128  2025-06-14 14-40-14  1950.4  20789.7  -2172.14  1471.16  14055.5
450  128  2025-06-14 14-40-14  1952  20813.2  -2176.77  1471.18  14050.7
451  128  2025-06-14 14-40-14  1953.6  20836.7  -2181.29  1471.19  14046
452  128  2025-06-14 14-40-14  1955.2  20860.2  -2185.68  1471.21  14041.3
453  128  2025-06-14 14-40-14  1956.8  20883.7  -2189.95  1471.22  14036.7
454  128  2025-06-14 14-40-14  1958.4  20907.3  -2194.11  1471.24  14032.1
455  128  2025-06-14 14-40-14  1960  20930.9  -2198.15  1471.25  2827.51
456  128  2025-06-14 14-40-14  1961.6  20954.5  -2202.07  1471.26  2822.99
457  128  2025-06-14 14-40-14  1963.2  20978.1  -2205.88  1471.28  2818.51
458  128  2025-06-14 14-40-14  1964.8  21001.7  -2209.57  1471.29  2814.07
459  128  2025-06-14 14-40-14  1966.4  21025.4  -2213.15  1471.3  2809.67
460  128  2025-06-14 14-40-14  1968  21049.1  -2216.62  1471.31  2805.31
461  128  2025-06-14 14-40-14  1969.6  21072.8  -2219.91  1471.23  2798.58
462  128  2025-06-14 14-40-14  1971.2  21096.5  -2223.03  1471.14  2791.78
463  128  2025-06-14 14-40-14  1972.8  21120.2  -2225.97  1471.06  2784.92
464  128  2025-06-14 14-40-14  1974.4  21143.9  -2228.72  1470.97  2777.99
465  128  2025-06-14 14-40-14  1976  21167.7  -2231.3  1470.88  2771
466  128  2025-06-14 14-40-14  1977.6  21191.4  -2233.69  1470.8  2763.95
467  128  2025-06-14 14-40-14  1979.2  21215.2  -2235.89  1470.71  2756.83
468  128  2025-06-14 14-40-14  1980.8  21239  -2237.91  1470.62  2749.65
469  128  2025-06-14 14-40-14  1982.4  21262.8  -2239.74  1470.54  2742.4
470  128  2025-06-14 14-40-14  1984  21286.6  -2241.38  1470.45  2735.09
471  128  2025-06-14 14-40-14  1985.6  21310.4  -2242.83  1470.37  2727.72
472  128  2025-06-14 14-40-14  1987.2  21334.2  -2244.09  1470.28  2720.28
473  128  2025-06-14 14-40-14  1988.8  21357.9  -2245.14  1470.19  2712.78
474  128  2025-06-14 14-40-14  1990.4  21381.7  -2246.01  1470.11  2705.22
475  128  2025-06-14 14-40-14  1992  21405.5  -2246.67  1470.02  2697.59
476  128  2025-06-14 14-40-14  1993.6  21429.3  -2247.14  1469.93  2689.89
477  128  2025-06-14 14-40-14  1995.2  21453.1  -2247.4  1469.85  2682.14
478  128  2025-06-14 14-40-14  1996.8  21476.9  -2247.46  1469.76  2674.31
479  128  2025-06-14 14-40-14  1998.4  21500.6  -2247.31  1469.67  2666.43
480  128  2025-06-14 14-40-14  2000  21524.4  -2246.96  1469.59  2658.48
481  128  2025-06-14 14-40-14  2001.6  21548.1  -2246.41  1469.5  2650.47
482  128  2025-06-14 14-40-14  2003.2  21571.9  -2245.64  1469.42  2642.39
483  128  2025-06-14 14-40-14  2004.8  21595.6  -2244.66  1469.33  2634.25
484  128  2025-06-14 14-40-14  2006.4  21619.3  -2243.47  1469.24  2626.04
485  128  2025-06-14 14-40-14  2008  21643  -2242.07  1469.16  2617.77
486  128  2025-06-14 14-40-14  2009.6  21666.6  -2240.45  1469.07  2609.44
487  128  2025-06-14 14-40-14  2011.2  21690.2  -2238.62  1468.98  2601.04
488  128  2025-06-14 14-40-14  2012.8  21713.8  -2236.57  1468.9  2592.58
489  128  2025-06-14 14-40-14  2014.4  21737.4  -2234.3  1468.81  2584.05
490  128  2025-06-14 14-40-14  2016  21761  -2231.82  1468.72  2575.46
491  128  2025-06-14 14-40-14  2017.6  21784.5  -2229.11  1468.78  2566.81
492  128  2025-06-14 14-40-14  2019.2  21808  -2226.17  1468.84  2558.09
493  128  2025-06-14 14-40-14  2020.8  21831.4  -2223.01  1468.75  2549.31
494  128  2025-06-14 14-40-14  2022.4  21854.9  -2219.62  1468.81  2540.47
495  128  2025-06-14 14-40-14  2024  21878.3  -2216.01  1468.72  2531.56
496  128  2025-06-14 14-40-14  2025.6  21901.6  -2212.17  1468.78  2522.58
497  128  2025-06-14 14-40-14  2027.2  21925  -2208.1  1468.84  2513.54
498  128  2025-06-14 14-40-14  2028.8  21948.3  -2203.79  1468.75  2504.44
499  128  2025-06-14 14-40-14  2030.4  21971.5  -2199.26  1468.81  2495.28
500  128  2025-06-14 14-40-14  2032  21994.7  -2194.49  1468.72  2486.05
501  128  2025-06-14 14-40-14  2033.6  22017.8  -2189.48  1468.78  2476.75
502  128  2025-06-14 14-40-14  2035.2  22040.9  -2184.24  1468.84  2467.4
503  128  2025-06-14 14-40-14  2036.8  22064  -2178.76  1468.75  2457.98
504  128  2025-06-14 14-40-14  2038.4  22086.9  -2173.05  1468.81  2448.49
505  128  2025-06-14 14-40-14  2040  22109.8  -2167.09  1468.72  2438.94
506  128  2025-06-14 14-40-14  2041.6  22132.7  -2160.9  1468.78  2429.34
507  128  2025-06-14 14-40-14  2043.2  22155.5  -2154.46  1468.84  2419.74
508  128  2025-06-14 14-40-14  2044.8  22178.2  -2147.79  1468.75  2410.14
509  128  2025-06-14 14-40-14  2046.4  22200.9  -2140.88  1468.81  2400.54
510  128  2025-06-14 14-40-14  2048  22223.5  -2134.09  1468.72  2405.42
511  128  2025-06-14 14-40-14  2049.6  22246.3  -2127.43  1468.78  2410.38
512  128  2025-06-14 14-40-14  2051.2  22269  -2120.89  1468.84  2415.42
513  128  2025-06-14 14-40-14  2052.8  22291.8  -2114.47  1468.75  2420.54
514  128  2025-06-14 14-40-14  2054.4  22314.6  -2108.19  1468.81  2425.74
515  128  2025-06-14 14-40-14  2056  22337.5  -2102.04  1468.72  2431.02
516  128  2025-06-14 14-40-14  2057.6  22360.3  -2095.65  1468.78  2421.84
517  128  2025-06-14 14-40-14  2059.2  22383.1  -2089.4  1468.84  2427.13
518  128  2025-06-14 14-40-14  2060.8  22406  -2083.29  1468.75  2432.51
519  128  2025-06-14 14-40-14  2062.4  22428.8  -2076.95  1468.81  2423.42
520  128  2025-06-14 14-40-14  2064  22451.7  -2070.74  1468.72  2428.81
521  128  2025-06-14 14-40-14  2065.6  22474.6  -2064.67  1468.78  2434.28
522  128  2025-06-14 14-40-14  2067.2  22497.4  -2058.37  1468.84  2425.29
523  128  2025-06-14 14-40-14  2068.8  22520.2  -2052.17  1468.75  2429.16
524  128  2025-06-14 14-40-14  2070.4  22543.1  -2046.07  1468.67  2433.1
525  128  2025-06-14 14-40-14  2072  22566  -2040.07  1468.72  2437.1
526  128  2025-06-14 14-40-14  2073.6  22588.9  -2034.18  1468.78  2441.16
527  128  2025-06-14 14-40-14  2075.2  22611.9  -2028.38  1468.84  2445.29
528  128  2025-06-14 14-40-14  2076.8  22634.9  -2022.69  1468.75  2449.48
529  128  2025-06-14 14-40-14  2078.4  22657.9  -2017.1  1468.81  2453.74
530  128  2025-06-14 14-40-14  2080  22680.9  -2011.63  1468.72  2458.06
531  128  2025-06-14 14-40-14  2081.6  22704  -2006.26  1468.78  2462.44
532  128  2025-06-14 14-40-14  2083.2  22727.1  -2001.01  1468.84  2466.89
533  128  2025-06-14 14-40-14  2084.8  22750.2  -1995.87  1468.75  2471.4
534  128  2025-06-14 14-40-14  2086.4  22773.3  -1990.84  1468.81  2475.98
535  128  2025-06-14 14-40-14  2088  22796.5  -1985.94  1468.72  2480.62
536  128  2025-06-14 14-40-14  2089.6  22819.7  -1981.15  1468.78  2485.32
537  128  2025-06-14 14-40-14  2091.2  22842.9  -1976.48  1468.84  2490.09
538  128  2025-06-14 14-40-14  2092.8  22866.1  -1971.94  1468.75  2494.92
539  128  2025-06-14 14-40-14  2094.4  22889.4  -1967.51  1468.81  2499.82
540  128  2025-06-14 14-40-14  2096  22912.7  -1963.22  1468.72  2504.78
541  128  2025-06-14 14-40-14  2097.6  22936  -1959.05  1468.78  2509.8
542  128  2025-06-14 14-40-14  2099.2  22959.3  -1955.01  1468.84  2514.89
543  128  2025-06-14 14-40-14  2100.8  22982.7  -1951.11  1468.75  2520.04
544  128  2025-06-14 14-40-14  2102.4  23006.1  -1947.33  1468.81  2525.26
545  128  2025-06-14 14-40-14  2104  23029.5  -1943.69  1468.72  2530.54
546  128  2025-06-14 14-40-14  2105.6  23052.9  -1940.19  1468.78  2535.88
547  128  2025-06-14 14-40-14  2107.2  23076.3  -1936.83  1468.84  2541.29
548  128  2025-06-14 14-40-14  2108.8  23099.8  -1933.6  1468.75  2546.76
549  128  2025-06-14 14-40-14  2110.4  23123.3  -1930.52  1468.81  2552.3
550  128  2025-06-14 14-40-14  2112  23146.7  -1927.58  1468.72  2557.9
551  128  2025-06-14 14-40-14  2113.6  23170.3  -1924.78  1468.78  2563.56
552  128  2025-06-14 14-40-14  2115.2  23193.8  -1922.14  1468.84  2569.29
553  128  2025-06-14 14-40-14  2116.8  23217.3  -1919.64  1468.75  2575.08
554  128  2025-06-14 14-40-14  2118.4  23240.9  -1917.29  1468.81  2580.94
555  128  2025-06-14 14-40-14  2120  23264.5  -1915.09  1468.72  2586.86
556  128  2025-06-14 14-40-14  2121.6  23288.1  -1913.05  1468.78  2592.84
557  128  2025-06-14 14-40-14  2123.2  23311.7  -1911.17  1468.84  2598.89
558  128  2025-06-14 14-40-14  2124.8  23335.3  -1909.44  1468.75  2605
559  128  2025-06-14 14-40-14  2126.4  23358.9  -1907.87  1468.81  2611.18
560  128  2025-06-14 14-40-14  2128  23382.5  -1906.46  1468.72  2617.42
561  128  2025-06-14 14-40-14  2129.6  23406.2  -1905.21  1468.78  2623.72
562  128  2025-06-14 14-40-14  2131.2  23429.8  -1903.8  1468.84  2617.16
563  128  2025-06-14 14-40-14  2132.8  23453.5  -1902.54  1468.75  2623.47
564  128  2025-06-14 14-40-14  2134.4  23477.1  -1901.12  1468.81  2616.91
565  128  2025-06-14 14-40-14  2136  23500.7  -1899.86  1468.72  2623.21
566  128  2025-06-14 14-40-14  2137.6  23524.4  -1898.43  1468.78  2616.65
567  128  2025-06-14 14-40-14  2139.2  23548  -1897.17  1468.84  2622.96
568  128  2025-06-14 14-40-14  2140.8  23571.7  -1895.73  1468.75  2616.4
569  128  2025-06-14 14-40-14  2142.4  23595.3  -1894.46  1468.81  2622.7
570  128  2025-06-14 14-40-14  2144  23618.9  -1893.02  1468.72  2616.14
571  128  2025-06-14 14-40-14  2145.6  23642.6  -1891.74  1468.78  2622.44
572  128  2025-06-14 14-40-14  2147.2  23666.2  -1890.62  1468.84  2628.81
573  128  2025-06-14 14-40-14  2148.8  23689.9  -1889.34  1468.75  2622.32
574  128  2025-06-14 14-40-14  2150.4  23713.5  -1888.22  1468.81  2628.68
575  128  2025-06-14 14-40-14  2152  23737.2  -1886.94  1468.72  2622.19
576  128  2025-06-14 14-40-14  2153.6  23760.8  -1885.81  1468.78  2628.56
577  128  2025-06-14 14-40-14  2155.2  23784.5  -1884.52  1468.84  2622.06
578  128  2025-06-14 14-40-14  2156.8  23808.1  -1883.4  1468.75  2628.43
579  128  2025-06-14 14-40-14  2158.4  23831.8  -1882.11  1468.81  2621.93
580  128  2025-06-14 14-40-14  2160  23855.4  -1880.98  1468.72  2628.3
581  128  2025-06-14 14-40-14  2161.6  23879.1  -1879.68  1468.78  2621.8
582  128  2025-06-14 14-40-14  2163.2  23902.7  -1878.55  1468.84  2628.17
583  128  2025-06-14 14-40-14  2164.8  23926.3  -1877.25  1468.75  2621.68
584  128  2025-06-14 14-40-14  2166.4  23950  -1876.12  1468.81  2628.04
585  128  2025-06-14 14-40-14  2168  23973.6  -1874.82  1468.72  2621.55
586  128  2025-06-14 14-40-14  2169.6  23997.3  -1873.68  1468.78  2627.92
587  128  2025-06-14 14-40-14  2171.2  24020.9  -1872.37  1468.84  2621.42
588  128  2025-06-14 14-40-14  2172.8  24044.6  -1871.23  1468.75  2627.79
589  128  2025-06-14 14-40-14  2174.4  24068.2  -1869.92  1468.81  2621.29
590  128  2025-06-14 14-40-14  2176  24091.9  -1868.78  1468.72  2627.66
591  128  2025-06-14 14-40-14  2177.6  24115.5  -1867.46  1468.78  2621.16
592  128  2025-06-14 14-40-14  2179.2  24139.2  -1866.32  1468.84  2627.53
593  128  2025-06-14 14-40-14  2180.8  24162.8  -1865  1468.75  2621.04
594  128  2025-06-14 14-40-14  2182.4  24186.5  -1863.85  1468.81  2627.4
595  128  2025-06-14 14-40-14  2184  24210.1  -1862.53  1468.72  2620.91
596  128  2025-06-14 14-40-14  2185.6  24233.8  -1861.38  1468.78  2627.28
597  128  2025-06-14 14-40-14  2187.2  24257.4  -1860.05  1468.84  2620.78
598  128  2025-06-14 14-40-14  2188.8  24281  -1858.89  1468.75  2627.15
599  128  2025-06-14 14-40-14  2190.4  24304.7  -1857.57  1468.81  2620.65
600  128  2025-06-14 14-40-14  2192  24328.3  -1856.41  1468.72  2627.02
601  128  2025-06-14 14-40-14  2193.6  24352  -1855.08  1468.78  2620.52
602  128  2025-06-14 14-40-14  2195.2  24375.6  -1853.91  1468.84  2626.89
603  128  2025-06-14 14-40-14  2196.8  24399.3  -1852.58  1468.75  2620.4
604  128  2025-06-14 14-40-14  2198.4  24422.9  -1851.41  1468.81  2626.77
605  128  2025-06-14 14-40-14  2200  24446.6  -1850.08  1468.72  2620.27
606  128  2025-06-14 14-40-14  2201.6  24470.2  -1848.91  1468.78  2626.64
607  128  2025-06-14 14-40-14  2203.2  24493.9  -1847.57  1468.84  2620.14
608  128  2025-06-14 14-40-14  2204.8  24517.5  -1846.39  1468.75  2626.51
609  128  2025-06-14 14-40-14  2206.4  24541.1  -1845.05  1468.81  2620.01
610  128  2025-06-14 14-40-14  2208  24564.8  -1843.87  1468.72  2626.38
611  128  2025-06-14 14-40-14  2209.6  24588.4  -1842.53  1468.78  2619.89
612  128  2025-06-14 14-40-14  2211.2  24612.1  -1841.35  1468.84  2626.25
613  128  2025-06-14 14-40-14  2212.8  24635.7  -1840  1468.75  2619.76
614  128  2025-06-14 14-40-14  2214.4  24659.4  -1838.81  1468.81  2626.13
615  128  2025-06-14 14-40-14  2216  24683  -1837.46  1468.72  2619.63
616  128  2025-06-14 14-40-14  2217.6  24706.6  -1836.28  1468.78  2626
617  128  2025-06-14 14-40-14  2219.2  24730.3  -1834.92  1468.84  2619.5
618  128  2025-06-14 14-40-14  2220.8  24753.9  -1833.73  1468.75  2625.87
619  128  2025-06-14 14-40-14  2222.4  24777.6  -1832.37  1468.81  2619.37
620  128  2025-06-14 14-40-14  2224  24801.2  -1831.18  1468.72  2625.74
621  128  2025-06-14 14-40-14  2225.6  24824.9  -1829.81  1468.78  2619.25
622  128  2025-06-14 14-40-14  2227.2  24848.5  -1828.62  1468.84  2625.61
623  128  2025-06-14 14-40-14  2228.8  24872.2  -1827.25  1468.75  2619.12
624  128  2025-06-14 14-40-14  2230.4  24895.8  -1826.05  1468.81  2625.49
625  128  2025-06-14 14-40-14  2232  24919.4  -1824.68  1468.72  2618.99
626  128  2025-06-14 14-40-14  2233.6  24943.1  -1823.48  1468.78  2625.36
627  128  2025-06-14 14-40-14  2235.2  24966.7  -1822.44  1468.84  2631.79
