SN    USVID    CurTime    simTime    CurX    CurY    CurVel      CurYaw   
0  160  2025-06-14 16-04-31  0  2440  -14512  192  2672
1  160  2025-06-14 16-04-31  1.6  2448.01  -14511.9  192.058  2665.54
2  160  2025-06-14 16-04-31  3.2  2456.02  -14511.8  192.115  2659.01
3  160  2025-06-14 16-04-31  4.8  2464.03  -14511.7  192.173  2652.42
4  160  2025-06-14 16-04-31  6.4  2472.05  -14511.4  192.23  2645.76
5  160  2025-06-14 16-04-31  8  2480.08  -14511.1  192.288  2639.04
6  160  2025-06-14 16-04-31  9.6  2488.1  -14510.8  192.345  2632.26
7  160  2025-06-14 16-04-31  11.2  2496.13  -14510.4  192.403  2625.41
8  160  2025-06-14 16-04-31  12.8  2504.16  -14509.9  192.46  2618.5
9  160  2025-06-14 16-04-31  14.4  2512.2  -14509.4  192.518  2611.52
10  160  2025-06-14 16-04-31  128  2520.23  -14508.8  192.576  2604.48
11  160  2025-06-14 16-04-31  129.6  2528.27  -14508.1  192.633  2597.38
12  160  2025-06-14 16-04-31  131.2  2536.31  -14507.4  192.691  2590.21
13  160  2025-06-14 16-04-31  132.8  2544.34  -14506.6  192.748  2582.98
14  160  2025-06-14 16-04-31  134.4  2552.38  -14505.8  192.806  2575.68
15  160  2025-06-14 16-04-31  136  2560.42  -14504.9  192.863  2568.32
16  160  2025-06-14 16-04-31  137.6  2568.45  -14503.9  192.921  2560.9
17  160  2025-06-14 16-04-31  139.2  2576.48  -14502.9  192.978  2553.41
18  160  2025-06-14 16-04-31  140.8  2584.51  -14501.7  193.036  2545.86
19  160  2025-06-14 16-04-31  142.4  2592.53  -14500.6  193.094  2538.24
20  160  2025-06-14 16-04-31  144  2600.55  -14499.3  193.151  2530.56
21  160  2025-06-14 16-04-31  145.6  2608.56  -14498  193.209  2522.82
22  160  2025-06-14 16-04-31  147.2  2616.57  -14496.6  193.266  2515.01
23  160  2025-06-14 16-04-31  148.8  2624.57  -14495.2  193.324  2507.14
24  160  2025-06-14 16-04-31  150.4  2632.56  -14493.6  193.381  2499.2
25  160  2025-06-14 16-04-31  152  2640.55  -14492  193.439  2491.2
26  160  2025-06-14 16-04-31  153.6  2648.53  -14490.4  193.496  2483.14
27  160  2025-06-14 16-04-31  155.2  2656.49  -14488.6  193.554  2475.01
28  160  2025-06-14 16-04-31  156.8  2664.45  -14486.8  193.612  2466.82
29  160  2025-06-14 16-04-31  158.4  2672.4  -14484.9  193.669  2458.56
30  160  2025-06-14 16-04-31  160  2680.33  -14483  193.727  2450.24
31  160  2025-06-14 16-04-31  161.6  2688.26  -14480.9  193.784  2441.86
32  160  2025-06-14 16-04-31  163.2  2696.16  -14478.8  193.842  2433.41
33  160  2025-06-14 16-04-31  164.8  2704.06  -14476.7  193.899  2424.9
34  160  2025-06-14 16-04-31  166.4  2711.94  -14474.4  193.957  2416.32
35  160  2025-06-14 16-04-31  168  2719.8  -14472.1  194.014  2407.68
36  160  2025-06-14 16-04-31  169.6  2727.65  -14469.7  194.072  2398.98
37  160  2025-06-14 16-04-31  171.2  2735.47  -14467.2  194.13  2390.21
38  160  2025-06-14 16-04-31  172.8  2743.28  -14464.6  194.187  2381.38
39  160  2025-06-14 16-04-31  174.4  2751.07  -14462  194.245  2372.48
40  160  2025-06-14 16-04-31  176  2758.84  -14459.3  194.302  2363.52
41  160  2025-06-14 16-04-31  177.6  2766.59  -14456.5  194.36  2354.5
42  160  2025-06-14 16-04-31  179.2  2774.31  -14453.6  194.417  2345.41
43  160  2025-06-14 16-04-31  180.8  2782.01  -14450.6  194.475  2336.26
44  160  2025-06-14 16-04-31  182.4  2789.69  -14447.6  194.532  2327.04
45  160  2025-06-14 16-04-31  184  2797.34  -14444.5  194.59  2317.76
46  160  2025-06-14 16-04-31  185.6  2804.96  -14441.3  194.648  2308.42
47  160  2025-06-14 16-04-31  187.2  2812.56  -14438  194.705  2299.01
48  160  2025-06-14 16-04-31  188.8  2820.17  -14434.8  194.763  2302.46
49  160  2025-06-14 16-04-31  190.4  2827.75  -14431.4  194.82  2293.06
50  160  2025-06-14 16-04-31  192  14035.4  -14428.1  194.878  2296.51
51  160  2025-06-14 16-04-31  193.6  14043  -14424.9  194.935  2300.03
52  160  2025-06-14 16-04-31  195.2  14050.6  -14421.6  194.993  2303.62
53  160  2025-06-14 16-04-31  196.8  14058.2  -14418.3  195.05  2294.34
54  160  2025-06-14 16-04-31  198.4  14065.9  -14415  195.108  2297.92
55  160  2025-06-14 16-04-31  200  14073.5  -14411.7  195.166  2301.57
56  160  2025-06-14 16-04-31  201.6  14081.2  -14408.5  195.223  2305.28
57  160  2025-06-14 16-04-31  203.2  14088.8  -14405.2  195.281  2296.13
58  160  2025-06-14 16-04-31  204.8  14096.5  -14401.9  195.338  2299.84
59  160  2025-06-14 16-04-31  206.4  14104.1  -14398.6  195.396  2303.62
60  160  2025-06-14 16-04-31  208  14111.8  -14395.4  195.453  2307.46
61  160  2025-06-14 16-04-31  209.6  14119.5  -14392.1  195.511  2298.43
62  160  2025-06-14 16-04-31  211.2  14127.2  -14388.8  195.568  2302.27
63  160  2025-06-14 16-04-31  212.8  14134.9  -14385.6  195.626  2306.18
64  160  2025-06-14 16-04-31  214.4  14142.6  -14382.3  195.684  2310.14
65  160  2025-06-14 16-04-31  216  14150.3  -14379  195.741  2301.25
66  160  2025-06-14 16-04-31  217.6  14158  -14375.8  195.799  2305.22
67  160  2025-06-14 16-04-31  219.2  14165.8  -14372.5  195.856  2309.25
68  160  2025-06-14 16-04-31  220.8  14173.5  -14369.2  195.914  2300.42
69  160  2025-06-14 16-04-31  222.4  14181.2  -14365.9  195.827  2297.98
70  160  2025-06-14 16-04-31  224  14188.9  -14362.6  195.741  2295.55
71  160  2025-06-14 16-04-31  225.6  14196.8  -14359.1  198.552  2293.39
72  160  2025-06-14 16-04-31  227.2  14205  -14355.5  201.312  2291.28
73  160  2025-06-14 16-04-31  228.8  14213.4  -14351.8  204.022  2289.22
74  160  2025-06-14 16-04-31  230.4  14222  -14347.9  206.683  2287.22
75  160  2025-06-14 16-04-31  232  14230.9  -14343.9  209.297  2285.26
76  160  2025-06-14 16-04-31  233.6  14240  -14339.8  211.864  2283.36
77  160  2025-06-14 16-04-31  235.2  14249.3  -14335.6  214.384  2281.51
78  160  2025-06-14 16-04-31  236.8  14258.9  -14331.2  216.86  2279.71
79  160  2025-06-14 16-04-31  238.4  14268.6  -14326.8  219.29  2277.95
80  160  2025-06-14 16-04-31  240  14278.6  -14322.2  221.677  2276.25
81  160  2025-06-14 16-04-31  241.6  14288.7  -14317.5  224.021  2274.59
82  160  2025-06-14 16-04-31  243.2  14299.1  -14312.6  226.323  2272.98
83  160  2025-06-14 16-04-31  244.8  14309.7  -14307.7  228.583  2271.42
84  160  2025-06-14 16-04-31  246.4  14320.4  -14302.7  230.803  2269.9
85  160  2025-06-14 16-04-31  248  14331.2  -14297.6  230.717  2267.55
86  160  2025-06-14 16-04-31  249.6  14341.9  -14292.5  230.631  2265.19
87  160  2025-06-14 16-04-31  251.2  14352.6  -14287.4  230.544  2262.84
88  160  2025-06-14 16-04-31  252.8  14363.4  -14282.2  232.729  2261.54
89  160  2025-06-14 16-04-31  254.4  14374.3  -14276.9  232.642  2259.19
90  160  2025-06-14 16-04-31  256  14385.1  -14271.6  232.556  2256.85
91  160  2025-06-14 16-04-31  257.6  14396  -14266.3  232.47  2254.51
92  160  2025-06-14 16-04-31  259.2  14406.8  -14261  232.383  2252.16
93  160  2025-06-14 16-04-31  260.8  14417.5  -14255.7  232.297  2249.82
94  160  2025-06-14 16-04-31  262.4  14428.5  -14250.2  234.45  2248.83
95  160  2025-06-14 16-04-31  264  14439.4  -14244.7  234.364  2246.5
96  160  2025-06-14 16-04-31  265.6  14450.4  -14239.2  234.277  2244.17
97  160  2025-06-14 16-04-31  267.2  14461.3  -14233.7  234.191  2241.85
98  160  2025-06-14 16-04-31  268.8  14472.3  -14228.1  236.31  2241.06
99  160  2025-06-14 16-04-31  270.4  14483.4  -14222.4  236.224  2238.75
100  160  2025-06-14 16-04-31  1392  14494.4  -14216.7  236.137  2236.43
101  160  2025-06-14 16-04-31  1393.6  14505.5  -14211  236.051  2234.12
102  160  2025-06-14 16-04-31  1395.2  14516.7  -14205.2  238.137  2233.54
103  160  2025-06-14 16-04-31  1396.8  14527.8  -14199.4  238.05  2231.24
104  160  2025-06-14 16-04-31  1398.4  14539  -14193.5  237.964  2228.94
105  160  2025-06-14 16-04-31  1400  14550.1  -14187.7  237.878  2226.65
106  160  2025-06-14 16-04-31  1401.6  14561.4  -14181.7  239.93  2226.26
107  160  2025-06-14 16-04-31  1403.2  14572.7  -14175.7  239.844  2223.98
108  160  2025-06-14 16-04-31  1404.8  14584  -14169.7  239.758  2221.71
109  160  2025-06-14 16-04-31  1406.4  14595.4  -14163.5  241.776  2221.46
110  160  2025-06-14 16-04-31  1408  14606.8  -14157.4  241.69  2219.21
111  160  2025-06-14 16-04-31  1409.6  14618.2  -14151.2  241.604  2216.95
112  160  2025-06-14 16-04-31  1411.2  14629.6  -14145  241.517  2214.69
113  160  2025-06-14 16-04-31  1412.8  14641.2  -14138.7  243.504  2214.64
114  160  2025-06-14 16-04-31  1414.4  14652.7  -14132.4  243.418  2212.41
115  160  2025-06-14 16-04-31  1416  14664.2  -14126.1  243.332  2210.17
116  160  2025-06-14 16-04-31  1417.6  14675.9  -14119.6  245.286  2210.26
117  160  2025-06-14 16-04-31  1419.2  14687.5  -14113.2  245.2  2208.05
118  160  2025-06-14 16-04-31  1420.8  14699.3  -14106.6  247.121  2208.22
119  160  2025-06-14 16-04-31  1422.4  14711.1  -14100.1  247.035  2206.03
120  160  2025-06-14 16-04-31  1424  14722.9  -14093.5  246.948  2203.84
121  160  2025-06-14 16-04-31  1425.6  14734.8  -14086.8  248.838  2204.15
122  160  2025-06-14 16-04-31  1427.2  14746.8  -14080.1  248.751  2201.99
123  160  2025-06-14 16-04-31  1428.8  14758.8  -14073.3  250.608  2202.37
124  160  2025-06-14 16-04-31  1430.4  14770.9  -14066.5  250.522  2200.23
125  160  2025-06-14 16-04-31  1432  14783.1  -14059.6  252.347  2200.7
126  160  2025-06-14 16-04-31  1433.6  14795.3  -14052.6  252.261  2198.58
127  160  2025-06-14 16-04-31  1435.2  14807.5  -14045.7  252.175  2196.47
128  160  2025-06-14 16-04-31  1436.8  14819.6  -14038.7  252.088  2194.36
129  160  2025-06-14 16-04-31  1438.4  14831.8  -2831.79  252.146  2198.71
130  160  2025-06-14 16-04-31  1440  14844.1  -2824.93  252.203  2203.12
131  160  2025-06-14 16-04-31  1441.6  14856.3  -2818.13  252.261  2207.6
132  160  2025-06-14 16-04-31  1443.2  14868.6  -2811.38  252.319  2212.14
133  160  2025-06-14 16-04-31  1444.8  14881  -2804.69  252.376  2216.75
134  160  2025-06-14 16-04-31  1446.4  14893.3  -2797.98  252.29  2214.96
135  160  2025-06-14 16-04-31  1448  14905.6  -2791.33  252.347  2219.63
136  160  2025-06-14 16-04-31  1449.6  14918  -2784.75  252.405  2224.36
137  160  2025-06-14 16-04-31  1451.2  14930.5  -2778.22  252.462  2229.16
138  160  2025-06-14 16-04-31  1452.8  14942.9  -2771.68  252.376  2227.56
139  160  2025-06-14 16-04-31  1454.4  14955.4  -2765.2  252.434  2232.42
140  160  2025-06-14 16-04-31  1456  14967.9  -2758.79  252.491  2237.35
141  160  2025-06-14 16-04-31  1457.6  14980.4  -2752.44  252.549  2242.34
142  160  2025-06-14 16-04-31  1459.2  14992.9  -2746.07  252.462  2240.93
143  160  2025-06-14 16-04-31  1460.8  15005.5  -2739.78  252.52  2245.98
144  160  2025-06-14 16-04-31  1462.4  15018.1  -2733.55  252.578  2251.1
145  160  2025-06-14 16-04-31  1464  15030.7  -2727.3  252.491  2249.82
146  160  2025-06-14 16-04-31  1465.6  15043.3  -2721.13  252.549  2255
147  160  2025-06-14 16-04-31  1467.2  15056  -2715.02  252.606  2260.25
148  160  2025-06-14 16-04-31  1468.8  15068.6  -2708.91  252.52  2259.1
149  160  2025-06-14 16-04-31  1470.4  15081.3  -2702.86  252.578  2264.41
150  160  2025-06-14 16-04-31  1472  15094  -2696.89  252.635  2269.78
151  160  2025-06-14 16-04-31  1473.6  15106.8  -2690.9  252.549  2268.76
152  160  2025-06-14 16-04-31  1475.2  15119.5  -2684.99  252.606  2274.19
153  160  2025-06-14 16-04-31  1476.8  15132.3  -2679.15  252.664  2279.7
154  160  2025-06-14 16-04-31  1478.4  15145.1  -2673.3  252.578  2278.8
155  160  2025-06-14 16-04-31  1480  15157.9  -2667.53  252.635  2284.37
156  160  2025-06-14 16-04-31  1481.6  15170.7  -2661.75  252.549  2283.53
157  160  2025-06-14 16-04-31  1483.2  15183.6  -2656.05  252.606  2289.16
158  160  2025-06-14 16-04-31  1484.8  15196.5  -2650.43  252.664  2294.86
159  160  2025-06-14 16-04-31  1486.4  15209.4  -2644.8  252.578  2294.15
160  160  2025-06-14 16-04-31  1488  15222.3  -2639.24  252.635  2299.91
161  160  2025-06-14 16-04-31  1489.6  15235.2  -2633.68  252.549  2299.27
162  160  2025-06-14 16-04-31  1491.2  15248.1  -2628.21  252.606  2305.09
163  160  2025-06-14 16-04-31  1492.8  15261.1  -2622.72  252.52  2304.52
164  160  2025-06-14 16-04-31  1494.4  15274.1  -2617.32  252.578  2310.4
165  160  2025-06-14 16-04-31  1496  15287  -2611.91  252.491  2309.89
166  160  2025-06-14 16-04-31  1497.6  15300  -2606.59  252.549  2315.84
167  160  2025-06-14 16-04-31  1499.2  15313  -2601.26  252.462  2315.39
168  160  2025-06-14 16-04-31  1500.8  15326.1  -2596.02  252.52  2321.4
169  160  2025-06-14 16-04-31  1502.4  15339.1  -2590.77  252.434  2321.02
170  160  2025-06-14 16-04-31  1504  15352.2  -2585.61  252.491  2327.1
171  160  2025-06-14 16-04-31  1505.6  15365.2  -2580.45  252.405  2326.78
172  160  2025-06-14 16-04-31  1507.2  15378.3  -2575.28  252.319  2326.45
173  160  2025-06-14 16-04-31  1508.8  15391.3  -2570.2  252.376  2332.6
174  160  2025-06-14 16-04-31  1510.4  15404.4  -2565.12  252.29  2332.34
175  160  2025-06-14 16-04-31  1512  15417.5  -2560.13  252.347  2338.55
176  160  2025-06-14 16-04-31  1513.6  15430.6  -2555.14  252.261  2338.35
177  160  2025-06-14 16-04-31  1515.2  15443.8  -2550.23  252.319  2344.62
178  160  2025-06-14 16-04-31  1516.8  15456.9  -2545.33  252.232  2344.49
179  160  2025-06-14 16-04-31  1518.4  15470.1  -2540.43  252.146  2344.36
180  160  2025-06-14 16-04-31  1520  15483.2  -2535.61  252.203  2350.7
181  160  2025-06-14 16-04-31  1521.6  15496.4  -2530.8  252.117  2350.63
182  160  2025-06-14 16-04-31  1523.2  15509.6  -2526.08  252.175  2357.03
183  160  2025-06-14 16-04-31  1524.8  15522.8  -2521.36  252.088  2357.03
184  160  2025-06-14 16-04-31  1526.4  15536  -2516.64  252.002  2357.03
185  160  2025-06-14 16-04-31  1528  15549.2  -2512.02  252.06  2363.49
186  160  2025-06-14 16-04-31  1529.6  15562.4  -2507.4  251.973  2363.56
187  160  2025-06-14 16-04-31  1531.2  15575.6  -2502.78  251.887  2363.62
188  160  2025-06-14 16-04-31  1532.8  15588.8  -2498.25  251.944  2370.14
189  160  2025-06-14 16-04-31  1534.4  15602.1  -2493.73  251.858  2370.27
190  160  2025-06-14 16-04-31  1536  15615.3  -2489.22  251.772  2370.4
191  160  2025-06-14 16-04-31  1537.6  15628.6  -2484.79  251.829  2376.99
192  160  2025-06-14 16-04-31  1539.2  15641.8  -2480.38  251.743  2377.18
193  160  2025-06-14 16-04-31  1540.8  15655.1  -2475.97  251.657  2377.37
194  160  2025-06-14 16-04-31  1542.4  15668.3  -2471.56  251.57  2377.56
195  160  2025-06-14 16-04-31  1544  15681.6  -2467.25  251.628  2384.21
196  160  2025-06-14 16-04-31  1545.6  15694.9  -2462.94  251.542  2384.47
197  160  2025-06-14 16-04-31  1547.2  15708.1  -2458.64  251.455  2384.72
198  160  2025-06-14 16-04-31  1548.8  15721.4  -2454.44  251.513  2391.44
199  160  2025-06-14 16-04-31  1550.4  15734.8  -2450.33  251.57  2398.22
200  160  2025-06-14 16-04-31  1552  15748.2  -2446.33  251.628  2405.07
201  160  2025-06-14 16-04-31  1553.6  15761.6  -2442.42  251.685  2411.98
202  160  2025-06-14 16-04-31  1555.2  15775  -2438.61  251.743  2418.96
203  160  2025-06-14 16-04-31  1556.8  15788.5  -2434.9  251.801  2426
204  160  2025-06-14 16-04-31  1558.4  15802  -2431.3  251.858  2433.1
205  160  2025-06-14 16-04-31  1560  15815.5  -2427.8  251.916  2440.26
206  160  2025-06-14 16-04-31  1561.6  15829.1  -2424.4  251.973  2447.49
207  160  2025-06-14 16-04-31  1563.2  15842.7  -2421.12  252.031  2454.79
208  160  2025-06-14 16-04-31  1564.8  15856.4  -2417.94  252.088  2462.15
209  160  2025-06-14 16-04-31  1566.4  15870.1  -2414.87  252.146  2469.57
210  160  2025-06-14 16-04-31  1568  15883.8  -2411.91  252.203  2477.06
211  160  2025-06-14 16-04-31  1569.6  15897.5  -2409.06  252.261  2484.61
212  160  2025-06-14 16-04-31  1571.2  15911.3  -2406.33  252.319  2492.22
213  160  2025-06-14 16-04-31  1572.8  15925  -2403.71  252.376  2499.9
214  160  2025-06-14 16-04-31  1574.4  15938.9  -2401.21  252.434  2507.64
215  160  2025-06-14 16-04-31  1576  15952.7  -2398.82  252.491  2515.45
216  160  2025-06-14 16-04-31  1577.6  15966.6  -2396.55  252.549  2523.32
217  160  2025-06-14 16-04-31  1579.2  15980.5  -2394.4  252.606  2531.26
218  160  2025-06-14 16-04-31  1580.8  15994.4  -2392.37  252.664  2539.25
219  160  2025-06-14 16-04-31  1582.4  16008.3  -2390.46  252.721  2547.32
220  160  2025-06-14 16-04-31  1584  16022.3  -2388.68  252.779  2555.44
221  160  2025-06-14 16-04-31  1585.6  16036.3  -2387.01  252.837  2563.63
222  160  2025-06-14 16-04-31  1587.2  16050.3  -2385.48  252.894  2571.89
223  160  2025-06-14 16-04-31  1588.8  16064.3  -2384.07  252.952  2580.21
224  160  2025-06-14 16-04-31  1590.4  16078.4  -2382.79  253.009  2588.59
225  160  2025-06-14 16-04-31  1592  16092.4  -2381.64  253.067  2597.04
226  160  2025-06-14 16-04-31  1593.6  16106.5  -2380.61  253.124  2605.55
227  160  2025-06-14 16-04-31  1595.2  16120.6  -2379.72  253.182  2614.12
228  160  2025-06-14 16-04-31  1596.8  16134.7  -2378.94  253.096  2621.14
229  160  2025-06-14 16-04-31  1598.4  16148.8  -2378.27  253.009  2628.21
230  160  2025-06-14 16-04-31  1600  16162.8  -2377.7  252.923  2635.33
231  160  2025-06-14 16-04-31  1601.6  16176.9  -2377.25  252.837  2642.5
232  160  2025-06-14 16-04-31  1603.2  16191  -2376.91  252.75  2649.71
233  160  2025-06-14 16-04-31  1604.8  16205.1  -2376.68  252.664  2656.98
234  160  2025-06-14 16-04-31  1606.4  16219.1  -2376.56  252.578  2664.29
235  160  2025-06-14 16-04-31  1608  16233.2  -2376.55  252.491  2671.65
236  160  2025-06-14 16-04-31  1609.6  16247.2  -2376.66  252.405  2679.05
237  160  2025-06-14 16-04-31  1611.2  16261.2  -2376.88  252.319  2686.51
238  160  2025-06-14 16-04-31  1612.8  16275.2  -2377.22  252.232  2694.01
239  160  2025-06-14 16-04-31  1614.4  16289.3  -2377.67  252.146  2701.56
240  160  2025-06-14 16-04-31  1616  16303.2  -2378.24  252.06  2709.16
241  160  2025-06-14 16-04-31  1617.6  16317.2  -2378.92  251.973  2716.81
242  160  2025-06-14 16-04-31  1619.2  16331.2  -2379.73  251.887  2724.5
243  160  2025-06-14 16-04-31  1620.8  16345.1  -2380.64  251.801  2732.24
244  160  2025-06-14 16-04-31  1622.4  16359.1  -2381.68  251.714  2740.03
245  160  2025-06-14 16-04-31  1624  16373  -2382.83  251.628  2747.87
246  160  2025-06-14 16-04-31  1625.6  16386.9  -2384.11  251.542  2755.76
247  160  2025-06-14 16-04-31  1627.2  16400.8  -2385.5  251.455  2763.69
248  160  2025-06-14 16-04-31  1628.8  16414.6  -2387.01  251.369  2771.68
249  160  2025-06-14 16-04-31  1630.4  16428.5  -2388.64  251.283  2779.68
250  160  2025-06-14 16-04-31  1632  16442.3  -2390.4  251.196  2787.68
251  160  2025-06-14 16-04-31  1633.6  16456  -2392.27  251.11  2795.68
252  160  2025-06-14 16-04-31  1635.2  16469.8  -2394.26  251.024  2803.68
253  160  2025-06-14 16-04-31  1636.8  16483.5  -2396.37  250.937  2811.68
254  160  2025-06-14 16-04-31  1638.4  16497.2  -2398.59  250.851  2819.68
255  160  2025-06-14 16-04-31  1640  16510.9  -2400.94  250.765  2827.68
256  160  2025-06-14 16-04-31  1641.6  16524.6  -2403.4  250.678  14035.7
257  160  2025-06-14 16-04-31  1643.2  16538.2  -2405.98  250.592  14043.7
258  160  2025-06-14 16-04-31  1644.8  16551.8  -2408.61  250.506  14046.9
259  160  2025-06-14 16-04-31  1646.4  16565.6  -2411.17  252.331  14040.1
260  160  2025-06-14 16-04-31  1648  16579.4  -2413.77  252.245  14043.2
261  160  2025-06-14 16-04-31  1649.6  16593.1  -2416.42  252.158  14046.3
262  160  2025-06-14 16-04-31  1651.2  16607.1  -2419  253.954  14039.5
263  160  2025-06-14 16-04-31  1652.8  16621  -2421.62  253.868  14042.5
264  160  2025-06-14 16-04-31  1654.4  16635.2  -2424.17  255.633  14035.7
265  160  2025-06-14 16-04-31  1656  16649.3  -2426.77  255.547  14038.6
266  160  2025-06-14 16-04-31  1657.6  16663.4  -2429.4  255.46  14041.5
267  160  2025-06-14 16-04-31  1659.2  16677.7  -2431.97  257.197  14034.5
268  160  2025-06-14 16-04-31  1660.8  16691.9  -2434.57  257.11  14037.3
269  160  2025-06-14 16-04-31  1662.4  16706.2  -2437.21  257.024  14040.1
270  160  2025-06-14 16-04-31  1664  16720.7  -2439.78  258.732  14033.1
271  160  2025-06-14 16-04-31  1665.6  16735.1  -2442.39  258.646  14035.8
272  160  2025-06-14 16-04-31  1667.2  16749.7  -2444.91  260.325  2828.78
273  160  2025-06-14 16-04-31  1668.8  16764.3  -2447.58  260.382  14037.9
274  160  2025-06-14 16-04-31  1670.4  16779.1  -2450.16  262.03  2830.73
275  160  2025-06-14 16-04-31  1672  16793.8  -2452.79  261.944  14033.3
276  160  2025-06-14 16-04-31  1673.6  16808.8  -2455.33  263.564  2826.17
277  160  2025-06-14 16-04-31  1675.2  16823.7  -2458.01  263.621  14035.1
278  160  2025-06-14 16-04-31  1676.8  16838.8  -2460.6  265.211  2827.9
279  160  2025-06-14 16-04-31  1678.4  16853.9  -2463.23  265.125  2830.35
280  160  2025-06-14 16-04-31  1680  16869.1  -2465.77  266.687  2823.12
281  160  2025-06-14 16-04-31  1681.6  16884.4  -2468.46  266.745  2831.94
282  160  2025-06-14 16-04-31  1683.2  16899.8  -2471.05  268.278  2824.64
283  160  2025-06-14 16-04-31  1684.8  16915.2  -2473.79  268.336  14033.4
284  160  2025-06-14 16-04-31  1686.4  16930.8  -2476.43  269.84  2826.05
285  160  2025-06-14 16-04-31  1688  16946.5  -2478.97  271.318  2818.73
286  160  2025-06-14 16-04-31  1689.6  16962.2  -2481.66  271.376  2827.39
287  160  2025-06-14 16-04-31  1691.2  16978.1  -2484.24  1392.83  2820
288  160  2025-06-14 16-04-31  1692.8  16993.9  -2486.98  1392.88  2828.63
289  160  2025-06-14 16-04-31  1694.4  17009.9  -2489.61  1394.31  2821.17
290  160  2025-06-14 16-04-31  1696  17026.1  -2492.13  1395.7  2813.76
291  160  2025-06-14 16-04-31  1697.6  17042.3  -2494.8  1395.76  2822.27
292  160  2025-06-14 16-04-31  1699.2  17058.6  -2497.36  1397.13  2814.8
293  160  2025-06-14 16-04-31  1700.8  17074.9  -2500.07  1397.19  2823.27
294  160  2025-06-14 16-04-31  1702.4  17091.3  -2502.68  1398.54  2815.74
295  160  2025-06-14 16-04-31  1704  17107.9  -2505.16  1399.86  2808.26
296  160  2025-06-14 16-04-31  1705.6  17124.5  -2507.8  1399.91  2816.61
297  160  2025-06-14 16-04-31  1707.2  17141.2  -2510.32  1401.21  2809.07
298  160  2025-06-14 16-04-31  1708.8  17158  -2512.99  1401.27  2817.39
299  160  2025-06-14 16-04-31  1710.4  17174.8  -2515.55  1402.54  2809.8
300  160  2025-06-14 16-04-31  1712  17191.7  -2518.13  1402.6  2811.62
301  160  2025-06-14 16-04-31  1713.6  17208.7  -2520.6  1403.85  2804.04
302  160  2025-06-14 16-04-31  1715.2  17225.7  -2523.22  1403.9  2812.24
303  160  2025-06-14 16-04-31  1716.8  17242.8  -2525.72  1405.13  2804.61
304  160  2025-06-14 16-04-31  1718.4  17259.9  -2528.37  1405.19  2812.77
305  160  2025-06-14 16-04-31  1720  17277.2  -2530.89  1406.39  2805.09
306  160  2025-06-14 16-04-31  1721.6  17294.4  -2533.57  1406.45  2813.23
307  160  2025-06-14 16-04-31  1723.2  17311.8  -2536.11  1407.63  2805.5
308  160  2025-06-14 16-04-31  1724.8  17329.3  -2538.53  1408.78  2797.82
309  160  2025-06-14 16-04-31  1726.4  17346.8  -2541.1  1408.84  2805.84
310  160  2025-06-14 16-04-31  1728  17364.4  -2543.55  1409.98  2798.12
311  160  2025-06-14 16-04-31  1729.6  17382  -2546.14  1410.03  2806.1
312  160  2025-06-14 16-04-31  1731.2  17399.8  -2548.6  1411.15  2798.34
313  160  2025-06-14 16-04-31  1732.8  17417.5  -2551.22  1411.21  2806.3
314  160  2025-06-14 16-04-31  1734.4  17435.4  -2553.7  1412.3  2798.49
315  160  2025-06-14 16-04-31  1736  17453.2  -2556.33  1412.36  2806.42
316  160  2025-06-14 16-04-31  1737.6  17471.2  -2558.83  1413.43  2798.57
317  160  2025-06-14 16-04-31  1739.2  17489.3  -2561.19  1414.48  2790.78
318  160  2025-06-14 16-04-31  1740.8  17507.4  -2563.7  1414.54  2798.59
319  160  2025-06-14 16-04-31  1742.4  17525.6  -2566.07  1415.57  2790.76
320  160  2025-06-14 16-04-31  1744  17543.8  -2568.6  1415.63  2798.54
321  160  2025-06-14 16-04-31  1745.6  17562.1  -2570.98  1416.65  2790.68
322  160  2025-06-14 16-04-31  1747.2  17580.4  -2573.52  1416.7  2798.43
323  160  2025-06-14 16-04-31  1748.8  17598.8  -2575.92  1417.7  2790.53
324  160  2025-06-14 16-04-31  1750.4  17617.2  -2578.47  1417.76  2798.26
325  160  2025-06-14 16-04-31  1752  17635.7  -2580.87  1418.73  2790.32
326  160  2025-06-14 16-04-31  1753.6  17654.2  -2583.43  1418.79  2798.02
327  160  2025-06-14 16-04-31  1755.2  17672.8  -2585.84  1419.75  2790.05
328  160  2025-06-14 16-04-31  1756.8  17691.4  -2588.41  1419.8  2797.72
329  160  2025-06-14 16-04-31  1758.4  17710.1  -2590.82  1420.74  2789.71
330  160  2025-06-14 16-04-31  1760  17728.8  -2593.4  1420.8  2797.35
331  160  2025-06-14 16-04-31  1761.6  17747.7  -2595.82  1421.72  2789.32
332  160  2025-06-14 16-04-31  1763.2  17766.6  -2598.09  1422.62  2781.35
333  160  2025-06-14 16-04-31  1764.8  17785.5  -2600.51  1422.68  2788.87
334  160  2025-06-14 16-04-31  1766.4  17804.5  -2602.78  1423.57  2780.87
335  160  2025-06-14 16-04-31  1768  17823.5  -2605.21  1423.63  2788.37
336  160  2025-06-14 16-04-31  1769.6  17842.6  -2607.48  1424.5  2780.34
337  160  2025-06-14 16-04-31  1771.2  17861.7  -2609.9  1424.55  2787.81
338  160  2025-06-14 16-04-31  1772.8  17881  -2612.17  1425.41  2779.75
339  160  2025-06-14 16-04-31  1774.4  17900.1  -2614.6  1425.47  2787.2
340  160  2025-06-14 16-04-31  1776  17919.4  -2616.86  1426.3  2779.12
341  160  2025-06-14 16-04-31  1777.6  17938.7  -2619.28  1426.36  2786.53
342  160  2025-06-14 16-04-31  1779.2  17958.1  -2621.54  1427.18  2778.43
343  160  2025-06-14 16-04-31  1780.8  17977.5  -2623.96  1427.24  2785.82
344  160  2025-06-14 16-04-31  1782.4  17997  -2626.22  1428.04  2777.69
345  160  2025-06-14 16-04-31  1784  18016.4  -2628.63  1428.1  2785.05
346  160  2025-06-14 16-04-31  1785.6  18036  -2630.88  1428.89  2776.9
347  160  2025-06-14 16-04-31  1787.2  18055.5  -2633.28  1428.95  2784.24
348  160  2025-06-14 16-04-31  1788.8  18075.2  -2635.52  1429.72  2776.06
349  160  2025-06-14 16-04-31  1790.4  18094.8  -2637.92  1429.78  2783.38
350  160  2025-06-14 16-04-31  1792  18114.5  -2640.15  1430.54  2775.18
351  160  2025-06-14 16-04-31  1793.6  18134.3  -2642.54  1430.6  2782.47
352  160  2025-06-14 16-04-31  1795.2  18154.1  -2644.75  1431.34  2774.25
353  160  2025-06-14 16-04-31  1796.8  18173.9  -2647.13  1431.4  2781.51
354  160  2025-06-14 16-04-31  1798.4  18193.8  -2649.34  1432.13  2773.27
355  160  2025-06-14 16-04-31  1800  18213.6  -2651.7  1432.19  2780.51
356  160  2025-06-14 16-04-31  1801.6  18233.6  -2653.89  1432.9  2772.25
357  160  2025-06-14 16-04-31  1803.2  18253.6  -2656.28  1432.96  2781.08
358  160  2025-06-14 16-04-31  1804.8  18273.6  -2658.49  1433.66  2772.79
359  160  2025-06-14 16-04-31  1806.4  18293.6  -2660.9  1433.72  2781.6
360  160  2025-06-14 16-04-31  1808  18313.7  -2663.13  1434.41  2773.28
361  160  2025-06-14 16-04-31  1809.6  18333.8  -2665.56  1434.47  2782.08
362  160  2025-06-14 16-04-31  1811.2  18354  -2667.81  1435.14  2773.73
363  160  2025-06-14 16-04-31  1812.8  18374.3  -2669.88  1435.8  2765.44
364  160  2025-06-14 16-04-31  1814.4  18394.6  -2672.15  1435.86  2774.15
365  160  2025-06-14 16-04-31  1816  18414.9  -2674.24  1436.51  2765.83
366  160  2025-06-14 16-04-31  1817.6  18435.2  -2676.52  1436.57  2774.53
367  160  2025-06-14 16-04-31  1819.2  18455.7  -2678.62  1437.21  2766.18
368  160  2025-06-14 16-04-31  1820.8  18476.1  -2680.92  1437.26  2774.87
369  160  2025-06-14 16-04-31  1822.4  18496.5  -2683.04  1437.89  2766.49
370  160  2025-06-14 16-04-31  1824  18517  -2685.35  1437.95  2775.17
371  160  2025-06-14 16-04-31  1825.6  18537.5  -2687.48  1438.56  2766.77
372  160  2025-06-14 16-04-31  1827.2  18558.1  -2689.81  1438.62  2775.43
373  160  2025-06-14 16-04-31  1828.8  18578.7  -2691.95  1439.22  2767
374  160  2025-06-14 16-04-31  1830.4  18599.3  -2694.29  1439.27  2775.66
375  160  2025-06-14 16-04-31  1832  18620  -2696.45  1439.86  2767.2
376  160  2025-06-14 16-04-31  1833.6  18640.7  -2698.42  1440.44  2758.81
377  160  2025-06-14 16-04-31  1835.2  18661.4  -2700.58  1440.5  2767.37
378  160  2025-06-14 16-04-31  1836.8  18682.3  -2702.56  1441.07  2758.96
379  160  2025-06-14 16-04-31  1838.4  18703.1  -2704.74  1441.12  2767.51
380  160  2025-06-14 16-04-31  1840  18723.9  -2706.73  1441.68  2759.07
381  160  2025-06-14 16-04-31  1841.6  18744.8  -2708.91  1441.74  2767.61
382  160  2025-06-14 16-04-31  1843.2  18765.7  -2710.91  1442.28  2759.15
383  160  2025-06-14 16-04-31  1844.8  18786.6  -2713.1  1442.34  2767.68
384  160  2025-06-14 16-04-31  1846.4  18807.6  -2715.1  1442.87  2759.19
385  160  2025-06-14 16-04-31  1848  18828.6  -2717.3  1442.93  2767.72
386  160  2025-06-14 16-04-31  1849.6  18849.7  -2719.31  1443.45  2759.21
387  160  2025-06-14 16-04-31  1851.2  18870.7  -2721.51  1443.51  2767.72
388  160  2025-06-14 16-04-31  1852.8  18891.8  -2723.53  1444.02  2759.19
389  160  2025-06-14 16-04-31  1854.4  18912.9  -2725.74  1444.08  2767.69
390  160  2025-06-14 16-04-31  1856  18934.1  -2727.75  1444.58  2759.14
391  160  2025-06-14 16-04-31  1857.6  18955.2  -2729.97  1444.64  2767.63
392  160  2025-06-14 16-04-31  1859.2  18976.4  -2731.99  1445.13  2759.05
393  160  2025-06-14 16-04-31  1860.8  18997.6  -2734.21  1445.19  2767.53
394  160  2025-06-14 16-04-31  1862.4  19018.9  -2736.23  1445.67  2758.94
395  160  2025-06-14 16-04-31  1864  19040.2  -2738.06  1446.14  2750.42
396  160  2025-06-14 16-04-31  1865.6  19061.6  -2740.08  1446.2  2758.8
397  160  2025-06-14 16-04-31  1867.2  19082.9  -2741.91  1446.67  2750.26
398  160  2025-06-14 16-04-31  1868.8  19104.3  -2743.94  1446.72  2758.64
399  160  2025-06-14 16-04-31  1870.4  19125.8  -2745.77  1447.18  2750.08
400  160  2025-06-14 16-04-31  1872  19147.2  -2747.8  1447.24  2758.44
401  160  2025-06-14 16-04-31  1873.6  19168.7  -2749.63  1447.68  2749.87
402  160  2025-06-14 16-04-31  1875.2  19190.2  -2751.62  1447.74  2756.61
403  160  2025-06-14 16-04-31  1876.8  19211.7  -2753.41  1448.18  2748.03
404  160  2025-06-14 16-04-31  1878.4  19233.2  -2755.36  1448.23  2754.75
405  160  2025-06-14 16-04-31  1880  19254.8  -2757.11  1448.66  2746.17
406  160  2025-06-14 16-04-31  1881.6  19276.4  -2759.02  1448.72  2752.86
407  160  2025-06-14 16-04-31  1883.2  19298  -2761.08  1448.78  2759.62
408  160  2025-06-14 16-04-31  1884.8  19319.6  -2762.95  1449.19  2750.96
409  160  2025-06-14 16-04-31  1886.4  19341.3  -2764.98  1449.25  2757.7
410  160  2025-06-14 16-04-31  1888  19363  -2766.81  1449.66  2749.04
411  160  2025-06-14 16-04-31  1889.6  19384.6  -2768.79  1449.72  2755.74
412  160  2025-06-14 16-04-31  1891.2  19406.4  -2770.58  1450.12  2747.09
413  160  2025-06-14 16-04-31  1892.8  19428.1  -2772.52  1450.18  2753.77
414  160  2025-06-14 16-04-31  1894.4  19449.9  -2774.26  1450.57  2745.11
415  160  2025-06-14 16-04-31  1896  19471.7  -2776.16  1450.63  2751.77
416  160  2025-06-14 16-04-31  1897.6  19493.5  -2777.86  1451.01  2743.11
417  160  2025-06-14 16-04-31  1899.2  19515.3  -2779.72  1451.07  2749.75
418  160  2025-06-14 16-04-31  1900.8  19537.2  -2781.37  1451.44  2741.09
419  160  2025-06-14 16-04-31  1902.4  19559.1  -2783.18  1451.5  2747.7
420  160  2025-06-14 16-04-31  1904  19581  -2785.15  1451.56  2754.38
421  160  2025-06-14 16-04-31  1905.6  19602.9  -2786.91  1451.93  2745.65
422  160  2025-06-14 16-04-31  1907.2  19624.8  -2788.84  1451.98  2752.3
423  160  2025-06-14 16-04-31  1908.8  19646.8  -2790.56  1452.34  2743.57
424  160  2025-06-14 16-04-31  1910.4  19668.7  -2792.43  1452.4  2750.19
425  160  2025-06-14 16-04-31  1912  19690.7  -2794.11  1452.75  2741.47
426  160  2025-06-14 16-04-31  1913.6  19712.7  -2795.94  1452.81  2748.07
427  160  2025-06-14 16-04-31  1915.2  19734.8  -2797.56  1453.16  2739.35
428  160  2025-06-14 16-04-31  1916.8  19756.9  -2799.34  1453.21  2745.93
429  160  2025-06-14 16-04-31  1918.4  19779  -2800.92  1453.55  2737.21
430  160  2025-06-14 16-04-31  1920  19801  -2802.65  1453.61  2743.76
431  160  2025-06-14 16-04-31  1921.6  19823.1  -2804.54  1453.67  2750.38
432  160  2025-06-14 16-04-31  1923.2  19845.3  -2806.22  1454  2741.59
433  160  2025-06-14 16-04-31  1924.8  19867.4  -2808.07  1454.06  2748.18
434  160  2025-06-14 16-04-31  1926.4  19889.6  -2809.7  1454.38  2739.4
435  160  2025-06-14 16-04-31  1928  19911.7  -2811.49  1454.44  2745.96
436  160  2025-06-14 16-04-31  1929.6  19934  -2813.08  1454.75  2737.19
437  160  2025-06-14 16-04-31  1931.2  19956.2  -2814.82  1454.81  2743.73
438  160  2025-06-14 16-04-31  1932.8  19978.4  -2816.35  1455.12  2734.96
439  160  2025-06-14 16-04-31  1934.4  20000.7  -2818.04  1455.18  2741.47
440  160  2025-06-14 16-04-31  1936  20022.9  -2819.89  1455.23  2748.05
441  160  2025-06-14 16-04-31  1937.6  20045.2  -2821.53  1455.53  2739.21
442  160  2025-06-14 16-04-31  1939.2  20067.5  -2823.32  1455.59  2745.77
443  160  2025-06-14 16-04-31  1940.8  20089.8  -2824.91  1455.89  2736.93
444  160  2025-06-14 16-04-31  1942.4  20112.2  -2826.65  1455.95  2743.46
445  160  2025-06-14 16-04-31  1944  20134.5  -2828.18  1456.23  2734.63
446  160  2025-06-14 16-04-31  1945.6  20156.9  -2829.87  1456.29  2741.14
447  160  2025-06-14 16-04-31  1947.2  20179.3  -2831.35  1456.57  2732.32
448  160  2025-06-14 16-04-31  1948.8  20201.7  -14033  1456.63  2738.8
449  160  2025-06-14 16-04-31  1950.4  20224.1  -14034.6  1456.69  2738.88
450  160  2025-06-14 16-04-31  1952  20246.6  -14036  1456.96  2730.06
451  160  2025-06-14 16-04-31  1953.6  20269  -14037.6  1457.02  2736.52
452  160  2025-06-14 16-04-31  1955.2  20291.5  -14039.4  1457.08  2743.04
453  160  2025-06-14 16-04-31  1956.8  20314  -14040.9  1457.35  2734.15
454  160  2025-06-14 16-04-31  1958.4  20336.4  -14042.6  1457.41  2740.64
455  160  2025-06-14 16-04-31  1960  20358.9  -14044.1  1457.67  2731.76
456  160  2025-06-14 16-04-31  1961.6  20381.5  -14045.7  1457.73  2738.23
457  160  2025-06-14 16-04-31  1963.2  20404  -14047.1  1457.98  2729.36
458  160  2025-06-14 16-04-31  1964.8  20426.6  -14048.7  1458.04  2735.81
459  160  2025-06-14 16-04-31  1966.4  20449.2  -14050  1458.29  2726.95
460  160  2025-06-14 16-04-31  1968  20471.7  -14051.5  1458.35  2733.37
461  160  2025-06-14 16-04-31  1969.6  20494.3  -14053.2  1458.41  2739.86
462  160  2025-06-14 16-04-31  1971.2  20516.9  -14054.7  1458.65  2730.93
463  160  2025-06-14 16-04-31  1972.8  20539.5  -14056.3  1458.71  2737.39
464  160  2025-06-14 16-04-31  1974.4  20562.2  -14057.7  1458.95  2728.47
465  160  2025-06-14 16-04-31  1976  20584.8  -14059.2  1459  2734.91
466  160  2025-06-14 16-04-31  1977.6  20607.5  -14060.6  1459.24  2726
467  160  2025-06-14 16-04-31  1979.2  20630.2  -14062.1  1459.3  2732.41
468  160  2025-06-14 16-04-31  1980.8  20652.9  -14063.7  1459.35  2738.89
469  160  2025-06-14 16-04-31  1982.4  20675.6  -14065.2  1459.58  2729.92
470  160  2025-06-14 16-04-31  1984  20698.3  -14066.8  1459.64  2736.37
471  160  2025-06-14 16-04-31  1985.6  20721.1  -14068.1  1459.86  2727.41
472  160  2025-06-14 16-04-31  1987.2  20743.8  -14069.7  1459.92  2733.83
473  160  2025-06-14 16-04-31  1988.8  20766.6  -14071  1460.14  2724.88
474  160  2025-06-14 16-04-31  1990.4  20789.3  -14072.5  1460.19  2732.9
475  160  2025-06-14 16-04-31  1992  20812.1  -14073.8  1460.41  2723.94
476  160  2025-06-14 16-04-31  1993.6  20834.9  -14075.3  1460.46  2731.95
477  160  2025-06-14 16-04-31  1995.2  20857.8  -14076.6  1460.67  2722.99
478  160  2025-06-14 16-04-31  1996.8  20880.6  -14078  1460.73  2730.99
479  160  2025-06-14 16-04-31  1998.4  20903.5  -14079.3  1460.93  2722.02
480  160  2025-06-14 16-04-31  2000  20926.3  -14080.7  1460.99  2730.01
481  160  2025-06-14 16-04-31  2001.6  20949.2  -14082  1461.19  2721.04
482  160  2025-06-14 16-04-31  2003.2  20972.1  -14083.4  1461.24  2729.02
483  160  2025-06-14 16-04-31  2004.8  20995  -14084.6  1461.44  2720.05
484  160  2025-06-14 16-04-31  2006.4  21017.9  -14086  1461.5  2728.02
485  160  2025-06-14 16-04-31  2008  21040.8  -14087.4  1461.55  2727.99
486  160  2025-06-14 16-04-31  2009.6  21063.7  -14088.6  1461.74  2719.01
487  160  2025-06-14 16-04-31  2011.2  21086.7  -14089.9  1461.8  2726.97
488  160  2025-06-14 16-04-31  2012.8  21109.6  -14091.5  1461.86  2735.01
489  160  2025-06-14 16-04-31  2014.4  21132.6  -14092.9  1462.04  2725.94
490  160  2025-06-14 16-04-31  2016  21155.5  -14094.4  1462.1  2733.97
491  160  2025-06-14 16-04-31  2017.6  21178.5  -14095.8  1462.27  2724.88
492  160  2025-06-14 16-04-31  2019.2  21201.5  -14097.3  1462.33  2732.91
493  160  2025-06-14 16-04-31  2020.8  21224.5  -14098.6  1462.51  2723.82
494  160  2025-06-14 16-04-31  2022.4  21247.5  -14100.1  1462.56  2731.83
495  160  2025-06-14 16-04-31  2024  21270.6  -14101.4  1462.73  2722.74
496  160  2025-06-14 16-04-31  2025.6  21293.6  -14102.8  1462.79  2730.74
497  160  2025-06-14 16-04-31  2027.2  21316.7  -14104.1  1462.96  2721.64
498  160  2025-06-14 16-04-31  2028.8  21339.7  -14105.5  1463.01  2729.64
499  160  2025-06-14 16-04-31  2030.4  21362.8  -14106.8  1463.18  2720.53
500  160  2025-06-14 16-04-31  2032  21385.9  -14108.2  1463.23  2728.52
501  160  2025-06-14 16-04-31  2033.6  21409  -14109.4  1463.39  2719.41
502  160  2025-06-14 16-04-31  2035.2  21432.1  -14110.8  1463.45  2727.39
503  160  2025-06-14 16-04-31  2036.8  21455.2  -14112  1463.6  2718.28
504  160  2025-06-14 16-04-31  2038.4  21478.3  -14113.3  1463.66  2726.24
505  160  2025-06-14 16-04-31  2040  21501.5  -14114.5  1463.81  2717.13
506  160  2025-06-14 16-04-31  2041.6  21524.7  -14115.8  1463.87  2725.08
507  160  2025-06-14 16-04-31  2043.2  21547.8  -14116.9  1464.01  2715.97
508  160  2025-06-14 16-04-31  2044.8  21571  -14118.2  1464.07  2723.91
509  160  2025-06-14 16-04-31  2046.4  21594.2  -14119.3  1464.21  2714.8
510  160  2025-06-14 16-04-31  2048  21617.4  -14120.6  1464.27  2722.73
511  160  2025-06-14 16-04-31  2049.6  21640.6  -14121.7  1464.41  2713.61
512  160  2025-06-14 16-04-31  2051.2  21663.8  -14122.9  1464.47  2721.54
513  160  2025-06-14 16-04-31  2052.8  21687  -14123.9  1464.6  2712.42
514  160  2025-06-14 16-04-31  2054.4  21710.3  -14125.2  1464.66  2720.33
515  160  2025-06-14 16-04-31  2056  21733.5  -14126.2  1464.79  2711.21
516  160  2025-06-14 16-04-31  2057.6  21756.8  -14127.4  1464.85  2719.12
517  160  2025-06-14 16-04-31  2059.2  21780  -14128.8  1464.91  2727.1
518  160  2025-06-14 16-04-31  2060.8  21803.3  -14129.9  1465.04  2717.89
519  160  2025-06-14 16-04-31  2062.4  21826.6  -14131.3  1465.09  2725.87
520  160  2025-06-14 16-04-31  2064  21849.9  -14132.4  1465.22  2716.66
521  160  2025-06-14 16-04-31  2065.6  21873.2  -14133.8  1465.27  2724.62
522  160  2025-06-14 16-04-31  2067.2  21896.5  -14134.9  1465.4  2715.4
523  160  2025-06-14 16-04-31  2068.8  21919.8  -14136.2  1465.45  2723.36
524  160  2025-06-14 16-04-31  2070.4  21943.1  -14137.2  1465.57  2714.14
525  160  2025-06-14 16-04-31  2072  21966.5  -14138.5  1465.63  2722.08
526  160  2025-06-14 16-04-31  2073.6  21989.8  -14139.6  1465.74  2712.86
527  160  2025-06-14 16-04-31  2075.2  22013.2  -14140.8  1465.8  2720.79
528  160  2025-06-14 16-04-31  2076.8  22036.5  -14141.8  1465.91  2711.57
529  160  2025-06-14 16-04-31  2078.4  22059.9  -14143  1465.97  2719.49
530  160  2025-06-14 16-04-31  2080  22083.3  -14144  1466.08  2710.27
531  160  2025-06-14 16-04-31  2081.6  22106.7  -14145.2  1466.14  2718.18
532  160  2025-06-14 16-04-31  2083.2  22130.1  -14146.1  1466.24  2708.96
533  160  2025-06-14 16-04-31  2084.8  22153.5  -14147.3  1466.3  2716.86
534  160  2025-06-14 16-04-31  2086.4  22176.9  -14148.2  1466.4  2707.64
535  160  2025-06-14 16-04-31  2088  22200.3  -14149.3  1466.46  2715.53
536  160  2025-06-14 16-04-31  2089.6  22223.7  -14150.2  1466.56  2706.31
537  160  2025-06-14 16-04-31  2091.2  22247.2  -14151.3  1466.62  2714.19
538  160  2025-06-14 16-04-31  2092.8  22270.6  -14152.5  1466.67  2722.15
539  160  2025-06-14 16-04-31  2094.4  22294.1  -14153.6  1466.77  2712.84
540  160  2025-06-14 16-04-31  2096  22317.5  -14154.8  1466.83  2720.79
541  160  2025-06-14 16-04-31  2097.6  22341  -14155.8  1466.92  2711.48
542  160  2025-06-14 16-04-31  2099.2  22364.5  -14157.1  1466.98  2719.41
543  160  2025-06-14 16-04-31  2100.8  22387.9  -14158  1467.07  2710.1
544  160  2025-06-14 16-04-31  2102.4  22411.4  -14159.2  1467.13  2718.02
545  160  2025-06-14 16-04-31  2104  22434.9  -14160.2  1467.21  2708.71
546  160  2025-06-14 16-04-31  2105.6  22458.4  -14161.3  1467.27  2716.62
547  160  2025-06-14 16-04-31  2107.2  22481.9  -14162.2  1467.36  2707.31
