SN    USVID    CurTime    simTime    CurX    CurY    CurVel      CurYaw   
0  144  2025-06-10 20-56-22  0  2440  14512  192  2672
1  144  2025-06-10 20-56-22  1.6  2448.01  14512.1  192.086  2656
2  144  2025-06-10 20-56-22  3.2  2456.02  14512.4  192.173  2640
3  144  2025-06-10 20-56-22  4.8  2464.03  14512.8  192.259  2624
4  144  2025-06-10 20-56-22  6.4  2472.05  14513.4  192.345  2608
5  144  2025-06-10 20-56-22  8  2480.06  14514.1  192.432  2592
6  144  2025-06-10 20-56-22  9.6  2488.07  14514.9  192.518  2576
7  144  2025-06-10 20-56-22  11.2  2496.07  14515.9  192.604  2560
8  144  2025-06-10 20-56-22  12.8  2504.06  14517  192.691  2544
9  144  2025-06-10 20-56-22  14.4  2512.04  14518.3  192.777  2528
10  144  2025-06-10 20-56-22  128  2520  14519.7  192.863  2512
11  144  2025-06-10 20-56-22  129.6  2527.95  14521.3  192.95  2496
12  144  2025-06-10 20-56-22  131.2  2535.88  14522.9  193.036  2480
13  144  2025-06-10 20-56-22  132.8  2543.8  14524.7  193.122  2472.73
14  144  2025-06-10 20-56-22  134.4  2551.73  14526.4  193.209  2472.73
15  144  2025-06-10 20-56-22  136  2559.66  14528.2  193.295  2472.74
16  144  2025-06-10 20-56-22  137.6  2567.61  14530  193.381  2472.75
17  144  2025-06-10 20-56-22  139.2  2575.57  14531.7  193.468  2472.76
18  144  2025-06-10 20-56-22  140.8  2583.53  14533.5  193.554  2472.77
19  144  2025-06-10 20-56-22  142.4  2591.5  14535.2  193.64  2472.78
20  144  2025-06-10 20-56-22  144  2599.48  14537  193.727  2472.79
21  144  2025-06-10 20-56-22  145.6  2607.47  14538.8  193.813  2472.79
22  144  2025-06-10 20-56-22  147.2  2615.47  14540.5  193.899  2472.8
23  144  2025-06-10 20-56-22  148.8  2623.47  14542.3  193.986  2472.81
24  144  2025-06-10 20-56-22  150.4  2631.49  14544.1  194.072  2472.82
25  144  2025-06-10 20-56-22  152  2639.51  14545.8  194.158  2472.83
26  144  2025-06-10 20-56-22  153.6  2647.54  14547.6  194.245  2472.84
27  144  2025-06-10 20-56-22  155.2  2655.58  14549.4  194.331  2472.85
28  144  2025-06-10 20-56-22  156.8  2663.63  14551.2  194.417  2472.85
29  144  2025-06-10 20-56-22  158.4  2671.69  14552.9  194.504  2472.86
30  144  2025-06-10 20-56-22  160  2679.75  14554.7  194.59  2472.87
31  144  2025-06-10 20-56-22  161.6  2687.82  14556.5  194.676  2472.88
32  144  2025-06-10 20-56-22  163.2  2695.91  14558.3  194.763  2472.89
33  144  2025-06-10 20-56-22  164.8  2704  14560.1  194.849  2472.9
34  144  2025-06-10 20-56-22  166.4  2712.1  14561.8  194.935  2472.91
35  144  2025-06-10 20-56-22  168  2720.2  14563.6  195.022  2472.92
36  144  2025-06-10 20-56-22  169.6  2728.32  14565.4  195.108  2472.93
37  144  2025-06-10 20-56-22  171.2  2736.44  14567.2  195.194  2472.94
38  144  2025-06-10 20-56-22  172.8  2744.58  14569  195.281  2472.95
39  144  2025-06-10 20-56-22  174.4  2752.72  14570.8  195.367  2472.96
40  144  2025-06-10 20-56-22  176  2760.87  14572.6  195.453  2472.97
41  144  2025-06-10 20-56-22  177.6  2769.02  14574.4  195.54  2472.98
42  144  2025-06-10 20-56-22  179.2  2777.19  14576.2  195.626  2472.99
43  144  2025-06-10 20-56-22  180.8  2785.36  14578  195.712  2473
44  144  2025-06-10 20-56-22  182.4  2793.55  14579.8  195.799  2473.01
45  144  2025-06-10 20-56-22  184  2801.74  14581.6  195.885  2473.02
46  144  2025-06-10 20-56-22  185.6  2809.94  14583.4  195.971  2473.03
47  144  2025-06-10 20-56-22  187.2  2818.15  14585.2  196.058  2473.04
48  144  2025-06-10 20-56-22  188.8  2826.37  14587.1  196.144  2473.05
49  144  2025-06-10 20-56-22  190.4  14034.6  14588.9  196.23  2473.06
50  144  2025-06-10 20-56-22  192  14042.8  14590.7  196.317  2473.07
51  144  2025-06-10 20-56-22  193.6  14051.1  14592.5  196.403  2473.08
52  144  2025-06-10 20-56-22  195.2  14059.3  14594.3  196.489  2473.09
53  144  2025-06-10 20-56-22  196.8  14067.6  14596.1  196.576  2473.1
54  144  2025-06-10 20-56-22  198.4  14075.8  14598  196.662  2473.11
55  144  2025-06-10 20-56-22  200  14084.1  14599.8  196.748  2473.13
56  144  2025-06-10 20-56-22  201.6  14092.4  14601.6  196.835  2473.14
57  144  2025-06-10 20-56-22  203.2  14100.7  14603.4  196.921  2473.15
58  144  2025-06-10 20-56-22  204.8  14109  14605.3  197.007  2473.16
59  144  2025-06-10 20-56-22  206.4  14117.3  14607.1  197.094  2473.17
60  144  2025-06-10 20-56-22  208  14125.6  14608.9  197.18  2473.18
61  144  2025-06-10 20-56-22  209.6  14134  14610.8  197.266  2473.2
62  144  2025-06-10 20-56-22  211.2  14142.3  14612.6  197.353  2473.21
63  144  2025-06-10 20-56-22  212.8  14150.6  14614.4  197.439  2473.22
64  144  2025-06-10 20-56-22  214.4  14159  14616.3  197.525  2473.23
65  144  2025-06-10 20-56-22  216  14167.3  14618.1  197.612  2473.25
66  144  2025-06-10 20-56-22  217.6  14175.7  14620  197.698  2473.26
67  144  2025-06-10 20-56-22  219.2  14184.1  14621.8  197.784  2473.27
68  144  2025-06-10 20-56-22  220.8  14192.5  14623.7  197.871  2473.29
69  144  2025-06-10 20-56-22  222.4  14200.9  14625.5  197.957  2473.3
70  144  2025-06-10 20-56-22  224  14209.3  14627.4  198.043  2473.31
71  144  2025-06-10 20-56-22  225.6  14217.7  14629.2  198.13  2473.32
72  144  2025-06-10 20-56-22  227.2  14226.1  14631.1  198.216  2473.34
73  144  2025-06-10 20-56-22  228.8  14234.5  14632.9  198.302  2473.35
74  144  2025-06-10 20-56-22  230.4  14243  14634.8  198.389  2473.37
75  144  2025-06-10 20-56-22  232  14251.4  14636.6  198.475  2473.38
76  144  2025-06-10 20-56-22  233.6  14259.9  14638.5  198.561  2473.39
77  144  2025-06-10 20-56-22  235.2  14268.3  14640.4  198.648  2473.41
78  144  2025-06-10 20-56-22  236.8  14276.8  14642.2  198.734  2473.42
79  144  2025-06-10 20-56-22  238.4  14285.3  14644.1  198.82  2473.44
80  144  2025-06-10 20-56-22  240  14293.8  14646  198.907  2473.45
81  144  2025-06-10 20-56-22  241.6  14302.3  14647.8  198.993  2473.47
82  144  2025-06-10 20-56-22  243.2  14310.8  14649.7  199.079  2473.48
83  144  2025-06-10 20-56-22  244.8  14319.3  14651.6  199.166  2473.5
84  144  2025-06-10 20-56-22  246.4  14327.8  14653.4  199.252  2473.51
85  144  2025-06-10 20-56-22  248  14336.3  14655.3  199.338  2473.53
86  144  2025-06-10 20-56-22  249.6  14344.9  14657.2  199.425  2473.54
87  144  2025-06-10 20-56-22  251.2  14353.4  14659.1  199.511  2473.56
88  144  2025-06-10 20-56-22  252.8  14362  14661  199.597  2473.58
89  144  2025-06-10 20-56-22  254.4  14370.5  14662.8  199.684  2473.59
90  144  2025-06-10 20-56-22  256  14379.1  14664.7  199.77  2473.61
91  144  2025-06-10 20-56-22  257.6  14387.7  14666.6  199.856  2473.63
92  144  2025-06-10 20-56-22  259.2  14396.3  14668.5  199.943  2473.64
93  144  2025-06-10 20-56-22  260.8  14404.9  14670.4  200.029  2473.66
94  144  2025-06-10 20-56-22  262.4  14413.5  14672.3  200.115  2473.68
95  144  2025-06-10 20-56-22  264  14422.1  14674.2  200.202  2473.69
96  144  2025-06-10 20-56-22  265.6  14430.7  14676.1  200.288  2473.71
97  144  2025-06-10 20-56-22  267.2  14439.4  14678  200.374  2473.73
98  144  2025-06-10 20-56-22  268.8  14448  14679.9  200.461  2473.75
99  144  2025-06-10 20-56-22  270.4  14456.6  14681.8  200.547  2473.76
100  144  2025-06-10 20-56-22  1392  14465.3  14683.7  200.633  2473.78
101  144  2025-06-10 20-56-22  1393.6  14474  14685.6  200.72  2473.8
102  144  2025-06-10 20-56-22  1395.2  14482.6  14687.5  200.806  2473.82
103  144  2025-06-10 20-56-22  1396.8  14491.3  14689.4  200.892  2473.84
104  144  2025-06-10 20-56-22  1398.4  14500  14691.3  200.979  2473.86
105  144  2025-06-10 20-56-22  1400  14508.7  14693.2  201.065  2473.87
106  144  2025-06-10 20-56-22  1401.6  14517.4  14695.1  201.151  2473.89
107  144  2025-06-10 20-56-22  1403.2  14526.1  14697  201.238  2473.91
108  144  2025-06-10 20-56-22  1404.8  14534.9  14698.9  201.324  2473.93
109  144  2025-06-10 20-56-22  1406.4  14543.6  14700.9  201.41  2473.95
110  144  2025-06-10 20-56-22  1408  14552.3  14702.8  201.497  2473.97
111  144  2025-06-10 20-56-22  1409.6  14561.1  14704.7  201.583  2473.99
112  144  2025-06-10 20-56-22  1411.2  14569.8  14706.6  201.669  2474.01
113  144  2025-06-10 20-56-22  1412.8  14578.6  14708.5  201.756  2474.03
114  144  2025-06-10 20-56-22  1414.4  14587.4  14710.5  201.842  2474.05
115  144  2025-06-10 20-56-22  1416  14596.2  14712.4  201.928  2474.07
116  144  2025-06-10 20-56-22  1417.6  14605  14714.3  202.015  2474.1
117  144  2025-06-10 20-56-22  1419.2  14613.8  14716.2  202.101  2474.12
118  144  2025-06-10 20-56-22  1420.8  14622.6  14718.2  202.187  2474.14
119  144  2025-06-10 20-56-22  1422.4  14631.4  14720.1  202.274  2474.16
120  144  2025-06-10 20-56-22  1424  14640.2  14722  202.36  2474.18
121  144  2025-06-10 20-56-22  1425.6  14649.1  14724  202.446  2474.2
122  144  2025-06-10 20-56-22  1427.2  14657.9  14725.9  202.533  2474.23
123  144  2025-06-10 20-56-22  1428.8  14666.8  14727.9  202.619  2474.25
124  144  2025-06-10 20-56-22  1430.4  14675.6  14729.8  202.705  2474.27
125  144  2025-06-10 20-56-22  1432  14684.5  14731.7  202.792  2474.29
126  144  2025-06-10 20-56-22  1433.6  14693.4  14733.7  202.878  2474.32
127  144  2025-06-10 20-56-22  1435.2  14702.2  14735.6  202.964  2474.34
128  144  2025-06-10 20-56-22  1436.8  14711.1  14737.6  203.051  2474.36
129  144  2025-06-10 20-56-22  1438.4  14720  14739.5  203.137  2474.39
130  144  2025-06-10 20-56-22  1440  14729  14741.5  203.223  2474.41
131  144  2025-06-10 20-56-22  1441.6  14737.9  14743.4  203.31  2474.43
132  144  2025-06-10 20-56-22  1443.2  14746.8  14745.4  203.396  2474.46
133  144  2025-06-10 20-56-22  1444.8  14755.7  14747.3  203.482  2474.48
134  144  2025-06-10 20-56-22  1446.4  14764.7  14749.3  203.569  2474.51
135  144  2025-06-10 20-56-22  1448  14773.6  14751.3  203.655  2474.53
136  144  2025-06-10 20-56-22  1449.6  14782.6  14753.2  203.741  2474.56
137  144  2025-06-10 20-56-22  1451.2  14791.6  14755.2  203.828  2474.58
138  144  2025-06-10 20-56-22  1452.8  14800.5  14757.1  203.914  2474.61
139  144  2025-06-10 20-56-22  1454.4  14809.5  14759.1  204  2474.63
140  144  2025-06-10 20-56-22  1456  14818.5  14761.1  204.087  2474.66
141  144  2025-06-10 20-56-22  1457.6  14827.5  14763  204.173  2474.68
142  144  2025-06-10 20-56-22  1459.2  14836.6  14765  204.259  2474.71
143  144  2025-06-10 20-56-22  1460.8  14845.6  14767  204.346  2474.74
144  144  2025-06-10 20-56-22  1462.4  14854.6  14769  204.432  2474.76
145  144  2025-06-10 20-56-22  1464  14863.6  14770.9  204.518  2474.79
146  144  2025-06-10 20-56-22  1465.6  14872.7  14772.9  204.605  2474.82
147  144  2025-06-10 20-56-22  1467.2  14881.7  14774.9  204.691  2474.84
148  144  2025-06-10 20-56-22  1468.8  14890.8  14776.9  204.777  2474.87
149  144  2025-06-10 20-56-22  1470.4  14899.9  14778.9  204.864  2474.9
150  144  2025-06-10 20-56-22  1472  14909  14780.8  204.95  2474.93
151  144  2025-06-10 20-56-22  1473.6  14918.1  14782.8  205.036  2474.95
152  144  2025-06-10 20-56-22  1475.2  14927.1  14784.8  205.123  2474.98
153  144  2025-06-10 20-56-22  1476.8  14936.3  14786.8  205.209  2475.01
154  144  2025-06-10 20-56-22  1478.4  14945.4  14788.8  205.295  2475.04
155  144  2025-06-10 20-56-22  1480  14954.5  14790.8  205.382  2475.07
156  144  2025-06-10 20-56-22  1481.6  14963.6  14792.8  205.468  2475.1
157  144  2025-06-10 20-56-22  1483.2  14972.8  14794.8  205.554  2475.13
158  144  2025-06-10 20-56-22  1484.8  14981.9  14796.8  205.641  2475.16
159  144  2025-06-10 20-56-22  1486.4  14991.1  14798.8  205.727  2475.19
160  144  2025-06-10 20-56-22  1488  15000.2  14800.8  205.813  2475.22
161  144  2025-06-10 20-56-22  1489.6  15009.4  14802.8  205.9  2475.25
162  144  2025-06-10 20-56-22  1491.2  15018.6  14804.8  205.986  2475.28
163  144  2025-06-10 20-56-22  1492.8  15027.8  14806.8  206.072  2475.31
164  144  2025-06-10 20-56-22  1494.4  15037  14808.8  206.159  2475.34
165  144  2025-06-10 20-56-22  1496  15046.2  14810.8  206.245  2475.37
166  144  2025-06-10 20-56-22  1497.6  15055.4  14812.8  206.331  2475.4
167  144  2025-06-10 20-56-22  1499.2  15064.6  14814.8  206.418  2475.43
168  144  2025-06-10 20-56-22  1500.8  15073.9  14816.8  206.504  2475.46
169  144  2025-06-10 20-56-22  1502.4  15083.1  14818.8  206.59  2475.49
170  144  2025-06-10 20-56-22  1504  15092.4  14820.8  206.677  2475.53
171  144  2025-06-10 20-56-22  1505.6  15101.6  14822.8  206.763  2475.56
172  144  2025-06-10 20-56-22  1507.2  15110.9  14824.9  206.849  2475.59
173  144  2025-06-10 20-56-22  1508.8  15120.2  14826.9  206.936  2475.62
174  144  2025-06-10 20-56-22  1510.4  15129.5  14828.9  207.022  2475.66
175  144  2025-06-10 20-56-22  1512  15138.8  14830.9  207.108  2475.69
176  144  2025-06-10 20-56-22  1513.6  15148.1  14832.9  207.195  2475.72
177  144  2025-06-10 20-56-22  1515.2  15157.4  14835  207.281  2475.76
178  144  2025-06-10 20-56-22  1516.8  15166.7  14837  207.367  2475.79
179  144  2025-06-10 20-56-22  1518.4  15176  14839  207.454  2475.82
180  144  2025-06-10 20-56-22  1520  15185.3  14841  207.54  2475.86
181  144  2025-06-10 20-56-22  1521.6  15194.7  14843.1  207.626  2475.89
182  144  2025-06-10 20-56-22  1523.2  15204  14845.1  207.713  2475.93
183  144  2025-06-10 20-56-22  1524.8  15213.4  14847.1  207.799  2475.96
184  144  2025-06-10 20-56-22  1526.4  15222.8  14849.2  207.885  2476
185  144  2025-06-10 20-56-22  1528  15232.2  14851.2  207.972  2476.03
186  144  2025-06-10 20-56-22  1529.6  15241.5  14853.2  208.058  2476.07
187  144  2025-06-10 20-56-22  1531.2  15250.9  14855.3  208.145  2476.1
188  144  2025-06-10 20-56-22  1532.8  15260.3  14857.3  208.231  2476.14
189  144  2025-06-10 20-56-22  1534.4  15269.8  14859.4  208.317  2476.18
190  144  2025-06-10 20-56-22  1536  15279.2  14861.4  208.404  2476.21
191  144  2025-06-10 20-56-22  1537.6  15288.6  14863.4  208.49  2476.25
192  144  2025-06-10 20-56-22  1539.2  15298  14865.5  208.576  2476.29
193  144  2025-06-10 20-56-22  1540.8  15307.5  14867.5  208.663  2476.32
194  144  2025-06-10 20-56-22  1542.4  15316.9  14869.6  208.749  2476.36
195  144  2025-06-10 20-56-22  1544  15326.4  14871.6  208.835  2476.4
196  144  2025-06-10 20-56-22  1545.6  15335.9  14873.7  208.922  2476.44
197  144  2025-06-10 20-56-22  1547.2  15345.4  14875.7  209.008  2476.47
198  144  2025-06-10 20-56-22  1548.8  15354.9  14877.8  209.094  2476.51
199  144  2025-06-10 20-56-22  1550.4  15364.4  14879.9  209.181  2476.55
200  144  2025-06-10 20-56-22  1552  15373.9  14881.9  209.267  2476.59
201  144  2025-06-10 20-56-22  1553.6  15383.4  14884  209.353  2476.63
202  144  2025-06-10 20-56-22  1555.2  15392.9  14886  209.44  2476.67
203  144  2025-06-10 20-56-22  1556.8  15402.4  14888.1  209.526  2476.71
204  144  2025-06-10 20-56-22  1558.4  15412  14890.2  209.612  2476.75
205  144  2025-06-10 20-56-22  1560  15421.5  14892.2  209.699  2476.79
206  144  2025-06-10 20-56-22  1561.6  15431.1  14894.3  209.785  2476.83
207  144  2025-06-10 20-56-22  1563.2  15440.6  14896.4  209.871  2476.87
208  144  2025-06-10 20-56-22  1564.8  15450.2  14898.4  209.958  2476.91
209  144  2025-06-10 20-56-22  1566.4  15459.8  14900.5  210.044  2476.95
210  144  2025-06-10 20-56-22  1568  15469.4  14902.6  210.13  2476.99
211  144  2025-06-10 20-56-22  1569.6  15479  14904.6  210.217  2477.03
212  144  2025-06-10 20-56-22  1571.2  15488.6  14906.7  210.303  2477.07
213  144  2025-06-10 20-56-22  1572.8  15498.2  14908.8  210.389  2477.11
214  144  2025-06-10 20-56-22  1574.4  15507.8  14910.9  210.476  2477.15
215  144  2025-06-10 20-56-22  1576  15517.5  14913  210.562  2477.2
216  144  2025-06-10 20-56-22  1577.6  15527.1  14915  210.648  2477.24
217  144  2025-06-10 20-56-22  1579.2  15536.8  14917.1  210.735  2477.28
218  144  2025-06-10 20-56-22  1580.8  15546.4  14919.2  210.821  2477.32
219  144  2025-06-10 20-56-22  1582.4  15556.1  14921.3  210.907  2477.37
220  144  2025-06-10 20-56-22  1584  15565.8  14923.4  210.994  2477.41
221  144  2025-06-10 20-56-22  1585.6  15575.5  14925.5  211.08  2477.45
222  144  2025-06-10 20-56-22  1587.2  15585.2  14927.5  211.166  2477.5
223  144  2025-06-10 20-56-22  1588.8  15594.9  14929.6  211.253  2477.54
224  144  2025-06-10 20-56-22  1590.4  15604.6  14931.7  211.339  2477.59
225  144  2025-06-10 20-56-22  1592  15614.3  14933.8  211.425  2477.63
226  144  2025-06-10 20-56-22  1593.6  15624  14935.9  211.512  2477.67
227  144  2025-06-10 20-56-22  1595.2  15633.8  14938  211.598  2477.72
228  144  2025-06-10 20-56-22  1596.8  15643.5  14940.1  211.684  2477.76
229  144  2025-06-10 20-56-22  1598.4  15653.3  14942.2  211.771  2477.81
230  144  2025-06-10 20-56-22  1600  15663  14944.3  211.857  2477.85
231  144  2025-06-10 20-56-22  1601.6  15672.8  14946.4  211.943  2477.9
232  144  2025-06-10 20-56-22  1603.2  15682.6  14948.5  212.03  2477.95
233  144  2025-06-10 20-56-22  1604.8  15692.4  14950.6  212.116  2477.99
234  144  2025-06-10 20-56-22  1606.4  15702.2  14952.7  212.202  2478.04
235  144  2025-06-10 20-56-22  1608  15712  14954.8  212.289  2478.09
236  144  2025-06-10 20-56-22  1609.6  15721.8  14956.9  212.375  2478.13
237  144  2025-06-10 20-56-22  1611.2  15731.6  14959  212.461  2478.18
238  144  2025-06-10 20-56-22  1612.8  15741.4  14961.1  212.548  2478.23
239  144  2025-06-10 20-56-22  1614.4  15751.3  14963.2  212.634  2478.27
240  144  2025-06-10 20-56-22  1616  15761.1  14965.4  212.72  2478.32
241  144  2025-06-10 20-56-22  1617.6  15771  14967.5  212.807  2478.37
242  144  2025-06-10 20-56-22  1619.2  15780.8  14969.6  212.893  2478.42
243  144  2025-06-10 20-56-22  1620.8  15790.7  14971.7  212.979  2478.47
244  144  2025-06-10 20-56-22  1622.4  15800.6  14973.8  213.066  2478.52
245  144  2025-06-10 20-56-22  1624  15810.5  14975.9  213.152  2478.56
246  144  2025-06-10 20-56-22  1625.6  15820.4  14978.1  213.238  2478.61
247  144  2025-06-10 20-56-22  1627.2  15830.3  14980.2  213.325  2478.66
248  144  2025-06-10 20-56-22  1628.8  15840.2  14982.3  213.411  2478.71
249  144  2025-06-10 20-56-22  1630.4  15850.1  14984.4  213.497  2478.76
250  144  2025-06-10 20-56-22  1632  15860.1  14986.5  213.584  2478.81
251  144  2025-06-10 20-56-22  1633.6  15870  14988.7  213.67  2478.86
252  144  2025-06-10 20-56-22  1635.2  15880  14990.8  213.756  2478.91
253  144  2025-06-10 20-56-22  1636.8  15889.9  14992.9  213.843  2478.96
254  144  2025-06-10 20-56-22  1638.4  15899.9  14995.1  213.929  2479.01
255  144  2025-06-10 20-56-22  1640  15909.9  14997.2  214.015  2479.07
256  144  2025-06-10 20-56-22  1641.6  15919.9  14999.3  214.102  2479.12
257  144  2025-06-10 20-56-22  1643.2  15929.8  15001.5  214.188  2479.17
258  144  2025-06-10 20-56-22  1644.8  15939.8  15003.6  214.274  2479.22
259  144  2025-06-10 20-56-22  1646.4  15949.9  15005.7  214.361  2479.27
260  144  2025-06-10 20-56-22  1648  15959.9  15007.9  214.447  2479.32
261  144  2025-06-10 20-56-22  1649.6  15969.9  15010  214.533  2479.38
262  144  2025-06-10 20-56-22  1651.2  15979.9  15012.1  214.62  2479.43
263  144  2025-06-10 20-56-22  1652.8  15990  15014.3  214.706  2479.48
264  144  2025-06-10 20-56-22  1654.4  16000  15016.4  214.792  2479.54
265  144  2025-06-10 20-56-22  1656  16010.1  15018.6  214.879  2479.59
266  144  2025-06-10 20-56-22  1657.6  16020.2  15020.7  214.965  2479.64
267  144  2025-06-10 20-56-22  1659.2  16030.3  15022.9  215.051  2479.7
268  144  2025-06-10 20-56-22  1660.8  16040.3  15025  215.138  2479.75
269  144  2025-06-10 20-56-22  1662.4  16050.4  15027.2  215.224  2479.81
270  144  2025-06-10 20-56-22  1664  16060.5  15029.3  215.31  2479.86
271  144  2025-06-10 20-56-22  1665.6  16070.7  15031.5  215.397  2479.92
272  144  2025-06-10 20-56-22  1667.2  16080.8  15033.6  215.483  2479.97
273  144  2025-06-10 20-56-22  1668.8  16090.9  15035.8  215.569  2480.03
274  144  2025-06-10 20-56-22  1670.4  16101  15037.9  215.656  2480.08
275  144  2025-06-10 20-56-22  1672  16111.2  15040.1  215.742  2480.14
276  144  2025-06-10 20-56-22  1673.6  16121.3  15042.2  215.828  2480.19
277  144  2025-06-10 20-56-22  1675.2  16131.5  15044.4  215.915  2480.25
278  144  2025-06-10 20-56-22  1676.8  16141.7  15046.5  216.001  2480.31
279  144  2025-06-10 20-56-22  1678.4  16151.9  15048.7  216.087  2480.36
280  144  2025-06-10 20-56-22  1680  16162.1  15050.9  216.174  2480.42
281  144  2025-06-10 20-56-22  1681.6  16172.3  15053  216.26  2480.48
282  144  2025-06-10 20-56-22  1683.2  16182.5  15055.2  216.346  2480.53
283  144  2025-06-10 20-56-22  1684.8  16192.7  15057.4  216.433  2480.59
284  144  2025-06-10 20-56-22  1686.4  16202.9  15059.5  216.519  2480.65
285  144  2025-06-10 20-56-22  1688  16213.1  15061.7  216.605  2480.71
286  144  2025-06-10 20-56-22  1689.6  16223.4  15063.9  216.692  2480.77
287  144  2025-06-10 20-56-22  1691.2  16233.6  15066  216.778  2480.82
288  144  2025-06-10 20-56-22  1692.8  16243.9  15068.2  216.864  2480.88
289  144  2025-06-10 20-56-22  1694.4  16254.2  15070.4  216.951  2480.94
290  144  2025-06-10 20-56-22  1696  16264.4  15072.5  217.037  2481
291  144  2025-06-10 20-56-22  1697.6  16274.7  15074.7  217.123  2481.06
292  144  2025-06-10 20-56-22  1699.2  16285  15076.9  217.21  2481.12
293  144  2025-06-10 20-56-22  1700.8  16295.3  15079.1  217.296  2481.18
294  144  2025-06-10 20-56-22  1702.4  16305.6  15081.2  217.382  2481.24
295  144  2025-06-10 20-56-22  1704  16316  15083.4  217.469  2481.3
296  144  2025-06-10 20-56-22  1705.6  16326.3  15085.6  217.555  2481.36
297  144  2025-06-10 20-56-22  1707.2  16336.6  15087.8  217.641  2481.42
298  144  2025-06-10 20-56-22  1708.8  16347  15090  217.728  2481.48
299  144  2025-06-10 20-56-22  1710.4  16357.3  15092.1  217.814  2481.54
300  144  2025-06-10 20-56-22  1712  16367.7  15094.3  217.9  2481.6
301  144  2025-06-10 20-56-22  1713.6  16378  15096.5  217.987  2481.67
302  144  2025-06-10 20-56-22  1715.2  16388.4  15098.7  218.073  2481.73
303  144  2025-06-10 20-56-22  1716.8  16398.8  15100.9  218.159  2481.79
304  144  2025-06-10 20-56-22  1718.4  16409.2  15103.1  218.246  2481.85
305  144  2025-06-10 20-56-22  1720  16419.6  15105.3  218.332  2481.91
306  144  2025-06-10 20-56-22  1721.6  16430  15107.5  218.418  2481.98
307  144  2025-06-10 20-56-22  1723.2  16440.5  15109.6  218.505  2482.04
308  144  2025-06-10 20-56-22  1724.8  16450.9  15111.8  218.591  2482.1
309  144  2025-06-10 20-56-22  1726.4  16461.3  15114  218.677  2482.17
310  144  2025-06-10 20-56-22  1728  16471.8  15116.2  218.764  2482.23
311  144  2025-06-10 20-56-22  1729.6  16482.2  15118.4  218.85  2482.29
312  144  2025-06-10 20-56-22  1731.2  16492.7  15120.6  218.936  2482.36
313  144  2025-06-10 20-56-22  1732.8  16503.2  15122.8  219.023  2482.42
314  144  2025-06-10 20-56-22  1734.4  16513.7  15125  219.109  2482.49
315  144  2025-06-10 20-56-22  1736  16524.1  15127.2  219.195  2482.55
316  144  2025-06-10 20-56-22  1737.6  16534.6  15129.4  219.282  2482.62
317  144  2025-06-10 20-56-22  1739.2  16545.2  15131.6  219.368  2482.68
318  144  2025-06-10 20-56-22  1740.8  16555.7  15133.8  219.454  2482.75
319  144  2025-06-10 20-56-22  1742.4  16566.2  15136  219.541  2482.81
320  144  2025-06-10 20-56-22  1744  16576.7  15138.2  219.627  2482.88
321  144  2025-06-10 20-56-22  1745.6  16587.3  15140.4  219.713  2482.95
322  144  2025-06-10 20-56-22  1747.2  16597.8  15142.6  219.8  2483.01
323  144  2025-06-10 20-56-22  1748.8  16608.4  15144.8  219.886  2483.08
324  144  2025-06-10 20-56-22  1750.4  16619  15147.1  219.972  2483.15
325  144  2025-06-10 20-56-22  1752  16629.5  15149.3  220.059  2483.21
326  144  2025-06-10 20-56-22  1753.6  16640.1  15151.5  220.145  2483.28
327  144  2025-06-10 20-56-22  1755.2  16650.7  15153.7  220.231  2483.35
328  144  2025-06-10 20-56-22  1756.8  16661.3  15155.9  220.318  2483.42
329  144  2025-06-10 20-56-22  1758.4  16671.9  15158.1  220.404  2483.48
330  144  2025-06-10 20-56-22  1760  16682.6  15160.3  220.49  2483.55
331  144  2025-06-10 20-56-22  1761.6  16693.2  15162.5  220.577  2483.62
332  144  2025-06-10 20-56-22  1763.2  16703.8  15164.8  220.663  2483.69
333  144  2025-06-10 20-56-22  1764.8  16714.5  15167  220.749  2483.76
334  144  2025-06-10 20-56-22  1766.4  16725.1  15169.2  220.836  2483.83
335  144  2025-06-10 20-56-22  1768  16735.8  15171.4  220.922  2483.9
336  144  2025-06-10 20-56-22  1769.6  16746.5  15173.6  221.008  2483.97
337  144  2025-06-10 20-56-22  1771.2  16757.1  15175.9  221.095  2484.04
338  144  2025-06-10 20-56-22  1772.8  16767.8  15178.1  221.181  2484.11
339  144  2025-06-10 20-56-22  1774.4  16778.5  15180.3  221.267  2484.18
340  144  2025-06-10 20-56-22  1776  16789.2  15182.5  221.354  2484.25
341  144  2025-06-10 20-56-22  1777.6  16799.9  15184.7  221.44  2484.32
342  144  2025-06-10 20-56-22  1779.2  16810.7  15187  221.526  2484.39
343  144  2025-06-10 20-56-22  1780.8  16821.4  15189.2  221.613  2484.46
344  144  2025-06-10 20-56-22  1782.4  16832.1  15191.4  221.699  2484.53
345  144  2025-06-10 20-56-22  1784  16842.9  15193.7  221.785  2484.6
346  144  2025-06-10 20-56-22  1785.6  16853.7  15195.9  221.872  2484.67
347  144  2025-06-10 20-56-22  1787.2  16864.4  15198.1  221.958  2484.75
348  144  2025-06-10 20-56-22  1788.8  16875.2  15200.3  222.044  2484.82
349  144  2025-06-10 20-56-22  1790.4  16886  15202.6  222.131  2484.89
350  144  2025-06-10 20-56-22  1792  16896.8  15204.8  222.217  2484.96
351  144  2025-06-10 20-56-22  1793.6  16907.6  15207  222.303  2485.04
352  144  2025-06-10 20-56-22  1795.2  16918.4  15209.3  222.39  2485.11
353  144  2025-06-10 20-56-22  1796.8  16929.2  15211.5  222.476  2485.18
354  144  2025-06-10 20-56-22  1798.4  16940  15213.8  222.562  2485.26
355  144  2025-06-10 20-56-22  1800  16950.9  15216  222.649  2485.33
356  144  2025-06-10 20-56-22  1801.6  16961.7  15218.2  222.735  2485.4
357  144  2025-06-10 20-56-22  1803.2  16972.6  15220.5  222.821  2485.48
358  144  2025-06-10 20-56-22  1804.8  16983.4  15222.7  222.908  2485.55
359  144  2025-06-10 20-56-22  1806.4  16994.3  15225  222.994  2485.63
360  144  2025-06-10 20-56-22  1808  17005.2  15227.2  223.08  2485.7
361  144  2025-06-10 20-56-22  1809.6  17016.1  15229.4  223.167  2485.78
362  144  2025-06-10 20-56-22  1811.2  17027  15231.7  223.253  2485.85
363  144  2025-06-10 20-56-22  1812.8  17037.9  15233.9  223.339  2485.93
364  144  2025-06-10 20-56-22  1814.4  17048.8  15236.2  223.426  2486
365  144  2025-06-10 20-56-22  1816  17059.7  15238.4  223.512  2486.08
366  144  2025-06-10 20-56-22  1817.6  17070.6  15240.7  223.598  2486.16
367  144  2025-06-10 20-56-22  1819.2  17081.6  15242.9  223.685  2486.23
368  144  2025-06-10 20-56-22  1820.8  17092.5  15245.2  223.771  2486.31
369  144  2025-06-10 20-56-22  1822.4  17103.5  15247.4  223.857  2486.39
370  144  2025-06-10 20-56-22  1824  17114.4  15249.7  223.944  2486.46
371  144  2025-06-10 20-56-22  1825.6  17125.4  15251.9  224.03  2486.54
372  144  2025-06-10 20-56-22  1827.2  17136.4  15254.2  224.116  2486.62
373  144  2025-06-10 20-56-22  1828.8  17147.4  15256.4  224.203  2486.69
374  144  2025-06-10 20-56-22  1830.4  17158.4  15258.7  224.289  2486.77
375  144  2025-06-10 20-56-22  1832  17169.4  15260.9  224.375  2486.85
376  144  2025-06-10 20-56-22  1833.6  17180.4  15263.2  224.462  2486.93
377  144  2025-06-10 20-56-22  1835.2  17191.5  15265.4  224.548  2487.01
378  144  2025-06-10 20-56-22  1836.8  17202.5  15267.7  224.634  2487.09
379  144  2025-06-10 20-56-22  1838.4  17213.5  15269.9  224.721  2487.17
380  144  2025-06-10 20-56-22  1840  17224.6  15272.2  224.807  2487.25
381  144  2025-06-10 20-56-22  1841.6  17235.6  15274.5  224.893  2487.32
382  144  2025-06-10 20-56-22  1843.2  17246.7  15276.7  224.98  2487.4
383  144  2025-06-10 20-56-22  1844.8  17257.8  15279  225.066  2487.48
384  144  2025-06-10 20-56-22  1846.4  17268.9  15281.2  225.152  2487.56
385  144  2025-06-10 20-56-22  1848  17280  15283.5  225.239  2487.64
386  144  2025-06-10 20-56-22  1849.6  17291.1  15285.8  225.325  2487.73
387  144  2025-06-10 20-56-22  1851.2  17302.2  15288  225.411  2487.81
388  144  2025-06-10 20-56-22  1852.8  17313.3  15290.3  225.498  2487.89
389  144  2025-06-10 20-56-22  1854.4  17324.4  15292.6  225.584  2487.97
390  144  2025-06-10 20-56-22  1856  17335.6  15294.8  225.67  2488.05
391  144  2025-06-10 20-56-22  1857.6  17346.7  15297.1  225.757  2488.13
392  144  2025-06-10 20-56-22  1859.2  17357.9  15299.4  225.843  2488.21
393  144  2025-06-10 20-56-22  1860.8  17369.1  15301.6  225.929  2488.3
394  144  2025-06-10 20-56-22  1862.4  17380.2  15303.9  226.016  2488.38
395  144  2025-06-10 20-56-22  1864  17391.4  15306.2  226.102  2488.46
396  144  2025-06-10 20-56-22  1865.6  17402.6  15308.4  226.188  2488.54
397  144  2025-06-10 20-56-22  1867.2  17413.8  15310.7  226.275  2488.63
398  144  2025-06-10 20-56-22  1868.8  17425  15313  226.361  2488.71
399  144  2025-06-10 20-56-22  1870.4  17436.2  15315.3  226.447  2488.79
400  144  2025-06-10 20-56-22  1872  17447.5  15317.5  226.534  2488.88
401  144  2025-06-10 20-56-22  1873.6  17458.7  15319.8  226.62  2488.96
402  144  2025-06-10 20-56-22  1875.2  17469.9  15322.1  226.706  2489.04
403  144  2025-06-10 20-56-22  1876.8  17481.2  15324.3  226.793  2489.13
404  144  2025-06-10 20-56-22  1878.4  17492.4  15326.6  226.879  2489.21
405  144  2025-06-10 20-56-22  1880  17503.7  15328.9  226.965  2489.3
406  144  2025-06-10 20-56-22  1881.6  17515  15331.2  227.052  2489.38
407  144  2025-06-10 20-56-22  1883.2  17526.3  15333.5  227.138  2489.47
408  144  2025-06-10 20-56-22  1884.8  17537.6  15335.7  227.224  2489.55
409  144  2025-06-10 20-56-22  1886.4  17548.9  15338  227.311  2489.64
410  144  2025-06-10 20-56-22  1888  17560.2  15340.3  227.397  2489.72
411  144  2025-06-10 20-56-22  1889.6  17571.5  15342.6  227.483  2489.81
412  144  2025-06-10 20-56-22  1891.2  17582.8  15344.8  227.57  2489.9
413  144  2025-06-10 20-56-22  1892.8  17594.2  15347.1  227.656  2489.98
414  144  2025-06-10 20-56-22  1894.4  17605.5  15349.4  227.742  2490.07
415  144  2025-06-10 20-56-22  1896  17616.9  15351.7  227.829  2490.16
416  144  2025-06-10 20-56-22  1897.6  17628.2  15354  227.915  2490.24
417  144  2025-06-10 20-56-22  1899.2  17639.6  15356.3  228.001  2490.33
418  144  2025-06-10 20-56-22  1900.8  17651  15358.5  228.088  2490.42
419  144  2025-06-10 20-56-22  1902.4  17662.4  15360.8  228.174  2490.51
420  144  2025-06-10 20-56-22  1904  17673.8  15363.1  228.26  2490.59
421  144  2025-06-10 20-56-22  1905.6  17685.2  15365.4  228.347  2490.68
422  144  2025-06-10 20-56-22  1907.2  17696.6  15367.7  228.433  2490.77
423  144  2025-06-10 20-56-22  1908.8  17708  15370  228.519  2490.86
424  144  2025-06-10 20-56-22  1910.4  17719.5  15372.3  228.606  2490.95
425  144  2025-06-10 20-56-22  1912  17730.9  15374.6  228.692  2491.04
426  144  2025-06-10 20-56-22  1913.6  17742.4  15376.8  228.778  2491.13
427  144  2025-06-10 20-56-22  1915.2  17753.8  15379.1  228.865  2491.22
428  144  2025-06-10 20-56-22  1916.8  17765.3  15381.4  228.951  2491.31
429  144  2025-06-10 20-56-22  1918.4  17776.8  15383.7  229.037  2491.4
430  144  2025-06-10 20-56-22  1920  17788.3  15386  229.124  2491.49
431  144  2025-06-10 20-56-22  1921.6  17799.7  15388.3  229.21  2491.58
432  144  2025-06-10 20-56-22  1923.2  17811.3  15390.6  229.296  2491.67
433  144  2025-06-10 20-56-22  1924.8  17822.8  15392.9  229.383  2491.76
434  144  2025-06-10 20-56-22  1926.4  17834.3  15395.2  229.469  2491.85
435  144  2025-06-10 20-56-22  1928  17845.8  15397.5  229.555  2491.94
436  144  2025-06-10 20-56-22  1929.6  17857.4  15399.8  229.642  2492.03
437  144  2025-06-10 20-56-22  1931.2  17868.9  15402.1  229.728  2492.12
438  144  2025-06-10 20-56-22  1932.8  17880.5  15404.4  229.814  2492.21
439  144  2025-06-10 20-56-22  1934.4  17892  15406.7  229.901  2492.31
440  144  2025-06-10 20-56-22  1936  17903.6  15408.9  229.987  2492.4
441  144  2025-06-10 20-56-22  1937.6  17915.2  15411.2  230.073  2492.49
442  144  2025-06-10 20-56-22  1939.2  17926.8  15413.5  230.16  2492.58
443  144  2025-06-10 20-56-22  1940.8  17938.4  15415.8  230.246  2492.68
444  144  2025-06-10 20-56-22  1942.4  17950  15418.1  230.332  2492.77
445  144  2025-06-10 20-56-22  1944  17961.6  15420.4  230.419  2492.86
446  144  2025-06-10 20-56-22  1945.6  17973.2  15422.7  230.505  2492.96
447  144  2025-06-10 20-56-22  1947.2  17984.8  15425  230.591  2493.05
448  144  2025-06-10 20-56-22  1948.8  17996.5  15427.3  230.678  2493.14
449  144  2025-06-10 20-56-22  1950.4  18008.1  15429.6  230.764  2493.24
450  144  2025-06-10 20-56-22  1952  18019.8  15431.9  230.85  2493.33
451  144  2025-06-10 20-56-22  1953.6  18031.5  15434.2  230.937  2493.43
452  144  2025-06-10 20-56-22  1955.2  18043.1  15436.5  231.023  2493.52
453  144  2025-06-10 20-56-22  1956.8  18054.8  15438.9  231.109  2493.62
454  144  2025-06-10 20-56-22  1958.4  18066.5  15441.2  231.196  2493.71
455  144  2025-06-10 20-56-22  1960  18078.2  15443.5  231.282  2493.81
456  144  2025-06-10 20-56-22  1961.6  18089.9  15445.8  231.368  2493.9
457  144  2025-06-10 20-56-22  1963.2  18101.7  15448.1  231.455  2494
458  144  2025-06-10 20-56-22  1964.8  18113.4  15450.4  231.541  2494.09
459  144  2025-06-10 20-56-22  1966.4  18125.1  15452.7  231.627  2494.19
460  144  2025-06-10 20-56-22  1968  18136.9  15455  231.714  2494.29
461  144  2025-06-10 20-56-22  1969.6  18148.6  15457.3  231.8  2494.38
462  144  2025-06-10 20-56-22  1971.2  18160.4  15459.6  231.886  2494.48
463  144  2025-06-10 20-56-22  1972.8  18172.2  15461.9  231.973  2494.58
464  144  2025-06-10 20-56-22  1974.4  18184  15464.2  232.059  2494.67
465  144  2025-06-10 20-56-22  1976  18195.7  15466.5  232.145  2494.77
466  144  2025-06-10 20-56-22  1977.6  18207.5  15468.8  232.232  2494.87
467  144  2025-06-10 20-56-22  1979.2  18219.4  15471.1  232.318  2494.97
468  144  2025-06-10 20-56-22  1980.8  18231.2  15473.5  232.404  2495.06
469  144  2025-06-10 20-56-22  1982.4  18243  15475.8  232.491  2495.16
470  144  2025-06-10 20-56-22  1984  18254.8  15478.1  232.577  2495.26
471  144  2025-06-10 20-56-22  1985.6  18266.7  15480.4  232.663  2495.36
472  144  2025-06-10 20-56-22  1987.2  18278.5  15482.7  232.75  2495.46
473  144  2025-06-10 20-56-22  1988.8  18290.4  15485  232.836  2495.56
474  144  2025-06-10 20-56-22  1990.4  18302.3  15487.3  232.922  2495.66
475  144  2025-06-10 20-56-22  1992  18314.1  15489.6  233.009  2495.76
476  144  2025-06-10 20-56-22  1993.6  18326  15491.9  233.095  2495.86
477  144  2025-06-10 20-56-22  1995.2  18337.9  15494.3  233.181  2495.96
478  144  2025-06-10 20-56-22  1996.8  18349.8  15496.6  233.268  2496.06
479  144  2025-06-10 20-56-22  1998.4  18361.7  15498.9  233.354  2496.16
480  144  2025-06-10 20-56-22  2000  18373.7  15501.2  233.44  2496.26
481  144  2025-06-10 20-56-22  2001.6  18385.6  15503.5  233.527  2496.36
482  144  2025-06-10 20-56-22  2003.2  18397.5  15505.8  233.613  2496.46
483  144  2025-06-10 20-56-22  2004.8  18409.5  15508.1  233.699  2496.56
484  144  2025-06-10 20-56-22  2006.4  18421.4  15510.5  233.786  2496.66
485  144  2025-06-10 20-56-22  2008  18433.4  15512.8  233.872  2496.76
486  144  2025-06-10 20-56-22  2009.6  18445.4  15515.1  233.958  2496.87
487  144  2025-06-10 20-56-22  2011.2  18457.3  15517.4  234.045  2496.97
488  144  2025-06-10 20-56-22  2012.8  18469.3  15519.7  234.131  2497.07
489  144  2025-06-10 20-56-22  2014.4  18481.3  15522  234.217  2497.17
490  144  2025-06-10 20-56-22  2016  18493.4  15524.3  234.304  2497.27
491  144  2025-06-10 20-56-22  2017.6  18505.4  15526.7  234.39  2497.38
492  144  2025-06-10 20-56-22  2019.2  18517.4  15529  234.476  2497.48
493  144  2025-06-10 20-56-22  2020.8  18529.4  15531.3  234.563  2497.58
494  144  2025-06-10 20-56-22  2022.4  18541.5  15533.6  234.649  2497.69
495  144  2025-06-10 20-56-22  2024  18553.5  15535.9  234.735  2497.79
496  144  2025-06-10 20-56-22  2025.6  18565.6  15538.3  234.822  2497.89
497  144  2025-06-10 20-56-22  2027.2  18577.7  15540.6  234.908  2498
498  144  2025-06-10 20-56-22  2028.8  18589.7  15542.9  234.994  2498.1
499  144  2025-06-10 20-56-22  2030.4  18601.8  15545.2  235.081  2498.21
500  144  2025-06-10 20-56-22  2032  18613.9  15547.5  235.167  2498.31
501  144  2025-06-10 20-56-22  2033.6  18626  15549.9  235.253  2498.42
502  144  2025-06-10 20-56-22  2035.2  18638.1  15552.2  235.34  2498.52
503  144  2025-06-10 20-56-22  2036.8  18650.3  15554.5  235.426  2498.63
504  144  2025-06-10 20-56-22  2038.4  18662.4  15556.8  235.512  2498.73
505  144  2025-06-10 20-56-22  2040  18674.5  15559.1  235.599  2498.84
506  144  2025-06-10 20-56-22  2041.6  18686.7  15561.5  235.685  2498.94
507  144  2025-06-10 20-56-22  2043.2  18698.8  15563.8  235.771  2499.05
508  144  2025-06-10 20-56-22  2044.8  18711  15566.1  235.858  2499.16
509  144  2025-06-10 20-56-22  2046.4  18723.2  15568.4  235.944  2499.26
510  144  2025-06-10 20-56-22  2048  18735.4  15570.7  236.03  2499.37
511  144  2025-06-10 20-56-22  2049.6  18747.6  15573.1  236.117  2499.48
512  144  2025-06-10 20-56-22  2051.2  18759.8  15575.4  236.203  2499.58
513  144  2025-06-10 20-56-22  2052.8  18772  15577.7  236.289  2499.69
514  144  2025-06-10 20-56-22  2054.4  18784.2  15580  236.376  2499.8
515  144  2025-06-10 20-56-22  2056  18796.4  15582.4  236.462  2499.91
516  144  2025-06-10 20-56-22  2057.6  18808.7  15584.7  236.548  2500.01
517  144  2025-06-10 20-56-22  2059.2  18820.9  15587  236.635  2500.12
518  144  2025-06-10 20-56-22  2060.8  18833.1  15589.3  236.721  2500.23
519  144  2025-06-10 20-56-22  2062.4  18845.4  15591.6  236.807  2500.34
520  144  2025-06-10 20-56-22  2064  18857.7  15594  236.894  2500.45
521  144  2025-06-10 20-56-22  2065.6  18870  15596.3  236.98  2500.56
522  144  2025-06-10 20-56-22  2067.2  18882.3  15598.6  237.066  2500.67
523  144  2025-06-10 20-56-22  2068.8  18894.5  15600.9  237.153  2500.78
524  144  2025-06-10 20-56-22  2070.4  18906.9  15603.3  237.239  2500.89
525  144  2025-06-10 20-56-22  2072  18919.2  15605.6  237.325  2500.99
526  144  2025-06-10 20-56-22  2073.6  18931.5  15607.9  237.412  2501.1
527  144  2025-06-10 20-56-22  2075.2  18943.8  15610.2  237.498  2501.21
528  144  2025-06-10 20-56-22  2076.8  18956.2  15612.6  237.584  2501.33
529  144  2025-06-10 20-56-22  2078.4  18968.5  15614.9  237.671  2501.44
530  144  2025-06-10 20-56-22  2080  18980.9  15617.2  237.757  2501.55
531  144  2025-06-10 20-56-22  2081.6  18993.2  15619.5  237.843  2501.66
532  144  2025-06-10 20-56-22  2083.2  19005.6  15621.9  237.93  2501.77
533  144  2025-06-10 20-56-22  2084.8  19018  15624.2  238.016  2501.88
534  144  2025-06-10 20-56-22  2086.4  19030.4  15626.5  238.102  2501.99
535  144  2025-06-10 20-56-22  2088  19042.8  15628.8  238.189  2502.1
536  144  2025-06-10 20-56-22  2089.6  19055.2  15631.2  238.275  2502.22
537  144  2025-06-10 20-56-22  2091.2  19067.6  15633.5  238.361  2502.33
538  144  2025-06-10 20-56-22  2092.8  19080.1  15635.8  238.448  2502.44
539  144  2025-06-10 20-56-22  2094.4  19092.5  15638.1  238.534  2502.55
540  144  2025-06-10 20-56-22  2096  19105  15640.5  238.62  2502.67
541  144  2025-06-10 20-56-22  2097.6  19117.4  15642.8  238.707  2502.78
542  144  2025-06-10 20-56-22  2099.2  19129.9  15645.1  238.793  2502.89
543  144  2025-06-10 20-56-22  2100.8  19142.3  15647.4  238.879  2503
544  144  2025-06-10 20-56-22  2102.4  19154.8  15649.8  238.966  2503.12
545  144  2025-06-10 20-56-22  2104  19167.3  15652.1  239.052  2503.23
546  144  2025-06-10 20-56-22  2105.6  19179.8  15654.4  239.138  2503.35
547  144  2025-06-10 20-56-22  2107.2  19192.3  15656.7  239.225  2503.46
548  144  2025-06-10 20-56-22  2108.8  19204.8  15659.1  239.311  2503.57
549  144  2025-06-10 20-56-22  2110.4  19217.4  15661.4  239.397  2503.69
550  144  2025-06-10 20-56-22  2112  19229.9  15663.7  239.484  2503.8
551  144  2025-06-10 20-56-22  2113.6  19242.4  15666.1  239.57  2503.92
552  144  2025-06-10 20-56-22  2115.2  19255  15668.4  239.656  2504.03
553  144  2025-06-10 20-56-22  2116.8  19267.6  15670.7  239.743  2504.15
554  144  2025-06-10 20-56-22  2118.4  19280.1  15673  239.829  2504.26
555  144  2025-06-10 20-56-22  2120  19292.7  15675.4  239.915  2504.38
556  144  2025-06-10 20-56-22  2121.6  19305.3  15677.7  240.002  2504.5
557  144  2025-06-10 20-56-22  2123.2  19317.9  15680  240.088  2504.61
558  144  2025-06-10 20-56-22  2124.8  19330.5  15682.3  240.174  2504.73
559  144  2025-06-10 20-56-22  2126.4  19343.1  15684.7  240.261  2504.85
560  144  2025-06-10 20-56-22  2128  19355.7  15687  240.347  2504.96
561  144  2025-06-10 20-56-22  2129.6  19368.4  15689.3  240.434  2505.08
562  144  2025-06-10 20-56-22  2131.2  19381  15691.6  240.52  2505.2
563  144  2025-06-10 20-56-22  2132.8  19393.6  15694  240.606  2505.31
564  144  2025-06-10 20-56-22  2134.4  19406.3  15696.3  240.693  2505.43
565  144  2025-06-10 20-56-22  2136  19419  15698.6  240.779  2505.55
566  144  2025-06-10 20-56-22  2137.6  19431.6  15700.9  240.865  2505.67
567  144  2025-06-10 20-56-22  2139.2  19444.3  15703.3  240.952  2505.78
568  144  2025-06-10 20-56-22  2140.8  19457  15705.6  241.038  2505.9
569  144  2025-06-10 20-56-22  2142.4  19469.7  15707.9  241.124  2506.02
570  144  2025-06-10 20-56-22  2144  19482.4  15710.2  241.211  2506.14
571  144  2025-06-10 20-56-22  2145.6  19495.2  15712.6  241.297  2506.26
572  144  2025-06-10 20-56-22  2147.2  19507.9  15714.9  241.383  2506.38
573  144  2025-06-10 20-56-22  2148.8  19520.6  15717.2  241.47  2506.5
574  144  2025-06-10 20-56-22  2150.4  19533.4  15719.5  241.556  2506.62
575  144  2025-06-10 20-56-22  2152  19546.1  15721.9  241.642  2506.74
576  144  2025-06-10 20-56-22  2153.6  19558.9  15724.2  241.729  2506.86
577  144  2025-06-10 20-56-22  2155.2  19571.6  15726.5  241.815  2506.98
578  144  2025-06-10 20-56-22  2156.8  19584.4  15728.8  241.901  2507.1
579  144  2025-06-10 20-56-22  2158.4  19597.2  15731.2  241.988  2507.22
580  144  2025-06-10 20-56-22  2160  19610  15733.5  242.074  2507.34
581  144  2025-06-10 20-56-22  2161.6  19622.8  15735.8  242.16  2507.46
582  144  2025-06-10 20-56-22  2163.2  19635.6  15738.1  242.247  2507.58
583  144  2025-06-10 20-56-22  2164.8  19648.5  15740.5  242.333  2507.7
584  144  2025-06-10 20-56-22  2166.4  19661.3  15742.8  242.419  2507.82
585  144  2025-06-10 20-56-22  2168  19674.1  15745.1  242.506  2507.94
586  144  2025-06-10 20-56-22  2169.6  19687  15747.4  242.592  2508.07
587  144  2025-06-10 20-56-22  2171.2  19699.9  15749.7  242.678  2508.19
588  144  2025-06-10 20-56-22  2172.8  19712.7  15752.1  242.765  2508.31
589  144  2025-06-10 20-56-22  2174.4  19725.6  15754.4  242.851  2508.43
590  144  2025-06-10 20-56-22  2176  19738.5  15756.7  242.937  2508.56
591  144  2025-06-10 20-56-22  2177.6  19751.4  15759  243.024  2508.68
592  144  2025-06-10 20-56-22  2179.2  19764.3  15761.4  243.11  2508.8
593  144  2025-06-10 20-56-22  2180.8  19777.2  15763.7  243.196  2508.92
594  144  2025-06-10 20-56-22  2182.4  19790.1  15766  243.283  2509.05
595  144  2025-06-10 20-56-22  2184  19803  15768.3  243.369  2509.17
596  144  2025-06-10 20-56-22  2185.6  19816  15770.6  243.455  2509.3
597  144  2025-06-10 20-56-22  2187.2  19828.9  15773  243.542  2509.42
598  144  2025-06-10 20-56-22  2188.8  19841.9  15775.3  243.628  2509.54
599  144  2025-06-10 20-56-22  2190.4  19854.9  15777.6  243.714  2509.67
600  144  2025-06-10 20-56-22  2192  19867.8  15779.9  243.801  2509.79
601  144  2025-06-10 20-56-22  2193.6  19880.8  15782.2  243.887  2509.92
602  144  2025-06-10 20-56-22  2195.2  19893.8  15784.6  243.973  2510.04
603  144  2025-06-10 20-56-22  2196.8  19906.8  15786.9  244.06  2510.17
604  144  2025-06-10 20-56-22  2198.4  19919.8  15789.2  244.146  2510.29
605  144  2025-06-10 20-56-22  2200  19932.8  15791.5  244.232  2510.42
606  144  2025-06-10 20-56-22  2201.6  19945.9  15793.8  244.319  2510.54
607  144  2025-06-10 20-56-22  2203.2  19958.9  15796.2  244.405  2510.67
608  144  2025-06-10 20-56-22  2204.8  19971.9  15798.5  244.491  2510.8
609  144  2025-06-10 20-56-22  2206.4  19985  15800.8  244.578  2510.92
610  144  2025-06-10 20-56-22  2208  19998.1  15803.1  244.664  2511.05
611  144  2025-06-10 20-56-22  2209.6  20011.1  15805.4  244.75  2511.18
612  144  2025-06-10 20-56-22  2211.2  20024.2  15807.7  244.837  2511.3
613  144  2025-06-10 20-56-22  2212.8  20037.3  15810.1  244.923  2511.43
614  144  2025-06-10 20-56-22  2214.4  20050.4  15812.4  245.009  2511.56
615  144  2025-06-10 20-56-22  2216  20063.5  15814.7  245.096  2511.68
616  144  2025-06-10 20-56-22  2217.6  20076.6  15817  245.182  2511.81
617  144  2025-06-10 20-56-22  2219.2  20089.7  15819.3  245.268  2511.94
618  144  2025-06-10 20-56-22  2220.8  20102.9  15821.6  245.355  2512.07
619  144  2025-06-10 20-56-22  2222.4  20116  15823.9  245.441  2512.2
620  144  2025-06-10 20-56-22  2224  20129.2  15826.3  245.527  2512.32
621  144  2025-06-10 20-56-22  2225.6  20142.3  15828.6  245.614  2512.45
622  144  2025-06-10 20-56-22  2227.2  20155.5  15830.9  245.7  2512.58
623  144  2025-06-10 20-56-22  2228.8  20168.7  15833.2  245.786  2512.71
624  144  2025-06-10 20-56-22  2230.4  20181.9  15835.5  245.873  2512.84
625  144  2025-06-10 20-56-22  2232  20195.1  15837.8  245.959  2512.97
626  144  2025-06-10 20-56-22  2233.6  20208.3  15840.1  246.045  2513.1
627  144  2025-06-10 20-56-22  2235.2  20221.5  15842.4  246.132  2513.23
628  144  2025-06-10 20-56-22  2236.8  20234.7  15844.8  246.218  2513.36
629  144  2025-06-10 20-56-22  2238.4  20247.9  15847.1  246.304  2513.49
630  144  2025-06-10 20-56-22  2240  20261.2  15849.4  246.391  2513.62
631  144  2025-06-10 20-56-22  2241.6  20274.4  15851.7  246.477  2513.75
632  144  2025-06-10 20-56-22  2243.2  20287.7  15854  246.563  2513.88
633  144  2025-06-10 20-56-22  2244.8  20300.9  15856.3  246.65  2514.01
634  144  2025-06-10 20-56-22  2246.4  20314.2  15858.6  246.736  2514.14
635  144  2025-06-10 20-56-22  2248  20327.5  15860.9  246.822  2514.27
636  144  2025-06-10 20-56-22  2249.6  20340.8  15863.2  246.909  2514.41
637  144  2025-06-10 20-56-22  2251.2  20354.1  15865.5  246.995  2514.54
638  144  2025-06-10 20-56-22  2252.8  20367.4  15867.8  247.081  2514.67
639  144  2025-06-10 20-56-22  2254.4  20380.7  15870.2  247.168  2514.8
640  144  2025-06-10 20-56-22  2256  20394  15872.5  247.254  2514.93
641  144  2025-06-10 20-56-22  2257.6  20407.4  15874.8  247.34  2515.07
642  144  2025-06-10 20-56-22  2259.2  20420.7  15877.1  247.427  2515.2
643  144  2025-06-10 20-56-22  2260.8  20434.1  15879.4  247.513  2515.33
644  144  2025-06-10 20-56-22  2262.4  20447.4  15881.7  247.599  2515.46
645  144  2025-06-10 20-56-22  2264  20460.8  15884  247.686  2515.6
646  144  2025-06-10 20-56-22  2265.6  20474.2  15886.3  247.772  2515.73
647  144  2025-06-10 20-56-22  2267.2  20487.6  15888.6  247.858  2515.86
648  144  2025-06-10 20-56-22  2268.8  20501  15890.9  247.945  2516
649  144  2025-06-10 20-56-22  2270.4  20514.4  15893.2  248.031  2516.13
650  144  2025-06-10 20-56-22  2272  20527.8  15895.5  248.117  2516.27
651  144  2025-06-10 20-56-22  2273.6  20541.2  15897.8  248.204  2516.4
652  144  2025-06-10 20-56-22  2275.2  20554.7  15900.1  248.29  2516.54
653  144  2025-06-10 20-56-22  2276.8  20568.1  15902.4  248.376  2516.67
654  144  2025-06-10 20-56-22  2278.4  20581.5  15904.7  248.463  2516.81
655  144  2025-06-10 20-56-22  2280  20595  15907  248.549  2516.94
656  144  2025-06-10 20-56-22  2281.6  20608.5  15909.3  248.635  2517.08
657  144  2025-06-10 20-56-22  2283.2  20622  15911.6  248.722  2517.21
658  144  2025-06-10 20-56-22  2284.8  20635.4  15913.9  248.808  2517.35
659  144  2025-06-10 20-56-22  2286.4  20648.9  15916.2  248.894  2517.48
660  144  2025-06-10 20-56-22  2288  20662.4  15918.5  248.981  2517.62
661  144  2025-06-10 20-56-22  2289.6  20676  15920.8  249.067  2517.76
662  144  2025-06-10 20-56-22  2291.2  20689.5  15923.1  249.153  2517.89
663  144  2025-06-10 20-56-22  2292.8  20703  15925.4  249.24  2518.03
664  144  2025-06-10 20-56-22  2294.4  20716.5  15927.7  249.326  2518.17
665  144  2025-06-10 20-56-22  2296  20730.1  15929.9  249.412  2518.3
666  144  2025-06-10 20-56-22  2297.6  20743.7  15932.2  249.499  2518.44
667  144  2025-06-10 20-56-22  2299.2  20757.2  15934.5  249.585  2518.58
668  144  2025-06-10 20-56-22  2300.8  20770.8  15936.8  249.671  2518.71
669  144  2025-06-10 20-56-22  2302.4  20784.4  15939.1  249.758  2518.85
670  144  2025-06-10 20-56-22  2304  20798  15941.4  249.844  2518.99
671  144  2025-06-10 20-56-22  2305.6  20811.6  15943.7  249.93  2519.13
672  144  2025-06-10 20-56-22  2307.2  20825.2  15946  250.017  2519.27
673  144  2025-06-10 20-56-22  2308.8  20838.8  15948.3  250.103  2519.41
674  144  2025-06-10 20-56-22  2310.4  20852.4  15950.6  250.189  2519.54
675  144  2025-06-10 20-56-22  2312  20866.1  15952.8  250.276  2519.68
676  144  2025-06-10 20-56-22  2313.6  20879.7  15955.1  250.362  2519.82
677  144  2025-06-10 20-56-22  2315.2  20893.4  15957.4  250.448  2519.96
678  144  2025-06-10 20-56-22  2316.8  20907  15959.7  250.535  2520.1
679  144  2025-06-10 20-56-22  2318.4  20920.7  15962  250.621  2520.24
680  144  2025-06-10 20-56-22  2320  20934.4  15964.3  250.707  2520.38
681  144  2025-06-10 20-56-22  2321.6  20948.1  15966.6  250.794  2520.52
682  144  2025-06-10 20-56-22  2323.2  20961.8  15968.8  250.88  2520.66
683  144  2025-06-10 20-56-22  2324.8  20975.5  15971.1  250.966  2520.8
684  144  2025-06-10 20-56-22  2326.4  20989.2  15973.4  251.053  2520.94
685  144  2025-06-10 20-56-22  2328  21002.9  15975.7  251.139  2521.08
686  144  2025-06-10 20-56-22  2329.6  21016.7  15978  251.225  2521.22
687  144  2025-06-10 20-56-22  2331.2  21030.4  15980.2  251.312  2521.36
688  144  2025-06-10 20-56-22  2332.8  21044.2  15982.5  251.398  2521.51
689  144  2025-06-10 20-56-22  2334.4  21057.9  15984.8  251.484  2521.65
690  144  2025-06-10 20-56-22  2336  21071.7  15987.1  251.571  2521.79
691  144  2025-06-10 20-56-22  2337.6  21085.5  15989.3  251.657  2521.93
692  144  2025-06-10 20-56-22  2339.2  21099.3  15991.6  251.743  2522.07
693  144  2025-06-10 20-56-22  2340.8  21113.1  15993.9  251.83  2522.22
694  144  2025-06-10 20-56-22  2342.4  21126.9  15996.2  251.916  2522.36
695  144  2025-06-10 20-56-22  2344  21140.7  15998.4  252.002  2522.5
696  144  2025-06-10 20-56-22  2345.6  21154.5  16000.7  252.089  2522.64
697  144  2025-06-10 20-56-22  2347.2  21168.3  16003  252.175  2522.79
698  144  2025-06-10 20-56-22  2348.8  21182.2  16005.3  252.261  2522.93
699  144  2025-06-10 20-56-22  2350.4  21196  16007.5  252.348  2523.07
700  144  2025-06-10 20-56-22  2352  21209.9  16009.8  252.434  2523.22
701  144  2025-06-10 20-56-22  2353.6  21223.7  16012.1  252.52  2523.36
702  144  2025-06-10 20-56-22  2355.2  21237.6  16014.3  252.607  2523.51
703  144  2025-06-10 20-56-22  2356.8  21251.5  16016.6  252.693  2523.65
704  144  2025-06-10 20-56-22  2358.4  21265.4  16018.9  252.779  2523.79
705  144  2025-06-10 20-56-22  2360  21279.3  16021.1  252.866  2523.94
706  144  2025-06-10 20-56-22  2361.6  21293.2  16023.4  252.952  2524.08
707  144  2025-06-10 20-56-22  2363.2  21307.1  16025.7  253.038  2524.23
708  144  2025-06-10 20-56-22  2364.8  21321.1  16027.9  253.125  2524.37
709  144  2025-06-10 20-56-22  2366.4  21335  16030.2  253.211  2524.52
710  144  2025-06-10 20-56-22  2368  21349  16032.4  253.297  2524.66
711  144  2025-06-10 20-56-22  2369.6  21362.9  16034.7  253.384  2524.81
712  144  2025-06-10 20-56-22  2371.2  21376.9  16037  253.47  2524.96
713  144  2025-06-10 20-56-22  2372.8  21390.8  16039.2  253.556  2525.1
714  144  2025-06-10 20-56-22  2374.4  21404.8  16041.5  253.643  2525.25
715  144  2025-06-10 20-56-22  2376  21418.8  16043.7  253.729  2525.39
716  144  2025-06-10 20-56-22  2377.6  21432.8  16046  253.815  2525.54
717  144  2025-06-10 20-56-22  2379.2  21446.8  16048.2  253.902  2525.69
718  144  2025-06-10 20-56-22  2380.8  21460.9  16050.5  253.988  2525.83
719  144  2025-06-10 20-56-22  2382.4  21474.9  16052.8  254.074  2525.98
720  144  2025-06-10 20-56-22  2384  21488.9  16055  254.161  2526.13
721  144  2025-06-10 20-56-22  2385.6  21503  16057.3  254.247  2526.28
722  144  2025-06-10 20-56-22  2387.2  21517  16059.5  254.333  2526.42
723  144  2025-06-10 20-56-22  2388.8  21531.1  16061.8  254.42  2526.57
724  144  2025-06-10 20-56-22  2390.4  21545.2  16064  254.506  2526.72
725  144  2025-06-10 20-56-22  2392  21559.2  16066.3  254.592  2526.87
726  144  2025-06-10 20-56-22  2393.6  21573.3  16068.5  254.679  2527.02
727  144  2025-06-10 20-56-22  2395.2  21587.4  16070.8  254.765  2527.17
728  144  2025-06-10 20-56-22  2396.8  21601.5  16073  254.851  2527.31
729  144  2025-06-10 20-56-22  2398.4  21615.6  16075.2  254.938  2527.46
730  144  2025-06-10 20-56-22  2400  21629.8  16077.5  255.024  2527.61
731  144  2025-06-10 20-56-22  2401.6  21643.9  16079.7  255.11  2527.76
732  144  2025-06-10 20-56-22  2403.2  21658  16082  255.197  2527.91
733  144  2025-06-10 20-56-22  2404.8  21672.2  16084.2  255.283  2528.06
734  144  2025-06-10 20-56-22  2406.4  21686.4  16086.4  255.369  2528.21
735  144  2025-06-10 20-56-22  2408  21700.5  16088.7  255.456  2528.36
736  144  2025-06-10 20-56-22  2409.6  21714.7  16090.9  255.542  2528.51
737  144  2025-06-10 20-56-22  2411.2  21728.9  16093.2  255.628  2528.66
738  144  2025-06-10 20-56-22  2412.8  21743.1  16095.4  255.715  2528.81
739  144  2025-06-10 20-56-22  2414.4  21757.3  16097.6  255.801  2528.96
740  144  2025-06-10 20-56-22  2416  21771.5  16099.9  255.887  2529.12
741  144  2025-06-10 20-56-22  2417.6  21785.7  16102.1  255.974  2529.27
742  144  2025-06-10 20-56-22  2419.2  21800  16104.3  256.06  2529.42
743  144  2025-06-10 20-56-22  2420.8  21814.2  16106.6  256.146  2529.57
744  144  2025-06-10 20-56-22  2422.4  21828.5  16108.8  256.233  2529.72
745  144  2025-06-10 20-56-22  2424  21842.7  16111  256.319  2529.87
746  144  2025-06-10 20-56-22  2425.6  21857  16113.2  256.405  2530.03
747  144  2025-06-10 20-56-22  2427.2  21871.3  16115.5  256.492  2530.18
748  144  2025-06-10 20-56-22  2428.8  21885.5  16117.7  256.578  2530.33
749  144  2025-06-10 20-56-22  2430.4  21899.8  16119.9  256.664  2530.48
750  144  2025-06-10 20-56-22  2432  21914.1  16122.1  256.751  2530.64
751  144  2025-06-10 20-56-22  2433.6  21928.5  16124.4  256.837  2530.79
752  144  2025-06-10 20-56-22  2435.2  21942.8  16126.6  256.923  2530.94
753  144  2025-06-10 20-56-22  2436.8  21957.1  16128.8  257.01  2531.1
754  144  2025-06-10 20-56-22  2438.4  21971.4  16131  257.096  2531.25
755  144  2025-06-10 20-56-22  2440  21985.8  16133.2  257.182  2531.4
756  144  2025-06-10 20-56-22  2441.6  22000.2  16135.5  257.269  2531.56
757  144  2025-06-10 20-56-22  2443.2  22014.5  16137.7  257.355  2531.71
758  144  2025-06-10 20-56-22  2444.8  22028.9  16139.9  257.441  2531.87
759  144  2025-06-10 20-56-22  2446.4  22043.3  16142.1  257.528  2532.02
760  144  2025-06-10 20-56-22  2448  22057.7  16144.3  257.614  2532.18
761  144  2025-06-10 20-56-22  2449.6  22072.1  16146.5  257.7  2532.33
762  144  2025-06-10 20-56-22  2451.2  22086.5  16148.7  257.787  2532.49
