SN    USVID    CurTime    simTime    CurX    CurY    CurVel      CurYaw   
0  176  2025-06-10 20-53-24  0  16040  14512  192  2672
1  176  2025-06-10 20-53-24  1.6  16048  14511.9  192.086  2688
2  176  2025-06-10 20-53-24  3.2  16056  14511.6  192.173  2704
3  176  2025-06-10 20-53-24  4.8  16064  14511.2  192.259  2720
4  176  2025-06-10 20-53-24  6.4  16072  14510.6  192.345  2736
5  176  2025-06-10 20-53-24  8  16080.1  14509.9  192.432  2752
6  176  2025-06-10 20-53-24  9.6  16088.1  14509.1  192.518  2768
7  176  2025-06-10 20-53-24  11.2  16096.1  14508.1  192.604  2784
8  176  2025-06-10 20-53-24  12.8  16104.1  14507  192.691  2800
9  176  2025-06-10 20-53-24  14.4  16112  14505.7  192.777  2816
10  176  2025-06-10 20-53-24  128  16120  14504.3  192.863  14032
11  176  2025-06-10 20-53-24  129.6  16127.9  14502.7  192.95  14048
12  176  2025-06-10 20-53-24  131.2  16135.9  14501.1  193.036  14064
13  176  2025-06-10 20-53-24  132.8  16143.8  14499.2  193.122  14080
14  176  2025-06-10 20-53-24  134.4  16151.7  14497.3  193.209  14096
15  176  2025-06-10 20-53-24  136  16159.5  14495.2  193.295  14109.4
16  176  2025-06-10 20-53-24  137.6  16167.4  14493  193.381  14120.1
17  176  2025-06-10 20-53-24  139.2  16175.2  14490.8  193.468  14128.6
18  176  2025-06-10 20-53-24  140.8  16183  14488.4  193.554  14135.3
19  176  2025-06-10 20-53-24  142.4  16190.8  14486.1  193.64  14140.7
20  176  2025-06-10 20-53-24  144  16198.6  14483.7  193.727  14144.9
21  176  2025-06-10 20-53-24  145.6  16206.5  14481.3  193.813  14148.2
22  176  2025-06-10 20-53-24  147.2  16214.3  14478.8  193.899  14150.7
23  176  2025-06-10 20-53-24  148.8  16222.1  14476.3  193.986  14152.7
24  176  2025-06-10 20-53-24  150.4  16229.9  14473.9  194.072  14154.2
25  176  2025-06-10 20-53-24  152  16237.7  14471.4  194.158  14155.3
26  176  2025-06-10 20-53-24  153.6  16245.6  14468.8  194.245  14156.1
27  176  2025-06-10 20-53-24  155.2  16253.4  14466.3  194.331  14156.7
28  176  2025-06-10 20-53-24  156.8  16261.3  14463.8  194.417  14157
29  176  2025-06-10 20-53-24  158.4  16269.1  14461.3  194.504  14157.2
30  176  2025-06-10 20-53-24  160  16277  14458.8  194.59  14157.3
31  176  2025-06-10 20-53-24  161.6  16284.8  14456.2  194.676  14157.3
32  176  2025-06-10 20-53-24  163.2  16292.7  14453.7  194.763  14157.1
33  176  2025-06-10 20-53-24  164.8  16300.6  14451.2  194.849  14156.9
34  176  2025-06-10 20-53-24  166.4  16308.5  14448.6  194.935  14156.7
35  176  2025-06-10 20-53-24  168  16316.4  14446.1  195.022  14156.4
36  176  2025-06-10 20-53-24  169.6  16324.3  14443.6  195.108  14156
37  176  2025-06-10 20-53-24  171.2  16332.2  14441  195.194  14155.7
38  176  2025-06-10 20-53-24  172.8  16340.2  14438.5  195.281  14155.3
39  176  2025-06-10 20-53-24  174.4  16348.1  14436  195.367  14154.9
40  176  2025-06-10 20-53-24  176  16356.1  14433.4  195.453  14154.5
41  176  2025-06-10 20-53-24  177.6  16364  14430.9  195.54  14154
42  176  2025-06-10 20-53-24  179.2  16372  14428.4  195.626  14153.6
43  176  2025-06-10 20-53-24  180.8  16380  14425.8  195.712  14153.2
44  176  2025-06-10 20-53-24  182.4  16388  14423.3  195.799  14152.7
45  176  2025-06-10 20-53-24  184  16396  14420.8  195.885  14152.3
46  176  2025-06-10 20-53-24  185.6  16404  14418.3  195.971  14151.8
47  176  2025-06-10 20-53-24  187.2  16412  14415.7  196.058  14151.4
48  176  2025-06-10 20-53-24  188.8  16420  14413.2  196.144  14150.9
49  176  2025-06-10 20-53-24  190.4  16428.1  14410.7  196.23  14150.5
50  176  2025-06-10 20-53-24  192  16436.1  14408.2  196.317  14150
51  176  2025-06-10 20-53-24  193.6  16444.2  14405.7  196.403  14149.6
52  176  2025-06-10 20-53-24  195.2  16452.2  14403.2  196.489  14149.1
53  176  2025-06-10 20-53-24  196.8  16460.3  14400.6  196.576  14148.7
54  176  2025-06-10 20-53-24  198.4  16468.4  14398.1  196.662  14148.2
55  176  2025-06-10 20-53-24  200  16476.5  14395.6  196.748  14147.8
56  176  2025-06-10 20-53-24  201.6  16484.6  14393.1  196.835  14147.3
57  176  2025-06-10 20-53-24  203.2  16492.7  14390.6  196.921  14146.9
58  176  2025-06-10 20-53-24  204.8  16500.8  14388.1  197.007  14146.4
59  176  2025-06-10 20-53-24  206.4  16509  14385.6  197.094  14146
60  176  2025-06-10 20-53-24  208  16517.1  14383.1  197.18  14145.6
61  176  2025-06-10 20-53-24  209.6  16525.3  14380.6  197.266  14145.1
62  176  2025-06-10 20-53-24  211.2  16533.4  14378.1  197.353  14144.7
63  176  2025-06-10 20-53-24  212.8  16541.6  14375.6  197.439  14144.2
64  176  2025-06-10 20-53-24  214.4  16549.8  14373.1  197.525  14143.8
65  176  2025-06-10 20-53-24  216  16558  14370.6  197.612  14143.4
66  176  2025-06-10 20-53-24  217.6  16566.2  14368.1  197.698  14143
67  176  2025-06-10 20-53-24  219.2  16574.4  14365.6  197.784  14142.5
68  176  2025-06-10 20-53-24  220.8  16582.6  14363.1  197.871  14142.1
69  176  2025-06-10 20-53-24  222.4  16590.8  14360.6  197.957  14141.7
70  176  2025-06-10 20-53-24  224  16599  14358.1  198.043  14141.3
71  176  2025-06-10 20-53-24  225.6  16607.3  14355.6  198.13  14140.8
72  176  2025-06-10 20-53-24  227.2  16615.5  14353.1  198.216  14140.4
73  176  2025-06-10 20-53-24  228.8  16623.8  14350.6  198.302  14140
74  176  2025-06-10 20-53-24  230.4  16632.1  14348.2  198.389  14139.6
75  176  2025-06-10 20-53-24  232  16640.4  14345.7  198.475  14139.2
76  176  2025-06-10 20-53-24  233.6  16648.7  14343.2  198.561  14138.8
77  176  2025-06-10 20-53-24  235.2  16657  14340.7  198.648  14138.4
78  176  2025-06-10 20-53-24  236.8  16665.3  14338.2  198.734  14138
79  176  2025-06-10 20-53-24  238.4  16673.6  14335.7  198.82  14137.6
80  176  2025-06-10 20-53-24  240  16681.9  14333.3  198.907  14137.1
81  176  2025-06-10 20-53-24  241.6  16690.3  14330.8  198.993  14136.7
82  176  2025-06-10 20-53-24  243.2  16698.6  14328.3  199.079  14136.3
83  176  2025-06-10 20-53-24  244.8  16707  14325.8  199.166  14135.9
84  176  2025-06-10 20-53-24  246.4  16715.3  14323.4  199.252  14135.5
85  176  2025-06-10 20-53-24  248  16723.7  14320.9  199.338  14135.2
86  176  2025-06-10 20-53-24  249.6  16732.1  14318.4  199.425  14134.8
87  176  2025-06-10 20-53-24  251.2  16740.5  14315.9  199.511  14134.4
88  176  2025-06-10 20-53-24  252.8  16748.9  14313.5  199.597  14134
89  176  2025-06-10 20-53-24  254.4  16757.3  14311  199.684  14133.6
90  176  2025-06-10 20-53-24  256  16765.7  14308.5  199.77  14133.2
91  176  2025-06-10 20-53-24  257.6  16774.2  14306.1  199.856  14132.8
92  176  2025-06-10 20-53-24  259.2  16782.6  14303.6  199.943  14132.4
93  176  2025-06-10 20-53-24  260.8  16791.1  14301.2  200.029  14132
94  176  2025-06-10 20-53-24  262.4  16799.5  14298.7  200.115  14131.7
95  176  2025-06-10 20-53-24  264  16808  14296.2  200.202  14131.3
96  176  2025-06-10 20-53-24  265.6  16816.5  14293.8  200.288  14130.9
97  176  2025-06-10 20-53-24  267.2  16825  14291.3  200.374  14130.5
98  176  2025-06-10 20-53-24  268.8  16833.4  14288.8  200.461  14130.1
99  176  2025-06-10 20-53-24  270.4  16842  14286.4  200.547  14129.8
100  176  2025-06-10 20-53-24  1392  16850.5  14283.9  200.633  14129.4
101  176  2025-06-10 20-53-24  1393.6  16859  14281.5  200.72  14129
102  176  2025-06-10 20-53-24  1395.2  16867.5  14279  200.806  14128.7
103  176  2025-06-10 20-53-24  1396.8  16876.1  14276.6  200.892  14128.3
104  176  2025-06-10 20-53-24  1398.4  16884.6  14274.1  200.979  14127.9
105  176  2025-06-10 20-53-24  1400  16893.2  14271.7  201.065  14127.6
106  176  2025-06-10 20-53-24  1401.6  16901.8  14269.2  201.151  14127.2
107  176  2025-06-10 20-53-24  1403.2  16910.3  14266.8  201.238  14126.8
108  176  2025-06-10 20-53-24  1404.8  16918.9  14264.3  201.324  14126.5
109  176  2025-06-10 20-53-24  1406.4  16927.5  14261.9  201.41  14126.1
110  176  2025-06-10 20-53-24  1408  16936.1  14259.4  201.497  14125.7
111  176  2025-06-10 20-53-24  1409.6  16944.8  14257  201.583  14125.4
112  176  2025-06-10 20-53-24  1411.2  16953.4  14254.5  201.669  14125
113  176  2025-06-10 20-53-24  1412.8  16962  14252.1  201.756  14124.7
114  176  2025-06-10 20-53-24  1414.4  16970.7  14249.7  201.842  14124.3
115  176  2025-06-10 20-53-24  1416  16979.3  14247.2  201.928  14124
116  176  2025-06-10 20-53-24  1417.6  16988  14244.8  202.015  14123.6
117  176  2025-06-10 20-53-24  1419.2  16996.7  14242.3  202.101  14123.3
118  176  2025-06-10 20-53-24  1420.8  17005.4  14239.9  202.187  14122.9
119  176  2025-06-10 20-53-24  1422.4  17014  14237.5  202.274  14122.6
120  176  2025-06-10 20-53-24  1424  17022.7  14235  202.36  14122.2
121  176  2025-06-10 20-53-24  1425.6  17031.5  14232.6  202.446  14121.9
122  176  2025-06-10 20-53-24  1427.2  17040.2  14230.2  202.533  14121.5
123  176  2025-06-10 20-53-24  1428.8  17048.9  14227.7  202.619  14121.2
124  176  2025-06-10 20-53-24  1430.4  17057.6  14225.3  202.705  14120.8
125  176  2025-06-10 20-53-24  1432  17066.4  14222.9  202.792  14120.5
126  176  2025-06-10 20-53-24  1433.6  17075.1  14220.4  202.878  14120.2
127  176  2025-06-10 20-53-24  1435.2  17083.9  14218  202.964  14119.8
128  176  2025-06-10 20-53-24  1436.8  17092.7  14215.6  203.051  14119.5
129  176  2025-06-10 20-53-24  1438.4  17101.5  14213.2  203.137  14119.1
130  176  2025-06-10 20-53-24  1440  17110.3  14210.7  203.223  14118.8
131  176  2025-06-10 20-53-24  1441.6  17119.1  14208.3  203.31  14118.5
132  176  2025-06-10 20-53-24  1443.2  17127.9  14205.9  203.396  14118.1
133  176  2025-06-10 20-53-24  1444.8  17136.7  14203.5  203.482  14117.8
134  176  2025-06-10 20-53-24  1446.4  17145.5  14201  203.569  14117.5
135  176  2025-06-10 20-53-24  1448  17154.4  14198.6  203.655  14117.1
136  176  2025-06-10 20-53-24  1449.6  17163.2  14196.2  203.741  14116.8
137  176  2025-06-10 20-53-24  1451.2  17172.1  14193.8  203.828  14116.5
138  176  2025-06-10 20-53-24  1452.8  17180.9  14191.3  203.914  14116.2
139  176  2025-06-10 20-53-24  1454.4  17189.8  14188.9  204  14115.8
140  176  2025-06-10 20-53-24  1456  17198.7  14186.5  204.087  14115.5
141  176  2025-06-10 20-53-24  1457.6  17207.6  14184.1  204.173  14115.2
142  176  2025-06-10 20-53-24  1459.2  17216.5  14181.7  204.259  14114.9
143  176  2025-06-10 20-53-24  1460.8  17225.4  14179.3  204.346  14114.5
144  176  2025-06-10 20-53-24  1462.4  17234.3  14176.9  204.432  14114.2
145  176  2025-06-10 20-53-24  1464  17243.3  14174.4  204.518  14113.9
146  176  2025-06-10 20-53-24  1465.6  17252.2  14172  204.605  14113.6
147  176  2025-06-10 20-53-24  1467.2  17261.2  14169.6  204.691  14113.3
148  176  2025-06-10 20-53-24  1468.8  17270.1  14167.2  204.777  14112.9
149  176  2025-06-10 20-53-24  1470.4  17279.1  14164.8  204.864  14112.6
150  176  2025-06-10 20-53-24  1472  17288.1  14162.4  204.95  14112.3
151  176  2025-06-10 20-53-24  1473.6  17297.1  14160  205.036  14112
152  176  2025-06-10 20-53-24  1475.2  17306.1  14157.6  205.123  14111.7
153  176  2025-06-10 20-53-24  1476.8  17315.1  14155.2  205.209  14111.4
154  176  2025-06-10 20-53-24  1478.4  17324.1  14152.8  205.295  14111.1
155  176  2025-06-10 20-53-24  1480  17333.1  14150.4  205.382  14110.7
156  176  2025-06-10 20-53-24  1481.6  17342.1  14148  205.468  14110.4
157  176  2025-06-10 20-53-24  1483.2  17351.2  14145.5  205.554  14110.1
158  176  2025-06-10 20-53-24  1484.8  17360.2  14143.1  205.641  14109.8
159  176  2025-06-10 20-53-24  1486.4  17369.3  14140.7  205.727  14109.5
160  176  2025-06-10 20-53-24  1488  17378.4  14138.3  205.813  14109.2
161  176  2025-06-10 20-53-24  1489.6  17387.4  14135.9  205.9  14108.9
162  176  2025-06-10 20-53-24  1491.2  17396.5  14133.5  205.986  14108.6
163  176  2025-06-10 20-53-24  1492.8  17405.6  14131.1  206.072  14108.3
164  176  2025-06-10 20-53-24  1494.4  17414.7  14128.7  206.159  14108
165  176  2025-06-10 20-53-24  1496  17423.8  14126.4  206.245  14107.7
166  176  2025-06-10 20-53-24  1497.6  17433  14124  206.331  14107.4
167  176  2025-06-10 20-53-24  1499.2  17442.1  14121.6  206.418  14107.1
168  176  2025-06-10 20-53-24  1500.8  17451.2  14119.2  206.504  14106.8
169  176  2025-06-10 20-53-24  1502.4  17460.4  14116.8  206.59  14106.5
170  176  2025-06-10 20-53-24  1504  17469.5  14114.4  206.677  14106.2
171  176  2025-06-10 20-53-24  1505.6  17478.7  14112  206.763  14105.9
172  176  2025-06-10 20-53-24  1507.2  17487.9  14109.6  206.849  14105.6
173  176  2025-06-10 20-53-24  1508.8  17497.1  14107.2  206.936  14105.3
174  176  2025-06-10 20-53-24  1510.4  17506.3  14104.8  207.022  14105
175  176  2025-06-10 20-53-24  1512  17515.5  14102.4  207.108  14104.7
176  176  2025-06-10 20-53-24  1513.6  17524.7  14100  207.195  14104.4
177  176  2025-06-10 20-53-24  1515.2  17533.9  14097.7  207.281  14104.1
178  176  2025-06-10 20-53-24  1516.8  17543.2  14095.3  207.367  14103.8
179  176  2025-06-10 20-53-24  1518.4  17552.4  14092.9  207.454  14103.6
180  176  2025-06-10 20-53-24  1520  17561.7  14090.5  207.54  14103.3
181  176  2025-06-10 20-53-24  1521.6  17570.9  14088.1  207.626  14103
182  176  2025-06-10 20-53-24  1523.2  17580.2  14085.7  207.713  14102.7
183  176  2025-06-10 20-53-24  1524.8  17589.5  14083.4  207.799  14102.4
184  176  2025-06-10 20-53-24  1526.4  17598.7  14081  207.885  14102.1
185  176  2025-06-10 20-53-24  1528  17608  14078.6  207.972  14101.8
186  176  2025-06-10 20-53-24  1529.6  17617.4  14076.2  208.058  14101.5
187  176  2025-06-10 20-53-24  1531.2  17626.7  14073.8  208.145  14101.3
188  176  2025-06-10 20-53-24  1532.8  17636  14071.5  208.231  14101
189  176  2025-06-10 20-53-24  1534.4  17645.3  14069.1  208.317  14100.7
190  176  2025-06-10 20-53-24  1536  17654.7  14066.7  208.404  14100.4
191  176  2025-06-10 20-53-24  1537.6  17664  14064.3  208.49  14100.1
192  176  2025-06-10 20-53-24  1539.2  17673.4  14061.9  208.576  14099.8
193  176  2025-06-10 20-53-24  1540.8  17682.8  14059.6  208.663  14099.6
194  176  2025-06-10 20-53-24  1542.4  17692.1  14057.2  208.749  14099.3
195  176  2025-06-10 20-53-24  1544  17701.5  14054.8  208.835  14099
196  176  2025-06-10 20-53-24  1545.6  17710.9  14052.4  208.922  14098.7
197  176  2025-06-10 20-53-24  1547.2  17720.3  14050.1  209.008  14098.5
198  176  2025-06-10 20-53-24  1548.8  17729.7  14047.7  209.094  14098.2
199  176  2025-06-10 20-53-24  1550.4  17739.2  14045.3  209.181  14097.9
200  176  2025-06-10 20-53-24  1552  17748.6  14043  209.267  14097.6
201  176  2025-06-10 20-53-24  1553.6  17758  14040.6  209.353  14097.3
202  176  2025-06-10 20-53-24  1555.2  17767.5  14038.2  209.44  14097.1
203  176  2025-06-10 20-53-24  1556.8  17777  14035.9  209.526  14096.8
204  176  2025-06-10 20-53-24  1558.4  17786.4  14033.5  209.612  14096.5
205  176  2025-06-10 20-53-24  1560  17795.9  2831.13  209.699  14096.3
206  176  2025-06-10 20-53-24  1561.6  17805.4  2828.76  209.785  14096
207  176  2025-06-10 20-53-24  1563.2  17814.9  2826.4  209.871  14095.7
208  176  2025-06-10 20-53-24  1564.8  17824.4  2824.03  209.958  14095.4
209  176  2025-06-10 20-53-24  1566.4  17833.9  2821.67  210.044  14095.2
210  176  2025-06-10 20-53-24  1568  17843.4  2819.31  210.13  14094.9
211  176  2025-06-10 20-53-24  1569.6  17853  2816.95  210.217  14094.6
212  176  2025-06-10 20-53-24  1571.2  17862.5  2814.58  210.303  14094.4
213  176  2025-06-10 20-53-24  1572.8  17872.1  2812.22  210.389  14094.1
214  176  2025-06-10 20-53-24  1574.4  17881.6  2809.86  210.476  14093.8
215  176  2025-06-10 20-53-24  1576  17891.2  2807.5  210.562  14093.6
216  176  2025-06-10 20-53-24  1577.6  17900.8  2805.15  210.648  14093.3
217  176  2025-06-10 20-53-24  1579.2  17910.4  2802.79  210.735  14093
218  176  2025-06-10 20-53-24  1580.8  17920  2800.43  210.821  14092.8
219  176  2025-06-10 20-53-24  1582.4  17929.6  2798.08  210.907  14092.5
220  176  2025-06-10 20-53-24  1584  17939.2  2795.72  210.994  14092.3
221  176  2025-06-10 20-53-24  1585.6  17948.8  2793.36  211.08  14092
222  176  2025-06-10 20-53-24  1587.2  17958.4  2791.01  211.166  14091.7
223  176  2025-06-10 20-53-24  1588.8  17968.1  2788.66  211.253  14091.5
224  176  2025-06-10 20-53-24  1590.4  17977.7  2786.3  211.339  14091.2
225  176  2025-06-10 20-53-24  1592  17987.4  2783.95  211.425  14090.9
226  176  2025-06-10 20-53-24  1593.6  17997.1  2781.6  211.512  14090.7
227  176  2025-06-10 20-53-24  1595.2  18006.7  2779.25  211.598  14090.4
228  176  2025-06-10 20-53-24  1596.8  18016.4  2776.9  211.684  14090.2
229  176  2025-06-10 20-53-24  1598.4  18026.1  2774.55  211.771  14089.9
230  176  2025-06-10 20-53-24  1600  18035.8  2772.2  211.857  14089.7
231  176  2025-06-10 20-53-24  1601.6  18045.5  2769.85  211.943  14089.4
232  176  2025-06-10 20-53-24  1603.2  18055.3  2767.51  212.03  14089.1
233  176  2025-06-10 20-53-24  1604.8  18065  2765.16  212.116  14088.9
234  176  2025-06-10 20-53-24  1606.4  18074.7  2762.81  212.202  14088.6
235  176  2025-06-10 20-53-24  1608  18084.5  2760.47  212.289  14088.4
236  176  2025-06-10 20-53-24  1609.6  18094.2  2758.12  212.375  14088.1
237  176  2025-06-10 20-53-24  1611.2  18104  2755.78  212.461  14087.9
238  176  2025-06-10 20-53-24  1612.8  18113.8  2753.44  212.548  14087.6
239  176  2025-06-10 20-53-24  1614.4  18123.6  2751.09  212.634  14087.4
240  176  2025-06-10 20-53-24  1616  18133.4  2748.75  212.72  14087.1
241  176  2025-06-10 20-53-24  1617.6  18143.2  2746.41  212.807  14086.9
242  176  2025-06-10 20-53-24  1619.2  18153  2744.07  212.893  14086.6
243  176  2025-06-10 20-53-24  1620.8  18162.8  2741.73  212.979  14086.4
244  176  2025-06-10 20-53-24  1622.4  18172.6  2739.39  213.066  14086.1
245  176  2025-06-10 20-53-24  1624  18182.5  2737.05  213.152  14085.9
246  176  2025-06-10 20-53-24  1625.6  18192.3  2734.72  213.238  14085.6
247  176  2025-06-10 20-53-24  1627.2  18202.2  2732.38  213.325  14085.4
248  176  2025-06-10 20-53-24  1628.8  18212.1  2730.04  213.411  14085.1
249  176  2025-06-10 20-53-24  1630.4  18221.9  2727.71  213.497  14084.9
250  176  2025-06-10 20-53-24  1632  18231.8  2725.37  213.584  14084.6
251  176  2025-06-10 20-53-24  1633.6  18241.7  2723.04  213.67  14084.4
252  176  2025-06-10 20-53-24  1635.2  18251.6  2720.7  213.756  14084.1
253  176  2025-06-10 20-53-24  1636.8  18261.5  2718.37  213.843  14083.9
254  176  2025-06-10 20-53-24  1638.4  18271.5  2716.04  213.929  14083.6
255  176  2025-06-10 20-53-24  1640  18281.4  2713.71  214.015  14083.4
256  176  2025-06-10 20-53-24  1641.6  18291.3  2711.38  214.102  14083.2
257  176  2025-06-10 20-53-24  1643.2  18301.3  2709.05  214.188  14082.9
258  176  2025-06-10 20-53-24  1644.8  18311.2  2706.72  214.274  14082.7
259  176  2025-06-10 20-53-24  1646.4  18321.2  2704.39  214.361  14082.4
260  176  2025-06-10 20-53-24  1648  18331.2  2702.06  214.447  14082.2
261  176  2025-06-10 20-53-24  1649.6  18341.2  2699.73  214.533  14082
262  176  2025-06-10 20-53-24  1651.2  18351.2  2697.4  214.62  14081.7
263  176  2025-06-10 20-53-24  1652.8  18361.2  2695.08  214.706  14081.5
264  176  2025-06-10 20-53-24  1654.4  18371.2  2692.75  214.792  14081.2
265  176  2025-06-10 20-53-24  1656  18381.2  2690.43  214.879  14081
266  176  2025-06-10 20-53-24  1657.6  18391.2  2688.1  214.965  14080.8
267  176  2025-06-10 20-53-24  1659.2  18401.3  2685.78  215.051  14080.5
268  176  2025-06-10 20-53-24  1660.8  18411.3  2683.45  215.138  14080.3
269  176  2025-06-10 20-53-24  1662.4  18421.4  2681.13  215.224  14080
270  176  2025-06-10 20-53-24  1664  18431.5  2678.81  215.31  14079.8
271  176  2025-06-10 20-53-24  1665.6  18441.5  2676.49  215.397  14079.6
272  176  2025-06-10 20-53-24  1667.2  18451.6  2674.17  215.483  14079.3
273  176  2025-06-10 20-53-24  1668.8  18461.7  2671.85  215.569  14079.1
274  176  2025-06-10 20-53-24  1670.4  18471.8  2669.53  215.656  14078.9
275  176  2025-06-10 20-53-24  1672  18481.9  2667.21  215.742  14078.6
276  176  2025-06-10 20-53-24  1673.6  18492  2664.89  215.828  14078.4
277  176  2025-06-10 20-53-24  1675.2  18502.2  2662.58  215.915  14078.2
278  176  2025-06-10 20-53-24  1676.8  18512.3  2660.26  216.001  14077.9
279  176  2025-06-10 20-53-24  1678.4  18522.5  2657.94  216.087  14077.7
280  176  2025-06-10 20-53-24  1680  18532.6  2655.63  216.174  14077.5
281  176  2025-06-10 20-53-24  1681.6  18542.8  2653.31  216.26  14077.2
282  176  2025-06-10 20-53-24  1683.2  18553  2651  216.346  14077
283  176  2025-06-10 20-53-24  1684.8  18563.1  2648.69  216.433  14076.8
284  176  2025-06-10 20-53-24  1686.4  18573.3  2646.37  216.519  14076.5
285  176  2025-06-10 20-53-24  1688  18583.5  2644.06  216.605  14076.3
286  176  2025-06-10 20-53-24  1689.6  18593.7  2641.75  216.692  14076.1
287  176  2025-06-10 20-53-24  1691.2  18604  2639.44  216.778  14075.8
288  176  2025-06-10 20-53-24  1692.8  18614.2  2637.13  216.864  14075.6
289  176  2025-06-10 20-53-24  1694.4  18624.4  2634.82  216.951  14075.4
290  176  2025-06-10 20-53-24  1696  18634.7  2632.51  217.037  14075.1
291  176  2025-06-10 20-53-24  1697.6  18644.9  2630.2  217.123  14074.9
292  176  2025-06-10 20-53-24  1699.2  18655.2  2627.9  217.21  14074.7
293  176  2025-06-10 20-53-24  1700.8  18665.5  2625.59  217.296  14074.5
294  176  2025-06-10 20-53-24  1702.4  18675.8  2623.28  217.382  14074.2
295  176  2025-06-10 20-53-24  1704  18686  2620.98  217.469  14074
296  176  2025-06-10 20-53-24  1705.6  18696.3  2618.67  217.555  14073.8
297  176  2025-06-10 20-53-24  1707.2  18706.7  2616.37  217.641  14073.6
298  176  2025-06-10 20-53-24  1708.8  18717  2614.07  217.728  14073.3
299  176  2025-06-10 20-53-24  1710.4  18727.3  2611.76  217.814  14073.1
300  176  2025-06-10 20-53-24  1712  18737.6  2609.46  217.9  14072.9
301  176  2025-06-10 20-53-24  1713.6  18748  2607.16  217.987  14072.7
302  176  2025-06-10 20-53-24  1715.2  18758.3  2604.86  218.073  14072.4
303  176  2025-06-10 20-53-24  1716.8  18768.7  2602.56  218.159  14072.2
304  176  2025-06-10 20-53-24  1718.4  18779.1  2600.26  218.246  14072
305  176  2025-06-10 20-53-24  1720  18789.5  2597.96  218.332  14071.8
306  176  2025-06-10 20-53-24  1721.6  18799.9  2595.66  218.418  14071.5
307  176  2025-06-10 20-53-24  1723.2  18810.3  2593.37  218.505  14071.3
308  176  2025-06-10 20-53-24  1724.8  18820.7  2591.07  218.591  14071.1
309  176  2025-06-10 20-53-24  1726.4  18831.1  2588.77  218.677  14070.9
310  176  2025-06-10 20-53-24  1728  18841.5  2586.48  218.764  14070.7
311  176  2025-06-10 20-53-24  1729.6  18851.9  2584.18  218.85  14070.4
312  176  2025-06-10 20-53-24  1731.2  18862.4  2581.89  218.936  14070.2
313  176  2025-06-10 20-53-24  1732.8  18872.8  2579.6  219.023  14070
314  176  2025-06-10 20-53-24  1734.4  18883.3  2577.3  219.109  14069.8
315  176  2025-06-10 20-53-24  1736  18893.8  2575.01  219.195  14069.6
316  176  2025-06-10 20-53-24  1737.6  18904.3  2572.72  219.282  14069.3
317  176  2025-06-10 20-53-24  1739.2  18914.7  2570.43  219.368  14069.1
318  176  2025-06-10 20-53-24  1740.8  18925.2  2568.14  219.454  14068.9
319  176  2025-06-10 20-53-24  1742.4  18935.7  2565.85  219.541  14068.7
320  176  2025-06-10 20-53-24  1744  18946.3  2563.56  219.627  14068.5
321  176  2025-06-10 20-53-24  1745.6  18956.8  2561.27  219.713  14068.2
322  176  2025-06-10 20-53-24  1747.2  18967.3  2558.98  219.8  14068
323  176  2025-06-10 20-53-24  1748.8  18977.9  2556.7  219.886  14067.8
324  176  2025-06-10 20-53-24  1750.4  18988.4  2554.41  219.972  14067.6
325  176  2025-06-10 20-53-24  1752  18999  2552.12  220.059  14067.4
326  176  2025-06-10 20-53-24  1753.6  19009.6  2549.84  220.145  14067.2
327  176  2025-06-10 20-53-24  1755.2  19020.1  2547.55  220.231  14067
328  176  2025-06-10 20-53-24  1756.8  19030.7  2545.27  220.318  14066.7
329  176  2025-06-10 20-53-24  1758.4  19041.3  2542.99  220.404  14066.5
330  176  2025-06-10 20-53-24  1760  19051.9  2540.71  220.49  14066.3
331  176  2025-06-10 20-53-24  1761.6  19062.5  2538.42  220.577  14066.1
332  176  2025-06-10 20-53-24  1763.2  19073.2  2536.14  220.663  14065.9
333  176  2025-06-10 20-53-24  1764.8  19083.8  2533.86  220.749  14065.7
334  176  2025-06-10 20-53-24  1766.4  19094.4  2531.58  220.836  14065.5
335  176  2025-06-10 20-53-24  1768  19105.1  2529.3  220.922  14065.2
336  176  2025-06-10 20-53-24  1769.6  19115.7  2527.03  221.008  14065
337  176  2025-06-10 20-53-24  1771.2  19126.4  2524.75  221.095  14064.8
338  176  2025-06-10 20-53-24  1772.8  19137.1  2522.47  221.181  14064.6
339  176  2025-06-10 20-53-24  1774.4  19147.8  2520.19  221.267  14064.4
340  176  2025-06-10 20-53-24  1776  19158.5  2517.92  221.354  14064.2
341  176  2025-06-10 20-53-24  1777.6  19169.2  2515.64  221.44  14064
342  176  2025-06-10 20-53-24  1779.2  19179.9  2513.37  221.526  14063.8
343  176  2025-06-10 20-53-24  1780.8  19190.6  2511.09  221.613  14063.6
344  176  2025-06-10 20-53-24  1782.4  19201.4  2508.82  221.699  14063.3
345  176  2025-06-10 20-53-24  1784  19212.1  2506.55  221.785  14063.1
346  176  2025-06-10 20-53-24  1785.6  19222.8  2504.28  221.872  14062.9
347  176  2025-06-10 20-53-24  1787.2  19233.6  2502.01  221.958  14062.7
348  176  2025-06-10 20-53-24  1788.8  19244.4  2499.74  222.044  14062.5
349  176  2025-06-10 20-53-24  1790.4  19255.1  2497.47  222.131  14062.3
350  176  2025-06-10 20-53-24  1792  19265.9  2495.2  222.217  14062.1
351  176  2025-06-10 20-53-24  1793.6  19276.7  2492.93  222.303  14061.9
352  176  2025-06-10 20-53-24  1795.2  19287.5  2490.66  222.39  14061.7
353  176  2025-06-10 20-53-24  1796.8  19298.3  2488.39  222.476  14061.5
354  176  2025-06-10 20-53-24  1798.4  19309.2  2486.13  222.562  14061.3
355  176  2025-06-10 20-53-24  1800  19320  2483.86  222.649  14061.1
356  176  2025-06-10 20-53-24  1801.6  19330.8  2481.6  222.735  14060.9
357  176  2025-06-10 20-53-24  1803.2  19341.7  2479.33  222.821  14060.7
358  176  2025-06-10 20-53-24  1804.8  19352.5  2477.07  222.908  14060.4
359  176  2025-06-10 20-53-24  1806.4  19363.4  2474.8  222.994  14060.2
360  176  2025-06-10 20-53-24  1808  19374.3  2472.54  223.08  14060
361  176  2025-06-10 20-53-24  1809.6  19385.2  2470.28  223.167  14059.8
362  176  2025-06-10 20-53-24  1811.2  19396.1  2468.02  223.253  14059.6
363  176  2025-06-10 20-53-24  1812.8  19407  2465.76  223.339  14059.4
364  176  2025-06-10 20-53-24  1814.4  19417.9  2463.5  223.426  14059.2
365  176  2025-06-10 20-53-24  1816  19428.8  2461.24  223.512  14059
366  176  2025-06-10 20-53-24  1817.6  19439.7  2458.98  223.598  14058.8
367  176  2025-06-10 20-53-24  1819.2  19450.7  2456.72  223.685  14058.6
368  176  2025-06-10 20-53-24  1820.8  19461.6  2454.47  223.771  14058.4
369  176  2025-06-10 20-53-24  1822.4  19472.6  2452.21  223.857  14058.2
370  176  2025-06-10 20-53-24  1824  19483.5  2449.95  223.944  14058
371  176  2025-06-10 20-53-24  1825.6  19494.5  2447.7  224.03  14057.8
372  176  2025-06-10 20-53-24  1827.2  19505.5  2445.44  224.116  14057.6
373  176  2025-06-10 20-53-24  1828.8  19516.5  2443.19  224.203  14057.4
374  176  2025-06-10 20-53-24  1830.4  19527.5  2440.94  224.289  14057.2
375  176  2025-06-10 20-53-24  1832  19538.5  2438.68  224.375  14057
376  176  2025-06-10 20-53-24  1833.6  19549.5  2436.43  224.462  14056.8
377  176  2025-06-10 20-53-24  1835.2  19560.5  2434.18  224.548  14056.6
378  176  2025-06-10 20-53-24  1836.8  19571.6  2431.93  224.634  14056.4
379  176  2025-06-10 20-53-24  1838.4  19582.6  2429.68  224.721  14056.2
380  176  2025-06-10 20-53-24  1840  19593.7  2427.43  224.807  14056
381  176  2025-06-10 20-53-24  1841.6  19604.7  2425.18  224.893  14055.8
382  176  2025-06-10 20-53-24  1843.2  19615.8  2422.94  224.98  14055.6
383  176  2025-06-10 20-53-24  1844.8  19626.9  2420.69  225.066  14055.4
384  176  2025-06-10 20-53-24  1846.4  19638  2418.44  225.152  14055.2
385  176  2025-06-10 20-53-24  1848  19649.1  2416.2  225.239  14055
386  176  2025-06-10 20-53-24  1849.6  19660.2  2413.95  225.325  14054.8
387  176  2025-06-10 20-53-24  1851.2  19671.3  2411.71  225.411  14054.6
388  176  2025-06-10 20-53-24  1852.8  19682.4  2409.46  225.498  14054.4
389  176  2025-06-10 20-53-24  1854.4  19693.6  2407.22  225.584  14054.2
390  176  2025-06-10 20-53-24  1856  19704.7  2404.98  225.67  14054
391  176  2025-06-10 20-53-24  1857.6  19715.9  2402.74  225.757  14053.8
392  176  2025-06-10 20-53-24  1859.2  19727  2400.5  225.843  14053.6
393  176  2025-06-10 20-53-24  1860.8  19738.2  2398.25  225.929  14053.4
394  176  2025-06-10 20-53-24  1862.4  19749.4  2396.02  226.016  14053.3
395  176  2025-06-10 20-53-24  1864  19760.6  2393.78  226.102  14053.1
396  176  2025-06-10 20-53-24  1865.6  19771.7  2391.54  226.188  14052.9
397  176  2025-06-10 20-53-24  1867.2  19783  2389.3  226.275  14052.7
398  176  2025-06-10 20-53-24  1868.8  19794.2  2387.06  226.361  14052.5
399  176  2025-06-10 20-53-24  1870.4  19805.4  2384.83  226.447  14052.3
400  176  2025-06-10 20-53-24  1872  19816.6  2382.59  226.534  14052.1
401  176  2025-06-10 20-53-24  1873.6  19827.9  2380.36  226.62  14051.9
402  176  2025-06-10 20-53-24  1875.2  19839.1  2378.12  226.706  14051.7
403  176  2025-06-10 20-53-24  1876.8  19850.4  2375.89  226.793  14051.5
404  176  2025-06-10 20-53-24  1878.4  19861.6  2373.66  226.879  14051.3
405  176  2025-06-10 20-53-24  1880  19872.9  2371.42  226.965  14051.1
406  176  2025-06-10 20-53-24  1881.6  19884.2  2369.19  227.052  14050.9
407  176  2025-06-10 20-53-24  1883.2  19895.5  2366.96  227.138  14050.7
408  176  2025-06-10 20-53-24  1884.8  19906.8  2364.73  227.224  14050.5
409  176  2025-06-10 20-53-24  1886.4  19918.1  2362.5  227.311  14050.4
410  176  2025-06-10 20-53-24  1888  19929.4  2360.27  227.397  14050.2
411  176  2025-06-10 20-53-24  1889.6  19940.8  2358.05  227.483  14050
412  176  2025-06-10 20-53-24  1891.2  19952.1  2355.82  227.57  14049.8
413  176  2025-06-10 20-53-24  1892.8  19963.5  2353.59  227.656  14049.6
414  176  2025-06-10 20-53-24  1894.4  19974.8  2351.37  227.742  14049.4
415  176  2025-06-10 20-53-24  1896  19986.2  2349.14  227.829  14049.2
416  176  2025-06-10 20-53-24  1897.6  19997.6  2346.92  227.915  14049
417  176  2025-06-10 20-53-24  1899.2  20009  2344.69  228.001  14048.8
418  176  2025-06-10 20-53-24  1900.8  20020.3  2342.47  228.088  14048.6
419  176  2025-06-10 20-53-24  1902.4  20031.8  2340.25  228.174  14048.5
420  176  2025-06-10 20-53-24  1904  20043.2  2338.03  228.26  14048.3
421  176  2025-06-10 20-53-24  1905.6  20054.6  2335.81  228.347  14048.1
422  176  2025-06-10 20-53-24  1907.2  20066  2333.58  228.433  14047.9
423  176  2025-06-10 20-53-24  1908.8  20077.5  2331.37  228.519  14047.7
424  176  2025-06-10 20-53-24  1910.4  20088.9  2329.15  228.606  14047.5
425  176  2025-06-10 20-53-24  1912  20100.4  2326.93  228.692  14047.3
426  176  2025-06-10 20-53-24  1913.6  20111.8  2324.71  228.778  14047.1
427  176  2025-06-10 20-53-24  1915.2  20123.3  2322.49  228.865  14047
428  176  2025-06-10 20-53-24  1916.8  20134.8  2320.28  228.951  14046.8
429  176  2025-06-10 20-53-24  1918.4  20146.3  2318.06  229.037  14046.6
430  176  2025-06-10 20-53-24  1920  20157.8  2315.85  229.124  14046.4
431  176  2025-06-10 20-53-24  1921.6  20169.3  2313.63  229.21  14046.2
432  176  2025-06-10 20-53-24  1923.2  20180.8  2311.42  229.296  14046
433  176  2025-06-10 20-53-24  1924.8  20192.3  2309.21  229.383  14045.8
434  176  2025-06-10 20-53-24  1926.4  20203.9  2307  229.469  14045.7
435  176  2025-06-10 20-53-24  1928  20215.4  2304.78  229.555  14045.5
436  176  2025-06-10 20-53-24  1929.6  20227  2302.57  229.642  14045.3
437  176  2025-06-10 20-53-24  1931.2  20238.5  2300.36  229.728  14045.1
438  176  2025-06-10 20-53-24  1932.8  20250.1  2298.15  229.814  14044.9
439  176  2025-06-10 20-53-24  1934.4  20261.7  2295.95  229.901  14044.7
440  176  2025-06-10 20-53-24  1936  20273.3  2293.74  229.987  14044.5
441  176  2025-06-10 20-53-24  1937.6  20284.9  2291.53  230.073  14044.4
442  176  2025-06-10 20-53-24  1939.2  20296.5  2289.33  230.16  14044.2
443  176  2025-06-10 20-53-24  1940.8  20308.1  2287.12  230.246  14044
444  176  2025-06-10 20-53-24  1942.4  20319.7  2284.91  230.332  14043.8
445  176  2025-06-10 20-53-24  1944  20331.4  2282.71  230.419  14043.6
446  176  2025-06-10 20-53-24  1945.6  20343  2280.51  230.505  14043.5
447  176  2025-06-10 20-53-24  1947.2  20354.7  2278.3  230.591  14043.3
448  176  2025-06-10 20-53-24  1948.8  20366.3  2276.1  230.678  14043.1
449  176  2025-06-10 20-53-24  1950.4  20378  2273.9  230.764  14042.9
450  176  2025-06-10 20-53-24  1952  20389.7  2271.7  230.85  14042.7
451  176  2025-06-10 20-53-24  1953.6  20401.4  2269.5  230.937  14042.5
452  176  2025-06-10 20-53-24  1955.2  20413.1  2267.3  231.023  14042.4
453  176  2025-06-10 20-53-24  1956.8  20424.8  2265.1  231.109  14042.2
454  176  2025-06-10 20-53-24  1958.4  20436.5  2262.91  231.196  14042
455  176  2025-06-10 20-53-24  1960  20448.2  2260.71  231.282  14041.8
456  176  2025-06-10 20-53-24  1961.6  20459.9  2258.51  231.368  14041.6
457  176  2025-06-10 20-53-24  1963.2  20471.7  2256.32  231.455  14041.5
458  176  2025-06-10 20-53-24  1964.8  20483.4  2254.12  231.541  14041.3
459  176  2025-06-10 20-53-24  1966.4  20495.2  2251.93  231.627  14041.1
460  176  2025-06-10 20-53-24  1968  20507  2249.73  231.714  14040.9
461  176  2025-06-10 20-53-24  1969.6  20518.7  2247.54  231.8  14040.7
462  176  2025-06-10 20-53-24  1971.2  20530.5  2245.35  231.886  14040.6
463  176  2025-06-10 20-53-24  1972.8  20542.3  2243.16  231.973  14040.4
464  176  2025-06-10 20-53-24  1974.4  20554.1  2240.97  232.059  14040.2
465  176  2025-06-10 20-53-24  1976  20565.9  2238.78  232.145  14040
466  176  2025-06-10 20-53-24  1977.6  20577.8  2236.59  232.232  14039.8
467  176  2025-06-10 20-53-24  1979.2  20589.6  2234.4  232.318  14039.7
468  176  2025-06-10 20-53-24  1980.8  20601.4  2232.21  232.404  14039.5
469  176  2025-06-10 20-53-24  1982.4  20613.3  2230.03  232.491  14039.3
470  176  2025-06-10 20-53-24  1984  20625.1  2227.84  232.577  14039.1
471  176  2025-06-10 20-53-24  1985.6  20637  2225.65  232.663  14039
472  176  2025-06-10 20-53-24  1987.2  20648.9  2223.47  232.75  14038.8
473  176  2025-06-10 20-53-24  1988.8  20660.8  2221.29  232.836  14038.6
474  176  2025-06-10 20-53-24  1990.4  20672.7  2219.1  232.922  14038.4
475  176  2025-06-10 20-53-24  1992  20684.6  2216.92  233.009  14038.3
476  176  2025-06-10 20-53-24  1993.6  20696.5  2214.74  233.095  14038.1
477  176  2025-06-10 20-53-24  1995.2  20708.4  2212.56  233.181  14037.9
478  176  2025-06-10 20-53-24  1996.8  20720.3  2210.38  233.268  14037.7
479  176  2025-06-10 20-53-24  1998.4  20732.3  2208.2  233.354  14037.6
480  176  2025-06-10 20-53-24  2000  20744.2  2206.02  233.44  14037.4
481  176  2025-06-10 20-53-24  2001.6  20756.2  2203.84  233.527  14037.2
482  176  2025-06-10 20-53-24  2003.2  20768.1  2201.66  233.613  14037
483  176  2025-06-10 20-53-24  2004.8  20780.1  2199.49  233.699  14036.9
484  176  2025-06-10 20-53-24  2006.4  20792.1  2197.31  233.786  14036.7
485  176  2025-06-10 20-53-24  2008  20804.1  2195.13  233.872  14036.5
486  176  2025-06-10 20-53-24  2009.6  20816.1  2192.96  233.958  14036.3
487  176  2025-06-10 20-53-24  2011.2  20828.1  2190.79  234.045  14036.2
488  176  2025-06-10 20-53-24  2012.8  20840.1  2188.61  234.131  14036
489  176  2025-06-10 20-53-24  2014.4  20852.1  2186.44  234.217  14035.8
490  176  2025-06-10 20-53-24  2016  20864.2  2184.27  234.304  14035.6
491  176  2025-06-10 20-53-24  2017.6  20876.2  2182.1  234.39  14035.5
492  176  2025-06-10 20-53-24  2019.2  20888.3  2179.93  234.476  14035.3
493  176  2025-06-10 20-53-24  2020.8  20900.3  2177.76  234.563  14035.1
494  176  2025-06-10 20-53-24  2022.4  20912.4  2175.59  234.649  14034.9
495  176  2025-06-10 20-53-24  2024  20924.5  2173.42  234.735  14034.8
496  176  2025-06-10 20-53-24  2025.6  20936.6  2171.26  234.822  14034.6
497  176  2025-06-10 20-53-24  2027.2  20948.7  2169.09  234.908  14034.4
498  176  2025-06-10 20-53-24  2028.8  20960.8  2166.92  234.994  14034.3
499  176  2025-06-10 20-53-24  2030.4  20972.9  2164.76  235.081  14034.1
500  176  2025-06-10 20-53-24  2032  20985  2162.59  235.167  14033.9
501  176  2025-06-10 20-53-24  2033.6  20997.1  2160.43  235.253  14033.7
502  176  2025-06-10 20-53-24  2035.2  21009.3  2158.27  235.34  14033.6
503  176  2025-06-10 20-53-24  2036.8  21021.4  2156.11  235.426  14033.4
504  176  2025-06-10 20-53-24  2038.4  21033.6  2153.94  235.512  14033.2
505  176  2025-06-10 20-53-24  2040  21045.8  2151.78  235.599  14033.1
506  176  2025-06-10 20-53-24  2041.6  21057.9  2149.62  235.685  14032.9
507  176  2025-06-10 20-53-24  2043.2  21070.1  2147.47  235.771  14032.7
508  176  2025-06-10 20-53-24  2044.8  21082.3  2145.31  235.858  14032.6
509  176  2025-06-10 20-53-24  2046.4  21094.5  2143.15  235.944  14032.4
510  176  2025-06-10 20-53-24  2048  21106.8  2140.99  236.03  14032.2
511  176  2025-06-10 20-53-24  2049.6  21119  2138.84  236.117  14032
512  176  2025-06-10 20-53-24  2051.2  21131.2  2136.68  236.203  2831.88
513  176  2025-06-10 20-53-24  2052.8  21143.4  2134.53  236.289  2831.71
