SN    USVID    CurTime    simTime    CurX    CurY    CurVel      CurYaw   
0  128  2025-06-09 22-18-15  0  8  4.89843e-16  192  2672
1  128  2025-06-09 22-18-15  1.6  128.006  9.80038e-16  192.058  2672
2  128  2025-06-09 22-18-15  3.2  136.017  1.47058e-15  192.115  2672
3  128  2025-06-09 22-18-15  4.8  144.035  1.96148e-15  192.173  2672
4  128  2025-06-09 22-18-15  6.4  152.058  2.45274e-15  192.23  2672
5  128  2025-06-09 22-18-15  8  160.086  2.94434e-15  192.288  2672
6  128  2025-06-09 22-18-15  9.6  168.121  3.4363e-15  192.345  2672
7  128  2025-06-09 22-18-15  11.2  176.161  3.92861e-15  192.403  2672
8  128  2025-06-09 22-18-15  12.8  184.207  4.42127e-15  192.46  2672
9  128  2025-06-09 22-18-15  14.4  192.259  4.91428e-15  192.518  2672
10  128  2025-06-09 22-18-15  128  200.317  5.40765e-15  192.576  2672
11  128  2025-06-09 22-18-15  129.6  208.38  5.90137e-15  192.633  2672
12  128  2025-06-09 22-18-15  131.2  216.449  6.39544e-15  192.691  2672
13  128  2025-06-09 22-18-15  132.8  224.524  6.88987e-15  192.748  2672
14  128  2025-06-09 22-18-15  134.4  232.604  7.38464e-15  192.806  2672
15  128  2025-06-09 22-18-15  136  240.691  7.87977e-15  192.863  2672
16  128  2025-06-09 22-18-15  137.6  248.783  8.37525e-15  192.921  2672
17  128  2025-06-09 22-18-15  139.2  256.881  8.87109e-15  192.978  2672
18  128  2025-06-09 22-18-15  140.8  264.984  9.36727e-15  193.036  2672
19  128  2025-06-09 22-18-15  142.4  1393.09  9.86381e-15  193.094  2672
20  128  2025-06-09 22-18-15  144  1401.21  1.03607e-14  193.151  2672
21  128  2025-06-09 22-18-15  145.6  1409.33  1.08579e-14  193.209  2672
22  128  2025-06-09 22-18-15  147.2  1417.46  1.13555e-14  193.266  2672
23  128  2025-06-09 22-18-15  148.8  1425.59  1.18535e-14  193.324  2672
24  128  2025-06-09 22-18-15  150.4  1433.73  1.23518e-14  193.381  2672
25  128  2025-06-09 22-18-15  152  1441.87  1.28504e-14  193.439  2672
26  128  2025-06-09 22-18-15  153.6  1450.02  1.33494e-14  193.496  2672
27  128  2025-06-09 22-18-15  155.2  1458.18  1.38488e-14  193.554  2672
28  128  2025-06-09 22-18-15  156.8  1466.34  1.43485e-14  193.612  2672
29  128  2025-06-09 22-18-15  158.4  1474.5  1.48486e-14  193.669  2672
30  128  2025-06-09 22-18-15  160  1482.68  1.5349e-14  193.727  2672
31  128  2025-06-09 22-18-15  161.6  1490.85  1.58498e-14  193.784  2672
32  128  2025-06-09 22-18-15  163.2  1499.04  1.63509e-14  193.842  2672
33  128  2025-06-09 22-18-15  164.8  1507.23  1.68524e-14  193.899  2672
34  128  2025-06-09 22-18-15  166.4  1515.42  1.73542e-14  193.957  2672
35  128  2025-06-09 22-18-15  168  1523.63  1.78564e-14  194.014  2672
36  128  2025-06-09 22-18-15  169.6  1531.83  1.83589e-14  194.072  2672
37  128  2025-06-09 22-18-15  171.2  1540.05  1.88618e-14  194.13  2672
38  128  2025-06-09 22-18-15  172.8  1548.26  1.9365e-14  194.187  2672
39  128  2025-06-09 22-18-15  174.4  1556.49  1.98686e-14  194.245  2672
40  128  2025-06-09 22-18-15  176  1564.72  2.03725e-14  194.302  2672
41  128  2025-06-09 22-18-15  177.6  1572.96  2.08768e-14  194.36  2672
42  128  2025-06-09 22-18-15  179.2  1581.2  2.13815e-14  194.417  2672
43  128  2025-06-09 22-18-15  180.8  1589.44  2.18865e-14  194.475  2672
44  128  2025-06-09 22-18-15  182.4  1597.7  2.23918e-14  194.532  2672
45  128  2025-06-09 22-18-15  184  1605.96  2.28975e-14  194.59  2672
46  128  2025-06-09 22-18-15  185.6  1614.22  2.34036e-14  194.648  2672
47  128  2025-06-09 22-18-15  187.2  1622.49  2.391e-14  194.705  2672
48  128  2025-06-09 22-18-15  188.8  1630.77  2.44167e-14  194.763  2672
49  128  2025-06-09 22-18-15  190.4  1639.05  2.49238e-14  194.82  2672
50  128  2025-06-09 22-18-15  192  1647.34  2.54313e-14  194.878  2672
51  128  2025-06-09 22-18-15  193.6  1655.63  2.59391e-14  194.935  2672
52  128  2025-06-09 22-18-15  195.2  1663.93  2.64473e-14  194.993  2672
53  128  2025-06-09 22-18-15  196.8  1672.24  2.69558e-14  195.05  2672
54  128  2025-06-09 22-18-15  198.4  1680.55  2.74647e-14  195.108  2672
55  128  2025-06-09 22-18-15  200  1688.86  2.79739e-14  195.166  2672
56  128  2025-06-09 22-18-15  201.6  1697.19  2.84835e-14  195.223  2672
57  128  2025-06-09 22-18-15  203.2  1705.51  2.89934e-14  195.281  2672
58  128  2025-06-09 22-18-15  204.8  1713.85  2.95037e-14  195.338  2672
59  128  2025-06-09 22-18-15  206.4  1722.19  3.00143e-14  195.396  2672
60  128  2025-06-09 22-18-15  208  1730.53  3.05253e-14  195.453  2672
61  128  2025-06-09 22-18-15  209.6  1738.88  3.10367e-14  195.511  2672
62  128  2025-06-09 22-18-15  211.2  1747.24  3.15484e-14  195.568  2672
63  128  2025-06-09 22-18-15  212.8  1755.6  3.20604e-14  195.626  2672
64  128  2025-06-09 22-18-15  214.4  1763.97  3.25728e-14  195.684  2672
65  128  2025-06-09 22-18-15  216  1772.35  3.30855e-14  195.741  2672
66  128  2025-06-09 22-18-15  217.6  1780.73  3.35986e-14  195.799  2672
67  128  2025-06-09 22-18-15  219.2  1789.11  3.41121e-14  195.856  2672
68  128  2025-06-09 22-18-15  220.8  1797.5  3.46259e-14  195.914  2672
69  128  2025-06-09 22-18-15  222.4  1805.9  3.51401e-14  195.971  2672
70  128  2025-06-09 22-18-15  224  1814.3  3.56546e-14  196.029  2672
71  128  2025-06-09 22-18-15  225.6  1822.71  3.61694e-14  196.086  2672
72  128  2025-06-09 22-18-15  227.2  1831.13  3.66847e-14  196.144  2672
73  128  2025-06-09 22-18-15  228.8  1839.55  3.72002e-14  196.202  2672
74  128  2025-06-09 22-18-15  230.4  1847.97  3.77162e-14  196.259  2672
75  128  2025-06-09 22-18-15  232  1856.4  3.82324e-14  196.317  2672
76  128  2025-06-09 22-18-15  233.6  1864.84  3.87491e-14  196.374  2672
77  128  2025-06-09 22-18-15  235.2  1873.28  3.9266e-14  196.432  2672
78  128  2025-06-09 22-18-15  236.8  1881.73  3.97834e-14  196.489  2672
79  128  2025-06-09 22-18-15  238.4  1890.19  4.0301e-14  196.547  2672
80  128  2025-06-09 22-18-15  240  1898.65  4.08191e-14  196.604  2672
81  128  2025-06-09 22-18-15  241.6  1907.11  4.13375e-14  196.662  2672
82  128  2025-06-09 22-18-15  243.2  1915.59  4.18562e-14  196.72  2672
83  128  2025-06-09 22-18-15  244.8  1924.06  4.23753e-14  196.777  2672
84  128  2025-06-09 22-18-15  246.4  1932.55  4.28947e-14  196.835  2672
85  128  2025-06-09 22-18-15  248  1941.04  4.34145e-14  196.892  2672
86  128  2025-06-09 22-18-15  249.6  1949.53  4.39347e-14  196.95  2672
87  128  2025-06-09 22-18-15  251.2  1958.03  4.44552e-14  197.007  2672
88  128  2025-06-09 22-18-15  252.8  1966.54  4.49761e-14  197.065  2672
89  128  2025-06-09 22-18-15  254.4  1975.05  4.54973e-14  197.122  2672
90  128  2025-06-09 22-18-15  256  1983.57  4.60188e-14  197.18  2672
91  128  2025-06-09 22-18-15  257.6  1992.09  4.65407e-14  197.238  2672
92  128  2025-06-09 22-18-15  259.2  2000.62  4.7063e-14  197.295  2672
93  128  2025-06-09 22-18-15  260.8  2009.16  4.75856e-14  197.353  2672
94  128  2025-06-09 22-18-15  262.4  2017.7  4.81086e-14  197.41  2672
95  128  2025-06-09 22-18-15  264  2026.25  4.86319e-14  197.468  2672
96  128  2025-06-09 22-18-15  265.6  2034.8  4.91556e-14  197.525  2672
97  128  2025-06-09 22-18-15  267.2  2043.36  4.96796e-14  197.583  2672
98  128  2025-06-09 22-18-15  268.8  2051.92  5.0204e-14  197.641  2672
99  128  2025-06-09 22-18-15  270.4  2060.49  5.07287e-14  197.698  2672
100  128  2025-06-09 22-18-15  1392  2069.07  5.12538e-14  197.756  2672
101  128  2025-06-09 22-18-15  1393.6  2077.65  5.17792e-14  197.813  2672
102  128  2025-06-09 22-18-15  1395.2  2086.23  5.2305e-14  197.871  2672
103  128  2025-06-09 22-18-15  1396.8  2094.83  5.28312e-14  197.928  2672
104  128  2025-06-09 22-18-15  1398.4  2103.43  5.33577e-14  197.986  2672
105  128  2025-06-09 22-18-15  1400  2112.03  5.38845e-14  198.043  2672
106  128  2025-06-09 22-18-15  1401.6  2120.64  5.44117e-14  198.101  2672
107  128  2025-06-09 22-18-15  1403.2  2129.26  5.49393e-14  198.159  2672
108  128  2025-06-09 22-18-15  1404.8  2137.88  5.54672e-14  198.216  2672
109  128  2025-06-09 22-18-15  1406.4  2146.5  5.59954e-14  198.274  2672
110  128  2025-06-09 22-18-15  1408  2155.14  5.6524e-14  198.331  2672
111  128  2025-06-09 22-18-15  1409.6  2163.78  5.7053e-14  198.389  2672
112  128  2025-06-09 22-18-15  1411.2  2172.42  5.75823e-14  198.446  2672
113  128  2025-06-09 22-18-15  1412.8  2181.07  5.8112e-14  198.504  2672
114  128  2025-06-09 22-18-15  1414.4  2189.73  5.8642e-14  198.561  2672
115  128  2025-06-09 22-18-15  1416  2198.39  5.91724e-14  198.619  2672
116  128  2025-06-09 22-18-15  1417.6  2207.06  5.97031e-14  198.677  2672
117  128  2025-06-09 22-18-15  1419.2  2215.73  6.02342e-14  198.734  2672
118  128  2025-06-09 22-18-15  1420.8  2224.41  6.07656e-14  198.792  2672
119  128  2025-06-09 22-18-15  1422.4  2233.1  6.12974e-14  198.849  2672
120  128  2025-06-09 22-18-15  1424  2241.79  6.18295e-14  198.907  2672
121  128  2025-06-09 22-18-15  1425.6  2250.48  6.2362e-14  198.964  2672
122  128  2025-06-09 22-18-15  1427.2  2259.18  6.28948e-14  199.022  2672
123  128  2025-06-09 22-18-15  1428.8  2267.89  6.3428e-14  199.079  2672
124  128  2025-06-09 22-18-15  1430.4  2276.61  6.39616e-14  199.137  2672
125  128  2025-06-09 22-18-15  1432  2285.33  6.44955e-14  199.195  2672
126  128  2025-06-09 22-18-15  1433.6  2294.05  6.50297e-14  199.252  2672
127  128  2025-06-09 22-18-15  1435.2  2302.78  6.55643e-14  199.31  2672
128  128  2025-06-09 22-18-15  1436.8  2311.52  6.60993e-14  199.367  2672
129  128  2025-06-09 22-18-15  1438.4  2320.26  6.66346e-14  199.425  2672
130  128  2025-06-09 22-18-15  1440  2329.01  6.71702e-14  199.482  2672
131  128  2025-06-09 22-18-15  1441.6  2337.76  6.77062e-14  199.54  2672
132  128  2025-06-09 22-18-15  1443.2  2346.52  6.82426e-14  199.597  2672
133  128  2025-06-09 22-18-15  1444.8  2355.29  6.87793e-14  199.655  2672
134  128  2025-06-09 22-18-15  1446.4  2364.06  6.93164e-14  199.713  2672
135  128  2025-06-09 22-18-15  1448  2372.84  6.98538e-14  199.77  2672
136  128  2025-06-09 22-18-15  1449.6  2381.62  7.03916e-14  199.828  2672
137  128  2025-06-09 22-18-15  1451.2  2390.41  7.09297e-14  199.885  2672
138  128  2025-06-09 22-18-15  1452.8  2399.2  7.14682e-14  199.943  2672
139  128  2025-06-09 22-18-15  1454.4  2408  7.2007e-14  200  2672
140  128  2025-06-09 22-18-15  1456  2416.81  7.25462e-14  200.058  2672
141  128  2025-06-09 22-18-15  1457.6  2425.62  7.30857e-14  200.115  2672
142  128  2025-06-09 22-18-15  1459.2  2434.44  7.36256e-14  200.173  2672
143  128  2025-06-09 22-18-15  1460.8  2443.26  7.41658e-14  200.231  2672
144  128  2025-06-09 22-18-15  1462.4  2452.09  7.47064e-14  200.288  2672
145  128  2025-06-09 22-18-15  1464  2460.92  7.52474e-14  200.346  2672
146  128  2025-06-09 22-18-15  1465.6  2469.76  7.57887e-14  200.403  2672
147  128  2025-06-09 22-18-15  1467.2  2478.61  7.63303e-14  200.461  2672
148  128  2025-06-09 22-18-15  1468.8  2487.46  7.68723e-14  200.518  2672
149  128  2025-06-09 22-18-15  1470.4  2496.32  7.74147e-14  200.576  2672
150  128  2025-06-09 22-18-15  1472  2505.18  7.79574e-14  200.633  2672
151  128  2025-06-09 22-18-15  1473.6  2514.05  7.85004e-14  200.691  2672
152  128  2025-06-09 22-18-15  1475.2  2522.93  7.90438e-14  200.749  2672
153  128  2025-06-09 22-18-15  1476.8  2531.81  7.95876e-14  200.806  2672
154  128  2025-06-09 22-18-15  1478.4  2540.69  8.01317e-14  200.864  2672
155  128  2025-06-09 22-18-15  1480  2549.59  8.06762e-14  200.921  2672
156  128  2025-06-09 22-18-15  1481.6  2558.48  8.1221e-14  200.979  2672
157  128  2025-06-09 22-18-15  1483.2  2567.39  8.17662e-14  201.036  2672
158  128  2025-06-09 22-18-15  1484.8  2576.3  8.23117e-14  201.094  2672
159  128  2025-06-09 22-18-15  1486.4  2585.21  8.28576e-14  201.151  2672
160  128  2025-06-09 22-18-15  1488  2594.13  8.34038e-14  201.209  2672
161  128  2025-06-09 22-18-15  1489.6  2603.06  8.39504e-14  201.267  2672
162  128  2025-06-09 22-18-15  1491.2  2611.99  8.44973e-14  201.324  2672
163  128  2025-06-09 22-18-15  1492.8  2620.93  8.50446e-14  201.382  2672
164  128  2025-06-09 22-18-15  1494.4  2629.87  8.55922e-14  201.439  2672
165  128  2025-06-09 22-18-15  1496  2638.82  8.61402e-14  201.497  2672
166  128  2025-06-09 22-18-15  1497.6  2647.78  8.66886e-14  201.554  2672
167  128  2025-06-09 22-18-15  1499.2  2656.74  8.72373e-14  201.612  2672
168  128  2025-06-09 22-18-15  1500.8  2665.71  8.77863e-14  201.669  2672
169  128  2025-06-09 22-18-15  1502.4  2674.68  8.83357e-14  201.727  2672
170  128  2025-06-09 22-18-15  1504  2683.66  8.88855e-14  201.785  2672
171  128  2025-06-09 22-18-15  1505.6  2692.64  8.94356e-14  201.842  2672
172  128  2025-06-09 22-18-15  1507.2  2701.63  8.9986e-14  201.9  2672
173  128  2025-06-09 22-18-15  1508.8  2710.63  9.05368e-14  201.957  2672
174  128  2025-06-09 22-18-15  1510.4  2719.63  9.1088e-14  202.015  2672
175  128  2025-06-09 22-18-15  1512  2728.64  9.16395e-14  202.072  2672
176  128  2025-06-09 22-18-15  1513.6  2737.65  9.21914e-14  202.13  2672
177  128  2025-06-09 22-18-15  1515.2  2746.65  9.27427e-14  202.044  2672
178  128  2025-06-09 22-18-15  1516.8  2755.66  -0.0794129  202.101  2680.08
179  128  2025-06-09 22-18-15  1518.4  2764.68  -0.239121  202.159  2688.24
180  128  2025-06-09 22-18-15  1520  2773.7  -0.480002  202.216  2696.48
181  128  2025-06-09 22-18-15  1521.6  2782.72  -0.802925  202.274  2704.8
182  128  2025-06-09 22-18-15  1523.2  2791.74  -1.20876  202.331  2713.2
183  128  2025-06-09 22-18-15  1524.8  2800.77  -1.69836  202.389  2721.68
184  128  2025-06-09 22-18-15  1526.4  2809.79  -2.27258  202.446  2730.24
185  128  2025-06-09 22-18-15  1528  2818.82  -2.93226  202.504  2738.88
186  128  2025-06-09 22-18-15  1529.6  2827.85  -3.67825  202.562  2747.6
187  128  2025-06-09 22-18-15  1531.2  14036.9  -4.51136  202.619  2756.4
188  128  2025-06-09 22-18-15  1532.8  14045.9  -5.43243  202.677  2765.28
189  128  2025-06-09 22-18-15  1534.4  14054.9  -6.44226  202.734  2774.24
190  128  2025-06-09 22-18-15  1536  14063.9  -7.54166  202.792  2783.28
191  128  2025-06-09 22-18-15  1537.6  14072.9  -8.73141  202.849  2792.4
192  128  2025-06-09 22-18-15  1539.2  14081.9  -10.0123  202.907  2801.6
193  128  2025-06-09 22-18-15  1540.8  14090.9  -11.3851  202.964  2810.88
194  128  2025-06-09 22-18-15  1542.4  14099.9  -12.8506  203.022  2820.24
195  128  2025-06-09 22-18-15  1544  14108.9  -14.4094  203.08  2829.68
196  128  2025-06-09 22-18-15  1545.6  14117.8  -128.062  203.137  14039.2
197  128  2025-06-09 22-18-15  1547.2  14126.8  -129.716  203.195  14039.1
198  128  2025-06-09 22-18-15  1548.8  14135.8  -131.369  203.252  14039
199  128  2025-06-09 22-18-15  1550.4  14144.8  -133.022  203.31  14038.9
200  128  2025-06-09 22-18-15  1552  14153.7  -134.674  203.367  14038.7
201  128  2025-06-09 22-18-15  1553.6  14162.7  -136.326  203.425  14038.6
202  128  2025-06-09 22-18-15  1555.2  14171.7  -137.977  203.482  14038.4
203  128  2025-06-09 22-18-15  1556.8  14180.7  -139.628  203.54  14038.2
204  128  2025-06-09 22-18-15  1558.4  14189.8  -141.277  203.598  14038
205  128  2025-06-09 22-18-15  1560  14198.8  -142.925  203.655  14037.8
206  128  2025-06-09 22-18-15  1561.6  14207.8  -144.572  203.713  14037.5
207  128  2025-06-09 22-18-15  1563.2  14216.8  -146.218  203.77  14037.3
208  128  2025-06-09 22-18-15  1564.8  14225.9  -147.862  203.828  14037
209  128  2025-06-09 22-18-15  1566.4  14234.9  -149.503  203.885  14036.7
210  128  2025-06-09 22-18-15  1568  14243.9  -151.143  203.943  14036.4
211  128  2025-06-09 22-18-15  1569.6  14253  -152.781  204  14036.1
212  128  2025-06-09 22-18-15  1571.2  14262.1  -154.417  204.058  14035.7
213  128  2025-06-09 22-18-15  1572.8  14271.1  -156.05  204.116  14035.4
214  128  2025-06-09 22-18-15  1574.4  14280.2  -157.681  204.173  14035
215  128  2025-06-09 22-18-15  1576  14289.3  -159.308  204.231  14034.6
216  128  2025-06-09 22-18-15  1577.6  14298.3  -161.01  204.144  14042.3
217  128  2025-06-09 22-18-15  1579.2  14307.4  -162.787  204.058  14050.1
218  128  2025-06-09 22-18-15  1580.8  14316.4  -164.639  203.972  14057.9
219  128  2025-06-09 22-18-15  1582.4  14325.3  -166.567  203.885  14065.7
220  128  2025-06-09 22-18-15  1584  14334.3  -168.57  203.799  14073.7
221  128  2025-06-09 22-18-15  1585.6  14343.2  -170.65  203.713  14081.7
222  128  2025-06-09 22-18-15  1587.2  14352.1  -172.806  203.626  14089.7
223  128  2025-06-09 22-18-15  1588.8  14361  -175.038  203.54  14097.9
224  128  2025-06-09 22-18-15  1590.4  14369.9  -177.348  203.454  14106.1
225  128  2025-06-09 22-18-15  1592  14378.7  -179.735  203.367  14114.3
226  128  2025-06-09 22-18-15  1593.6  14387.5  -182.2  203.281  14122.6
227  128  2025-06-09 22-18-15  1595.2  14396.2  -184.742  203.195  14131
228  128  2025-06-09 22-18-15  1596.8  14405  -187.363  203.108  14139.5
229  128  2025-06-09 22-18-15  1598.4  14413.7  -190.062  203.022  14148
230  128  2025-06-09 22-18-15  1600  14422.3  -192.844  203.08  14156.6
231  128  2025-06-09 22-18-15  1601.6  14431  -195.709  203.137  14165.2
232  128  2025-06-09 22-18-15  1603.2  14439.6  -198.659  203.195  14173.9
233  128  2025-06-09 22-18-15  1604.8  14448.2  -201.692  203.252  14182.7
234  128  2025-06-09 22-18-15  1606.4  14456.8  -204.811  203.31  14191.5
235  128  2025-06-09 22-18-15  1608  14465.4  -208.014  203.367  14200.4
236  128  2025-06-09 22-18-15  1609.6  14473.9  -211.298  203.281  14209.4
237  128  2025-06-09 22-18-15  1611.2  14482.3  -214.662  203.195  14218.4
238  128  2025-06-09 22-18-15  1612.8  14490.8  -218.107  203.108  14227.5
239  128  2025-06-09 22-18-15  1614.4  14499.2  -221.633  203.022  14236.6
240  128  2025-06-09 22-18-15  1616  14507.5  -225.239  202.936  14245.8
241  128  2025-06-09 22-18-15  1617.6  14515.8  -228.926  202.849  14255.1
242  128  2025-06-09 22-18-15  1619.2  14524.1  -232.695  202.763  14264.5
243  128  2025-06-09 22-18-15  1620.8  14532.3  -236.543  202.677  14273.9
244  128  2025-06-09 22-18-15  1622.4  14540.5  -240.407  202.734  14275.3
245  128  2025-06-09 22-18-15  1624  14548.7  -244.286  202.792  14276.6
246  128  2025-06-09 22-18-15  1625.6  14556.9  -248.179  202.849  14278
247  128  2025-06-09 22-18-15  1627.2  14565.1  -252.087  202.907  14279.3
248  128  2025-06-09 22-18-15  1628.8  14573.3  -256.003  202.821  14280.7
249  128  2025-06-09 22-18-15  1630.4  14581.5  -259.927  202.734  14282
250  128  2025-06-09 22-18-15  1632  14589.7  -263.859  202.648  14283.3
251  128  2025-06-09 22-18-15  1633.6  14597.8  -267.798  202.562  14284.6
252  128  2025-06-09 22-18-15  1635.2  14606  -271.745  202.475  14285.8
253  128  2025-06-09 22-18-15  1636.8  14614.1  -1395.7  202.389  14287.1
254  128  2025-06-09 22-18-15  1638.4  14622.2  -1399.66  202.303  14288.3
255  128  2025-06-09 22-18-15  1640  14630.3  -1403.63  202.216  14289.5
256  128  2025-06-09 22-18-15  1641.6  14638.4  -1407.6  202.13  14290.7
257  128  2025-06-09 22-18-15  1643.2  14646.5  -1411.59  202.044  14291.9
258  128  2025-06-09 22-18-15  1644.8  14654.5  -1415.57  201.957  14293.1
259  128  2025-06-09 22-18-15  1646.4  14662.6  -1419.57  201.871  14294.2
260  128  2025-06-09 22-18-15  1648  14670.6  -1423.57  201.785  14295.4
261  128  2025-06-09 22-18-15  1649.6  14678.7  -1427.57  201.698  14296.5
262  128  2025-06-09 22-18-15  1651.2  14686.7  -1431.59  201.612  14297.6
263  128  2025-06-09 22-18-15  1652.8  14694.7  -1435.61  201.526  14298.7
264  128  2025-06-09 22-18-15  1654.4  14702.6  -1439.72  201.583  14309.4
265  128  2025-06-09 22-18-15  1656  14710.5  -1443.93  201.641  14320.3
266  128  2025-06-09 22-18-15  1657.6  14718.4  -1448.24  201.698  14331.2
267  128  2025-06-09 22-18-15  1659.2  14726.2  -1452.64  201.756  14342.2
268  128  2025-06-09 22-18-15  1660.8  14734  -1457.14  201.813  14353.3
269  128  2025-06-09 22-18-15  1662.4  14741.7  -1461.74  201.871  14364.5
270  128  2025-06-09 22-18-15  1664  14749.4  -1466.44  201.928  14375.7
271  128  2025-06-09 22-18-15  1665.6  14757  -1471.23  201.986  14386.9
272  128  2025-06-09 22-18-15  1667.2  14764.6  -1476.12  202.044  14398.1
273  128  2025-06-09 22-18-15  1668.8  14772.1  -1481.1  202.101  14409.3
274  128  2025-06-09 22-18-15  1670.4  14779.5  -1486.18  202.159  14420.5
275  128  2025-06-09 22-18-15  1672  14786.9  -1491.35  202.216  14431.7
276  128  2025-06-09 22-18-15  1673.6  14794.2  -1496.62  202.274  14442.9
277  128  2025-06-09 22-18-15  1675.2  14801.6  -1501.91  202.331  14446.1
278  128  2025-06-09 22-18-15  1676.8  14808.9  -1507.24  202.389  14449.3
279  128  2025-06-09 22-18-15  1678.4  14816.2  -1512.59  202.446  14452.5
280  128  2025-06-09 22-18-15  1680  14823.4  -1517.97  202.504  14455.7
281  128  2025-06-09 22-18-15  1681.6  14830.7  -1523.38  202.562  14458.9
282  128  2025-06-09 22-18-15  1683.2  14838  -1528.82  202.619  14462.1
283  128  2025-06-09 22-18-15  1684.8  14845.2  -1534.28  202.677  14465.3
284  128  2025-06-09 22-18-15  1686.4  14852.4  -1539.78  202.734  14468.5
285  128  2025-06-09 22-18-15  1688  14859.6  -1545.3  202.792  14471.7
286  128  2025-06-09 22-18-15  1689.6  14866.7  -1550.93  202.849  14484.5
287  128  2025-06-09 22-18-15  1691.2  14873.8  -1556.66  202.907  14497.3
288  128  2025-06-09 22-18-15  1692.8  14880.9  -1562.36  202.964  14492.4
289  128  2025-06-09 22-18-15  1694.4  14888  -1568.02  203.022  14487.4
290  128  2025-06-09 22-18-15  1696  14895.2  -1573.65  203.08  14482.4
291  128  2025-06-09 22-18-15  1697.6  14902.4  -1579.24  203.137  14477.3
292  128  2025-06-09 22-18-15  1699.2  14909.6  -1584.79  203.195  14472.1
293  128  2025-06-09 22-18-15  1700.8  14916.9  -1590.3  203.252  14466.8
294  128  2025-06-09 22-18-15  1702.4  14924.2  -1595.78  203.31  14461.4
295  128  2025-06-09 22-18-15  1704  14931.5  -1601.21  203.367  14456
296  128  2025-06-09 22-18-15  1705.6  14938.9  -1606.61  203.425  14450.5
297  128  2025-06-09 22-18-15  1707.2  14946.3  -1611.96  203.482  14444.9
298  128  2025-06-09 22-18-15  1708.8  14953.8  -1617.27  203.54  14439.2
299  128  2025-06-09 22-18-15  1710.4  14961.3  -1622.53  203.598  14433.4
300  128  2025-06-09 22-18-15  1712  14968.8  -1627.76  203.655  14427.6
301  128  2025-06-09 22-18-15  1713.6  14976.4  -1632.93  203.713  14421.7
302  128  2025-06-09 22-18-15  1715.2  14984  -1638.06  203.77  14415.7
303  128  2025-06-09 22-18-15  1716.8  14991.7  -1643.14  203.828  14409.6
304  128  2025-06-09 22-18-15  1718.4  14999.3  -1648.18  203.885  14403.4
305  128  2025-06-09 22-18-15  1720  15007.1  -1653.16  203.943  14397.2
306  128  2025-06-09 22-18-15  1721.6  15014.8  -1658.09  204  14390.9
307  128  2025-06-09 22-18-15  1723.2  15022.6  -1662.98  204.058  14384.5
308  128  2025-06-09 22-18-15  1724.8  15030.5  -1667.81  204.116  14378
309  128  2025-06-09 22-18-15  1726.4  15038.4  -1672.58  204.173  14371.4
310  128  2025-06-09 22-18-15  1728  15046.3  -1677.3  204.231  14364.8
311  128  2025-06-09 22-18-15  1729.6  15054.2  -1682.13  204.288  14375.9
312  128  2025-06-09 22-18-15  1731.2  15062.1  -1686.89  204.346  14369.2
313  128  2025-06-09 22-18-15  1732.8  15070  -1691.6  204.403  14362.5
314  128  2025-06-09 22-18-15  1734.4  15077.9  -1696.41  204.461  14373.5
315  128  2025-06-09 22-18-15  1736  15085.8  -1701.17  204.518  14366.8
316  128  2025-06-09 22-18-15  1737.6  15093.7  -1706.02  204.576  14377.8
317  128  2025-06-09 22-18-15  1739.2  15101.7  -1710.82  204.634  14371.2
318  128  2025-06-09 22-18-15  1740.8  15109.6  -1715.56  204.691  14364.4
319  128  2025-06-09 22-18-15  1742.4  15117.5  -1720.4  204.749  14375.4
320  128  2025-06-09 22-18-15  1744  15125.5  -1725.19  204.806  14368.6
321  128  2025-06-09 22-18-15  1745.6  15133.5  -1729.92  204.864  14361.8
322  128  2025-06-09 22-18-15  1747.2  15141.4  -1734.74  204.921  14372.7
323  128  2025-06-09 22-18-15  1748.8  15149.4  -1739.51  204.979  14365.9
324  128  2025-06-09 22-18-15  1750.4  15157.4  -1744.23  205.036  14359
325  128  2025-06-09 22-18-15  1752  15165.4  -1749.04  205.094  14369.8
326  128  2025-06-09 22-18-15  1753.6  15173.4  -1753.79  205.152  14363
327  128  2025-06-09 22-18-15  1755.2  15181.4  -1758.64  205.209  14373.8
328  128  2025-06-09 22-18-15  1756.8  15189.4  -1763.44  205.267  14366.9
329  128  2025-06-09 22-18-15  1758.4  15197.4  -1768.17  205.324  14360
330  128  2025-06-09 22-18-15  1760  15205.4  -1773.01  205.382  14370.8
331  128  2025-06-09 22-18-15  1761.6  15213.4  -1777.78  205.439  14363.9
332  128  2025-06-09 22-18-15  1763.2  15221.4  -1782.66  205.497  14374.7
333  128  2025-06-09 22-18-15  1764.8  15229.4  -1787.47  205.554  14367.8
334  128  2025-06-09 22-18-15  1766.4  15237.5  -1792.23  205.612  14360.8
335  128  2025-06-09 22-18-15  1768  15245.5  -1797.09  205.67  14371.5
336  128  2025-06-09 22-18-15  1769.6  15253.5  -1801.88  205.727  14364.5
337  128  2025-06-09 22-18-15  1771.2  15261.6  -1806.62  205.785  14357.5
338  128  2025-06-09 22-18-15  1772.8  15269.7  -1811.46  205.842  14368.2
339  128  2025-06-09 22-18-15  1774.4  15277.8  -1816.23  205.9  14361.1
340  128  2025-06-09 22-18-15  1776  15285.8  -1821.11  205.957  14371.8
341  128  2025-06-09 22-18-15  1777.6  15293.9  -1825.92  206.015  14364.8
342  128  2025-06-09 22-18-15  1779.2  15302  -1830.67  206.072  14357.7
343  128  2025-06-09 22-18-15  1780.8  15310.1  -1835.52  206.13  14368.3
344  128  2025-06-09 22-18-15  1782.4  15318.2  -1840.32  206.188  14361.2
345  128  2025-06-09 22-18-15  1784  15326.3  -1845.05  206.245  14354.1
346  128  2025-06-09 22-18-15  1785.6  15334.4  -1849.87  206.303  14364.6
347  128  2025-06-09 22-18-15  1787.2  15342.6  -1854.64  206.36  14357.5
348  128  2025-06-09 22-18-15  1788.8  15350.7  -1859.5  206.418  14368.1
349  128  2025-06-09 22-18-15  1790.4  15358.8  -1864.31  206.475  14360.9
350  128  2025-06-09 22-18-15  1792  15367  -1869.05  206.533  14353.7
351  128  2025-06-09 22-18-15  1793.6  15375.1  -1873.89  206.59  14364.2
352  128  2025-06-09 22-18-15  1795.2  15383.3  -1878.67  206.648  14357.1
353  128  2025-06-09 22-18-15  1796.8  15391.4  -1883.54  206.706  14367.6
354  128  2025-06-09 22-18-15  1798.4  15399.5  -1888.35  206.763  14360.4
355  128  2025-06-09 22-18-15  1800  15407.8  -1893.1  206.821  14353.2
356  128  2025-06-09 22-18-15  1801.6  15415.9  -1897.95  206.878  14363.6
357  128  2025-06-09 22-18-15  1803.2  15424.1  -1902.74  206.936  14356.4
358  128  2025-06-09 22-18-15  1804.8  15432.3  -1907.62  206.993  14366.8
359  128  2025-06-09 22-18-15  1806.4  15440.4  -1912.44  207.051  14359.6
360  128  2025-06-09 22-18-15  1808  15448.7  -1917.2  207.108  14352.3
361  128  2025-06-09 22-18-15  1809.6  15456.9  -1922.05  207.166  14362.7
362  128  2025-06-09 22-18-15  1811.2  15465.1  -1926.85  207.224  14355.4
363  128  2025-06-09 22-18-15  1812.8  15473.3  -1931.73  207.281  14365.9
364  128  2025-06-09 22-18-15  1814.4  15481.5  -1936.56  207.339  14358.6
365  128  2025-06-09 22-18-15  1816  15489.8  -1941.32  207.396  14351.2
366  128  2025-06-09 22-18-15  1817.6  15498  -1946.18  207.454  14361.6
367  128  2025-06-09 22-18-15  1819.2  15506.2  -1950.98  207.511  14354.3
368  128  2025-06-09 22-18-15  1820.8  15514.4  -1955.87  207.569  14364.6
369  128  2025-06-09 22-18-15  1822.4  15522.7  -1960.7  207.626  14357.3
370  128  2025-06-09 22-18-15  1824  15531  -1965.46  207.684  14349.9
371  128  2025-06-09 22-18-15  1825.6  15539.2  -1970.33  207.742  14360.2
372  128  2025-06-09 22-18-15  1827.2  15547.5  -1975.12  207.799  14352.9
373  128  2025-06-09 22-18-15  1828.8  15555.8  -1980.02  207.857  14363.2
374  128  2025-06-09 22-18-15  1830.4  15564.1  -1984.85  207.914  14355.8
375  128  2025-06-09 22-18-15  1832  15572.4  -1989.61  207.972  14348.4
376  128  2025-06-09 22-18-15  1833.6  15580.7  -1994.48  208.029  14358.6
377  128  2025-06-09 22-18-15  1835.2  15589  -1999.27  208.087  14351.2
378  128  2025-06-09 22-18-15  1836.8  15597.3  -2004.17  208.145  14361.5
379  128  2025-06-09 22-18-15  1838.4  15605.6  -2008.99  208.202  14354.1
380  128  2025-06-09 22-18-15  1840  15614  -2013.76  208.26  14346.6
381  128  2025-06-09 22-18-15  1841.6  15622.3  -2018.62  208.317  14356.8
382  128  2025-06-09 22-18-15  1843.2  15630.6  -2023.41  208.375  14349.3
383  128  2025-06-09 22-18-15  1844.8  15639  -2028.3  208.432  14359.6
384  128  2025-06-09 22-18-15  1846.4  15647.3  -2033.13  208.49  14352.1
385  128  2025-06-09 22-18-15  1848  15655.7  -2037.89  208.547  14344.6
386  128  2025-06-09 22-18-15  1849.6  15664.1  -2042.74  208.605  14354.7
387  128  2025-06-09 22-18-15  1851.2  15672.5  -2047.53  208.663  14347.2
388  128  2025-06-09 22-18-15  1852.8  15680.8  -2052.42  208.72  14357.4
389  128  2025-06-09 22-18-15  1854.4  15689.2  -2057.24  208.778  14349.9
390  128  2025-06-09 22-18-15  1856  15697.6  -2061.99  208.835  14342.3
391  128  2025-06-09 22-18-15  1857.6  15706  -2066.84  208.893  14352.4
392  128  2025-06-09 22-18-15  1859.2  15714.5  -2071.62  208.95  14344.8
393  128  2025-06-09 22-18-15  1860.8  15722.8  -2076.5  209.008  14355
394  128  2025-06-09 22-18-15  1862.4  15731.3  -2081.31  209.065  14347.4
395  128  2025-06-09 22-18-15  1864  15739.7  -2086.21  209.123  14357.6
396  128  2025-06-09 22-18-15  1865.6  15748.1  -2091.05  209.181  14350
397  128  2025-06-09 22-18-15  1867.2  15756.6  -2095.83  209.238  14342.4
398  128  2025-06-09 22-18-15  1868.8  15765  -2100.7  209.296  14352.5
399  128  2025-06-09 22-18-15  1870.4  15773.4  -2105.5  209.353  14344.9
400  128  2025-06-09 22-18-15  1872  15781.9  -2110.4  209.411  14355
401  128  2025-06-09 22-18-15  1873.6  15790.3  -2115.23  209.468  14347.4
402  128  2025-06-09 22-18-15  1875.2  15798.8  -2119.99  209.526  14339.7
403  128  2025-06-09 22-18-15  1876.8  15807.3  -2124.85  209.583  14349.8
404  128  2025-06-09 22-18-15  1878.4  15815.8  -2129.64  209.641  14342.1
405  128  2025-06-09 22-18-15  1880  15824.3  -2134.53  209.699  14352.2
406  128  2025-06-09 22-18-15  1881.6  15832.8  -2139.35  209.756  14344.5
407  128  2025-06-09 22-18-15  1883.2  15841.2  -2144.26  209.814  14354.6
408  128  2025-06-09 22-18-15  1884.8  15849.7  -2149.11  209.871  14347
409  128  2025-06-09 22-18-15  1886.4  15858.3  -2153.89  209.929  14339.3
410  128  2025-06-09 22-18-15  1888  15866.8  -2158.76  209.986  14349.3
411  128  2025-06-09 22-18-15  1889.6  15875.3  -2163.56  210.044  14341.6
412  128  2025-06-09 22-18-15  1891.2  15883.8  -2168.47  210.101  14351.6
413  128  2025-06-09 22-18-15  1892.8  15892.4  -2173.3  210.159  14344
414  128  2025-06-09 22-18-15  1894.4  15900.9  -2178.23  210.217  14354
415  128  2025-06-09 22-18-15  1896  15909.4  -2183.09  210.274  14346.3
416  128  2025-06-09 22-18-15  1897.6  15918  -2187.88  210.332  14338.6
417  128  2025-06-09 22-18-15  1899.2  15926.5  -2192.77  210.389  14348.6
418  128  2025-06-09 22-18-15  1900.8  15935.1  -2197.59  210.447  14340.9
419  128  2025-06-09 22-18-15  1902.4  15943.7  -2202.5  210.504  14350.8
420  128  2025-06-09 22-18-15  1904  15952.2  -2207.35  210.562  14343.2
421  128  2025-06-09 22-18-15  1905.6  15960.9  -2212.12  210.619  14335.4
422  128  2025-06-09 22-18-15  1907.2  15969.5  -2216.99  210.677  14345.3
423  128  2025-06-09 22-18-15  1908.8  15978.1  -2221.79  210.735  14337.5
424  128  2025-06-09 22-18-15  1910.4  15986.7  -2226.69  210.792  14347.5
425  128  2025-06-09 22-18-15  1912  15995.3  -2231.52  210.85  14339.7
426  128  2025-06-09 22-18-15  1913.6  16003.9  -2236.44  210.907  14349.7
427  128  2025-06-09 22-18-15  1915.2  16012.5  -2241.3  210.965  14342
428  128  2025-06-09 22-18-15  1916.8  16021.2  -2246.08  211.022  14334.1
429  128  2025-06-09 22-18-15  1918.4  16029.8  -2250.96  211.08  14344
430  128  2025-06-09 22-18-15  1920  16038.5  -2255.77  211.137  14336.2
431  128  2025-06-09 22-18-15  1921.6  16047.1  -2260.67  211.195  14346.1
432  128  2025-06-09 22-18-15  1923.2  16055.7  -2265.51  211.253  14338.4
433  128  2025-06-09 22-18-15  1924.8  16064.4  -2270.44  211.31  14348.3
434  128  2025-06-09 22-18-15  1926.4  16073  -2275.3  211.368  14340.5
435  128  2025-06-09 22-18-15  1928  16081.7  -2280.09  211.425  14332.7
436  128  2025-06-09 22-18-15  1929.6  16090.4  -2284.97  211.483  14342.5
437  128  2025-06-09 22-18-15  1931.2  16099.1  -2289.79  211.54  14334.7
438  128  2025-06-09 22-18-15  1932.8  16107.8  -2294.7  211.598  14344.6
439  128  2025-06-09 22-18-15  1934.4  16116.5  -2299.53  211.655  14336.8
440  128  2025-06-09 22-18-15  1936  16125.2  -2304.47  211.713  14346.7
441  128  2025-06-09 22-18-15  1937.6  16133.9  -2309.33  211.771  14338.9
442  128  2025-06-09 22-18-15  1939.2  16142.6  -2314.13  211.828  14331
443  128  2025-06-09 22-18-15  1940.8  16151.3  -2319.01  211.886  14340.8
444  128  2025-06-09 22-18-15  1942.4  16160.1  -2323.83  211.943  14333
445  128  2025-06-09 22-18-15  1944  16168.8  -2328.74  212.001  14342.8
446  128  2025-06-09 22-18-15  1945.6  16177.6  -2333.59  212.058  14335
447  128  2025-06-09 22-18-15  1947.2  16186.3  -2338.52  212.116  14344.8
448  128  2025-06-09 22-18-15  1948.8  16195  -2343.39  212.173  14337
449  128  2025-06-09 22-18-15  1950.4  16203.8  -2348.18  212.231  14329.1
450  128  2025-06-09 22-18-15  1952  16212.6  -2353.07  212.289  14338.9
451  128  2025-06-09 22-18-15  1953.6  16221.4  -2357.89  212.346  14331
452  128  2025-06-09 22-18-15  1955.2  16230.1  -2362.8  212.404  14340.8
453  128  2025-06-09 22-18-15  1956.8  16239  -2367.64  212.461  14332.9
454  128  2025-06-09 22-18-15  1958.4  16247.7  -2372.58  212.519  14342.8
455  128  2025-06-09 22-18-15  1960  16256.5  -2377.45  212.576  14334.9
456  128  2025-06-09 22-18-15  1961.6  16265.4  -2382.24  212.634  14327
457  128  2025-06-09 22-18-15  1963.2  16274.2  -2387.13  212.691  14336.7
458  128  2025-06-09 22-18-15  1964.8  16283  -2391.94  212.749  14328.8
459  128  2025-06-09 22-18-15  1966.4  16291.8  -2396.86  212.807  14338.6
460  128  2025-06-09 22-18-15  1968  16300.7  -2401.69  212.864  14330.7
461  128  2025-06-09 22-18-15  1969.6  16309.5  -2406.63  212.922  14340.5
462  128  2025-06-09 22-18-15  1971.2  16318.3  -2411.49  212.979  14332.6
463  128  2025-06-09 22-18-15  1972.8  16327.2  -2416.28  213.037  14324.6
464  128  2025-06-09 22-18-15  1974.4  16336.1  -2421.17  213.094  14334.4
465  128  2025-06-09 22-18-15  1976  16345  -2425.98  213.152  14326.4
466  128  2025-06-09 22-18-15  1977.6  16353.8  -2430.89  213.209  14336.1
467  128  2025-06-09 22-18-15  1979.2  16362.7  -2435.72  213.267  14328.2
468  128  2025-06-09 22-18-15  1980.8  16371.6  -2440.65  213.325  14338
469  128  2025-06-09 22-18-15  1982.4  16380.5  -2445.51  213.382  14330
470  128  2025-06-09 22-18-15  1984  16389.3  -2450.46  213.44  14339.8
471  128  2025-06-09 22-18-15  1985.6  16398.2  -2455.42  213.497  14340
472  128  2025-06-09 22-18-15  1987.2  16407  -2460.39  213.555  14340.2
473  128  2025-06-09 22-18-15  1988.8  16415.9  -2465.36  213.612  14340.4
474  128  2025-06-09 22-18-15  1990.4  16424.8  -2470.33  213.67  14340.5
475  128  2025-06-09 22-18-15  1992  16433.6  -2475.31  213.727  14340.7
476  128  2025-06-09 22-18-15  1993.6  16442.5  -2480.29  213.785  14340.9
477  128  2025-06-09 22-18-15  1995.2  16451.4  -2485.27  213.843  14341.1
478  128  2025-06-09 22-18-15  1996.8  16460.2  -2490.34  213.9  14349.3
479  128  2025-06-09 22-18-15  1998.4  16469  -2495.5  213.958  14357.6
480  128  2025-06-09 22-18-15  2000  16477.8  -2500.73  214.015  14366.1
481  128  2025-06-09 22-18-15  2001.6  16486.5  -2506.05  214.073  14374.6
482  128  2025-06-09 22-18-15  2003.2  16495.2  -2511.45  214.13  14383.1
483  128  2025-06-09 22-18-15  2004.8  16503.8  -2516.94  214.188  14391.8
484  128  2025-06-09 22-18-15  2006.4  16512.3  -2522.52  214.245  14400.5
485  128  2025-06-09 22-18-15  2008  16520.9  -2528.18  214.303  14409.3
486  128  2025-06-09 22-18-15  2009.6  16529.3  -2533.92  214.361  14418.2
487  128  2025-06-09 22-18-15  2011.2  16537.8  -2539.75  214.418  14427.2
488  128  2025-06-09 22-18-15  2012.8  16546.1  -2545.67  214.476  14436.3
489  128  2025-06-09 22-18-15  2014.4  16554.4  -2551.67  214.533  14445.4
490  128  2025-06-09 22-18-15  2016  16562.7  -2557.76  214.591  14454.6
491  128  2025-06-09 22-18-15  2017.6  16571  -2563.84  214.504  14454.2
492  128  2025-06-09 22-18-15  2019.2  16579.2  -2569.91  214.418  14453.8
493  128  2025-06-09 22-18-15  2020.8  16587.4  -2575.98  214.332  14453.4
494  128  2025-06-09 22-18-15  2022.4  16595.7  -2582.03  214.245  14452.9
495  128  2025-06-09 22-18-15  2024  16603.9  -2588.08  214.159  14452.5
496  128  2025-06-09 22-18-15  2025.6  16612.1  -2594.11  214.073  14452
497  128  2025-06-09 22-18-15  2027.2  16620.4  -2600.14  213.986  14451.5
498  128  2025-06-09 22-18-15  2028.8  16628.6  -2606.16  214.044  14451
499  128  2025-06-09 22-18-15  2030.4  16636.9  -2612.19  214.102  14450.4
500  128  2025-06-09 22-18-15  2032  16645.1  -2618.28  214.159  14458
501  128  2025-06-09 22-18-15  2033.6  16653.2  -2624.45  214.217  14465.6
502  128  2025-06-09 22-18-15  2035.2  16661.4  -2630.55  214.274  14458.7
503  128  2025-06-09 22-18-15  2036.8  16669.7  -2636.6  214.332  14451.7
504  128  2025-06-09 22-18-15  2038.4  16678  -2642.59  214.389  14444.7
505  128  2025-06-09 22-18-15  2040  16686.3  -2648.52  214.447  14437.6
506  128  2025-06-09 22-18-15  2041.6  16694.7  -2654.38  214.504  14430.4
507  128  2025-06-09 22-18-15  2043.2  16703.2  -2660.18  214.562  14423.1
508  128  2025-06-09 22-18-15  2044.8  16711.7  -2665.92  214.62  14415.7
509  128  2025-06-09 22-18-15  2046.4  16720.3  -2671.59  214.677  14408.3
510  128  2025-06-09 22-18-15  2048  16728.9  -2677.19  214.735  14400.8
511  128  2025-06-09 22-18-15  2049.6  16737.5  -2682.73  214.792  14393.2
512  128  2025-06-09 22-18-15  2051.2  16746.2  -2688.19  214.85  14385.5
513  128  2025-06-09 22-18-15  2052.8  16755  -2693.59  214.907  14377.7
514  128  2025-06-09 22-18-15  2054.4  16763.8  -2698.91  214.965  14369.9
515  128  2025-06-09 22-18-15  2056  16772.7  -2704.15  215.022  14362
516  128  2025-06-09 22-18-15  2057.6  16781.6  -2709.33  215.08  14354
517  128  2025-06-09 22-18-15  2059.2  16790.6  -2714.43  215.138  14345.9
518  128  2025-06-09 22-18-15  2060.8  16799.6  -2719.45  215.195  14337.7
519  128  2025-06-09 22-18-15  2062.4  16808.7  -2724.39  215.253  14329.5
520  128  2025-06-09 22-18-15  2064  16817.8  -2729.25  215.31  14321.2
521  128  2025-06-09 22-18-15  2065.6  16826.9  -2734.03  215.368  14312.8
522  128  2025-06-09 22-18-15  2067.2  16836.1  -2738.91  215.425  14322.1
523  128  2025-06-09 22-18-15  2068.8  16845.2  -2743.7  215.483  14313.7
524  128  2025-06-09 22-18-15  2070.4  16854.4  -2748.59  215.54  14323
525  128  2025-06-09 22-18-15  2072  16863.5  -2753.4  215.598  14314.6
526  128  2025-06-09 22-18-15  2073.6  16872.7  -2758.31  215.656  14324
527  128  2025-06-09 22-18-15  2075.2  16881.8  -2763.13  215.713  14315.6
528  128  2025-06-09 22-18-15  2076.8  16891  -2768.05  215.771  14325
529  128  2025-06-09 22-18-15  2078.4  16900.2  -2772.9  215.828  14316.6
530  128  2025-06-09 22-18-15  2080  16909.4  -2777.65  215.886  14308.2
531  128  2025-06-09 22-18-15  2081.6  16918.6  -2782.51  215.943  14317.5
532  128  2025-06-09 22-18-15  2083.2  16927.8  -2787.28  216.001  14309.1
533  128  2025-06-09 22-18-15  2084.8  16937  -2792.15  216.058  14318.4
534  128  2025-06-09 22-18-15  2086.4  16946.3  -2796.94  216.116  14310
535  128  2025-06-09 22-18-15  2088  16955.5  -2801.82  216.174  14319.3
536  128  2025-06-09 22-18-15  2089.6  16964.7  -2806.62  216.231  14310.9
537  128  2025-06-09 22-18-15  2091.2  16973.9  -2811.52  216.289  14320.3
538  128  2025-06-09 22-18-15  2092.8  16983.2  -2816.34  216.346  14311.9
539  128  2025-06-09 22-18-15  2094.4  16992.4  -2821.25  216.404  14321.3
540  128  2025-06-09 22-18-15  2096  17001.7  -2826.09  216.461  14312.9
541  128  2025-06-09 22-18-15  2097.6  17010.9  -2831.02  216.519  14322.3
542  128  2025-06-09 22-18-15  2099.2  17020.1  -14035.9  216.576  14314
543  128  2025-06-09 22-18-15  2100.8  17029.5  -14040.6  216.634  14305.6
544  128  2025-06-09 22-18-15  2102.4  17038.8  -14045.3  216.692  14297.1
545  128  2025-06-09 22-18-15  2104  17048.2  -14049.9  216.749  14288.5
546  128  2025-06-09 22-18-15  2105.6  17057.7  -14054.4  216.807  14279.9
547  128  2025-06-09 22-18-15  2107.2  17067.2  -14058.8  216.864  14271.2
548  128  2025-06-09 22-18-15  2108.8  17076.8  -14063.2  216.922  14262.4
549  128  2025-06-09 22-18-15  2110.4  17086.4  -14067.4  216.979  14253.5
550  128  2025-06-09 22-18-15  2112  17096  -14071.6  217.037  14244.5
551  128  2025-06-09 22-18-15  2113.6  17105.7  -14075.6  217.094  14235.5
552  128  2025-06-09 22-18-15  2115.2  17115.4  -14079.6  217.152  14226.4
553  128  2025-06-09 22-18-15  2116.8  17125.2  -14083.5  217.21  14217.2
554  128  2025-06-09 22-18-15  2118.4  17135  -14087.2  217.267  14207.9
555  128  2025-06-09 22-18-15  2120  17144.9  -14090.9  217.325  14198.5
556  128  2025-06-09 22-18-15  2121.6  17154.8  -14094.5  217.382  14189.1
557  128  2025-06-09 22-18-15  2123.2  17164.8  -14098  217.44  14179.6
558  128  2025-06-09 22-18-15  2124.8  17174.8  -14101.3  217.497  14170
559  128  2025-06-09 22-18-15  2126.4  17184.8  -14104.6  217.555  14160.3
560  128  2025-06-09 22-18-15  2128  17194.9  -14107.7  217.612  14150.5
561  128  2025-06-09 22-18-15  2129.6  17205  -14110.8  217.67  14140.7
562  128  2025-06-09 22-18-15  2131.2  17215.1  -14113.9  217.728  14148.5
563  128  2025-06-09 22-18-15  2132.8  17225.2  -14117  217.785  14138.7
564  128  2025-06-09 22-18-15  2134.4  17235.4  -14120.1  217.843  14146.6
565  128  2025-06-09 22-18-15  2136  17245.5  -14123.1  217.9  14136.8
566  128  2025-06-09 22-18-15  2137.6  17255.6  -14126.2  217.958  14144.7
567  128  2025-06-09 22-18-15  2139.2  17265.8  -14129.4  218.015  14152.7
568  128  2025-06-09 22-18-15  2140.8  17275.9  -14132.5  218.073  14143
569  128  2025-06-09 22-18-15  2142.4  17286  -14135.7  218.13  14151
570  128  2025-06-09 22-18-15  2144  17296.2  -14138.8  218.188  14141.3
571  128  2025-06-09 22-18-15  2145.6  17306.4  -14141.7  218.246  14131.5
572  128  2025-06-09 22-18-15  2147.2  17316.6  -14144.8  218.303  14139.5
573  128  2025-06-09 22-18-15  2148.8  17326.7  -14147.9  218.361  14147.5
574  128  2025-06-09 22-18-15  2150.4  17336.9  -14151  218.418  14137.8
575  128  2025-06-09 22-18-15  2152  17347.1  -14154.1  218.476  14145.9
576  128  2025-06-09 22-18-15  2153.6  17357.3  -14157.1  218.533  14136.3
577  128  2025-06-09 22-18-15  2155.2  17367.5  -14160.3  218.591  14144.3
578  128  2025-06-09 22-18-15  2156.8  17377.7  -14163.3  218.648  14134.7
579  128  2025-06-09 22-18-15  2158.4  17387.9  -14166.4  218.706  14142.8
580  128  2025-06-09 22-18-15  2160  17398.2  -14169.4  218.764  14133.2
581  128  2025-06-09 22-18-15  2161.6  17408.4  -14172.5  218.821  14141.3
582  128  2025-06-09 22-18-15  2163.2  17418.7  -14175.5  218.879  14131.7
583  128  2025-06-09 22-18-15  2164.8  17428.9  -14178.5  218.936  14139.8
584  128  2025-06-09 22-18-15  2166.4  17439.2  -14181.5  218.994  14130.2
585  128  2025-06-09 22-18-15  2168  17449.5  -14184.6  219.051  14138.4
586  128  2025-06-09 22-18-15  2169.6  17459.8  -14187.5  219.109  14128.8
587  128  2025-06-09 22-18-15  2171.2  17470  -14190.6  219.167  14137
588  128  2025-06-09 22-18-15  2172.8  17480.3  -14193.7  219.224  14145.2
589  128  2025-06-09 22-18-15  2174.4  17490.6  -14196.8  219.282  14135.8
590  128  2025-06-09 22-18-15  2176  17500.8  -14199.9  219.339  14144
591  128  2025-06-09 22-18-15  2177.6  17511.1  -14203  219.397  14134.6
592  128  2025-06-09 22-18-15  2179.2  17521.4  -14206.1  219.454  14142.9
593  128  2025-06-09 22-18-15  2180.8  17531.7  -14209.1  219.512  14133.5
594  128  2025-06-09 22-18-15  2182.4  17542  -14212.2  219.569  14141.7
595  128  2025-06-09 22-18-15  2184  17552.3  -14215.3  219.627  14132.4
596  128  2025-06-09 22-18-15  2185.6  17562.7  -14218.4  219.685  14140.7
597  128  2025-06-09 22-18-15  2187.2  17573  -14221.4  219.742  14131.3
598  128  2025-06-09 22-18-15  2188.8  17583.3  -14224.5  219.8  14139.6
599  128  2025-06-09 22-18-15  2190.4  17593.6  -14227.7  219.857  14148
600  128  2025-06-09 22-18-15  2192  17604  -14230.8  219.915  14138.8
601  128  2025-06-09 22-18-15  2193.6  17614.3  -14234  219.972  14147.2
602  128  2025-06-09 22-18-15  2195.2  17624.6  -14237.1  220.03  14137.9
603  128  2025-06-09 22-18-15  2196.8  17635  -14240.2  220.087  14146.4
604  128  2025-06-09 22-18-15  2198.4  17645.3  -14243.3  220.145  14137.2
605  128  2025-06-09 22-18-15  2200  17655.7  -14246.5  220.203  14145.6
606  128  2025-06-09 22-18-15  2201.6  17666  -14249.6  220.26  14136.4
607  128  2025-06-09 22-18-15  2203.2  17676.4  -14252.8  220.318  14144.9
608  128  2025-06-09 22-18-15  2204.8  17686.8  -14255.8  220.375  14135.7
609  128  2025-06-09 22-18-15  2206.4  17697.2  -14259  220.433  14144.2
610  128  2025-06-09 22-18-15  2208  17707.6  -14262.1  220.49  14135
611  128  2025-06-09 22-18-15  2209.6  17718  -14265.2  220.548  14143.5
612  128  2025-06-09 22-18-15  2211.2  17728.4  -14268.3  220.605  14134.3
613  128  2025-06-09 22-18-15  2212.8  17738.8  -14271.5  220.663  14142.9
614  128  2025-06-09 22-18-15  2214.4  17749.2  -14274.5  220.721  14133.7
615  128  2025-06-09 22-18-15  2216  17759.6  -14277.7  220.778  14142.3
616  128  2025-06-09 22-18-15  2217.6  17770  -14281  220.836  14150.9
617  128  2025-06-09 22-18-15  2219.2  17780.4  -14284.1  220.893  14141.9
618  128  2025-06-09 22-18-15  2220.8  17790.8  -14287.4  220.951  14150.5
619  128  2025-06-09 22-18-15  2222.4  17801.2  -14290.5  221.008  14141.5
620  128  2025-06-09 22-18-15  2224  17811.6  -14293.8  221.066  14150.2
621  128  2025-06-09 22-18-15  2225.6  17822.1  -14297  221.123  14141.2
622  128  2025-06-09 22-18-15  2227.2  17832.5  -14300.2  221.181  14149.8
623  128  2025-06-09 22-18-15  2228.8  17843  -14303.4  221.239  14140.8
624  128  2025-06-09 22-18-15  2230.4  17853.4  -14306.6  221.296  14149.6
625  128  2025-06-09 22-18-15  2232  17863.9  -14309.8  221.354  14140.6
626  128  2025-06-09 22-18-15  2233.6  17874.3  -14313  221.411  14149.3
627  128  2025-06-09 22-18-15  2235.2  17884.8  -14316.2  221.469  14140.3
628  128  2025-06-09 22-18-15  2236.8  17895.3  -14319.5  221.526  14149.1
629  128  2025-06-09 22-18-15  2238.4  17905.7  -14322.6  221.584  14140.1
630  128  2025-06-09 22-18-15  2240  17916.2  -14325.9  221.641  14148.9
631  128  2025-06-09 22-18-15  2241.6  17926.7  -14329  221.699  14140
632  128  2025-06-09 22-18-15  2243.2  17937.2  -14332.3  221.757  14148.7
633  128  2025-06-09 22-18-15  2244.8  17947.7  -14335.5  221.814  14139.8
634  128  2025-06-09 22-18-15  2246.4  17958.2  -14338.7  221.872  14148.6
635  128  2025-06-09 22-18-15  2248  17968.7  -14341.9  221.929  14139.7
636  128  2025-06-09 22-18-15  2249.6  17979.2  -14345.2  221.987  14148.5
637  128  2025-06-09 22-18-15  2251.2  17989.8  -14348.3  222.044  14139.6
638  128  2025-06-09 22-18-15  2252.8  18000.3  -14351.6  222.102  14148.4
639  128  2025-06-09 22-18-15  2254.4  18010.8  -14354.8  222.159  14139.6
640  128  2025-06-09 22-18-15  2256  18021.4  -14358  222.217  14148.4
641  128  2025-06-09 22-18-15  2257.6  18031.9  -14361.2  222.275  14139.6
642  128  2025-06-09 22-18-15  2259.2  18042.5  -14364.5  222.332  14148.4
643  128  2025-06-09 22-18-15  2260.8  18053  -14367.7  222.39  14139.6
644  128  2025-06-09 22-18-15  2262.4  18063.6  -14371  222.447  14148.4
645  128  2025-06-09 22-18-15  2264  18074.2  -14374.1  222.505  14139.6
646  128  2025-06-09 22-18-15  2265.6  18084.7  -14377.4  222.562  14148.5
647  128  2025-06-09 22-18-15  2267.2  18095.2  -14380.8  222.62  14157.5
648  128  2025-06-09 22-18-15  2268.8  18105.8  -14384.1  222.677  14148.8
649  128  2025-06-09 22-18-15  2270.4  18116.4  -14387.3  222.735  14140
650  128  2025-06-09 22-18-15  2272  18127  -14390.6  222.793  14148.9
651  128  2025-06-09 22-18-15  2273.6  18137.5  -14394  222.85  14157.9
652  128  2025-06-09 22-18-15  2275.2  18148.1  -14397.3  222.908  14149.2
653  128  2025-06-09 22-18-15  2276.8  18158.7  -14400.7  222.965  14158.3
654  128  2025-06-09 22-18-15  2278.4  18169.3  -14404  223.023  14149.6
655  128  2025-06-09 22-18-15  2280  18179.9  -14407.4  223.08  14158.6
656  128  2025-06-09 22-18-15  2281.6  18190.5  -14410.7  223.138  14150
657  128  2025-06-09 22-18-15  2283.2  18201  -14414.2  223.195  14159.1
658  128  2025-06-09 22-18-15  2284.8  18211.7  -14417.5  223.253  14150.4
659  128  2025-06-09 22-18-15  2286.4  18222.3  -14420.9  223.311  14159.5
660  128  2025-06-09 22-18-15  2288  18232.9  -14424.3  223.368  14150.9
661  128  2025-06-09 22-18-15  2289.6  18243.5  -14427.7  223.426  14160
662  128  2025-06-09 22-18-15  2291.2  18254.1  -14431.1  223.483  14151.4
663  128  2025-06-09 22-18-15  2292.8  18264.7  -14434.5  223.541  14160.5
664  128  2025-06-09 22-18-15  2294.4  18275.4  -14437.9  223.598  14151.9
665  128  2025-06-09 22-18-15  2296  18286  -14441.3  223.656  14161
666  128  2025-06-09 22-18-15  2297.6  18296.6  -14444.7  223.713  14152.5
667  128  2025-06-09 22-18-15  2299.2  18307.3  -14448.2  223.771  14161.6
668  128  2025-06-09 22-18-15  2300.8  18317.9  -14451.5  223.829  14153.1
669  128  2025-06-09 22-18-15  2302.4  18328.6  -14454.8  223.886  14144.4
670  128  2025-06-09 22-18-15  2304  18339.3  -14458.2  223.944  14153.5
671  128  2025-06-09 22-18-15  2305.6  18349.9  -14461.7  224.001  14162.7
672  128  2025-06-09 22-18-15  2307.2  18360.6  -14465.1  224.059  14154.2
673  128  2025-06-09 22-18-15  2308.8  18371.3  -14468.6  224.116  14163.4
674  128  2025-06-09 22-18-15  2310.4  18381.9  -14472  224.174  14154.9
675  128  2025-06-09 22-18-15  2312  18392.6  -14475.5  224.231  14164.1
676  128  2025-06-09 22-18-15  2313.6  18403.3  -14478.9  224.289  14155.6
677  128  2025-06-09 22-18-15  2315.2  18414  -14482.5  224.347  14164.8
678  128  2025-06-09 22-18-15  2316.8  18424.7  -14485.9  224.404  14156.3
679  128  2025-06-09 22-18-15  2318.4  18435.3  -14489.4  224.462  14165.6
680  128  2025-06-09 22-18-15  2320  18446.1  -14492.9  224.519  14157.1
681  128  2025-06-09 22-18-15  2321.6  18456.7  -14496.4  224.577  14166.4
682  128  2025-06-09 22-18-15  2323.2  18467.5  -14499.9  224.634  14157.9
683  128  2025-06-09 22-18-15  2324.8  18478.1  -14503.4  224.692  14167.2
684  128  2025-06-09 22-18-15  2326.4  18488.9  -14506.9  224.749  14158.8
685  128  2025-06-09 22-18-15  2328  18499.6  -14510.5  224.807  14168.1
686  128  2025-06-09 22-18-15  2329.6  18510.3  -14514  224.865  14159.7
687  128  2025-06-09 22-18-15  2331.2  18521  -14517.6  224.922  14169
688  128  2025-06-09 22-18-15  2332.8  18531.8  -14521.1  224.98  14160.6
689  128  2025-06-09 22-18-15  2334.4  18542.5  -14524.7  225.037  14169.9
690  128  2025-06-09 22-18-15  2336  18553.2  -14528.2  225.095  14161.5
691  128  2025-06-09 22-18-15  2337.6  18563.9  -14531.8  225.152  14170.8
692  128  2025-06-09 22-18-15  2339.2  18574.7  -14535.3  225.21  14162.5
693  128  2025-06-09 22-18-15  2340.8  18585.4  -14539  225.267  14171.8
694  128  2025-06-09 22-18-15  2342.4  18596.2  -14542.5  225.325  14163.5
695  128  2025-06-09 22-18-15  2344  18606.9  -14546.2  225.383  14172.9
696  128  2025-06-09 22-18-15  2345.6  18617.7  -14549.7  225.44  14164.5
697  128  2025-06-09 22-18-15  2347.2  18628.4  -14553.4  225.498  14173.9
698  128  2025-06-09 22-18-15  2348.8  18639.2  -14557  225.555  14165.6
699  128  2025-06-09 22-18-15  2350.4  18649.9  -14560.7  225.613  14175
700  128  2025-06-09 22-18-15  2352  18660.7  -14564.3  225.67  14166.7
701  128  2025-06-09 22-18-15  2353.6  18671.5  -14568  225.728  14176.1
702  128  2025-06-09 22-18-15  2355.2  18682.3  -14571.6  225.785  14167.9
703  128  2025-06-09 22-18-15  2356.8  18693  -14575.3  225.843  14177.3
704  128  2025-06-09 22-18-15  2358.4  18703.8  -14578.9  225.901  14169
705  128  2025-06-09 22-18-15  2360  18714.6  -14582.7  225.958  14178.5
706  128  2025-06-09 22-18-15  2361.6  18725.4  -14586.3  226.016  14170.2
707  128  2025-06-09 22-18-15  2363.2  18736.2  -14590.1  226.073  14179.7
708  128  2025-06-09 22-18-15  2364.8  18747  -14593.7  226.131  14171.5
709  128  2025-06-09 22-18-15  2366.4  18757.8  -14597.5  226.188  14180.9
710  128  2025-06-09 22-18-15  2368  18768.6  -14601.2  226.246  14172.7
711  128  2025-06-09 22-18-15  2369.6  18779.4  -14605  226.303  14182.2
712  128  2025-06-09 22-18-15  2371.2  18790.2  -14608.7  226.361  14174
713  128  2025-06-09 22-18-15  2372.8  18801  -14612.5  226.419  14183.5
714  128  2025-06-09 22-18-15  2374.4  18811.8  -14616.2  226.476  14175.3
715  128  2025-06-09 22-18-15  2376  18822.6  -14620  226.534  14184.9
716  128  2025-06-09 22-18-15  2377.6  18833.4  -14623.8  226.591  14176.7
717  128  2025-06-09 22-18-15  2379.2  18844.2  -14627.6  226.649  14186.2
718  128  2025-06-09 22-18-15  2380.8  18855.1  -14631.4  226.706  14178.1
719  128  2025-06-09 22-18-15  2382.4  18865.9  -14635.3  226.764  14187.6
720  128  2025-06-09 22-18-15  2384  18876.7  -14639.1  226.821  14179.5
721  128  2025-06-09 22-18-15  2385.6  18887.5  -14642.9  226.879  14189.1
722  128  2025-06-09 22-18-15  2387.2  18898.4  -14646.7  226.937  14181
723  128  2025-06-09 22-18-15  2388.8  18909.2  -14650.7  226.994  14190.6
724  128  2025-06-09 22-18-15  2390.4  18920  -14654.5  227.052  14182.5
725  128  2025-06-09 22-18-15  2392  18930.8  -14658.4  227.109  14192.1
726  128  2025-06-09 22-18-15  2393.6  18941.6  -14662.5  227.167  14201.8
727  128  2025-06-09 22-18-15  2395.2  18952.4  -14666.4  227.224  14193.8
728  128  2025-06-09 22-18-15  2396.8  18963.2  -14670.5  227.282  14203.5
729  128  2025-06-09 22-18-15  2398.4  18974  -14674.5  227.339  14195.5
730  128  2025-06-09 22-18-15  2400  18984.8  -14678.6  227.397  14205.2
731  128  2025-06-09 22-18-15  2401.6  18995.6  -14682.6  227.455  14197.3
732  128  2025-06-09 22-18-15  2403.2  19006.4  -14686.7  227.512  14207
733  128  2025-06-09 22-18-15  2404.8  19017.3  -14690.8  227.57  14199.1
734  128  2025-06-09 22-18-15  2406.4  19028.1  -14694.9  227.627  14208.9
735  128  2025-06-09 22-18-15  2408  19038.9  -14699  227.685  14200.9
736  128  2025-06-09 22-18-15  2409.6  19049.7  -14703.2  227.742  14210.7
737  128  2025-06-09 22-18-15  2411.2  19060.5  -14707.3  227.8  14202.8
738  128  2025-06-09 22-18-15  2412.8  19071.3  -14711.5  227.857  14212.6
739  128  2025-06-09 22-18-15  2414.4  19082.1  -14715.6  227.915  14204.7
740  128  2025-06-09 22-18-15  2416  19092.9  -14719.8  227.973  14214.5
741  128  2025-06-09 22-18-15  2417.6  19103.8  -14724  228.03  14206.7
742  128  2025-06-09 22-18-15  2419.2  19114.6  -14728.2  228.088  14216.5
743  128  2025-06-09 22-18-15  2420.8  19125.4  -14732.4  228.145  14208.6
744  128  2025-06-09 22-18-15  2422.4  19136.2  -14736.7  228.203  14218.5
745  128  2025-06-09 22-18-15  2424  19147.1  -14740.9  228.26  14210.6
746  128  2025-06-09 22-18-15  2425.6  19157.9  -14745.2  228.318  14220.5
747  128  2025-06-09 22-18-15  2427.2  19168.7  -14749.4  228.375  14212.7
748  128  2025-06-09 22-18-15  2428.8  19179.5  -14753.8  228.433  14222.5
749  128  2025-06-09 22-18-15  2430.4  19190.3  -14758.2  228.491  14232.5
750  128  2025-06-09 22-18-15  2432  19201.1  -14762.6  228.548  14224.8
751  128  2025-06-09 22-18-15  2433.6  19211.8  -14767.1  228.606  14234.8
752  128  2025-06-09 22-18-15  2435.2  19222.6  -14771.5  228.663  14227.1
753  128  2025-06-09 22-18-15  2436.8  19233.4  -14776  228.721  14237.1
754  128  2025-06-09 22-18-15  2438.4  19244.2  -14780.5  228.778  14229.4
755  128  2025-06-09 22-18-15  2440  19255  -14785  228.836  14239.4
756  128  2025-06-09 22-18-15  2441.6  19265.8  -14789.5  228.893  14231.7
757  128  2025-06-09 22-18-15  2443.2  19276.5  -14794.1  228.951  14241.8
758  128  2025-06-09 22-18-15  2444.8  19287.2  -14798.8  229.009  14251.9
759  128  2025-06-09 22-18-15  2446.4  19298  -14803.4  229.066  14244.4
760  128  2025-06-09 22-18-15  2448  19308.7  -14808.2  229.124  14254.5
761  128  2025-06-09 22-18-15  2449.6  19319.4  -14812.8  229.181  14247
762  128  2025-06-09 22-18-15  2451.2  19330.1  -14817.6  229.239  14257.1
763  128  2025-06-09 22-18-15  2452.8  19340.8  -14822.5  229.296  14267.4
764  128  2025-06-09 22-18-15  2454.4  19351.5  -14827.3  229.354  14260
765  128  2025-06-09 22-18-15  2456  19362.1  -14832.3  229.411  14270.2
766  128  2025-06-09 22-18-15  2457.6  19372.8  -14837.1  229.469  14262.8
767  128  2025-06-09 22-18-15  2459.2  19383.5  -14842.1  229.527  14273.1
768  128  2025-06-09 22-18-15  2460.8  19394.1  -14847.2  229.584  14283.5
769  128  2025-06-09 22-18-15  2462.4  19404.7  -14852.2  229.642  14276.2
770  128  2025-06-09 22-18-15  2464  19415.3  -14857.4  229.699  14286.6
771  128  2025-06-09 22-18-15  2465.6  19425.9  -14862.4  229.757  14279.3
772  128  2025-06-09 22-18-15  2467.2  19436.6  -14867.4  229.814  14272
773  128  2025-06-09 22-18-15  2468.8  19447.2  -14872.5  229.872  14282.3
774  128  2025-06-09 22-18-15  2470.4  19457.9  -14877.5  229.93  14274.9
775  128  2025-06-09 22-18-15  2472  19468.5  -14882.7  229.987  14285.3
776  128  2025-06-09 22-18-15  2473.6  19479.2  -14887.7  230.045  14278
777  128  2025-06-09 22-18-15  2475.2  19489.9  -14892.7  230.102  14270.6
778  128  2025-06-09 22-18-15  2476.8  19500.6  -14897.8  230.16  14280.8
779  128  2025-06-09 22-18-15  2478.4  19511.3  -14902.8  230.217  14273.5
780  128  2025-06-09 22-18-15  2480  19521.9  -14908  230.275  14283.8
781  128  2025-06-09 22-18-15  2481.6  19532.6  -14913  230.332  14276.4
782  128  2025-06-09 22-18-15  2483.2  19543.4  -14918  230.39  14268.9
783  128  2025-06-09 22-18-15  2484.8  19554.1  -14923.1  230.448  14279.2
784  128  2025-06-09 22-18-15  2486.4  19564.8  -14928.1  230.505  14271.7
785  128  2025-06-09 22-18-15  2488  19575.5  -14933.2  230.563  14282
786  128  2025-06-09 22-18-15  2489.6  19586.2  -14938.2  230.62  14274.6
787  128  2025-06-09 22-18-15  2491.2  19597  -14943.2  230.678  14267.1
788  128  2025-06-09 22-18-15  2492.8  19607.8  -14948.3  230.735  14277.2
789  128  2025-06-09 22-18-15  2494.4  19618.5  -14953.3  230.793  14269.8
790  128  2025-06-09 22-18-15  2496  19629.3  -14958.4  230.85  14280
791  128  2025-06-09 22-18-15  2497.6  19640  -14963.4  230.908  14272.5
792  128  2025-06-09 22-18-15  2499.2  19650.9  -14968.4  230.966  14264.9
793  128  2025-06-09 22-18-15  2500.8  19661.6  -14973.4  231.023  14275.1
794  128  2025-06-09 22-18-15  2502.4  19672.4  -14978.4  231.081  14267.6
795  128  2025-06-09 22-18-15  2504  19683.2  -14983.5  231.138  14277.7
796  128  2025-06-09 22-18-15  2505.6  19694  -14988.5  231.196  14270.2
797  128  2025-06-09 22-18-15  2507.2  19704.9  -14993.5  231.253  14262.6
798  128  2025-06-09 22-18-15  2508.8  19715.7  -14998.5  231.311  14272.7
799  128  2025-06-09 22-18-15  2510.4  19726.5  -15003.5  231.368  14265.1
800  128  2025-06-09 22-18-15  2512  19737.4  -15008.6  231.426  14275.2
801  128  2025-06-09 22-18-15  2513.6  19748.2  -15013.6  231.484  14267.6
802  128  2025-06-09 22-18-15  2515.2  19759  -15018.7  231.541  14277.8
803  128  2025-06-09 22-18-15  2516.8  19769.9  -15023.7  231.599  14270.2
804  128  2025-06-09 22-18-15  2518.4  19780.8  -15028.7  231.656  14262.6
805  128  2025-06-09 22-18-15  2520  19791.6  -15033.7  231.714  14272.7
806  128  2025-06-09 22-18-15  2521.6  19802.5  -15038.7  231.771  14265
807  128  2025-06-09 22-18-15  2523.2  19813.3  -15043.8  231.829  14275.1
808  128  2025-06-09 22-18-15  2524.8  19824.2  -15048.8  231.886  14267.5
809  128  2025-06-09 22-18-15  2526.4  19835.2  -15053.7  231.944  14259.8
810  128  2025-06-09 22-18-15  2528  19846.1  -15058.8  232.002  14269.9
811  128  2025-06-09 22-18-15  2529.6  19857  -15063.7  232.059  14262.2
812  128  2025-06-09 22-18-15  2531.2  19867.9  -15068.8  232.117  14272.2
813  128  2025-06-09 22-18-15  2532.8  19878.8  -15073.8  232.174  14264.6
814  128  2025-06-09 22-18-15  2534.4  19889.7  -15078.9  232.232  14274.6
815  128  2025-06-09 22-18-15  2536  19900.6  -15084  232.289  14267
816  128  2025-06-09 22-18-15  2537.6  19911.6  -15088.9  232.347  14259.3
817  128  2025-06-09 22-18-15  2539.2  19922.5  -15093.9  232.404  14269.3
818  128  2025-06-09 22-18-15  2540.8  19933.5  -15098.9  232.462  14261.6
819  128  2025-06-09 22-18-15  2542.4  19944.4  -15104  232.52  14271.6
820  128  2025-06-09 22-18-15  2544  19955.4  -15109  232.577  14263.9
821  128  2025-06-09 22-18-15  2545.6  19966.3  -15114.1  232.635  14273.9
822  128  2025-06-09 22-18-15  2547.2  19977.3  -15119.2  232.692  14266.2
823  128  2025-06-09 22-18-15  2548.8  19988.3  -15124.1  232.75  14258.5
824  128  2025-06-09 22-18-15  2550.4  19999.4  -15128.8  232.836  14242.5
825  128  2025-06-09 22-18-15  2552  20010.6  -15133.4  232.922  14226.5
826  128  2025-06-09 22-18-15  2553.6  20021.9  -15137.8  233.009  14210.5
827  128  2025-06-09 22-18-15  2555.2  20033.3  -15141.9  233.095  14194.5
828  128  2025-06-09 22-18-15  2556.8  20044.7  -15145.9  233.181  14178.5
829  128  2025-06-09 22-18-15  2558.4  20056.2  -15149.9  233.268  14177.5
830  128  2025-06-09 22-18-15  2560  20067.6  -15153.8  233.354  14176.6
831  128  2025-06-09 22-18-15  2561.6  20079.1  -15157.8  233.44  14175.6
832  128  2025-06-09 22-18-15  2563.2  20090.6  -15161.7  233.527  14174.7
833  128  2025-06-09 22-18-15  2564.8  20102.1  -15165.7  233.613  14173.7
834  128  2025-06-09 22-18-15  2566.4  20113.7  -15169.6  233.699  14172.8
835  128  2025-06-09 22-18-15  2568  20125.2  -15173.5  233.786  14171.8
836  128  2025-06-09 22-18-15  2569.6  20136.7  -15177.4  233.872  14170.9
837  128  2025-06-09 22-18-15  2571.2  20148.3  -15181.3  233.958  14169.9
838  128  2025-06-09 22-18-15  2572.8  20159.9  -15185.2  234.045  14169
839  128  2025-06-09 22-18-15  2574.4  20171.4  -15189.1  234.131  14168
840  128  2025-06-09 22-18-15  2576  20183  -15192.9  234.217  14167.1
841  128  2025-06-09 22-18-15  2577.6  20194.6  -15196.8  234.304  14166.1
842  128  2025-06-09 22-18-15  2579.2  20206.3  -15200.6  234.39  14165.2
