SN    USVID    CurTime    simTime    CurX    CurY    CurVel      CurYaw   
0  192  2025-06-10 20-53-07  0  16040  -14512  192  2672
1  192  2025-06-10 20-53-07  1.6  16048  -14511.9  192.086  2656
2  192  2025-06-10 20-53-07  3.2  16056  -14511.6  192.173  2640
3  192  2025-06-10 20-53-07  4.8  16064  -14511.2  192.259  2624
4  192  2025-06-10 20-53-07  6.4  16072  -14510.6  192.345  2608
5  192  2025-06-10 20-53-07  8  16080.1  -14509.9  192.432  2592
6  192  2025-06-10 20-53-07  9.6  16088.1  -14509.1  192.518  2576
7  192  2025-06-10 20-53-07  11.2  16096.1  -14508.1  192.604  2560
8  192  2025-06-10 20-53-07  12.8  16104.1  -14507  192.691  2544
9  192  2025-06-10 20-53-07  14.4  16112  -14505.7  192.777  2528
10  192  2025-06-10 20-53-07  128  16120  -14504.3  192.863  2512.71
11  192  2025-06-10 20-53-07  129.6  16128  -14502.8  192.95  2498.85
12  192  2025-06-10 20-53-07  131.2  16135.9  -14501.1  193.036  2486.3
13  192  2025-06-10 20-53-07  132.8  16143.8  -14499.4  193.122  2474.94
14  192  2025-06-10 20-53-07  134.4  16151.7  -14497.6  193.209  2464.66
15  192  2025-06-10 20-53-07  136  16159.6  -14495.7  193.295  2455.37
16  192  2025-06-10 20-53-07  137.6  16167.5  -14493.7  193.381  2446.97
17  192  2025-06-10 20-53-07  139.2  16175.4  -14491.7  193.468  2439.4
18  192  2025-06-10 20-53-07  140.8  16183.3  -14489.6  193.554  2432.57
19  192  2025-06-10 20-53-07  142.4  16191.2  -14487.4  193.64  2426.41
20  192  2025-06-10 20-53-07  144  16199  -14485.2  193.727  2420.87
21  192  2025-06-10 20-53-07  145.6  16206.9  -14482.9  193.813  2415.9
22  192  2025-06-10 20-53-07  147.2  16214.8  -14480.6  193.899  2411.43
23  192  2025-06-10 20-53-07  148.8  16222.6  -14478.3  193.986  2407.43
24  192  2025-06-10 20-53-07  150.4  16230.5  -14475.9  194.072  2403.85
25  192  2025-06-10 20-53-07  152  16238.3  -14473.5  194.158  2400.65
26  192  2025-06-10 20-53-07  153.6  16246.2  -14471.1  194.245  2397.81
27  192  2025-06-10 20-53-07  155.2  16254.1  -14468.7  194.331  2395.28
28  192  2025-06-10 20-53-07  156.8  16261.9  -14466.2  194.417  2393.05
29  192  2025-06-10 20-53-07  158.4  16269.8  -14463.7  194.504  2391.07
30  192  2025-06-10 20-53-07  160  16277.7  -14461.2  194.59  2389.34
31  192  2025-06-10 20-53-07  161.6  16285.5  -14458.7  194.676  2387.82
32  192  2025-06-10 20-53-07  163.2  16293.4  -14456.1  194.763  2386.5
33  192  2025-06-10 20-53-07  164.8  16301.3  -14453.6  194.849  2385.36
34  192  2025-06-10 20-53-07  166.4  16309.2  -14451  194.935  2384.38
35  192  2025-06-10 20-53-07  168  16317.1  -14448.5  195.022  2383.55
36  192  2025-06-10 20-53-07  169.6  16325  -14445.9  195.108  2382.86
37  192  2025-06-10 20-53-07  171.2  16332.9  -14443.3  195.194  2382.28
38  192  2025-06-10 20-53-07  172.8  16340.8  -14440.7  195.281  2381.82
39  192  2025-06-10 20-53-07  174.4  16348.7  -14438.1  195.367  2381.46
40  192  2025-06-10 20-53-07  176  16356.6  -14435.5  195.453  2381.19
41  192  2025-06-10 20-53-07  177.6  16364.6  -14432.9  195.54  2381
42  192  2025-06-10 20-53-07  179.2  16372.5  -14430.3  195.626  2380.89
43  192  2025-06-10 20-53-07  180.8  16380.5  -14427.7  195.712  2380.84
44  192  2025-06-10 20-53-07  182.4  16388.4  -14425.1  195.799  2380.86
45  192  2025-06-10 20-53-07  184  16396.4  -14422.4  195.885  2380.93
46  192  2025-06-10 20-53-07  185.6  16404.4  -14419.8  195.971  2381.06
47  192  2025-06-10 20-53-07  187.2  16412.4  -14417.2  196.058  2381.22
48  192  2025-06-10 20-53-07  188.8  16420.4  -14414.6  196.144  2381.43
49  192  2025-06-10 20-53-07  190.4  16428.4  -14412  196.23  2381.68
50  192  2025-06-10 20-53-07  192  16436.4  -14409.3  196.317  2381.96
51  192  2025-06-10 20-53-07  193.6  16444.4  -14406.7  196.403  2382.27
52  192  2025-06-10 20-53-07  195.2  16452.4  -14404.1  196.489  2382.6
53  192  2025-06-10 20-53-07  196.8  16460.5  -14401.5  196.576  2382.96
54  192  2025-06-10 20-53-07  198.4  16468.5  -14398.8  196.662  2383.34
55  192  2025-06-10 20-53-07  200  16476.6  -14396.2  196.748  2383.74
56  192  2025-06-10 20-53-07  201.6  16484.7  -14393.6  196.835  2384.16
57  192  2025-06-10 20-53-07  203.2  16492.7  -14391  196.921  2384.6
58  192  2025-06-10 20-53-07  204.8  16500.8  -14388.4  197.007  2385.04
59  192  2025-06-10 20-53-07  206.4  16508.9  -14385.7  197.094  2385.5
60  192  2025-06-10 20-53-07  208  16517  -14383.1  197.18  2385.97
61  192  2025-06-10 20-53-07  209.6  16525.1  -14380.5  197.266  2386.45
62  192  2025-06-10 20-53-07  211.2  16533.3  -14377.9  197.353  2386.94
63  192  2025-06-10 20-53-07  212.8  16541.4  -14375.3  197.439  2387.43
64  192  2025-06-10 20-53-07  214.4  16549.6  -14372.7  197.525  2387.94
65  192  2025-06-10 20-53-07  216  16557.7  -14370.1  197.612  2388.44
66  192  2025-06-10 20-53-07  217.6  16565.9  -14367.5  197.698  2388.95
67  192  2025-06-10 20-53-07  219.2  16574  -14364.9  197.784  2389.47
68  192  2025-06-10 20-53-07  220.8  16582.2  -14362.3  197.871  2389.99
69  192  2025-06-10 20-53-07  222.4  16590.4  -14359.7  197.957  2390.51
70  192  2025-06-10 20-53-07  224  16598.6  -14357.1  198.043  2391.03
71  192  2025-06-10 20-53-07  225.6  16606.8  -14354.5  198.13  2391.56
72  192  2025-06-10 20-53-07  227.2  16615.1  -14351.9  198.216  2392.08
73  192  2025-06-10 20-53-07  228.8  16623.3  -14349.3  198.302  2392.61
74  192  2025-06-10 20-53-07  230.4  16631.5  -14346.7  198.389  2393.14
75  192  2025-06-10 20-53-07  232  16639.8  -14344.1  198.475  2393.66
76  192  2025-06-10 20-53-07  233.6  16648.1  -14341.5  198.561  2394.19
77  192  2025-06-10 20-53-07  235.2  16656.3  -14339  198.648  2394.72
78  192  2025-06-10 20-53-07  236.8  16664.6  -14336.4  198.734  2395.24
79  192  2025-06-10 20-53-07  238.4  16672.9  -14333.8  198.82  2395.77
80  192  2025-06-10 20-53-07  240  16681.2  -14331.2  198.907  2396.29
81  192  2025-06-10 20-53-07  241.6  16689.5  -14328.7  198.993  2396.81
82  192  2025-06-10 20-53-07  243.2  16697.8  -14326.1  199.079  2397.33
83  192  2025-06-10 20-53-07  244.8  16706.2  -14323.5  199.166  2397.85
84  192  2025-06-10 20-53-07  246.4  16714.5  -14321  199.252  2398.37
85  192  2025-06-10 20-53-07  248  16722.8  -14318.4  199.338  2398.89
86  192  2025-06-10 20-53-07  249.6  16731.2  -14315.8  199.425  2399.4
87  192  2025-06-10 20-53-07  251.2  16739.6  -14313.3  199.511  2399.91
88  192  2025-06-10 20-53-07  252.8  16748  -14310.7  199.597  2400.42
89  192  2025-06-10 20-53-07  254.4  16756.3  -14308.2  199.684  2400.93
90  192  2025-06-10 20-53-07  256  16764.7  -14305.6  199.77  2401.44
91  192  2025-06-10 20-53-07  257.6  16773.1  -14303.1  199.856  2401.94
92  192  2025-06-10 20-53-07  259.2  16781.6  -14300.5  199.943  2402.44
93  192  2025-06-10 20-53-07  260.8  16790  -14298  200.029  2402.94
94  192  2025-06-10 20-53-07  262.4  16798.4  -14295.4  200.115  2403.44
95  192  2025-06-10 20-53-07  264  16806.9  -14292.9  200.202  2403.93
96  192  2025-06-10 20-53-07  265.6  16815.3  -14290.3  200.288  2404.43
97  192  2025-06-10 20-53-07  267.2  16823.8  -14287.8  200.374  2404.91
98  192  2025-06-10 20-53-07  268.8  16832.3  -14285.3  200.461  2405.4
99  192  2025-06-10 20-53-07  270.4  16840.7  -14282.7  200.547  2405.89
100  192  2025-06-10 20-53-07  1392  16849.2  -14280.2  200.633  2406.37
101  192  2025-06-10 20-53-07  1393.6  16857.7  -14277.7  200.72  2406.85
102  192  2025-06-10 20-53-07  1395.2  16866.3  -14275.1  200.806  2407.33
103  192  2025-06-10 20-53-07  1396.8  16874.8  -14272.6  200.892  2407.8
104  192  2025-06-10 20-53-07  1398.4  16883.3  -14270.1  200.979  2408.27
105  192  2025-06-10 20-53-07  1400  16891.9  -14267.6  201.065  2408.74
106  192  2025-06-10 20-53-07  1401.6  16900.4  -14265  201.151  2409.21
107  192  2025-06-10 20-53-07  1403.2  16909  -14262.5  201.238  2409.68
108  192  2025-06-10 20-53-07  1404.8  16917.5  -14260  201.324  2410.14
109  192  2025-06-10 20-53-07  1406.4  16926.1  -14257.5  201.41  2410.6
110  192  2025-06-10 20-53-07  1408  16934.7  -14255  201.497  2411.06
111  192  2025-06-10 20-53-07  1409.6  16943.3  -14252.5  201.583  2411.52
112  192  2025-06-10 20-53-07  1411.2  16951.9  -14250  201.669  2411.97
113  192  2025-06-10 20-53-07  1412.8  16960.5  -14247.4  201.756  2412.42
114  192  2025-06-10 20-53-07  1414.4  16969.2  -14244.9  201.842  2412.87
115  192  2025-06-10 20-53-07  1416  16977.8  -14242.4  201.928  2413.32
116  192  2025-06-10 20-53-07  1417.6  16986.4  -14239.9  202.015  2413.76
117  192  2025-06-10 20-53-07  1419.2  16995.1  -14237.4  202.101  2414.2
118  192  2025-06-10 20-53-07  1420.8  17003.8  -14234.9  202.187  2414.64
119  192  2025-06-10 20-53-07  1422.4  17012.4  -14232.4  202.274  2415.08
120  192  2025-06-10 20-53-07  1424  17021.1  -14229.9  202.36  2415.52
121  192  2025-06-10 20-53-07  1425.6  17029.8  -14227.5  202.446  2415.95
122  192  2025-06-10 20-53-07  1427.2  17038.5  -14225  202.533  2416.38
123  192  2025-06-10 20-53-07  1428.8  17047.2  -14222.5  202.619  2416.81
124  192  2025-06-10 20-53-07  1430.4  17056  -14220  202.705  2417.23
125  192  2025-06-10 20-53-07  1432  17064.7  -14217.5  202.792  2417.66
126  192  2025-06-10 20-53-07  1433.6  17073.4  -14215  202.878  2418.08
127  192  2025-06-10 20-53-07  1435.2  17082.2  -14212.5  202.964  2418.5
128  192  2025-06-10 20-53-07  1436.8  17090.9  -14210  203.051  2418.92
129  192  2025-06-10 20-53-07  1438.4  17099.7  -14207.6  203.137  2419.34
130  192  2025-06-10 20-53-07  1440  17108.5  -14205.1  203.223  2419.75
131  192  2025-06-10 20-53-07  1441.6  17117.3  -14202.6  203.31  2420.16
132  192  2025-06-10 20-53-07  1443.2  17126.1  -14200.1  203.396  2420.57
133  192  2025-06-10 20-53-07  1444.8  17134.9  -14197.7  203.482  2420.98
134  192  2025-06-10 20-53-07  1446.4  17143.7  -14195.2  203.569  2421.39
135  192  2025-06-10 20-53-07  1448  17152.5  -14192.7  203.655  2421.79
136  192  2025-06-10 20-53-07  1449.6  17161.4  -14190.2  203.741  2422.19
137  192  2025-06-10 20-53-07  1451.2  17170.2  -14187.8  203.828  2422.59
138  192  2025-06-10 20-53-07  1452.8  17179.1  -14185.3  203.914  2422.99
139  192  2025-06-10 20-53-07  1454.4  17187.9  -14182.8  204  2423.39
140  192  2025-06-10 20-53-07  1456  17196.8  -14180.4  204.087  2423.78
141  192  2025-06-10 20-53-07  1457.6  17205.7  -14177.9  204.173  2424.17
142  192  2025-06-10 20-53-07  1459.2  17214.6  -14175.5  204.259  2424.56
143  192  2025-06-10 20-53-07  1460.8  17223.5  -14173  204.346  2424.95
144  192  2025-06-10 20-53-07  1462.4  17232.4  -14170.5  204.432  2425.34
145  192  2025-06-10 20-53-07  1464  17241.3  -14168.1  204.518  2425.73
146  192  2025-06-10 20-53-07  1465.6  17250.2  -14165.6  204.605  2426.11
147  192  2025-06-10 20-53-07  1467.2  17259.2  -14163.2  204.691  2426.49
148  192  2025-06-10 20-53-07  1468.8  17268.1  -14160.7  204.777  2426.87
149  192  2025-06-10 20-53-07  1470.4  17277.1  -14158.3  204.864  2427.25
150  192  2025-06-10 20-53-07  1472  17286  -14155.8  204.95  2427.63
151  192  2025-06-10 20-53-07  1473.6  17295  -14153.4  205.036  2428
152  192  2025-06-10 20-53-07  1475.2  17304  -14150.9  205.123  2428.37
153  192  2025-06-10 20-53-07  1476.8  17313  -14148.5  205.209  2428.75
154  192  2025-06-10 20-53-07  1478.4  17322  -14146.1  205.295  2429.12
155  192  2025-06-10 20-53-07  1480  17331  -14143.6  205.382  2429.48
156  192  2025-06-10 20-53-07  1481.6  17340  -14141.2  205.468  2429.85
157  192  2025-06-10 20-53-07  1483.2  17349.1  -14138.7  205.554  2430.22
158  192  2025-06-10 20-53-07  1484.8  17358.1  -14136.3  205.641  2430.58
159  192  2025-06-10 20-53-07  1486.4  17367.2  -14133.9  205.727  2430.94
160  192  2025-06-10 20-53-07  1488  17376.2  -14131.4  205.813  2431.3
161  192  2025-06-10 20-53-07  1489.6  17385.3  -14129  205.9  2431.66
162  192  2025-06-10 20-53-07  1491.2  17394.4  -14126.6  205.986  2432.02
163  192  2025-06-10 20-53-07  1492.8  17403.5  -14124.1  206.072  2432.37
164  192  2025-06-10 20-53-07  1494.4  17412.6  -14121.7  206.159  2432.73
165  192  2025-06-10 20-53-07  1496  17421.7  -14119.3  206.245  2433.08
166  192  2025-06-10 20-53-07  1497.6  17430.8  -14116.8  206.331  2433.43
167  192  2025-06-10 20-53-07  1499.2  17439.9  -14114.4  206.418  2433.78
168  192  2025-06-10 20-53-07  1500.8  17449  -14112  206.504  2434.13
169  192  2025-06-10 20-53-07  1502.4  17458.2  -14109.6  206.59  2434.48
170  192  2025-06-10 20-53-07  1504  17467.3  -14107.1  206.677  2434.82
171  192  2025-06-10 20-53-07  1505.6  17476.5  -14104.7  206.763  2435.17
172  192  2025-06-10 20-53-07  1507.2  17485.7  -14102.3  206.849  2435.51
173  192  2025-06-10 20-53-07  1508.8  17494.8  -14099.9  206.936  2435.85
174  192  2025-06-10 20-53-07  1510.4  17504  -14097.5  207.022  2436.19
175  192  2025-06-10 20-53-07  1512  17513.2  -14095.1  207.108  2436.53
176  192  2025-06-10 20-53-07  1513.6  17522.4  -14092.6  207.195  2436.87
177  192  2025-06-10 20-53-07  1515.2  17531.7  -14090.2  207.281  2437.2
178  192  2025-06-10 20-53-07  1516.8  17540.9  -14087.8  207.367  2437.54
179  192  2025-06-10 20-53-07  1518.4  17550.1  -14085.4  207.454  2437.87
180  192  2025-06-10 20-53-07  1520  17559.4  -14083  207.54  2438.2
181  192  2025-06-10 20-53-07  1521.6  17568.6  -14080.6  207.626  2438.54
182  192  2025-06-10 20-53-07  1523.2  17577.9  -14078.2  207.713  2438.87
183  192  2025-06-10 20-53-07  1524.8  17587.2  -14075.8  207.799  2439.19
184  192  2025-06-10 20-53-07  1526.4  17596.4  -14073.4  207.885  2439.52
185  192  2025-06-10 20-53-07  1528  17605.7  -14071  207.972  2439.85
186  192  2025-06-10 20-53-07  1529.6  17615  -14068.6  208.058  2440.17
187  192  2025-06-10 20-53-07  1531.2  17624.3  -14066.2  208.145  2440.49
188  192  2025-06-10 20-53-07  1532.8  17633.7  -14063.7  208.231  2440.82
189  192  2025-06-10 20-53-07  1534.4  17643  -14061.3  208.317  2441.14
190  192  2025-06-10 20-53-07  1536  17652.3  -14059  208.404  2441.46
191  192  2025-06-10 20-53-07  1537.6  17661.7  -14056.6  208.49  2441.78
192  192  2025-06-10 20-53-07  1539.2  17671  -14054.2  208.576  2442.09
193  192  2025-06-10 20-53-07  1540.8  17680.4  -14051.8  208.663  2442.41
194  192  2025-06-10 20-53-07  1542.4  17689.8  -14049.4  208.749  2442.72
195  192  2025-06-10 20-53-07  1544  17699.2  -14047  208.835  2443.04
196  192  2025-06-10 20-53-07  1545.6  17708.5  -14044.6  208.922  2443.35
197  192  2025-06-10 20-53-07  1547.2  17717.9  -14042.2  209.008  2443.66
198  192  2025-06-10 20-53-07  1548.8  17727.4  -14039.8  209.094  2443.97
199  192  2025-06-10 20-53-07  1550.4  17736.8  -14037.4  209.181  2444.28
200  192  2025-06-10 20-53-07  1552  17746.2  -14035  209.267  2444.59
201  192  2025-06-10 20-53-07  1553.6  17755.6  -14032.6  209.353  2444.9
202  192  2025-06-10 20-53-07  1555.2  17765.1  -2830.25  209.44  2445.21
203  192  2025-06-10 20-53-07  1556.8  17774.5  -2827.86  209.526  2445.51
204  192  2025-06-10 20-53-07  1558.4  17784  -2825.48  209.612  2445.81
205  192  2025-06-10 20-53-07  1560  17793.5  -2823.1  209.699  2446.12
206  192  2025-06-10 20-53-07  1561.6  17803  -2820.71  209.785  2446.42
207  192  2025-06-10 20-53-07  1563.2  17812.5  -2818.33  209.871  2446.72
208  192  2025-06-10 20-53-07  1564.8  17822  -2815.95  209.958  2447.02
209  192  2025-06-10 20-53-07  1566.4  17831.5  -2813.57  210.044  2447.32
210  192  2025-06-10 20-53-07  1568  17841  -2811.2  210.13  2447.62
211  192  2025-06-10 20-53-07  1569.6  17850.5  -2808.82  210.217  2447.91
212  192  2025-06-10 20-53-07  1571.2  17860.1  -2806.44  210.303  2448.21
213  192  2025-06-10 20-53-07  1572.8  17869.6  -2804.07  210.389  2448.51
214  192  2025-06-10 20-53-07  1574.4  17879.2  -2801.69  210.476  2448.8
215  192  2025-06-10 20-53-07  1576  17888.7  -2799.32  210.562  2449.09
216  192  2025-06-10 20-53-07  1577.6  17898.3  -2796.95  210.648  2449.39
217  192  2025-06-10 20-53-07  1579.2  17907.9  -2794.58  210.735  2449.68
218  192  2025-06-10 20-53-07  1580.8  17917.5  -2792.21  210.821  2449.97
219  192  2025-06-10 20-53-07  1582.4  17927.1  -2789.84  210.907  2450.26
220  192  2025-06-10 20-53-07  1584  17936.7  -2787.47  210.994  2450.54
221  192  2025-06-10 20-53-07  1585.6  17946.3  -2785.1  211.08  2450.83
222  192  2025-06-10 20-53-07  1587.2  17956  -2782.74  211.166  2451.12
223  192  2025-06-10 20-53-07  1588.8  17965.6  -2780.37  211.253  2451.4
224  192  2025-06-10 20-53-07  1590.4  17975.2  -2778.01  211.339  2451.69
225  192  2025-06-10 20-53-07  1592  17984.9  -2775.64  211.425  2451.97
226  192  2025-06-10 20-53-07  1593.6  17994.6  -2773.28  211.512  2452.26
227  192  2025-06-10 20-53-07  1595.2  18004.2  -2770.92  211.598  2452.54
228  192  2025-06-10 20-53-07  1596.8  18013.9  -2768.56  211.684  2452.82
229  192  2025-06-10 20-53-07  1598.4  18023.6  -2766.2  211.771  2453.1
230  192  2025-06-10 20-53-07  1600  18033.3  -2763.84  211.857  2453.38
231  192  2025-06-10 20-53-07  1601.6  18043  -2761.48  211.943  2453.66
232  192  2025-06-10 20-53-07  1603.2  18052.8  -2759.12  212.03  2453.94
233  192  2025-06-10 20-53-07  1604.8  18062.5  -2756.77  212.116  2454.21
234  192  2025-06-10 20-53-07  1606.4  18072.2  -2754.41  212.202  2454.49
235  192  2025-06-10 20-53-07  1608  18082  -2752.06  212.289  2454.77
236  192  2025-06-10 20-53-07  1609.6  18091.7  -2749.71  212.375  2455.04
237  192  2025-06-10 20-53-07  1611.2  18101.5  -2747.35  212.461  2455.32
238  192  2025-06-10 20-53-07  1612.8  18111.3  -2745  212.548  2455.59
239  192  2025-06-10 20-53-07  1614.4  18121.1  -2742.65  212.634  2455.86
240  192  2025-06-10 20-53-07  1616  18130.9  -2740.3  212.72  2456.13
241  192  2025-06-10 20-53-07  1617.6  18140.7  -2737.95  212.807  2456.4
242  192  2025-06-10 20-53-07  1619.2  18150.5  -2735.6  212.893  2456.67
243  192  2025-06-10 20-53-07  1620.8  18160.3  -2733.26  212.979  2456.94
244  192  2025-06-10 20-53-07  1622.4  18170.1  -2730.91  213.066  2457.21
245  192  2025-06-10 20-53-07  1624  18180  -2728.57  213.152  2457.48
246  192  2025-06-10 20-53-07  1625.6  18189.8  -2726.22  213.238  2457.75
247  192  2025-06-10 20-53-07  1627.2  18199.7  -2723.88  213.325  2458.01
248  192  2025-06-10 20-53-07  1628.8  18209.5  -2721.53  213.411  2458.28
249  192  2025-06-10 20-53-07  1630.4  18219.4  -2719.19  213.497  2458.54
250  192  2025-06-10 20-53-07  1632  18229.3  -2716.85  213.584  2458.81
251  192  2025-06-10 20-53-07  1633.6  18239.2  -2714.51  213.67  2459.07
252  192  2025-06-10 20-53-07  1635.2  18249.1  -2712.17  213.756  2459.33
253  192  2025-06-10 20-53-07  1636.8  18259  -2709.83  213.843  2459.59
254  192  2025-06-10 20-53-07  1638.4  18268.9  -2707.49  213.929  2459.86
255  192  2025-06-10 20-53-07  1640  18278.9  -2705.16  214.015  2460.12
256  192  2025-06-10 20-53-07  1641.6  18288.8  -2702.82  214.102  2460.38
257  192  2025-06-10 20-53-07  1643.2  18298.7  -2700.49  214.188  2460.64
258  192  2025-06-10 20-53-07  1644.8  18308.7  -2698.15  214.274  2460.89
259  192  2025-06-10 20-53-07  1646.4  18318.7  -2695.82  214.361  2461.15
260  192  2025-06-10 20-53-07  1648  18328.6  -2693.49  214.447  2461.41
261  192  2025-06-10 20-53-07  1649.6  18338.6  -2691.15  214.533  2461.66
262  192  2025-06-10 20-53-07  1651.2  18348.6  -2688.82  214.62  2461.92
263  192  2025-06-10 20-53-07  1652.8  18358.6  -2686.49  214.706  2462.18
264  192  2025-06-10 20-53-07  1654.4  18368.6  -2684.16  214.792  2462.43
265  192  2025-06-10 20-53-07  1656  18378.7  -2681.83  214.879  2462.68
266  192  2025-06-10 20-53-07  1657.6  18388.7  -2679.51  214.965  2462.94
267  192  2025-06-10 20-53-07  1659.2  18398.7  -2677.18  215.051  2463.19
268  192  2025-06-10 20-53-07  1660.8  18408.8  -2674.85  215.138  2463.44
269  192  2025-06-10 20-53-07  1662.4  18418.8  -2672.53  215.224  2463.69
270  192  2025-06-10 20-53-07  1664  18428.9  -2670.2  215.31  2463.94
271  192  2025-06-10 20-53-07  1665.6  18439  -2667.88  215.397  2464.19
272  192  2025-06-10 20-53-07  1667.2  18449.1  -2665.56  215.483  2464.44
273  192  2025-06-10 20-53-07  1668.8  18459.2  -2663.23  215.569  2464.69
274  192  2025-06-10 20-53-07  1670.4  18469.3  -2660.91  215.656  2464.94
275  192  2025-06-10 20-53-07  1672  18479.4  -2658.59  215.742  2465.19
276  192  2025-06-10 20-53-07  1673.6  18489.5  -2656.27  215.828  2465.43
277  192  2025-06-10 20-53-07  1675.2  18499.6  -2653.95  215.915  2465.68
278  192  2025-06-10 20-53-07  1676.8  18509.8  -2651.63  216.001  2465.93
279  192  2025-06-10 20-53-07  1678.4  18519.9  -2649.32  216.087  2466.17
280  192  2025-06-10 20-53-07  1680  18530.1  -2647  216.174  2466.42
281  192  2025-06-10 20-53-07  1681.6  18540.2  -2644.69  216.26  2466.66
282  192  2025-06-10 20-53-07  1683.2  18550.4  -2642.37  216.346  2466.9
283  192  2025-06-10 20-53-07  1684.8  18560.6  -2640.06  216.433  2467.15
284  192  2025-06-10 20-53-07  1686.4  18570.8  -2637.74  216.519  2467.39
285  192  2025-06-10 20-53-07  1688  18581  -2635.43  216.605  2467.63
286  192  2025-06-10 20-53-07  1689.6  18591.2  -2633.12  216.692  2467.87
287  192  2025-06-10 20-53-07  1691.2  18601.4  -2630.81  216.778  2468.11
288  192  2025-06-10 20-53-07  1692.8  18611.6  -2628.5  216.864  2468.35
289  192  2025-06-10 20-53-07  1694.4  18621.9  -2626.19  216.951  2468.59
290  192  2025-06-10 20-53-07  1696  18632.1  -2623.88  217.037  2468.83
291  192  2025-06-10 20-53-07  1697.6  18642.4  -2621.57  217.123  2469.07
292  192  2025-06-10 20-53-07  1699.2  18652.6  -2619.26  217.21  2469.31
293  192  2025-06-10 20-53-07  1700.8  18662.9  -2616.96  217.296  2469.55
294  192  2025-06-10 20-53-07  1702.4  18673.2  -2614.65  217.382  2469.78
295  192  2025-06-10 20-53-07  1704  18683.5  -2612.34  217.469  2470.02
296  192  2025-06-10 20-53-07  1705.6  18693.8  -2610.04  217.555  2470.26
297  192  2025-06-10 20-53-07  1707.2  18704.1  -2607.74  217.641  2470.49
298  192  2025-06-10 20-53-07  1708.8  18714.4  -2605.43  217.728  2470.73
299  192  2025-06-10 20-53-07  1710.4  18724.7  -2603.13  217.814  2470.96
300  192  2025-06-10 20-53-07  1712  18735.1  -2600.83  217.9  2471.19
301  192  2025-06-10 20-53-07  1713.6  18745.4  -2598.53  217.987  2471.43
302  192  2025-06-10 20-53-07  1715.2  18755.8  -2596.23  218.073  2471.66
303  192  2025-06-10 20-53-07  1716.8  18766.1  -2593.93  218.159  2471.89
304  192  2025-06-10 20-53-07  1718.4  18776.5  -2591.63  218.246  2472.12
305  192  2025-06-10 20-53-07  1720  18786.9  -2589.34  218.332  2472.36
306  192  2025-06-10 20-53-07  1721.6  18797.3  -2587.04  218.418  2472.59
307  192  2025-06-10 20-53-07  1723.2  18807.7  -2584.74  218.505  2472.82
308  192  2025-06-10 20-53-07  1724.8  18818.1  -2582.45  218.591  2473.05
309  192  2025-06-10 20-53-07  1726.4  18828.5  -2580.15  218.677  2473.28
310  192  2025-06-10 20-53-07  1728  18838.9  -2577.86  218.764  2473.51
311  192  2025-06-10 20-53-07  1729.6  18849.4  -2575.57  218.85  2473.73
312  192  2025-06-10 20-53-07  1731.2  18859.8  -2573.28  218.936  2473.96
313  192  2025-06-10 20-53-07  1732.8  18870.3  -2570.98  219.023  2474.19
314  192  2025-06-10 20-53-07  1734.4  18880.7  -2568.69  219.109  2474.42
315  192  2025-06-10 20-53-07  1736  18891.2  -2566.4  219.195  2474.64
316  192  2025-06-10 20-53-07  1737.6  18901.7  -2564.11  219.282  2474.87
317  192  2025-06-10 20-53-07  1739.2  18912.2  -2561.83  219.368  2475.09
318  192  2025-06-10 20-53-07  1740.8  18922.7  -2559.54  219.454  2475.32
319  192  2025-06-10 20-53-07  1742.4  18933.2  -2557.25  219.541  2475.54
320  192  2025-06-10 20-53-07  1744  18943.7  -2554.97  219.627  2475.77
321  192  2025-06-10 20-53-07  1745.6  18954.2  -2552.68  219.713  2475.99
322  192  2025-06-10 20-53-07  1747.2  18964.8  -2550.39  219.8  2476.22
323  192  2025-06-10 20-53-07  1748.8  18975.3  -2548.11  219.886  2476.44
324  192  2025-06-10 20-53-07  1750.4  18985.9  -2545.83  219.972  2476.66
325  192  2025-06-10 20-53-07  1752  18996.4  -2543.54  220.059  2476.88
326  192  2025-06-10 20-53-07  1753.6  19007  -2541.26  220.145  2477.11
327  192  2025-06-10 20-53-07  1755.2  19017.6  -2538.98  220.231  2477.33
328  192  2025-06-10 20-53-07  1756.8  19028.2  -2536.7  220.318  2477.55
329  192  2025-06-10 20-53-07  1758.4  19038.8  -2534.42  220.404  2477.77
330  192  2025-06-10 20-53-07  1760  19049.4  -2532.14  220.49  2477.99
331  192  2025-06-10 20-53-07  1761.6  19060  -2529.86  220.577  2478.21
332  192  2025-06-10 20-53-07  1763.2  19070.6  -2527.59  220.663  2478.43
333  192  2025-06-10 20-53-07  1764.8  19081.3  -2525.31  220.749  2478.65
334  192  2025-06-10 20-53-07  1766.4  19091.9  -2523.03  220.836  2478.86
335  192  2025-06-10 20-53-07  1768  19102.5  -2520.76  220.922  2479.08
336  192  2025-06-10 20-53-07  1769.6  19113.2  -2518.48  221.008  2479.3
337  192  2025-06-10 20-53-07  1771.2  19123.9  -2516.21  221.095  2479.52
338  192  2025-06-10 20-53-07  1772.8  19134.6  -2513.94  221.181  2479.73
339  192  2025-06-10 20-53-07  1774.4  19145.2  -2511.67  221.267  2479.95
340  192  2025-06-10 20-53-07  1776  19155.9  -2509.39  221.354  2480.17
341  192  2025-06-10 20-53-07  1777.6  19166.6  -2507.12  221.44  2480.38
342  192  2025-06-10 20-53-07  1779.2  19177.4  -2504.85  221.526  2480.6
343  192  2025-06-10 20-53-07  1780.8  19188.1  -2502.58  221.613  2480.81
344  192  2025-06-10 20-53-07  1782.4  19198.8  -2500.31  221.699  2481.03
345  192  2025-06-10 20-53-07  1784  19209.6  -2498.05  221.785  2481.24
346  192  2025-06-10 20-53-07  1785.6  19220.3  -2495.78  221.872  2481.45
347  192  2025-06-10 20-53-07  1787.2  19231.1  -2493.51  221.958  2481.67
348  192  2025-06-10 20-53-07  1788.8  19241.8  -2491.25  222.044  2481.88
349  192  2025-06-10 20-53-07  1790.4  19252.6  -2488.98  222.131  2482.09
350  192  2025-06-10 20-53-07  1792  19263.4  -2486.72  222.217  2482.3
351  192  2025-06-10 20-53-07  1793.6  19274.2  -2484.45  222.303  2482.52
352  192  2025-06-10 20-53-07  1795.2  19285  -2482.19  222.39  2482.73
353  192  2025-06-10 20-53-07  1796.8  19295.8  -2479.93  222.476  2482.94
354  192  2025-06-10 20-53-07  1798.4  19306.6  -2477.67  222.562  2483.15
355  192  2025-06-10 20-53-07  1800  19317.5  -2475.41  222.649  2483.36
356  192  2025-06-10 20-53-07  1801.6  19328.3  -2473.15  222.735  2483.57
357  192  2025-06-10 20-53-07  1803.2  19339.2  -2470.89  222.821  2483.78
358  192  2025-06-10 20-53-07  1804.8  19350  -2468.63  222.908  2483.99
359  192  2025-06-10 20-53-07  1806.4  19360.9  -2466.37  222.994  2484.2
360  192  2025-06-10 20-53-07  1808  19371.8  -2464.11  223.08  2484.4
361  192  2025-06-10 20-53-07  1809.6  19382.7  -2461.86  223.167  2484.61
362  192  2025-06-10 20-53-07  1811.2  19393.5  -2459.6  223.253  2484.82
363  192  2025-06-10 20-53-07  1812.8  19404.4  -2457.34  223.339  2485.03
364  192  2025-06-10 20-53-07  1814.4  19415.4  -2455.09  223.426  2485.23
365  192  2025-06-10 20-53-07  1816  19426.3  -2452.84  223.512  2485.44
366  192  2025-06-10 20-53-07  1817.6  19437.2  -2450.58  223.598  2485.65
367  192  2025-06-10 20-53-07  1819.2  19448.1  -2448.33  223.685  2485.85
368  192  2025-06-10 20-53-07  1820.8  19459.1  -2446.08  223.771  2486.06
369  192  2025-06-10 20-53-07  1822.4  19470.1  -2443.83  223.857  2486.26
370  192  2025-06-10 20-53-07  1824  19481  -2441.58  223.944  2486.47
371  192  2025-06-10 20-53-07  1825.6  19492  -2439.33  224.03  2486.67
372  192  2025-06-10 20-53-07  1827.2  19503  -2437.08  224.116  2486.88
373  192  2025-06-10 20-53-07  1828.8  19514  -2434.83  224.203  2487.08
374  192  2025-06-10 20-53-07  1830.4  19525  -2432.59  224.289  2487.29
375  192  2025-06-10 20-53-07  1832  19536  -2430.34  224.375  2487.49
376  192  2025-06-10 20-53-07  1833.6  19547  -2428.09  224.462  2487.69
377  192  2025-06-10 20-53-07  1835.2  19558  -2425.85  224.548  2487.89
378  192  2025-06-10 20-53-07  1836.8  19569.1  -2423.6  224.634  2488.1
379  192  2025-06-10 20-53-07  1838.4  19580.1  -2421.36  224.721  2488.3
380  192  2025-06-10 20-53-07  1840  19591.2  -2419.12  224.807  2488.5
381  192  2025-06-10 20-53-07  1841.6  19602.2  -2416.87  224.893  2488.7
382  192  2025-06-10 20-53-07  1843.2  19613.3  -2414.63  224.98  2488.9
383  192  2025-06-10 20-53-07  1844.8  19624.4  -2412.39  225.066  2489.1
384  192  2025-06-10 20-53-07  1846.4  19635.5  -2410.15  225.152  2489.3
385  192  2025-06-10 20-53-07  1848  19646.6  -2407.91  225.239  2489.5
386  192  2025-06-10 20-53-07  1849.6  19657.7  -2405.67  225.325  2489.7
387  192  2025-06-10 20-53-07  1851.2  19668.8  -2403.44  225.411  2489.9
388  192  2025-06-10 20-53-07  1852.8  19679.9  -2401.2  225.498  2490.1
389  192  2025-06-10 20-53-07  1854.4  19691.1  -2398.96  225.584  2490.3
390  192  2025-06-10 20-53-07  1856  19702.2  -2396.73  225.67  2490.5
391  192  2025-06-10 20-53-07  1857.6  19713.4  -2394.49  225.757  2490.7
392  192  2025-06-10 20-53-07  1859.2  19724.5  -2392.26  225.843  2490.9
393  192  2025-06-10 20-53-07  1860.8  19735.7  -2390.02  225.929  2491.09
394  192  2025-06-10 20-53-07  1862.4  19746.9  -2387.79  226.016  2491.29
395  192  2025-06-10 20-53-07  1864  19758.1  -2385.56  226.102  2491.49
396  192  2025-06-10 20-53-07  1865.6  19769.3  -2383.33  226.188  2491.68
397  192  2025-06-10 20-53-07  1867.2  19780.5  -2381.1  226.275  2491.88
398  192  2025-06-10 20-53-07  1868.8  19791.7  -2378.87  226.361  2492.08
399  192  2025-06-10 20-53-07  1870.4  19802.9  -2376.64  226.447  2492.27
400  192  2025-06-10 20-53-07  1872  19814.2  -2374.41  226.534  2492.47
401  192  2025-06-10 20-53-07  1873.6  19825.4  -2372.18  226.62  2492.66
402  192  2025-06-10 20-53-07  1875.2  19836.7  -2369.95  226.706  2492.86
403  192  2025-06-10 20-53-07  1876.8  19847.9  -2367.73  226.793  2493.05
404  192  2025-06-10 20-53-07  1878.4  19859.2  -2365.5  226.879  2493.25
405  192  2025-06-10 20-53-07  1880  19870.5  -2363.27  226.965  2493.44
406  192  2025-06-10 20-53-07  1881.6  19881.8  -2361.05  227.052  2493.63
407  192  2025-06-10 20-53-07  1883.2  19893.1  -2358.83  227.138  2493.83
408  192  2025-06-10 20-53-07  1884.8  19904.4  -2356.6  227.224  2494.02
409  192  2025-06-10 20-53-07  1886.4  19915.7  -2354.38  227.311  2494.21
410  192  2025-06-10 20-53-07  1888  19927  -2352.16  227.397  2494.41
411  192  2025-06-10 20-53-07  1889.6  19938.3  -2349.94  227.483  2494.6
412  192  2025-06-10 20-53-07  1891.2  19949.7  -2347.72  227.57  2494.79
413  192  2025-06-10 20-53-07  1892.8  19961  -2345.5  227.656  2494.98
414  192  2025-06-10 20-53-07  1894.4  19972.4  -2343.28  227.742  2495.17
415  192  2025-06-10 20-53-07  1896  19983.8  -2341.06  227.829  2495.36
416  192  2025-06-10 20-53-07  1897.6  19995.1  -2338.84  227.915  2495.56
417  192  2025-06-10 20-53-07  1899.2  20006.5  -2336.63  228.001  2495.75
418  192  2025-06-10 20-53-07  1900.8  20017.9  -2334.41  228.088  2495.94
419  192  2025-06-10 20-53-07  1902.4  20029.3  -2332.2  228.174  2496.13
420  192  2025-06-10 20-53-07  1904  20040.7  -2329.98  228.26  2496.32
421  192  2025-06-10 20-53-07  1905.6  20052.1  -2327.77  228.347  2496.51
422  192  2025-06-10 20-53-07  1907.2  20063.6  -2325.56  228.433  2496.7
423  192  2025-06-10 20-53-07  1908.8  20075  -2323.34  228.519  2496.88
424  192  2025-06-10 20-53-07  1910.4  20086.5  -2321.13  228.606  2497.07
425  192  2025-06-10 20-53-07  1912  20097.9  -2318.92  228.692  2497.26
426  192  2025-06-10 20-53-07  1913.6  20109.4  -2316.71  228.778  2497.45
427  192  2025-06-10 20-53-07  1915.2  20120.9  -2314.5  228.865  2497.64
428  192  2025-06-10 20-53-07  1916.8  20132.4  -2312.29  228.951  2497.83
429  192  2025-06-10 20-53-07  1918.4  20143.8  -2310.09  229.037  2498.01
430  192  2025-06-10 20-53-07  1920  20155.4  -2307.88  229.124  2498.2
431  192  2025-06-10 20-53-07  1921.6  20166.9  -2305.67  229.21  2498.39
432  192  2025-06-10 20-53-07  1923.2  20178.4  -2303.47  229.296  2498.57
433  192  2025-06-10 20-53-07  1924.8  20189.9  -2301.26  229.383  2498.76
434  192  2025-06-10 20-53-07  1926.4  20201.4  -2299.06  229.469  2498.95
435  192  2025-06-10 20-53-07  1928  20213  -2296.85  229.555  2499.13
436  192  2025-06-10 20-53-07  1929.6  20224.6  -2294.65  229.642  2499.32
437  192  2025-06-10 20-53-07  1931.2  20236.1  -2292.45  229.728  2499.5
438  192  2025-06-10 20-53-07  1932.8  20247.7  -2290.25  229.814  2499.69
439  192  2025-06-10 20-53-07  1934.4  20259.3  -2288.05  229.901  2499.87
440  192  2025-06-10 20-53-07  1936  20270.9  -2285.85  229.987  2500.06
441  192  2025-06-10 20-53-07  1937.6  20282.5  -2283.65  230.073  2500.24
442  192  2025-06-10 20-53-07  1939.2  20294.1  -2281.45  230.16  2500.43
443  192  2025-06-10 20-53-07  1940.8  20305.7  -2279.25  230.246  2500.61
444  192  2025-06-10 20-53-07  1942.4  20317.3  -2277.05  230.332  2500.79
445  192  2025-06-10 20-53-07  1944  20329  -2274.86  230.419  2500.98
446  192  2025-06-10 20-53-07  1945.6  20340.6  -2272.66  230.505  2501.16
447  192  2025-06-10 20-53-07  1947.2  20352.3  -2270.47  230.591  2501.34
448  192  2025-06-10 20-53-07  1948.8  20363.9  -2268.27  230.678  2501.53
449  192  2025-06-10 20-53-07  1950.4  20375.6  -2266.08  230.764  2501.71
450  192  2025-06-10 20-53-07  1952  20387.3  -2263.89  230.85  2501.89
451  192  2025-06-10 20-53-07  1953.6  20399  -2261.69  230.937  2502.07
452  192  2025-06-10 20-53-07  1955.2  20410.7  -2259.5  231.023  2502.26
453  192  2025-06-10 20-53-07  1956.8  20422.4  -2257.31  231.109  2502.44
454  192  2025-06-10 20-53-07  1958.4  20434.1  -2255.12  231.196  2502.62
455  192  2025-06-10 20-53-07  1960  20445.8  -2252.93  231.282  2502.8
456  192  2025-06-10 20-53-07  1961.6  20457.5  -2250.74  231.368  2502.98
457  192  2025-06-10 20-53-07  1963.2  20469.3  -2248.56  231.455  2503.16
458  192  2025-06-10 20-53-07  1964.8  20481  -2246.37  231.541  2503.34
459  192  2025-06-10 20-53-07  1966.4  20492.8  -2244.18  231.627  2503.52
460  192  2025-06-10 20-53-07  1968  20504.6  -2242  231.714  2503.7
461  192  2025-06-10 20-53-07  1969.6  20516.4  -2239.81  231.8  2503.88
462  192  2025-06-10 20-53-07  1971.2  20528.1  -2237.63  231.886  2504.06
463  192  2025-06-10 20-53-07  1972.8  20539.9  -2235.45  231.973  2504.24
464  192  2025-06-10 20-53-07  1974.4  20551.7  -2233.26  232.059  2504.42
465  192  2025-06-10 20-53-07  1976  20563.6  -2231.08  232.145  2504.6
466  192  2025-06-10 20-53-07  1977.6  20575.4  -2228.9  232.232  2504.77
467  192  2025-06-10 20-53-07  1979.2  20587.2  -2226.72  232.318  2504.95
468  192  2025-06-10 20-53-07  1980.8  20599.1  -2224.54  232.404  2505.13
469  192  2025-06-10 20-53-07  1982.4  20610.9  -2222.36  232.491  2505.31
470  192  2025-06-10 20-53-07  1984  20622.8  -2220.18  232.577  2505.49
471  192  2025-06-10 20-53-07  1985.6  20634.6  -2218.01  232.663  2505.66
472  192  2025-06-10 20-53-07  1987.2  20646.5  -2215.83  232.75  2505.84
473  192  2025-06-10 20-53-07  1988.8  20658.4  -2213.65  232.836  2506.02
474  192  2025-06-10 20-53-07  1990.4  20670.3  -2211.48  232.922  2506.19
475  192  2025-06-10 20-53-07  1992  20682.2  -2209.3  233.009  2506.37
476  192  2025-06-10 20-53-07  1993.6  20694.1  -2207.13  233.095  2506.55
477  192  2025-06-10 20-53-07  1995.2  20706  -2204.96  233.181  2506.72
478  192  2025-06-10 20-53-07  1996.8  20718  -2202.79  233.268  2506.9
479  192  2025-06-10 20-53-07  1998.4  20729.9  -2200.61  233.354  2507.07
480  192  2025-06-10 20-53-07  2000  20741.9  -2198.44  233.44  2507.25
481  192  2025-06-10 20-53-07  2001.6  20753.8  -2196.27  233.527  2507.42
482  192  2025-06-10 20-53-07  2003.2  20765.8  -2194.1  233.613  2507.6
483  192  2025-06-10 20-53-07  2004.8  20777.8  -2191.94  233.699  2507.77
484  192  2025-06-10 20-53-07  2006.4  20789.7  -2189.77  233.786  2507.95
485  192  2025-06-10 20-53-07  2008  20801.7  -2187.6  233.872  2508.12
486  192  2025-06-10 20-53-07  2009.6  20813.7  -2185.43  233.958  2508.3
487  192  2025-06-10 20-53-07  2011.2  20825.7  -2183.27  234.045  2508.47
488  192  2025-06-10 20-53-07  2012.8  20837.8  -2181.1  234.131  2508.64
489  192  2025-06-10 20-53-07  2014.4  20849.8  -2178.94  234.217  2508.82
490  192  2025-06-10 20-53-07  2016  20861.8  -2176.78  234.304  2508.99
491  192  2025-06-10 20-53-07  2017.6  20873.9  -2174.61  234.39  2509.16
492  192  2025-06-10 20-53-07  2019.2  20885.9  -2172.45  234.476  2509.34
493  192  2025-06-10 20-53-07  2020.8  20898  -2170.29  234.563  2509.51
494  192  2025-06-10 20-53-07  2022.4  20910.1  -2168.13  234.649  2509.68
495  192  2025-06-10 20-53-07  2024  20922.1  -2165.97  234.735  2509.85
496  192  2025-06-10 20-53-07  2025.6  20934.2  -2163.81  234.822  2510.03
497  192  2025-06-10 20-53-07  2027.2  20946.3  -2161.65  234.908  2510.2
498  192  2025-06-10 20-53-07  2028.8  20958.4  -2159.5  234.994  2510.37
499  192  2025-06-10 20-53-07  2030.4  20970.6  -2157.34  235.081  2510.54
500  192  2025-06-10 20-53-07  2032  20982.7  -2155.18  235.167  2510.71
501  192  2025-06-10 20-53-07  2033.6  20994.8  -2153.03  235.253  2510.88
502  192  2025-06-10 20-53-07  2035.2  21007  -2150.88  235.34  2511.05
503  192  2025-06-10 20-53-07  2036.8  21019.1  -2148.72  235.426  2511.22
504  192  2025-06-10 20-53-07  2038.4  21031.3  -2146.57  235.512  2511.39
505  192  2025-06-10 20-53-07  2040  21043.5  -2144.42  235.599  2511.56
506  192  2025-06-10 20-53-07  2041.6  21055.6  -2142.27  235.685  2511.73
507  192  2025-06-10 20-53-07  2043.2  21067.8  -2140.12  235.771  2511.9
508  192  2025-06-10 20-53-07  2044.8  21080  -2137.97  235.858  2512.07
509  192  2025-06-10 20-53-07  2046.4  21092.2  -2135.82  235.944  2512.24
510  192  2025-06-10 20-53-07  2048  21104.4  -2133.67  236.03  2512.41
