SN    USVID    CurTime    simTime    CurX    CurY    CurVel      CurYaw   
0  160  2025-06-09 22-11-06  0  2440  -14512  192  2672
1  160  2025-06-09 22-11-06  1.6  2448.01  -14512.1  192.058  2681.7
2  160  2025-06-09 22-11-06  3.2  2456.02  -14512.3  192.115  2691.49
3  160  2025-06-09 22-11-06  4.8  2464.03  -14512.5  192.173  2701.38
4  160  2025-06-09 22-11-06  6.4  2472.04  -14512.9  192.23  2711.36
5  160  2025-06-09 22-11-06  8  2480.06  -14513.3  192.288  2721.44
6  160  2025-06-09 22-11-06  9.6  2488.08  -14513.8  192.345  2731.62
7  160  2025-06-09 22-11-06  11.2  2496.1  -14514.4  192.403  2741.89
8  160  2025-06-09 22-11-06  12.8  2504.11  -14515.1  192.46  2752.26
9  160  2025-06-09 22-11-06  14.4  2512.12  -14515.9  192.518  2762.72
10  160  2025-06-09 22-11-06  128  2520.13  -14516.8  192.576  2773.28
11  160  2025-06-09 22-11-06  129.6  2528.13  -14517.8  192.633  2783.94
12  160  2025-06-09 22-11-06  131.2  2536.13  -14518.9  192.691  2794.69
13  160  2025-06-09 22-11-06  132.8  2544.12  -14520  192.748  2805.54
14  160  2025-06-09 22-11-06  134.4  2552.1  -14521.3  192.806  2816.48
15  160  2025-06-09 22-11-06  136  2560.1  -14522.5  192.863  2809.74
16  160  2025-06-09 22-11-06  137.6  2568.08  -14523.8  192.921  2820.7
17  160  2025-06-09 22-11-06  139.2  2576.08  -14525.1  192.978  2813.98
18  160  2025-06-09 22-11-06  140.8  2584.1  -14526.3  193.036  2807.18
19  160  2025-06-09 22-11-06  142.4  2592.11  -14527.6  193.094  2818.08
20  160  2025-06-09 22-11-06  144  2600.13  -14528.8  193.151  2811.3
21  160  2025-06-09 22-11-06  145.6  2608.14  -14530.1  193.209  2822.21
22  160  2025-06-09 22-11-06  147.2  2616.17  -14531.4  193.266  2815.44
23  160  2025-06-09 22-11-06  148.8  2624.21  -14532.6  193.324  2808.59
24  160  2025-06-09 22-11-06  150.4  2632.24  -14533.9  193.381  2819.44
25  160  2025-06-09 22-11-06  152  2640.29  -14535.1  193.439  2812.61
26  160  2025-06-09 22-11-06  153.6  2648.33  -14536.5  193.496  2823.47
27  160  2025-06-09 22-11-06  155.2  2656.38  -14537.7  193.554  2816.66
28  160  2025-06-09 22-11-06  156.8  2664.45  -14539  193.612  2809.76
29  160  2025-06-09 22-11-06  158.4  2672.51  -14540.3  193.669  2820.56
30  160  2025-06-09 22-11-06  160  2680.59  -14541.5  193.727  2813.68
31  160  2025-06-09 22-11-06  161.6  2688.68  -14542.7  193.784  2806.72
32  160  2025-06-09 22-11-06  163.2  2696.76  -14544  193.842  2817.46
33  160  2025-06-09 22-11-06  164.8  2704.86  -14545.3  193.899  2810.51
34  160  2025-06-09 22-11-06  166.4  2712.94  -14546.6  193.957  2821.26
35  160  2025-06-09 22-11-06  168  2721.05  -14547.9  194.014  2814.34
36  160  2025-06-09 22-11-06  169.6  2729.16  -14549.1  194.072  2807.33
37  160  2025-06-09 22-11-06  171.2  2737.27  -14550.4  194.13  2818.02
38  160  2025-06-09 22-11-06  172.8  2745.4  -14551.6  194.187  2811.02
39  160  2025-06-09 22-11-06  174.4  2753.51  -14553  194.245  2821.73
40  160  2025-06-09 22-11-06  176  2761.64  -14554.2  194.302  2814.75
41  160  2025-06-09 22-11-06  177.6  2769.79  -14555.4  194.36  2807.7
42  160  2025-06-09 22-11-06  179.2  2777.93  -14556.8  194.417  2818.34
43  160  2025-06-09 22-11-06  180.8  2786.08  -14558  194.475  2811.3
44  160  2025-06-09 22-11-06  182.4  2794.22  -14559.3  194.532  2821.95
45  160  2025-06-09 22-11-06  184  2802.38  -14560.6  194.59  2814.93
46  160  2025-06-09 22-11-06  185.6  2810.55  -14561.9  194.648  2807.82
47  160  2025-06-09 22-11-06  187.2  2818.72  -14563.2  194.705  2818.42
48  160  2025-06-09 22-11-06  188.8  2826.9  -14564.4  194.763  2811.33
49  160  2025-06-09 22-11-06  190.4  14035.1  -14565.8  194.82  2821.94
50  160  2025-06-09 22-11-06  192  14043.3  -14567.1  194.878  2814.86
51  160  2025-06-09 22-11-06  193.6  14051.5  -14568.3  194.935  2807.71
52  160  2025-06-09 22-11-06  195.2  14059.7  -14569.6  194.993  2818.26
53  160  2025-06-09 22-11-06  196.8  14067.9  -14570.9  195.05  2811.12
54  160  2025-06-09 22-11-06  198.4  14076.1  -14572.2  195.108  2821.68
55  160  2025-06-09 22-11-06  200  14084.3  -14573.5  195.166  2814.56
56  160  2025-06-09 22-11-06  201.6  14092.5  -14574.7  195.223  2807.36
57  160  2025-06-09 22-11-06  203.2  14100.7  -14576  195.281  2817.86
58  160  2025-06-09 22-11-06  204.8  14109  -14577.3  195.338  2810.67
59  160  2025-06-09 22-11-06  206.4  14117.2  -14578.6  195.396  2821.18
60  160  2025-06-09 22-11-06  208  14125.5  -14579.9  195.453  2814.02
61  160  2025-06-09 22-11-06  209.6  14133.7  -14581.3  195.511  2824.54
62  160  2025-06-09 22-11-06  211.2  14141.9  -14582.6  195.568  2817.39
63  160  2025-06-09 22-11-06  212.8  14150.2  -14583.9  195.626  2810.16
64  160  2025-06-09 22-11-06  214.4  14158.5  -14585.2  195.684  2820.62
65  160  2025-06-09 22-11-06  216  14166.7  -14586.5  195.741  2813.41
66  160  2025-06-09 22-11-06  217.6  14175  -14587.9  195.799  2823.89
67  160  2025-06-09 22-11-06  219.2  14183.3  -14589.2  195.856  2816.69
68  160  2025-06-09 22-11-06  220.8  14191.6  -14590.5  195.914  2809.41
69  160  2025-06-09 22-11-06  222.4  14199.9  -14591.8  195.971  2819.82
70  160  2025-06-09 22-11-06  224  14208.2  -14593.1  196.029  2812.56
71  160  2025-06-09 22-11-06  225.6  14216.5  -14594.5  196.086  2822.99
72  160  2025-06-09 22-11-06  227.2  14224.8  -14595.8  196.144  2815.74
73  160  2025-06-09 22-11-06  228.8  14233.1  -14597.1  196.202  2808.42
74  160  2025-06-09 22-11-06  230.4  14241.4  -14598.4  196.259  2818.78
75  160  2025-06-09 22-11-06  232  14249.8  -14599.7  196.317  2811.47
76  160  2025-06-09 22-11-06  233.6  14258.1  -14601  196.374  2821.86
77  160  2025-06-09 22-11-06  235.2  14266.4  -14602.4  196.432  2814.56
78  160  2025-06-09 22-11-06  236.8  14274.8  -14603.8  196.489  2824.96
79  160  2025-06-09 22-11-06  238.4  14283.1  -14605.1  196.547  2817.68
80  160  2025-06-09 22-11-06  240  14291.5  -14606.4  196.604  2810.32
81  160  2025-06-09 22-11-06  241.6  14299.8  -14607.7  196.662  2820.66
82  160  2025-06-09 22-11-06  243.2  14308.2  -14609  196.72  2813.31
83  160  2025-06-09 22-11-06  244.8  14316.6  -14610.4  196.777  2823.66
84  160  2025-06-09 22-11-06  246.4  14324.9  -14611.8  196.835  2816.34
85  160  2025-06-09 22-11-06  248  14333.3  -14613  196.892  2808.93
86  160  2025-06-09 22-11-06  249.6  14341.7  -14614.4  196.95  2819.22
87  160  2025-06-09 22-11-06  251.2  14350.1  -14615.7  197.007  2811.82
88  160  2025-06-09 22-11-06  252.8  14358.5  -14617.1  197.065  2822.13
89  160  2025-06-09 22-11-06  254.4  14366.9  -14618.4  197.122  2814.75
90  160  2025-06-09 22-11-06  256  14375.3  -14619.8  197.18  2825.07
91  160  2025-06-09 22-11-06  257.6  14383.7  -14621.1  197.238  2817.71
92  160  2025-06-09 22-11-06  259.2  14392.2  -14622.4  197.295  2810.27
93  160  2025-06-09 22-11-06  260.8  14400.6  -14623.8  197.353  2820.53
94  160  2025-06-09 22-11-06  262.4  14409  -14625.1  197.41  2813.1
95  160  2025-06-09 22-11-06  264  14417.5  -14626.5  197.468  2823.38
96  160  2025-06-09 22-11-06  265.6  14425.9  -14627.9  197.525  2815.97
97  160  2025-06-09 22-11-06  267.2  14434.3  -14629.3  197.583  2826.26
98  160  2025-06-09 22-11-06  268.8  14442.8  -14630.7  197.641  2818.86
99  160  2025-06-09 22-11-06  270.4  14451.3  -14632  197.698  2811.39
100  160  2025-06-09 22-11-06  1392  14459.7  -14633.3  197.756  2821.62
101  160  2025-06-09 22-11-06  1393.6  14468.2  -14634.7  197.813  2814.16
102  160  2025-06-09 22-11-06  1395.2  14476.7  -14636.1  197.871  2824.4
103  160  2025-06-09 22-11-06  1396.8  14485.2  -14637.4  197.928  2816.96
104  160  2025-06-09 22-11-06  1398.4  14493.7  -14638.7  197.986  2809.44
105  160  2025-06-09 22-11-06  1400  14502.2  -14640.1  198.043  2819.62
106  160  2025-06-09 22-11-06  1401.6  14510.7  -14641.4  198.101  2812.11
107  160  2025-06-09 22-11-06  1403.2  14519.2  -14642.8  198.159  2822.3
108  160  2025-06-09 22-11-06  1404.8  14527.7  -14644.2  198.216  2814.82
109  160  2025-06-09 22-11-06  1406.4  14536.2  -14645.6  198.274  2825.02
110  160  2025-06-09 22-11-06  1408  14544.7  -14647  198.331  2817.55
111  160  2025-06-09 22-11-06  1409.6  14553.3  -14648.3  198.389  2810
112  160  2025-06-09 22-11-06  1411.2  14561.8  -14649.7  198.446  2820.14
113  160  2025-06-09 22-11-06  1412.8  14570.3  -14651  198.504  2812.61
114  160  2025-06-09 22-11-06  1414.4  14578.9  -14652.4  198.561  2822.77
115  160  2025-06-09 22-11-06  1416  14587.4  -14653.7  198.619  2815.25
116  160  2025-06-09 22-11-06  1417.6  14596  -14655.2  198.677  2825.42
117  160  2025-06-09 22-11-06  1419.2  14604.6  -14656.6  198.734  2817.92
118  160  2025-06-09 22-11-06  1420.8  14613.1  -14657.9  198.792  2810.34
119  160  2025-06-09 22-11-06  1422.4  14621.7  -14659.3  198.849  2820.45
120  160  2025-06-09 22-11-06  1424  14630.3  -14660.6  198.907  2812.88
121  160  2025-06-09 22-11-06  1425.6  14638.9  -14662  198.964  2823.01
122  160  2025-06-09 22-11-06  1427.2  14647.5  -14663.4  199.022  2815.46
123  160  2025-06-09 22-11-06  1428.8  14656.1  -14664.8  199.079  2825.6
124  160  2025-06-09 22-11-06  1430.4  14664.7  -14666.2  199.137  2818.06
125  160  2025-06-09 22-11-06  1432  14673.3  -14667.5  199.195  2810.45
126  160  2025-06-09 22-11-06  1433.6  14681.9  -14668.9  199.252  2820.53
127  160  2025-06-09 22-11-06  1435.2  14690.5  -14670.3  199.31  2812.93
128  160  2025-06-09 22-11-06  1436.8  14699.1  -14671.7  199.367  2823.02
129  160  2025-06-09 22-11-06  1438.4  14707.8  -14673.1  199.425  2815.44
130  160  2025-06-09 22-11-06  1440  14716.4  -14674.5  199.482  2825.55
131  160  2025-06-09 22-11-06  1441.6  14725  -14675.9  199.54  2817.98
132  160  2025-06-09 22-11-06  1443.2  14733.7  -14677.2  199.597  2810.34
133  160  2025-06-09 22-11-06  1444.8  14742.3  -14678.6  199.655  2820.38
134  160  2025-06-09 22-11-06  1446.4  14751  -14680  199.713  2812.75
135  160  2025-06-09 22-11-06  1448  14759.7  -14681.4  199.77  2822.82
136  160  2025-06-09 22-11-06  1449.6  14768.4  -14682.8  199.828  2815.2
137  160  2025-06-09 22-11-06  1451.2  14777  -14684.2  199.885  2825.28
138  160  2025-06-09 22-11-06  1452.8  14785.7  -14685.6  199.943  2817.68
139  160  2025-06-09 22-11-06  1454.4  14794.4  -14687  200  2810
140  160  2025-06-09 22-11-06  1456  14803.1  -14688.4  200.058  2820.02
141  160  2025-06-09 22-11-06  1457.6  14811.8  -14689.7  200.115  2812.35
142  160  2025-06-09 22-11-06  1459.2  14820.5  -14691.2  200.173  2822.38
143  160  2025-06-09 22-11-06  1460.8  14829.2  -14692.5  200.231  2814.74
144  160  2025-06-09 22-11-06  1462.4  14837.9  -14694  200.288  2824.78
145  160  2025-06-09 22-11-06  1464  14846.6  -14695.4  200.346  2817.15
146  160  2025-06-09 22-11-06  1465.6  14855.4  -14696.9  200.403  2827.22
147  160  2025-06-09 22-11-06  1467.2  14864.1  -14698.3  200.461  2819.6
148  160  2025-06-09 22-11-06  1468.8  14872.8  -14699.6  200.518  2811.9
149  160  2025-06-09 22-11-06  1470.4  14881.6  -14701.1  200.576  2821.9
150  160  2025-06-09 22-11-06  1472  14890.3  -14702.4  200.633  2814.22
151  160  2025-06-09 22-11-06  1473.6  14899.1  -14703.9  200.691  2824.24
152  160  2025-06-09 22-11-06  1475.2  14907.8  -14705.3  200.749  2816.58
153  160  2025-06-09 22-11-06  1476.8  14916.6  -14706.8  200.806  2826.61
154  160  2025-06-09 22-11-06  1478.4  14925.4  -14708.2  200.864  2818.96
155  160  2025-06-09 22-11-06  1480  14934.2  -14709.6  200.921  2811.23
156  160  2025-06-09 22-11-06  1481.6  14942.9  -14711  200.979  2821.2
157  160  2025-06-09 22-11-06  1483.2  14951.7  -14712.4  201.036  2813.49
158  160  2025-06-09 22-11-06  1484.8  14960.5  -14713.8  201.094  2823.47
159  160  2025-06-09 22-11-06  1486.4  14969.3  -14715.2  201.151  2815.78
160  160  2025-06-09 22-11-06  1488  14978.1  -14716.7  201.209  2825.78
161  160  2025-06-09 22-11-06  1489.6  14986.9  -14718.1  201.267  2818.1
162  160  2025-06-09 22-11-06  1491.2  14995.8  -14719.5  201.324  2810.34
163  160  2025-06-09 22-11-06  1492.8  15004.6  -14720.9  201.382  2820.27
164  160  2025-06-09 22-11-06  1494.4  15013.4  -14722.3  201.439  2812.53
165  160  2025-06-09 22-11-06  1496  15022.3  -14723.7  201.497  2822.48
166  160  2025-06-09 22-11-06  1497.6  15031.1  -14725.1  201.554  2814.75
167  160  2025-06-09 22-11-06  1499.2  15040  -14726.6  201.612  2824.72
168  160  2025-06-09 22-11-06  1500.8  15048.8  -14728  201.669  2817.01
169  160  2025-06-09 22-11-06  1502.4  15057.7  -14729.5  201.727  2826.99
170  160  2025-06-09 22-11-06  1504  15066.5  -14731  201.785  2819.3
171  160  2025-06-09 22-11-06  1505.6  15075.4  -14732.3  201.842  2811.52
172  160  2025-06-09 22-11-06  1507.2  15084.3  -14733.8  201.9  2821.44
173  160  2025-06-09 22-11-06  1508.8  15093.2  -14735.2  201.957  2813.68
174  160  2025-06-09 22-11-06  1510.4  15102  -14736.7  202.015  2823.62
175  160  2025-06-09 22-11-06  1512  15110.9  -14738.1  202.072  2815.87
176  160  2025-06-09 22-11-06  1513.6  15119.8  -14739.6  202.13  2825.82
177  160  2025-06-09 22-11-06  1515.2  15128.7  -14741  202.187  2818.1
178  160  2025-06-09 22-11-06  1516.8  15137.6  -14742.4  202.245  2810.29
179  160  2025-06-09 22-11-06  1518.4  15146.6  -14743.8  202.303  2820.18
180  160  2025-06-09 22-11-06  1520  15155.5  -14745.2  202.36  2812.38
181  160  2025-06-09 22-11-06  1521.6  15164.4  -14746.7  202.418  2822.29
182  160  2025-06-09 22-11-06  1523.2  15173.3  -14748.1  202.475  2814.51
183  160  2025-06-09 22-11-06  1524.8  15182.3  -14749.6  202.533  2824.43
184  160  2025-06-09 22-11-06  1526.4  15191.2  -14751  202.59  2816.67
185  160  2025-06-09 22-11-06  1528  15200.2  -14752.5  202.648  2826.61
186  160  2025-06-09 22-11-06  1529.6  15209.1  -14754  202.705  2818.86
187  160  2025-06-09 22-11-06  1531.2  15218.1  -14755.3  202.763  2811.04
188  160  2025-06-09 22-11-06  1532.8  15227  -14756.8  202.821  2820.91
189  160  2025-06-09 22-11-06  1534.4  15236  -14758.2  202.878  2813.1
190  160  2025-06-09 22-11-06  1536  15245  -14759.7  202.936  2822.99
191  160  2025-06-09 22-11-06  1537.6  15254  -14761.1  202.993  2815.2
192  160  2025-06-09 22-11-06  1539.2  15263  -14762.6  203.051  2825.1
193  160  2025-06-09 22-11-06  1540.8  15272  -14764.1  203.108  2817.33
194  160  2025-06-09 22-11-06  1542.4  15280.9  -14765.6  203.166  2827.25
195  160  2025-06-09 22-11-06  1544  15289.9  -14767.1  203.223  2819.49
196  160  2025-06-09 22-11-06  1545.6  15299  -14768.4  203.281  2811.65
197  160  2025-06-09 22-11-06  1547.2  15308  -14769.9  203.339  2821.5
198  160  2025-06-09 22-11-06  1548.8  15317  -14771.3  203.396  2813.68
199  160  2025-06-09 22-11-06  1550.4  15326  -14772.8  203.454  2823.55
200  160  2025-06-09 22-11-06  1552  15335.1  -14774.3  203.511  2815.74
201  160  2025-06-09 22-11-06  1553.6  15344.1  -14775.8  203.569  2825.63
202  160  2025-06-09 22-11-06  1555.2  15353.2  -14777.2  203.626  2817.84
203  160  2025-06-09 22-11-06  1556.8  15362.2  -14778.8  203.684  2827.74
204  160  2025-06-09 22-11-06  1558.4  15371.2  -14780.3  203.741  2819.97
205  160  2025-06-09 22-11-06  1560  15380.3  -14781.7  203.799  2812.11
206  160  2025-06-09 22-11-06  1561.6  15389.4  -14783.2  203.857  2821.95
207  160  2025-06-09 22-11-06  1563.2  15398.5  -14784.6  203.914  2814.11
208  160  2025-06-09 22-11-06  1564.8  15407.5  -14786.1  203.972  2823.97
209  160  2025-06-09 22-11-06  1566.4  15416.6  -14787.5  204.029  2816.14
210  160  2025-06-09 22-11-06  1568  15425.7  -14789.1  204.087  2826.02
211  160  2025-06-09 22-11-06  1569.6  15434.8  -14790.5  204.144  2818.21
212  160  2025-06-09 22-11-06  1571.2  15443.9  -14792.1  204.202  2828.1
213  160  2025-06-09 22-11-06  1572.8  15453  -14793.6  204.259  2820.3
214  160  2025-06-09 22-11-06  1574.4  15462.1  -14795  204.317  2812.43
215  160  2025-06-09 22-11-06  1576  15471.2  -14796.5  204.375  2822.26
216  160  2025-06-09 22-11-06  1577.6  15480.4  -14797.9  204.432  2814.4
217  160  2025-06-09 22-11-06  1579.2  15489.5  -14799.5  204.49  2824.24
218  160  2025-06-09 22-11-06  1580.8  15498.6  -14800.9  204.547  2816.4
219  160  2025-06-09 22-11-06  1582.4  15507.7  -14802.5  204.605  2826.26
220  160  2025-06-09 22-11-06  1584  15516.9  -14803.9  204.662  2818.43
221  160  2025-06-09 22-11-06  1585.6  15526.1  -14805.3  204.72  2810.53
222  160  2025-06-09 22-11-06  1587.2  15535.2  -14806.8  204.777  2820.32
223  160  2025-06-09 22-11-06  1588.8  15544.4  -14808.2  204.835  2812.43
224  160  2025-06-09 22-11-06  1590.4  15553.6  -14809.8  204.893  2822.24
225  160  2025-06-09 22-11-06  1592  15562.7  -14811.2  204.95  2814.37
226  160  2025-06-09 22-11-06  1593.6  15571.9  -14812.7  205.008  2824.19
227  160  2025-06-09 22-11-06  1595.2  15581.1  -14814.2  205.065  2816.34
228  160  2025-06-09 22-11-06  1596.8  15590.3  -14815.8  205.123  2826.18
229  160  2025-06-09 22-11-06  1598.4  15599.5  -14817.2  205.18  2818.34
230  160  2025-06-09 22-11-06  1600  15608.7  -14818.6  205.238  2810.42
231  160  2025-06-09 22-11-06  1601.6  15617.9  -14820.1  205.295  2820.19
232  160  2025-06-09 22-11-06  1603.2  15627.1  -14821.6  205.353  2812.29
233  160  2025-06-09 22-11-06  1604.8  15636.4  -14823.1  205.411  2822.08
234  160  2025-06-09 22-11-06  1606.4  15645.6  -14824.5  205.468  2814.19
235  160  2025-06-09 22-11-06  1608  15654.8  -14826.1  205.526  2824
236  160  2025-06-09 22-11-06  1609.6  15664.1  -14827.5  205.583  2816.13
237  160  2025-06-09 22-11-06  1611.2  15673.3  -14829.1  205.641  2825.95
238  160  2025-06-09 22-11-06  1612.8  15682.5  -14830.6  205.698  2818.1
239  160  2025-06-09 22-11-06  1614.4  15691.8  -14832.2  205.756  2827.94
240  160  2025-06-09 22-11-06  1616  15701  -14833.7  205.813  2820.1
241  160  2025-06-09 22-11-06  1617.6  15710.3  -14835.1  205.871  2812.18
242  160  2025-06-09 22-11-06  1619.2  15719.6  -14836.6  205.929  2821.95
243  160  2025-06-09 22-11-06  1620.8  15728.9  -14838.1  205.986  2814.05
244  160  2025-06-09 22-11-06  1622.4  15738.1  -14839.6  206.044  2823.84
245  160  2025-06-09 22-11-06  1624  15747.4  -14841.1  206.101  2815.95
246  160  2025-06-09 22-11-06  1625.6  15756.7  -14842.7  206.159  2825.76
247  160  2025-06-09 22-11-06  1627.2  15766  -14844.2  206.216  2817.89
248  160  2025-06-09 22-11-06  1628.8  15775.3  -14845.8  206.274  2827.71
249  160  2025-06-09 22-11-06  1630.4  15784.6  -14847.3  206.331  2819.86
250  160  2025-06-09 22-11-06  1632  15794  -14848.7  206.389  2811.92
251  160  2025-06-09 22-11-06  1633.6  15803.3  -14850.3  206.447  2821.68
252  160  2025-06-09 22-11-06  1635.2  15812.6  -14851.7  206.504  2813.76
253  160  2025-06-09 22-11-06  1636.8  15821.9  -14853.3  206.562  2823.54
254  160  2025-06-09 22-11-06  1638.4  15831.3  -14854.8  206.619  2815.63
255  160  2025-06-09 22-11-06  1640  15840.6  -14856.3  206.677  2825.42
256  160  2025-06-09 22-11-06  1641.6  15850  -14857.8  206.734  2817.54
257  160  2025-06-09 22-11-06  1643.2  15859.3  -14859.4  206.792  2827.34
258  160  2025-06-09 22-11-06  1644.8  15868.7  -14860.9  206.849  2819.47
259  160  2025-06-09 22-11-06  1646.4  15878.1  -14862.4  206.907  2811.52
260  160  2025-06-09 22-11-06  1648  15887.4  -14863.9  206.965  2821.26
261  160  2025-06-09 22-11-06  1649.6  15896.8  -14865.4  207.022  2813.33
262  160  2025-06-09 22-11-06  1651.2  15906.2  -14866.9  207.08  2823.09
263  160  2025-06-09 22-11-06  1652.8  15915.6  -14868.4  207.137  2815.17
264  160  2025-06-09 22-11-06  1654.4  15925  -14870  207.195  2824.94
265  160  2025-06-09 22-11-06  1656  15934.4  -14871.5  207.252  2817.04
266  160  2025-06-09 22-11-06  1657.6  15943.8  -14873.1  207.31  2826.83
267  160  2025-06-09 22-11-06  1659.2  15953.2  -14874.6  207.367  2818.94
268  160  2025-06-09 22-11-06  1660.8  15962.6  -14876.1  207.425  2810.98
269  160  2025-06-09 22-11-06  1662.4  15972.1  -14877.6  207.483  2820.7
270  160  2025-06-09 22-11-06  1664  15981.5  -14879.1  207.54  2812.75
271  160  2025-06-09 22-11-06  1665.6  15990.9  -14880.6  207.598  2822.5
272  160  2025-06-09 22-11-06  1667.2  16000.4  -14882.1  207.655  2814.56
273  160  2025-06-09 22-11-06  1668.8  16009.8  -14883.7  207.713  2824.32
274  160  2025-06-09 22-11-06  1670.4  16019.3  -14885.2  207.77  2816.4
275  160  2025-06-09 22-11-06  1672  16028.7  -14886.8  207.828  2826.18
276  160  2025-06-09 22-11-06  1673.6  16038.2  -14888.3  207.885  2818.27
277  160  2025-06-09 22-11-06  1675.2  16047.7  -14889.8  207.943  2810.29
278  160  2025-06-09 22-11-06  1676.8  16057.2  -14891.3  208.001  2820
279  160  2025-06-09 22-11-06  1678.4  16066.7  -14892.8  208.058  2812.03
280  160  2025-06-09 22-11-06  1680  16076.1  -14894.3  208.116  2821.76
281  160  2025-06-09 22-11-06  1681.6  16085.6  -14895.8  208.173  2813.81
282  160  2025-06-09 22-11-06  1683.2  16095.1  -14897.4  208.231  2823.55
283  160  2025-06-09 22-11-06  1684.8  16104.6  -14898.9  208.288  2815.62
284  160  2025-06-09 22-11-06  1686.4  16114.1  -14900.5  208.346  2825.38
285  160  2025-06-09 22-11-06  1688  16123.7  -14902  208.404  2817.46
286  160  2025-06-09 22-11-06  1689.6  16133.2  -14903.7  208.461  2827.23
287  160  2025-06-09 22-11-06  1691.2  16142.7  -14905.2  208.519  2819.33
288  160  2025-06-09 22-11-06  1692.8  16152.2  -14906.7  208.576  2811.34
289  160  2025-06-09 22-11-06  1694.4  16161.8  -14908.2  208.634  2821.06
290  160  2025-06-09 22-11-06  1696  16171.3  -14909.7  208.691  2813.09
291  160  2025-06-09 22-11-06  1697.6  16180.9  -14911.3  208.749  2822.82
292  160  2025-06-09 22-11-06  1699.2  16190.4  -14912.8  208.806  2814.86
293  160  2025-06-09 22-11-06  1700.8  16200  -14914.4  208.864  2824.61
294  160  2025-06-09 22-11-06  1702.4  16209.6  -14915.9  208.922  2816.67
295  160  2025-06-09 22-11-06  1704  16219.1  -14917.6  208.979  2826.43
296  160  2025-06-09 22-11-06  1705.6  16228.7  -14919.1  209.037  2818.51
297  160  2025-06-09 22-11-06  1707.2  16238.3  -14920.6  209.094  2810.51
298  160  2025-06-09 22-11-06  1708.8  16247.9  -14922.1  209.152  2820.21
299  160  2025-06-09 22-11-06  1710.4  16257.5  -14923.6  209.209  2812.22
300  160  2025-06-09 22-11-06  1712  16267.1  -14925.2  209.267  2821.94
301  160  2025-06-09 22-11-06  1713.6  16276.7  -14926.7  209.324  2813.97
302  160  2025-06-09 22-11-06  1715.2  16286.3  -14928.3  209.382  2823.7
303  160  2025-06-09 22-11-06  1716.8  16295.9  -14929.8  209.44  2815.74
304  160  2025-06-09 22-11-06  1718.4  16305.6  -14931.4  209.497  2825.49
305  160  2025-06-09 22-11-06  1720  16315.2  -14933  209.555  2817.55
306  160  2025-06-09 22-11-06  1721.6  16324.8  -14934.6  209.612  2827.31
307  160  2025-06-09 22-11-06  1723.2  16334.5  -14936.2  209.67  2819.39
308  160  2025-06-09 22-11-06  1724.8  16344.1  -14937.7  209.727  2811.39
309  160  2025-06-09 22-11-06  1726.4  16353.8  -14939.3  209.785  2821.09
310  160  2025-06-09 22-11-06  1728  16363.4  -14940.8  209.842  2813.1
311  160  2025-06-09 22-11-06  1729.6  16373.1  -14942.4  209.9  2822.82
312  160  2025-06-09 22-11-06  1731.2  16382.8  -14943.9  209.958  2814.85
313  160  2025-06-09 22-11-06  1732.8  16392.4  -14945.5  210.015  2824.58
314  160  2025-06-09 22-11-06  1734.4  16402.1  -14947  210.073  2816.62
315  160  2025-06-09 22-11-06  1736  16411.8  -14948.7  210.13  2826.37
316  160  2025-06-09 22-11-06  1737.6  16421.5  -14950.2  210.188  2818.43
317  160  2025-06-09 22-11-06  1739.2  16431.2  -14951.7  210.245  2810.42
318  160  2025-06-09 22-11-06  1740.8  16440.9  -14953.3  210.303  2820.1
319  160  2025-06-09 22-11-06  1742.4  16450.6  -14954.8  210.36  2812.1
320  160  2025-06-09 22-11-06  1744  16460.3  -14956.4  210.418  2821.79
321  160  2025-06-09 22-11-06  1745.6  16470.1  -14957.9  210.476  2813.81
322  160  2025-06-09 22-11-06  1747.2  16479.8  -14959.5  210.533  2823.52
323  160  2025-06-09 22-11-06  1748.8  16489.5  -14961.1  210.591  2815.55
324  160  2025-06-09 22-11-06  1750.4  16499.2  -14962.7  210.648  2825.28
325  160  2025-06-09 22-11-06  1752  16509  -14964.3  210.706  2817.33
326  160  2025-06-09 22-11-06  1753.6  16518.7  -14965.9  210.763  2827.07
327  160  2025-06-09 22-11-06  1755.2  16528.5  -14967.5  210.821  2819.14
328  160  2025-06-09 22-11-06  1756.8  16538.3  -14969  210.878  2811.12
329  160  2025-06-09 22-11-06  1758.4  16548  -14970.6  210.936  2820.8
330  160  2025-06-09 22-11-06  1760  16557.8  -14972.1  210.994  2812.8
331  160  2025-06-09 22-11-06  1761.6  16567.6  -14973.8  211.051  2822.5
332  160  2025-06-09 22-11-06  1763.2  16577.4  -14975.3  211.109  2814.51
333  160  2025-06-09 22-11-06  1764.8  16587.1  -14976.9  211.166  2824.22
334  160  2025-06-09 22-11-06  1766.4  16596.9  -14978.5  211.224  2816.26
335  160  2025-06-09 22-11-06  1768  16606.7  -14980.1  211.281  2825.98
336  160  2025-06-09 22-11-06  1769.6  16616.5  -14981.7  211.339  2818.03
337  160  2025-06-09 22-11-06  1771.2  16626.4  -14983.2  211.396  2810
338  160  2025-06-09 22-11-06  1772.8  16636.2  -14984.8  211.454  2819.66
339  160  2025-06-09 22-11-06  1774.4  16646  -14986.3  211.512  2811.65
340  160  2025-06-09 22-11-06  1776  16655.8  -14987.9  211.569  2821.33
341  160  2025-06-09 22-11-06  1777.6  16665.7  -14989.5  211.627  2813.33
342  160  2025-06-09 22-11-06  1779.2  16675.5  -14991.1  211.684  2823.02
343  160  2025-06-09 22-11-06  1780.8  16685.4  -14992.6  211.742  2815.04
344  160  2025-06-09 22-11-06  1782.4  16695.2  -14994.3  211.799  2824.75
345  160  2025-06-09 22-11-06  1784  16705.1  -14995.9  211.857  2816.78
346  160  2025-06-09 22-11-06  1785.6  16714.9  -14997.5  211.914  2826.51
347  160  2025-06-09 22-11-06  1787.2  16724.8  -14999.1  211.972  2818.56
348  160  2025-06-09 22-11-06  1788.8  16734.7  -15000.6  212.03  2810.53
349  160  2025-06-09 22-11-06  1790.4  16744.6  -15002.2  212.087  2820.19
350  160  2025-06-09 22-11-06  1792  16754.5  -15003.8  212.145  2812.18
351  160  2025-06-09 22-11-06  1793.6  16764.4  -15005.4  212.202  2821.86
352  160  2025-06-09 22-11-06  1795.2  16774.3  -15007  212.26  2813.86
353  160  2025-06-09 22-11-06  1796.8  16784.2  -15008.6  212.317  2823.55
354  160  2025-06-09 22-11-06  1798.4  16794.1  -15010.2  212.375  2815.57
355  160  2025-06-09 22-11-06  1800  16804  -15011.8  212.432  2825.28
356  160  2025-06-09 22-11-06  1801.6  16813.9  -15013.4  212.49  2817.31
357  160  2025-06-09 22-11-06  1803.2  16823.8  -15015.1  212.548  2827.04
358  160  2025-06-09 22-11-06  1804.8  16833.7  -15016.7  212.605  2819.09
359  160  2025-06-09 22-11-06  1806.4  16843.7  -15018.2  212.663  2811.06
360  160  2025-06-09 22-11-06  1808  16853.6  -15019.9  212.72  2820.72
361  160  2025-06-09 22-11-06  1809.6  16863.6  -15021.4  212.778  2812.7
362  160  2025-06-09 22-11-06  1811.2  16873.5  -15023.1  212.835  2822.38
363  160  2025-06-09 22-11-06  1812.8  16883.5  -15024.6  212.893  2814.38
364  160  2025-06-09 22-11-06  1814.4  16893.5  -15026.3  212.95  2824.08
365  160  2025-06-09 22-11-06  1816  16903.4  -15027.9  213.008  2816.1
366  160  2025-06-09 22-11-06  1817.6  16913.4  -15029.6  213.066  2825.81
367  160  2025-06-09 22-11-06  1819.2  16923.4  -15031.2  213.123  2817.84
368  160  2025-06-09 22-11-06  1820.8  16933.4  -15032.7  213.181  2809.79
369  160  2025-06-09 22-11-06  1822.4  16943.4  -15034.3  213.238  2819.44
370  160  2025-06-09 22-11-06  1824  16953.4  -15035.8  213.296  2811.41
371  160  2025-06-09 22-11-06  1825.6  16963.4  -15037.5  213.353  2821.07
372  160  2025-06-09 22-11-06  1827.2  16973.4  -15039  213.411  2813.06
373  160  2025-06-09 22-11-06  1828.8  16983.4  -15040.7  213.468  2822.74
374  160  2025-06-09 22-11-06  1830.4  16993.5  -15042.3  213.526  2814.74
375  160  2025-06-09 22-11-06  1832  17003.5  -15043.9  213.584  2824.43
376  160  2025-06-09 22-11-06  1833.6  17013.5  -15045.5  213.641  2816.45
377  160  2025-06-09 22-11-06  1835.2  17023.5  -15047.2  213.699  2826.16
378  160  2025-06-09 22-11-06  1836.8  17033.6  -15048.9  213.756  2818.19
379  160  2025-06-09 22-11-06  1838.4  17043.7  -15050.4  213.814  2810.14
380  160  2025-06-09 22-11-06  1840  17053.7  -15052  213.871  2819.79
381  160  2025-06-09 22-11-06  1841.6  17063.8  -15053.6  213.929  2811.76
382  160  2025-06-09 22-11-06  1843.2  17073.8  -15055.2  213.986  2821.42
383  160  2025-06-09 22-11-06  1844.8  17083.9  -15056.8  214.044  2813.41
384  160  2025-06-09 22-11-06  1846.4  17094  -15058.5  214.102  2823.09
385  160  2025-06-09 22-11-06  1848  17104.1  -15060.1  214.159  2815.09
386  160  2025-06-09 22-11-06  1849.6  17114.2  -15061.7  214.217  2824.78
387  160  2025-06-09 22-11-06  1851.2  17124.3  -15063.4  214.274  2816.8
388  160  2025-06-09 22-11-06  1852.8  17134.4  -15064.9  214.332  2808.74
389  160  2025-06-09 22-11-06  1854.4  17144.5  -15066.5  214.389  2818.37
390  160  2025-06-09 22-11-06  1856  17154.6  -15068  214.447  2810.32
391  160  2025-06-09 22-11-06  1857.6  17164.7  -15069.7  214.504  2819.97
392  160  2025-06-09 22-11-06  1859.2  17174.9  -15071.3  214.562  2811.94
393  160  2025-06-09 22-11-06  1860.8  17185  -15072.9  214.62  2821.6
394  160  2025-06-09 22-11-06  1862.4  17195.2  -15074.5  214.677  2813.58
395  160  2025-06-09 22-11-06  1864  17205.3  -15076.2  214.735  2823.26
396  160  2025-06-09 22-11-06  1865.6  17215.4  -15077.8  214.792  2815.26
397  160  2025-06-09 22-11-06  1867.2  17225.6  -15079.5  214.85  2824.96
398  160  2025-06-09 22-11-06  1868.8  17235.7  -15081.1  214.907  2816.98
399  160  2025-06-09 22-11-06  1870.4  17245.9  -15082.6  214.965  2808.91
400  160  2025-06-09 22-11-06  1872  17256.1  -15084.3  215.022  2818.54
401  160  2025-06-09 22-11-06  1873.6  17266.3  -15085.8  215.08  2810.5
402  160  2025-06-09 22-11-06  1875.2  17276.5  -15087.5  215.138  2820.14
403  160  2025-06-09 22-11-06  1876.8  17286.7  -15089.1  215.195  2812.11
404  160  2025-06-09 22-11-06  1878.4  17296.9  -15090.7  215.253  2821.78
405  160  2025-06-09 22-11-06  1880  17307.1  -15092.3  215.31  2813.76
406  160  2025-06-09 22-11-06  1881.6  17317.3  -15094  215.368  2823.44
407  160  2025-06-09 22-11-06  1883.2  17327.5  -15095.6  215.425  2815.44
408  160  2025-06-09 22-11-06  1884.8  17337.7  -15097.4  215.483  2825.14
409  160  2025-06-09 22-11-06  1886.4  17347.9  -15099  215.54  2817.15
410  160  2025-06-09 22-11-06  1888  17358.2  -15100.5  215.598  2809.09
411  160  2025-06-09 22-11-06  1889.6  17368.4  -15102.2  215.656  2818.72
412  160  2025-06-09 22-11-06  1891.2  17378.6  -15103.8  215.713  2810.67
413  160  2025-06-09 22-11-06  1892.8  17388.9  -15105.4  215.771  2820.32
414  160  2025-06-09 22-11-06  1894.4  17399.1  -15107  215.828  2812.29
415  160  2025-06-09 22-11-06  1896  17409.4  -15108.7  215.886  2821.95
416  160  2025-06-09 22-11-06  1897.6  17419.7  -15110.3  215.943  2813.94
417  160  2025-06-09 22-11-06  1899.2  17429.9  -15112  216.001  2823.62
418  160  2025-06-09 22-11-06  1900.8  17440.2  -15113.6  216.058  2815.62
419  160  2025-06-09 22-11-06  1902.4  17450.5  -15115.2  216.116  2807.54
420  160  2025-06-09 22-11-06  1904  17460.8  -15116.8  216.174  2817.15
421  160  2025-06-09 22-11-06  1905.6  17471.1  -15118.4  216.231  2809.09
422  160  2025-06-09 22-11-06  1907.2  17481.4  -15120  216.289  2818.72
423  160  2025-06-09 22-11-06  1908.8  17491.7  -15121.6  216.346  2810.67
424  160  2025-06-09 22-11-06  1910.4  17502  -15123.3  216.404  2820.32
425  160  2025-06-09 22-11-06  1912  17512.3  -15124.9  216.461  2812.29
426  160  2025-06-09 22-11-06  1913.6  17522.6  -15126.6  216.519  2821.95
427  160  2025-06-09 22-11-06  1915.2  17533  -15128.2  216.576  2813.94
428  160  2025-06-09 22-11-06  1916.8  17543.3  -15129.9  216.634  2823.62
429  160  2025-06-09 22-11-06  1918.4  17553.6  -15131.6  216.692  2815.62
430  160  2025-06-09 22-11-06  1920  17564  -15133.1  216.749  2807.54
431  160  2025-06-09 22-11-06  1921.6  17574.3  -15134.7  216.807  2817.15
432  160  2025-06-09 22-11-06  1923.2  17584.7  -15136.3  216.864  2809.09
433  160  2025-06-09 22-11-06  1924.8  17595.1  -15138  216.922  2818.72
434  160  2025-06-09 22-11-06  1926.4  17605.4  -15139.6  216.979  2810.67
435  160  2025-06-09 22-11-06  1928  17615.8  -15141.3  217.037  2820.32
436  160  2025-06-09 22-11-06  1929.6  17626.2  -15142.9  217.094  2812.29
437  160  2025-06-09 22-11-06  1931.2  17636.6  -15144.6  217.152  2821.95
438  160  2025-06-09 22-11-06  1932.8  17647  -15146.2  217.21  2813.94
439  160  2025-06-09 22-11-06  1934.4  17657.4  -15147.9  217.267  2823.62
440  160  2025-06-09 22-11-06  1936  17667.8  -15149.6  217.325  2815.62
441  160  2025-06-09 22-11-06  1937.6  17678.2  -15151.1  217.382  2807.54
442  160  2025-06-09 22-11-06  1939.2  17688.6  -15152.8  217.44  2817.15
443  160  2025-06-09 22-11-06  1940.8  17699  -15154.4  217.497  2809.09
444  160  2025-06-09 22-11-06  1942.4  17709.4  -15156  217.555  2818.72
445  160  2025-06-09 22-11-06  1944  17719.9  -15157.6  217.612  2810.67
446  160  2025-06-09 22-11-06  1945.6  17730.3  -15159.3  217.67  2820.32
447  160  2025-06-09 22-11-06  1947.2  17740.8  -15160.9  217.728  2812.29
448  160  2025-06-09 22-11-06  1948.8  17751.2  -15162.7  217.785  2821.95
449  160  2025-06-09 22-11-06  1950.4  17761.7  -15164.3  217.843  2813.94
450  160  2025-06-09 22-11-06  1952  17772.1  -15166  217.9  2823.62
451  160  2025-06-09 22-11-06  1953.6  17782.6  -15167.7  217.958  2815.62
452  160  2025-06-09 22-11-06  1955.2  17793.1  -15169.3  218.015  2807.54
453  160  2025-06-09 22-11-06  1956.8  17803.5  -15170.9  218.073  2817.15
454  160  2025-06-09 22-11-06  1958.4  17814  -15172.5  218.13  2809.09
455  160  2025-06-09 22-11-06  1960  17824.5  -15174.2  218.188  2818.72
456  160  2025-06-09 22-11-06  1961.6  17835  -15175.8  218.246  2810.67
457  160  2025-06-09 22-11-06  1963.2  17845.5  -15177.5  218.303  2820.32
458  160  2025-06-09 22-11-06  1964.8  17856  -15179.1  218.361  2812.29
459  160  2025-06-09 22-11-06  1966.4  17866.5  -15180.9  218.418  2821.95
460  160  2025-06-09 22-11-06  1968  17877  -15182.5  218.476  2813.94
461  160  2025-06-09 22-11-06  1969.6  17887.5  -15184.3  218.533  2823.62
462  160  2025-06-09 22-11-06  1971.2  17898.1  -15185.9  218.591  2815.62
463  160  2025-06-09 22-11-06  1972.8  17908.6  -15187.5  218.648  2807.54
464  160  2025-06-09 22-11-06  1974.4  17919.2  -15189.2  218.706  2817.15
465  160  2025-06-09 22-11-06  1976  17929.7  -15190.8  218.764  2809.09
466  160  2025-06-09 22-11-06  1977.6  17940.3  -15192.5  218.821  2818.72
467  160  2025-06-09 22-11-06  1979.2  17950.8  -15194.1  218.879  2810.67
468  160  2025-06-09 22-11-06  1980.8  17961.4  -15195.8  218.936  2820.32
469  160  2025-06-09 22-11-06  1982.4  17972  -15197.4  218.994  2812.29
470  160  2025-06-09 22-11-06  1984  17982.5  -15199.2  219.051  2821.95
471  160  2025-06-09 22-11-06  1985.6  17993.1  -15200.8  219.109  2813.94
472  160  2025-06-09 22-11-06  1987.2  18003.7  -15202.6  219.167  2823.62
473  160  2025-06-09 22-11-06  1988.8  18014.3  -15204.3  219.224  2815.62
474  160  2025-06-09 22-11-06  1990.4  18024.9  -15205.9  219.282  2807.54
475  160  2025-06-09 22-11-06  1992  18035.5  -15207.5  219.339  2817.15
476  160  2025-06-09 22-11-06  1993.6  18046.1  -15209.1  219.397  2809.09
477  160  2025-06-09 22-11-06  1995.2  18056.7  -15210.9  219.454  2818.72
478  160  2025-06-09 22-11-06  1996.8  18067.3  -15212.5  219.512  2810.67
479  160  2025-06-09 22-11-06  1998.4  18077.9  -15214.2  219.569  2820.32
480  160  2025-06-09 22-11-06  2000  18088.6  -15215.9  219.627  2812.29
481  160  2025-06-09 22-11-06  2001.6  18099.2  -15217.6  219.685  2821.95
482  160  2025-06-09 22-11-06  2003.2  18109.9  -15219.3  219.742  2813.94
483  160  2025-06-09 22-11-06  2004.8  18120.5  -15220.8  219.8  2805.84
484  160  2025-06-09 22-11-06  2006.4  18131.2  -15222.5  219.857  2815.44
485  160  2025-06-09 22-11-06  2008  18141.8  -15224.1  219.915  2807.36
486  160  2025-06-09 22-11-06  2009.6  18152.5  -15225.8  219.972  2816.98
487  160  2025-06-09 22-11-06  2011.2  18163.2  -15227.4  220.03  2808.91
488  160  2025-06-09 22-11-06  2012.8  18173.9  -15229.1  220.087  2818.54
489  160  2025-06-09 22-11-06  2014.4  18184.6  -15230.8  220.145  2810.5
490  160  2025-06-09 22-11-06  2016  18195.2  -15232.5  220.203  2820.14
491  160  2025-06-09 22-11-06  2017.6  18205.9  -15234.1  220.26  2812.11
492  160  2025-06-09 22-11-06  2019.2  18216.6  -15235.9  220.318  2821.78
493  160  2025-06-09 22-11-06  2020.8  18227.3  -15237.6  220.375  2813.76
494  160  2025-06-09 22-11-06  2022.4  18238.1  -15239.2  220.433  2805.66
495  160  2025-06-09 22-11-06  2024  18248.8  -15240.8  220.49  2815.26
496  160  2025-06-09 22-11-06  2025.6  18259.5  -15242.4  220.548  2807.18
497  160  2025-06-09 22-11-06  2027.2  18270.2  -15244.1  220.605  2816.8
498  160  2025-06-09 22-11-06  2028.8  18281  -15245.8  220.663  2808.74
499  160  2025-06-09 22-11-06  2030.4  18291.7  -15247.5  220.721  2818.37
500  160  2025-06-09 22-11-06  2032  18302.5  -15249.1  220.778  2810.32
501  160  2025-06-09 22-11-06  2033.6  18313.2  -15250.9  220.836  2819.97
502  160  2025-06-09 22-11-06  2035.2  18324  -15252.5  220.893  2811.94
503  160  2025-06-09 22-11-06  2036.8  18334.7  -15254.3  220.951  2821.6
504  160  2025-06-09 22-11-06  2038.4  18345.5  -15256  221.008  2813.58
505  160  2025-06-09 22-11-06  2040  18356.3  -15257.6  221.066  2805.49
506  160  2025-06-09 22-11-06  2041.6  18367.1  -15259.3  221.123  2815.09
507  160  2025-06-09 22-11-06  2043.2  18377.9  -15260.9  221.181  2807.01
508  160  2025-06-09 22-11-06  2044.8  18388.7  -15262.6  221.239  2816.62
509  160  2025-06-09 22-11-06  2046.4  18399.5  -15264.2  221.296  2808.56
510  160  2025-06-09 22-11-06  2048  18410.3  -15265.9  221.354  2818.19
511  160  2025-06-09 22-11-06  2049.6  18421.1  -15267.6  221.411  2810.14
512  160  2025-06-09 22-11-06  2051.2  18431.9  -15269.1  221.469  2802.02
513  160  2025-06-09 22-11-06  2052.8  18442.7  -15270.8  221.526  2811.58
514  160  2025-06-09 22-11-06  2054.4  18453.6  -15272.4  221.584  2803.47
515  160  2025-06-09 22-11-06  2056  18464.4  -15274  221.641  2813.06
516  160  2025-06-09 22-11-06  2057.6  18475.3  -15275.6  221.699  2804.96
517  160  2025-06-09 22-11-06  2059.2  18486.1  -15277.1  221.757  2796.78
518  160  2025-06-09 22-11-06  2060.8  18497  -15278.7  221.814  2806.3
519  160  2025-06-09 22-11-06  2062.4  18507.9  -15280.2  221.872  2798.14
520  160  2025-06-09 22-11-06  2064  18518.8  -15281.8  221.929  2807.68
521  160  2025-06-09 22-11-06  2065.6  18529.7  -15283.4  221.987  2799.54
522  160  2025-06-09 22-11-06  2067.2  18540.5  -15285  222.044  2809.09
523  160  2025-06-09 22-11-06  2068.8  18551.4  -15286.5  222.102  2800.96
524  160  2025-06-09 22-11-06  2070.4  18562.4  -15288  222.159  2792.75
525  160  2025-06-09 22-11-06  2072  18573.3  -15289.6  222.217  2802.24
526  160  2025-06-09 22-11-06  2073.6  18584.2  -15291  222.275  2794.05
527  160  2025-06-09 22-11-06  2075.2  18595.1  -15292.6  222.332  2803.55
528  160  2025-06-09 22-11-06  2076.8  18606.1  -15294.1  222.39  2795.38
529  160  2025-06-09 22-11-06  2078.4  18617  -15295.7  222.447  2804.9
530  160  2025-06-09 22-11-06  2080  18627.9  -15297.2  222.505  2796.74
531  160  2025-06-09 22-11-06  2081.6  18638.9  -15298.8  222.562  2806.27
532  160  2025-06-09 22-11-06  2083.2  18649.8  -15300.3  222.62  2798.13
533  160  2025-06-09 22-11-06  2084.8  18660.8  -15301.7  222.677  2789.9
534  160  2025-06-09 22-11-06  2086.4  18671.8  -15303.3  222.735  2799.38
535  160  2025-06-09 22-11-06  2088  18682.8  -15304.7  222.793  2791.17
536  160  2025-06-09 22-11-06  2089.6  18693.7  -15306.2  222.85  2800.66
537  160  2025-06-09 22-11-06  2091.2  18704.7  -15307.7  222.908  2792.46
538  160  2025-06-09 22-11-06  2092.8  18715.7  -15309.3  222.965  2801.97
539  160  2025-06-09 22-11-06  2094.4  18726.7  -15310.7  223.023  2793.79
540  160  2025-06-09 22-11-06  2096  18737.7  -15312.3  223.08  2803.31
541  160  2025-06-09 22-11-06  2097.6  18748.7  -15313.8  223.138  2795.15
542  160  2025-06-09 22-11-06  2099.2  18759.8  -15315.2  223.195  2786.91
543  160  2025-06-09 22-11-06  2100.8  18770.8  -15316.7  223.253  2796.37
544  160  2025-06-09 22-11-06  2102.4  18781.8  -15318.1  223.311  2788.14
545  160  2025-06-09 22-11-06  2104  18792.9  -15319.6  223.368  2797.62
546  160  2025-06-09 22-11-06  2105.6  18803.9  -15321.1  223.426  2789.41
547  160  2025-06-09 22-11-06  2107.2  18815  -15322.6  223.483  2798.9
548  160  2025-06-09 22-11-06  2108.8  18826  -15324  223.541  2790.7
549  160  2025-06-09 22-11-06  2110.4  18837.1  -15325.6  223.598  2800.21
550  160  2025-06-09 22-11-06  2112  18848.1  -15327  223.656  2792.03
551  160  2025-06-09 22-11-06  2113.6  18859.2  -15328.6  223.713  2801.55
552  160  2025-06-09 22-11-06  2115.2  18870.3  -15330.1  223.771  2793.39
553  160  2025-06-09 22-11-06  2116.8  18881.3  -15331.7  223.829  2802.93
554  160  2025-06-09 22-11-06  2118.4  18892.4  -15333.2  223.886  2794.78
555  160  2025-06-09 22-11-06  2120  18903.5  -15334.6  223.944  2786.56
556  160  2025-06-09 22-11-06  2121.6  18914.6  -15336.1  224.001  2796.03
557  160  2025-06-09 22-11-06  2123.2  18925.8  -15337.5  224.059  2787.82
558  160  2025-06-09 22-11-06  2124.8  18936.9  -15339  224.116  2797.31
559  160  2025-06-09 22-11-06  2126.4  18948  -15340.5  224.174  2789.12
560  160  2025-06-09 22-11-06  2128  18959.1  -15342  224.231  2798.62
561  160  2025-06-09 22-11-06  2129.6  18970.2  -15343.4  224.289  2790.45
562  160  2025-06-09 22-11-06  2131.2  18981.4  -15345  224.347  2799.97
563  160  2025-06-09 22-11-06  2132.8  18992.5  -15346.5  224.404  2791.81
564  160  2025-06-09 22-11-06  2134.4  19003.6  -15348.1  224.462  2801.34
565  160  2025-06-09 22-11-06  2136  19014.8  -15349.5  224.519  2793.2
566  160  2025-06-09 22-11-06  2137.6  19025.9  -15351.1  224.577  2802.75
567  160  2025-06-09 22-11-06  2139.2  19037.1  -15352.6  224.634  2794.62
568  160  2025-06-09 22-11-06  2140.8  19048.3  -15354.3  224.692  2804.19
569  160  2025-06-09 22-11-06  2142.4  19059.4  -15355.8  224.749  2796.08
570  160  2025-06-09 22-11-06  2144  19070.6  -15357.2  224.807  2787.89
571  160  2025-06-09 22-11-06  2145.6  19081.8  -15358.7  224.865  2797.39
572  160  2025-06-09 22-11-06  2147.2  19093  -15360.2  224.922  2789.22
573  160  2025-06-09 22-11-06  2148.8  19104.2  -15361.7  224.98  2798.74
574  160  2025-06-09 22-11-06  2150.4  19115.4  -15363.2  225.037  2790.58
575  160  2025-06-09 22-11-06  2152  19126.6  -15364.8  225.095  2800.11
576  160  2025-06-09 22-11-06  2153.6  19137.8  -15366.3  225.152  2791.97
577  160  2025-06-09 22-11-06  2155.2  19149  -15367.8  225.21  2801.52
578  160  2025-06-09 22-11-06  2156.8  19160.3  -15369.3  225.267  2793.39
579  160  2025-06-09 22-11-06  2158.4  19171.5  -15371  225.325  2802.96
580  160  2025-06-09 22-11-06  2160  19182.7  -15372.5  225.383  2794.85
581  160  2025-06-09 22-11-06  2161.6  19193.9  -15374.1  225.44  2804.43
582  160  2025-06-09 22-11-06  2163.2  19205.2  -15375.6  225.498  2796.34
583  160  2025-06-09 22-11-06  2164.8  19216.4  -15377.3  225.555  2805.94
584  160  2025-06-09 22-11-06  2166.4  19227.7  -15378.8  225.613  2797.86
585  160  2025-06-09 22-11-06  2168  19238.9  -15380.5  225.67  2807.47
586  160  2025-06-09 22-11-06  2169.6  19250.2  -15382.1  225.728  2799.41
587  160  2025-06-09 22-11-06  2171.2  19261.4  -15383.8  225.785  2809.04
588  160  2025-06-09 22-11-06  2172.8  19272.7  -15385.4  225.843  2800.99
589  160  2025-06-09 22-11-06  2174.4  19284  -15386.9  225.901  2792.86
590  160  2025-06-09 22-11-06  2176  19295.3  -15388.5  225.958  2802.43
591  160  2025-06-09 22-11-06  2177.6  19306.6  -15390  226.016  2794.32
592  160  2025-06-09 22-11-06  2179.2  19317.9  -15391.7  226.073  2803.9
593  160  2025-06-09 22-11-06  2180.8  19329.2  -15393.2  226.131  2795.81
594  160  2025-06-09 22-11-06  2182.4  19340.5  -15394.8  226.188  2805.41
595  160  2025-06-09 22-11-06  2184  19351.8  -15396.4  226.246  2797.33
596  160  2025-06-09 22-11-06  2185.6  19363.1  -15398.1  226.303  2806.94
597  160  2025-06-09 22-11-06  2187.2  19374.4  -15399.7  226.361  2798.88
598  160  2025-06-09 22-11-06  2188.8  19385.7  -15401.4  226.419  2808.51
599  160  2025-06-09 22-11-06  2190.4  19397.1  -15403  226.476  2800.46
600  160  2025-06-09 22-11-06  2192  19408.4  -15404.7  226.534  2810.11
601  160  2025-06-09 22-11-06  2193.6  19419.7  -15406.3  226.591  2802.08
602  160  2025-06-09 22-11-06  2195.2  19431.1  -15408  226.649  2811.74
603  160  2025-06-09 22-11-06  2196.8  19442.4  -15409.7  226.706  2803.73
604  160  2025-06-09 22-11-06  2198.4  19453.8  -15411.4  226.764  2813.41
605  160  2025-06-09 22-11-06  2200  19465.1  -15413.1  226.821  2805.41
606  160  2025-06-09 22-11-06  2201.6  19476.5  -15414.7  226.879  2797.33
607  160  2025-06-09 22-11-06  2203.2  19487.9  -15416.4  226.937  2806.94
608  160  2025-06-09 22-11-06  2204.8  19499.3  -15417.9  226.994  2798.88
609  160  2025-06-09 22-11-06  2206.4  19510.6  -15419.6  227.052  2808.51
610  160  2025-06-09 22-11-06  2208  19522  -15421.3  227.109  2800.46
611  160  2025-06-09 22-11-06  2209.6  19533.4  -15423  227.167  2810.11
612  160  2025-06-09 22-11-06  2211.2  19544.8  -15424.6  227.224  2802.08
613  160  2025-06-09 22-11-06  2212.8  19556.2  -15426.4  227.282  2811.74
614  160  2025-06-09 22-11-06  2214.4  19567.6  -15428  227.339  2803.73
615  160  2025-06-09 22-11-06  2216  19579  -15429.8  227.397  2813.41
616  160  2025-06-09 22-11-06  2217.6  19590.5  -15431.5  227.455  2805.41
617  160  2025-06-09 22-11-06  2219.2  19601.9  -15433.3  227.512  2815.1
618  160  2025-06-09 22-11-06  2220.8  19613.3  -15435  227.57  2807.12
619  160  2025-06-09 22-11-06  2222.4  19624.7  -15436.8  227.627  2816.83
620  160  2025-06-09 22-11-06  2224  19636.2  -15438.5  227.685  2808.86
621  160  2025-06-09 22-11-06  2225.6  19647.6  -15440.1  227.742  2800.82
622  160  2025-06-09 22-11-06  2227.2  19659.1  -15441.9  227.8  2810.46
623  160  2025-06-09 22-11-06  2228.8  19670.5  -15443.5  227.857  2802.43
624  160  2025-06-09 22-11-06  2230.4  19682  -15445.3  227.915  2812.1
625  160  2025-06-09 22-11-06  2232  19693.5  -15446.9  227.973  2804.08
626  160  2025-06-09 22-11-06  2233.6  19704.9  -15448.7  228.03  2813.76
627  160  2025-06-09 22-11-06  2235.2  19716.4  -15450.4  228.088  2805.76
628  160  2025-06-09 22-11-06  2236.8  19727.9  -15452.2  228.145  2815.46
629  160  2025-06-09 22-11-06  2238.4  19739.4  -15453.9  228.203  2807.47
630  160  2025-06-09 22-11-06  2240  19750.9  -15455.5  228.26  2799.41
631  160  2025-06-09 22-11-06  2241.6  19762.4  -15457.3  228.318  2809.04
632  160  2025-06-09 22-11-06  2243.2  19773.9  -15458.9  228.375  2800.99
633  160  2025-06-09 22-11-06  2244.8  19785.4  -15460.7  228.433  2810.64
634  160  2025-06-09 22-11-06  2246.4  19797  -15462.3  228.491  2802.61
635  160  2025-06-09 22-11-06  2248  19808.5  -15464.1  228.548  2812.27
636  160  2025-06-09 22-11-06  2249.6  19820  -15465.8  228.606  2804.26
637  160  2025-06-09 22-11-06  2251.2  19831.6  -15467.6  228.663  2813.94
638  160  2025-06-09 22-11-06  2252.8  19843.1  -15469.3  228.721  2805.94
639  160  2025-06-09 22-11-06  2254.4  19854.6  -15471.1  228.778  2815.63
640  160  2025-06-09 22-11-06  2256  19866.2  -15472.8  228.836  2807.65
641  160  2025-06-09 22-11-06  2257.6  19877.8  -15474.4  228.893  2799.58
642  160  2025-06-09 22-11-06  2259.2  19889.3  -15476.2  228.951  2809.22
643  160  2025-06-09 22-11-06  2260.8  19900.9  -15477.8  229.009  2801.17
644  160  2025-06-09 22-11-06  2262.4  19912.5  -15479.6  229.066  2810.82
645  160  2025-06-09 22-11-06  2264  19924.1  -15481.2  229.124  2802.78
646  160  2025-06-09 22-11-06  2265.6  19935.7  -15483  229.181  2812.45
647  160  2025-06-09 22-11-06  2267.2  19947.3  -15484.7  229.239  2804.43
648  160  2025-06-09 22-11-06  2268.8  19958.9  -15486.5  229.296  2814.11
649  160  2025-06-09 22-11-06  2270.4  19970.5  -15488.2  229.354  2806.11
650  160  2025-06-09 22-11-06  2272  19982.1  -15489.9  229.411  2798.03
651  160  2025-06-09 22-11-06  2273.6  19993.7  -15491.6  229.469  2807.65
652  160  2025-06-09 22-11-06  2275.2  20005.4  -15493.2  229.527  2799.58
653  160  2025-06-09 22-11-06  2276.8  20017  -15495  229.584  2809.22
654  160  2025-06-09 22-11-06  2278.4  20028.6  -15496.6  229.642  2801.17
655  160  2025-06-09 22-11-06  2280  20040.3  -15498.4  229.699  2810.82
656  160  2025-06-09 22-11-06  2281.6  20051.9  -15500.1  229.757  2802.78
657  160  2025-06-09 22-11-06  2283.2  20063.6  -15501.9  229.814  2812.45
658  160  2025-06-09 22-11-06  2284.8  20075.2  -15503.6  229.872  2804.43
659  160  2025-06-09 22-11-06  2286.4  20086.9  -15505.4  229.93  2814.11
660  160  2025-06-09 22-11-06  2288  20098.6  -15507.1  229.987  2806.11
661  160  2025-06-09 22-11-06  2289.6  20110.2  -15508.7  230.045  2798.03
662  160  2025-06-09 22-11-06  2291.2  20121.9  -15510.5  230.102  2807.65
663  160  2025-06-09 22-11-06  2292.8  20133.6  -15512.1  230.16  2799.58
664  160  2025-06-09 22-11-06  2294.4  20145.3  -15513.9  230.217  2809.22
665  160  2025-06-09 22-11-06  2296  20157  -15515.5  230.275  2801.17
666  160  2025-06-09 22-11-06  2297.6  20168.7  -15517.3  230.332  2810.82
667  160  2025-06-09 22-11-06  2299.2  20180.4  -15519  230.39  2802.78
668  160  2025-06-09 22-11-06  2300.8  20192.2  -15520.8  230.448  2812.45
669  160  2025-06-09 22-11-06  2302.4  20203.9  -15522.5  230.505  2804.43
670  160  2025-06-09 22-11-06  2304  20215.6  -15524.3  230.563  2814.11
671  160  2025-06-09 22-11-06  2305.6  20227.3  -15526.1  230.62  2806.11
672  160  2025-06-09 22-11-06  2307.2  20239.1  -15527.7  230.678  2798.03
673  160  2025-06-09 22-11-06  2308.8  20250.8  -15529.4  230.735  2807.65
674  160  2025-06-09 22-11-06  2310.4  20262.6  -15531.1  230.793  2799.58
675  160  2025-06-09 22-11-06  2312  20274.3  -15532.9  230.85  2809.22
676  160  2025-06-09 22-11-06  2313.6  20286.1  -15534.5  230.908  2801.17
677  160  2025-06-09 22-11-06  2315.2  20297.9  -15536.3  230.966  2810.82
678  160  2025-06-09 22-11-06  2316.8  20309.7  -15538  231.023  2802.78
679  160  2025-06-09 22-11-06  2318.4  20321.4  -15539.8  231.081  2812.45
680  160  2025-06-09 22-11-06  2320  20333.2  -15541.6  231.138  2804.43
681  160  2025-06-09 22-11-06  2321.6  20345  -15543.2  231.196  2796.34
682  160  2025-06-09 22-11-06  2323.2  20356.8  -15544.9  231.253  2805.94
683  160  2025-06-09 22-11-06  2324.8  20368.6  -15546.5  231.311  2797.86
684  160  2025-06-09 22-11-06  2326.4  20380.5  -15548.3  231.368  2807.47
685  160  2025-06-09 22-11-06  2328  20392.3  -15549.9  231.426  2799.41
686  160  2025-06-09 22-11-06  2329.6  20404.1  -15551.7  231.484  2809.04
687  160  2025-06-09 22-11-06  2331.2  20415.9  -15553.4  231.541  2800.99
688  160  2025-06-09 22-11-06  2332.8  20427.8  -15555.2  231.599  2810.64
689  160  2025-06-09 22-11-06  2334.4  20439.6  -15556.9  231.656  2802.61
690  160  2025-06-09 22-11-06  2336  20451.4  -15558.7  231.714  2812.27
691  160  2025-06-09 22-11-06  2337.6  20463.3  -15560.5  231.771  2804.26
692  160  2025-06-09 22-11-06  2339.2  20475.2  -15562.1  231.829  2796.16
693  160  2025-06-09 22-11-06  2340.8  20487  -15563.8  231.886  2805.76
694  160  2025-06-09 22-11-06  2342.4  20498.9  -15565.5  231.944  2797.68
695  160  2025-06-09 22-11-06  2344  20510.8  -15567.2  232.002  2807.3
696  160  2025-06-09 22-11-06  2345.6  20522.7  -15568.9  232.059  2799.23
697  160  2025-06-09 22-11-06  2347.2  20534.5  -15570.7  232.117  2808.86
698  160  2025-06-09 22-11-06  2348.8  20546.4  -15572.3  232.174  2800.82
699  160  2025-06-09 22-11-06  2350.4  20558.3  -15574.2  232.232  2810.46
700  160  2025-06-09 22-11-06  2352  20570.2  -15575.9  232.289  2802.43
701  160  2025-06-09 22-11-06  2353.6  20582.1  -15577.7  232.347  2812.1
702  160  2025-06-09 22-11-06  2355.2  20594  -15579.4  232.404  2804.08
703  160  2025-06-09 22-11-06  2356.8  20606  -15581  232.462  2795.98
704  160  2025-06-09 22-11-06  2358.4  20617.9  -15582.8  232.52  2805.58
705  160  2025-06-09 22-11-06  2360  20629.8  -15584.4  232.577  2797.5
706  160  2025-06-09 22-11-06  2361.6  20641.8  -15586.2  232.635  2807.12
707  160  2025-06-09 22-11-06  2363.2  20653.7  -15587.9  232.692  2799.06
708  160  2025-06-09 22-11-06  2364.8  20665.7  -15589.7  232.75  2808.69
709  160  2025-06-09 22-11-06  2366.4  20677.6  -15591.4  232.807  2800.64
710  160  2025-06-09 22-11-06  2368  20689.6  -15593.2  232.865  2810.29
711  160  2025-06-09 22-11-06  2369.6  20701.6  -15594.9  232.922  2802.26
712  160  2025-06-09 22-11-06  2371.2  20713.5  -15596.5  232.98  2794.14
713  160  2025-06-09 22-11-06  2372.8  20725.5  -15598.2  233.038  2803.73
714  160  2025-06-09 22-11-06  2374.4  20737.5  -15599.9  233.095  2795.63
715  160  2025-06-09 22-11-06  2376  20749.5  -15601.6  233.153  2805.23
716  160  2025-06-09 22-11-06  2377.6  20761.5  -15603.3  233.21  2797.15
717  160  2025-06-09 22-11-06  2379.2  20773.5  -15605  233.268  2806.77
718  160  2025-06-09 22-11-06  2380.8  20785.5  -15606.7  233.325  2798.7
719  160  2025-06-09 22-11-06  2382.4  20797.5  -15608.5  233.383  2808.34
720  160  2025-06-09 22-11-06  2384  20809.6  -15610.2  233.44  2800.29
721  160  2025-06-09 22-11-06  2385.6  20821.6  -15612  233.498  2809.94
722  160  2025-06-09 22-11-06  2387.2  20833.6  -15613.7  233.556  2801.9
723  160  2025-06-09 22-11-06  2388.8  20845.7  -15615.4  233.613  2793.79
724  160  2025-06-09 22-11-06  2390.4  20857.7  -15617.1  233.671  2803.38
725  160  2025-06-09 22-11-06  2392  20869.8  -15618.7  233.728  2795.28
726  160  2025-06-09 22-11-06  2393.6  20881.8  -15620.5  233.786  2804.88
727  160  2025-06-09 22-11-06  2395.2  20893.9  -15622.1  233.843  2796.8
728  160  2025-06-09 22-11-06  2396.8  20906  -15623.9  233.901  2806.42
729  160  2025-06-09 22-11-06  2398.4  20918  -15625.6  233.958  2798.35
730  160  2025-06-09 22-11-06  2400  20930.1  -15627.4  234.016  2807.98
731  160  2025-06-09 22-11-06  2401.6  20942.2  -15629.1  234.074  2799.94
732  160  2025-06-09 22-11-06  2403.2  20954.3  -15630.9  234.131  2809.58
733  160  2025-06-09 22-11-06  2404.8  20966.4  -15632.6  234.189  2801.55
734  160  2025-06-09 22-11-06  2406.4  20978.5  -15634.3  234.246  2793.44
735  160  2025-06-09 22-11-06  2408  20990.6  -15636  234.304  2803.02
736  160  2025-06-09 22-11-06  2409.6  21002.7  -15637.6  234.361  2794.93
737  160  2025-06-09 22-11-06  2411.2  21014.8  -15639.4  234.419  2804.53
738  160  2025-06-09 22-11-06  2412.8  21027  -15641.1  234.476  2796.45
739  160  2025-06-09 22-11-06  2414.4  21039.1  -15642.8  234.534  2806.06
740  160  2025-06-09 22-11-06  2416  21051.2  -15644.5  234.592  2798
741  160  2025-06-09 22-11-06  2417.6  21063.4  -15646.3  234.649  2807.63
742  160  2025-06-09 22-11-06  2419.2  21075.5  -15648  234.707  2799.58
743  160  2025-06-09 22-11-06  2420.8  21087.6  -15649.9  234.764  2809.23
744  160  2025-06-09 22-11-06  2422.4  21099.8  -15651.6  234.822  2801.2
745  160  2025-06-09 22-11-06  2424  21112  -15653.2  234.879  2793.09
746  160  2025-06-09 22-11-06  2425.6  21124.2  -15655  234.937  2802.67
747  160  2025-06-09 22-11-06  2427.2  21136.3  -15656.6  234.994  2794.58
748  160  2025-06-09 22-11-06  2428.8  21148.5  -15658.4  235.052  2804.18
749  160  2025-06-09 22-11-06  2430.4  21160.7  -15660  235.11  2796.1
750  160  2025-06-09 22-11-06  2432  21172.9  -15661.8  235.167  2805.71
751  160  2025-06-09 22-11-06  2433.6  21185.1  -15663.5  235.225  2797.65
752  160  2025-06-09 22-11-06  2435.2  21197.3  -15665.3  235.282  2807.28
753  160  2025-06-09 22-11-06  2436.8  21209.5  -15667  235.34  2799.23
754  160  2025-06-09 22-11-06  2438.4  21221.8  -15668.6  235.397  2791.1
755  160  2025-06-09 22-11-06  2440  21234  -15670.3  235.455  2800.67
756  160  2025-06-09 22-11-06  2441.6  21246.2  -15672  235.512  2792.56
757  160  2025-06-09 22-11-06  2443.2  21258.5  -15673.7  235.57  2802.14
758  160  2025-06-09 22-11-06  2444.8  21270.7  -15675.3  235.628  2794.05
759  160  2025-06-09 22-11-06  2446.4  21283  -15677.1  235.685  2803.65
760  160  2025-06-09 22-11-06  2448  21295.2  -15678.8  235.743  2795.57
761  160  2025-06-09 22-11-06  2449.6  21307.5  -15680.6  235.8  2805.18
762  160  2025-06-09 22-11-06  2451.2  21319.7  -15682.3  235.858  2797.12
763  160  2025-06-09 22-11-06  2452.8  21332  -15684.1  235.915  2806.75
764  160  2025-06-09 22-11-06  2454.4  21344.3  -15685.8  235.973  2798.7
765  160  2025-06-09 22-11-06  2456  21356.6  -15687.4  236.03  2790.58
766  160  2025-06-09 22-11-06  2457.6  21368.9  -15689.1  236.088  2800.14
767  160  2025-06-09 22-11-06  2459.2  21381.2  -15690.7  236.146  2792.03
768  160  2025-06-09 22-11-06  2460.8  21393.5  -15692.5  236.203  2801.62
769  160  2025-06-09 22-11-06  2462.4  21405.8  -15694.1  236.261  2793.52
770  160  2025-06-09 22-11-06  2464  21418.1  -15695.9  236.318  2803.12
771  160  2025-06-09 22-11-06  2465.6  21430.4  -15697.6  236.376  2795.04
772  160  2025-06-09 22-11-06  2467.2  21442.7  -15699.4  236.433  2804.66
773  160  2025-06-09 22-11-06  2468.8  21455.1  -15701  236.491  2796.59
774  160  2025-06-09 22-11-06  2470.4  21467.4  -15702.9  236.548  2806.22
775  160  2025-06-09 22-11-06  2472  21479.7  -15704.6  236.606  2798.18
776  160  2025-06-09 22-11-06  2473.6  21492.1  -15706.2  236.664  2790.05
777  160  2025-06-09 22-11-06  2475.2  21504.4  -15707.9  236.721  2799.62
778  160  2025-06-09 22-11-06  2476.8  21516.8  -15709.5  236.779  2791.5
779  160  2025-06-09 22-11-06  2478.4  21529.2  -15711.3  236.836  2801.09
780  160  2025-06-09 22-11-06  2480  21541.6  -15712.9  236.894  2792.99
781  160  2025-06-09 22-11-06  2481.6  21553.9  -15714.7  236.951  2802.59
782  160  2025-06-09 22-11-06  2483.2  21566.3  -15716.4  237.009  2794.51
783  160  2025-06-09 22-11-06  2484.8  21578.7  -15718.2  237.066  2804.13
784  160  2025-06-09 22-11-06  2486.4  21591.1  -15719.8  237.124  2796.06
785  160  2025-06-09 22-11-06  2488  21603.5  -15721.7  237.182  2805.7
786  160  2025-06-09 22-11-06  2489.6  21615.9  -15723.4  237.239  2797.65
787  160  2025-06-09 22-11-06  2491.2  21628.3  -15725  237.297  2789.52
788  160  2025-06-09 22-11-06  2492.8  21640.7  -15726.7  237.354  2799.09
789  160  2025-06-09 22-11-06  2494.4  21653.2  -15728.3  237.412  2790.98
790  160  2025-06-09 22-11-06  2496  21665.6  -15730.1  237.469  2800.56
791  160  2025-06-09 22-11-06  2497.6  21678  -15731.7  237.527  2792.46
792  160  2025-06-09 22-11-06  2499.2  21690.5  -15733.5  237.584  2802.06
793  160  2025-06-09 22-11-06  2500.8  21702.9  -15735.2  237.642  2793.98
794  160  2025-06-09 22-11-06  2502.4  21715.4  -15737  237.7  2803.6
795  160  2025-06-09 22-11-06  2504  21727.8  -15738.7  237.757  2795.54
796  160  2025-06-09 22-11-06  2505.6  21740.3  -15740.5  237.815  2805.17
797  160  2025-06-09 22-11-06  2507.2  21752.7  -15742.2  237.872  2797.12
798  160  2025-06-09 22-11-06  2508.8  21765.2  -15743.8  237.93  2788.99
799  160  2025-06-09 22-11-06  2510.4  21777.7  -15745.5  237.987  2798.56
800  160  2025-06-09 22-11-06  2512  21790.2  -15747.2  238.045  2790.45
801  160  2025-06-09 22-11-06  2513.6  21802.7  -15748.9  238.102  2800.03
802  160  2025-06-09 22-11-06  2515.2  21815.2  -15750.6  238.16  2791.94
803  160  2025-06-09 22-11-06  2516.8  21827.7  -15752.3  238.218  2801.54
804  160  2025-06-09 22-11-06  2518.4  21840.2  -15754  238.275  2793.46
805  160  2025-06-09 22-11-06  2520  21852.7  -15755.8  238.333  2803.07
806  160  2025-06-09 22-11-06  2521.6  21865.2  -15757.5  238.39  2795.01
807  160  2025-06-09 22-11-06  2523.2  21877.8  -15759.1  238.448  2786.86
808  160  2025-06-09 22-11-06  2524.8  21890.3  -15760.8  238.505  2796.42
809  160  2025-06-09 22-11-06  2526.4  21902.9  -15762.4  238.563  2788.29
810  160  2025-06-09 22-11-06  2528  21915.4  -15764.1  238.62  2797.85
811  160  2025-06-09 22-11-06  2529.6  21928  -15765.7  238.678  2789.74
812  160  2025-06-09 22-11-06  2531.2  21940.5  -15767.5  238.736  2799.33
813  160  2025-06-09 22-11-06  2532.8  21953.1  -15769.1  238.793  2791.23
814  160  2025-06-09 22-11-06  2534.4  21965.7  -15770.9  238.851  2800.83
815  160  2025-06-09 22-11-06  2536  21978.2  -15772.6  238.908  2792.75
816  160  2025-06-09 22-11-06  2537.6  21990.8  -15774.4  238.966  2802.37
817  160  2025-06-09 22-11-06  2539.2  22003.4  -15776.1  239.023  2794.3
818  160  2025-06-09 22-11-06  2540.8  22016  -15777.6  239.081  2786.16
819  160  2025-06-09 22-11-06  2542.4  22028.6  -15779.4  239.138  2795.71
820  160  2025-06-09 22-11-06  2544  22041.2  -15781  239.196  2787.58
821  160  2025-06-09 22-11-06  2545.6  22053.8  -15782.7  239.254  2797.15
822  160  2025-06-09 22-11-06  2547.2  22066.5  -15784.3  239.311  2789.04
823  160  2025-06-09 22-11-06  2548.8  22079.1  -15786.1  239.369  2798.62
824  160  2025-06-09 22-11-06  2550.4  22091.7  -15787.7  239.426  2790.53
825  160  2025-06-09 22-11-06  2552  22104.3  -15789.5  239.484  2800.13
826  160  2025-06-09 22-11-06  2553.6  22117  -15791.1  239.541  2792.05
827  160  2025-06-09 22-11-06  2555.2  22129.6  -15792.9  239.599  2801.66
828  160  2025-06-09 22-11-06  2556.8  22142.3  -15794.6  239.656  2793.6
829  160  2025-06-09 22-11-06  2558.4  22154.9  -15796.2  239.714  2785.45
830  160  2025-06-09 22-11-06  2560  22167.6  -15797.9  239.772  2795.01
831  160  2025-06-09 22-11-06  2561.6  22180.3  -15799.5  239.829  2786.88
832  160  2025-06-09 22-11-06  2563.2  22193  -15801.3  239.887  2796.45
833  160  2025-06-09 22-11-06  2564.8  22205.7  -15802.9  239.944  2788.33
834  160  2025-06-09 22-11-06  2566.4  22218.3  -15804.6  240.002  2797.92
835  160  2025-06-09 22-11-06  2568  22231  -15806.3  240.059  2789.82
836  160  2025-06-09 22-11-06  2569.6  22243.7  -15808  240.117  2799.42
837  160  2025-06-09 22-11-06  2571.2  22256.4  -15809.7  240.174  2791.34
838  160  2025-06-09 22-11-06  2572.8  22269.1  -15811.5  240.232  2800.96
839  160  2025-06-09 22-11-06  2574.4  22281.8  -15813.2  240.29  2792.89
840  160  2025-06-09 22-11-06  2576  22294.6  -15814.8  240.347  2784.75
841  160  2025-06-09 22-11-06  2577.6  22307.3  -15816.5  240.405  2794.3
842  160  2025-06-09 22-11-06  2579.2  22320.1  -15818.1  240.462  2786.17
843  160  2025-06-09 22-11-06  2580.8  22332.8  -15819.8  240.52  2795.74
844  160  2025-06-09 22-11-06  2582.4  22345.5  -15821.4  240.577  2787.63
845  160  2025-06-09 22-11-06  2584  22358.3  -15823.2  240.635  2797.21
846  160  2025-06-09 22-11-06  2585.6  22371.1  -15824.8  240.693  2789.12
847  160  2025-06-09 22-11-06  2587.2  22383.8  -15826.6  240.75  2798.72
848  160  2025-06-09 22-11-06  2588.8  22396.6  -15828.2  240.808  2790.64
849  160  2025-06-09 22-11-06  2590.4  22409.3  -15830  240.865  2800.25
850  160  2025-06-09 22-11-06  2592  22422.1  -15831.7  240.923  2792.19
851  160  2025-06-09 22-11-06  2593.6  22434.9  -15833.3  240.98  2784.05
852  160  2025-06-09 22-11-06  2595.2  22447.7  -15835  241.038  2793.6
853  160  2025-06-09 22-11-06  2596.8  22460.5  -15836.6  241.095  2785.47
854  160  2025-06-09 22-11-06  2598.4  22473.3  -15838.3  241.153  2795.04
855  160  2025-06-09 22-11-06  2600  22486.1  -15839.9  241.211  2786.93
856  160  2025-06-09 22-11-06  2601.6  22499  -15841.7  241.268  2796.51
857  160  2025-06-09 22-11-06  2603.2  22511.8  -15843.3  241.326  2788.41
858  160  2025-06-09 22-11-06  2604.8  22524.6  -15845.1  241.383  2798.01
859  160  2025-06-09 22-11-06  2606.4  22537.4  -15846.8  241.441  2789.93
860  160  2025-06-09 22-11-06  2608  22550.3  -15848.6  241.498  2799.55
861  160  2025-06-09 22-11-06  2609.6  22563.1  -15850.2  241.556  2791.49
862  160  2025-06-09 22-11-06  2611.2  22576  -15851.8  241.613  2783.34
863  160  2025-06-09 22-11-06  2612.8  22588.8  -15853.5  241.671  2792.89
864  160  2025-06-09 22-11-06  2614.4  22601.7  -15855.1  241.729  2784.77
865  160  2025-06-09 22-11-06  2616  22614.6  -15856.8  241.786  2794.33
866  160  2025-06-09 22-11-06  2617.6  22627.4  -15858.4  241.844  2786.22
867  160  2025-06-09 22-11-06  2619.2  22640.3  -15860.2  241.901  2795.81
868  160  2025-06-09 22-11-06  2620.8  22653.2  -15861.8  241.959  2787.71
869  160  2025-06-09 22-11-06  2622.4  22666.1  -15863.6  242.016  2797.31
870  160  2025-06-09 22-11-06  2624  22679  -15865.3  242.074  2789.23
871  160  2025-06-09 22-11-06  2625.6  22691.9  -15867.1  242.131  2798.85
872  160  2025-06-09 22-11-06  2627.2  22704.8  -15868.7  242.189  2790.78
873  160  2025-06-09 22-11-06  2628.8  22717.7  -15870.3  242.247  2782.64
874  160  2025-06-09 22-11-06  2630.4  22730.6  -15872  242.304  2792.19
875  160  2025-06-09 22-11-06  2632  22743.6  -15873.6  242.362  2784.06
876  160  2025-06-09 22-11-06  2633.6  22756.5  -15875.3  242.419  2793.63
877  160  2025-06-09 22-11-06  2635.2  22769.5  -15876.9  242.477  2785.52
878  160  2025-06-09 22-11-06  2636.8  22782.4  -15878.7  242.534  2795.1
879  160  2025-06-09 22-11-06  2638.4  22795.3  -15880.3  242.592  2787.01
880  160  2025-06-09 22-11-06  2640  22808.3  -15882.1  242.649  2796.61
881  160  2025-06-09 22-11-06  2641.6  22821.3  -15883.7  242.707  2788.53
882  160  2025-06-09 22-11-06  2643.2  22834.2  -15885.5  242.765  2798.14
883  160  2025-06-09 22-11-06  2644.8  22847.2  -15887.2  242.822  2790.08
884  160  2025-06-09 22-11-06  2646.4  22860.2  -15888.8  242.88  2781.93
885  160  2025-06-09 22-11-06  2648  22873.2  -15890.5  242.937  2791.49
886  160  2025-06-09 22-11-06  2649.6  22886.2  -15892.1  242.995  2783.36
887  160  2025-06-09 22-11-06  2651.2  22899.2  -15893.8  243.052  2792.93
888  160  2025-06-09 22-11-06  2652.8  22912.2  -15895.4  243.11  2784.81
889  160  2025-06-09 22-11-06  2654.4  22925.2  -15897.2  243.167  2794.4
890  160  2025-06-09 22-11-06  2656  22938.2  -15898.8  243.225  2786.3
891  160  2025-06-09 22-11-06  2657.6  22951.2  -15900.6  243.283  2795.9
892  160  2025-06-09 22-11-06  2659.2  22964.2  -15902.2  243.34  2787.82
893  160  2025-06-09 22-11-06  2660.8  22977.3  -15903.8  243.398  2779.66
894  160  2025-06-09 22-11-06  2662.4  22990.3  -15905.4  243.455  2789.2
895  160  2025-06-09 22-11-06  2664  23003.4  -15907  243.513  2781.05
896  160  2025-06-09 22-11-06  2665.6  23016.4  -15908.7  243.57  2790.61
897  160  2025-06-09 22-11-06  2667.2  23029.5  -15910.3  243.628  2782.48
898  160  2025-06-09 22-11-06  2668.8  23042.5  -15912  243.685  2792.05
899  160  2025-06-09 22-11-06  2670.4  23055.6  -15913.6  243.743  2783.93
900  160  2025-06-09 22-11-06  2672  23068.7  -15915.3  243.801  2793.52
901  160  2025-06-09 22-11-06  2673.6  23081.8  -15917  243.858  2785.42
902  160  2025-06-09 22-11-06  2675.2  23094.8  -15918.7  243.916  2795.02
903  160  2025-06-09 22-11-06  2676.8  23107.9  -15920.4  243.973  2786.94
904  160  2025-06-09 22-11-06  2678.4  23121  -15921.9  244.031  2778.78
905  160  2025-06-09 22-11-06  2680  23134.1  -15923.6  244.088  2788.32
906  160  2025-06-09 22-11-06  2681.6  23147.3  -15925.1  244.146  2780.17
907  160  2025-06-09 22-11-06  2683.2  23160.4  -15926.8  244.203  2789.73
908  160  2025-06-09 22-11-06  2684.8  23173.5  -15928.4  244.261  2781.6
909  160  2025-06-09 22-11-06  2686.4  23186.6  -15930.1  244.319  2791.17
910  160  2025-06-09 22-11-06  2688  23199.8  -15931.7  244.376  2783.05
911  160  2025-06-09 22-11-06  2689.6  23212.9  -15933.5  244.434  2792.64
912  160  2025-06-09 22-11-06  2691.2  23226.1  -15935.1  244.491  2784.54
913  160  2025-06-09 22-11-06  2692.8  23239.2  -15936.8  244.549  2794.14
914  160  2025-06-09 22-11-06  2694.4  23252.3  -15938.5  244.606  2786.06
915  160  2025-06-09 22-11-06  2696  23265.5  -15940  244.664  2777.9
916  160  2025-06-09 22-11-06  2697.6  23278.7  -15941.7  244.721  2787.44
917  160  2025-06-09 22-11-06  2699.2  23291.9  -15943.2  244.779  2779.29
918  160  2025-06-09 22-11-06  2700.8  23305.1  -15944.9  244.837  2788.85
919  160  2025-06-09 22-11-06  2702.4  23318.3  -15946.5  244.894  2780.72
920  160  2025-06-09 22-11-06  2704  23331.4  -15948.2  244.952  2790.29
921  160  2025-06-09 22-11-06  2705.6  23344.6  -15949.8  245.009  2782.17
922  160  2025-06-09 22-11-06  2707.2  23357.8  -15951.5  245.067  2791.76
923  160  2025-06-09 22-11-06  2708.8  23371  -15953.2  245.124  2783.66
924  160  2025-06-09 22-11-06  2710.4  23384.2  -15954.9  245.182  2793.26
925  160  2025-06-09 22-11-06  2712  23397.5  -15956.6  245.239  2785.18
926  160  2025-06-09 22-11-06  2713.6  23410.7  -15958.1  245.297  2777.02
927  160  2025-06-09 22-11-06  2715.2  23423.9  -15959.7  245.355  2786.56
928  160  2025-06-09 22-11-06  2716.8  23437.2  -15961.3  245.412  2778.41
929  160  2025-06-09 22-11-06  2718.4  23450.4  -15963  245.47  2787.97
930  160  2025-06-09 22-11-06  2720  23463.7  -15964.5  245.527  2779.84
931  160  2025-06-09 22-11-06  2721.6  23476.9  -15966.2  245.585  2789.41
932  160  2025-06-09 22-11-06  2723.2  23490.2  -15967.8  245.642  2781.29
933  160  2025-06-09 22-11-06  2724.8  23503.5  -15969.6  245.7  2790.88
934  160  2025-06-09 22-11-06  2726.4  23516.8  -15971.2  245.757  2782.78
935  160  2025-06-09 22-11-06  2728  23530  -15972.9  245.815  2792.38
936  160  2025-06-09 22-11-06  2729.6  23543.3  -15974.6  245.873  2784.3
937  160  2025-06-09 22-11-06  2731.2  23556.6  -15976.1  245.93  2776.14
938  160  2025-06-09 22-11-06  2732.8  23569.9  -15977.7  245.988  2785.68
939  160  2025-06-09 22-11-06  2734.4  23583.2  -15979.3  246.045  2777.53
940  160  2025-06-09 22-11-06  2736  23596.5  -15981  246.103  2787.09
941  160  2025-06-09 22-11-06  2737.6  23609.9  -15982.5  246.16  2778.96
942  160  2025-06-09 22-11-06  2739.2  23623.2  -15984.2  246.218  2788.53
943  160  2025-06-09 22-11-06  2740.8  23636.5  -15985.8  246.275  2780.41
944  160  2025-06-09 22-11-06  2742.4  23649.8  -15987.5  246.333  2790
945  160  2025-06-09 22-11-06  2744  23663.2  -15989.1  246.391  2781.9
946  160  2025-06-09 22-11-06  2745.6  23676.5  -15990.9  246.448  2791.5
947  160  2025-06-09 22-11-06  2747.2  23689.8  -15992.5  246.506  2783.42
948  160  2025-06-09 22-11-06  2748.8  23703.2  -15994  246.563  2775.26
949  160  2025-06-09 22-11-06  2750.4  23716.6  -15995.7  246.621  2784.8
950  160  2025-06-09 22-11-06  2752  23730  -15997.2  246.678  2776.65
951  160  2025-06-09 22-11-06  2753.6  23743.3  -15998.9  246.736  2786.21
952  160  2025-06-09 22-11-06  2755.2  23756.7  -16000.4  246.793  2778.08
953  160  2025-06-09 22-11-06  2756.8  23770.1  -16002.1  246.851  2787.65
954  160  2025-06-09 22-11-06  2758.4  23783.5  -16003.7  246.909  2779.53
955  160  2025-06-09 22-11-06  2760  23796.9  -16005.4  246.966  2789.12
956  160  2025-06-09 22-11-06  2761.6  23810.3  -16007  247.024  2781.02
957  160  2025-06-09 22-11-06  2763.2  23823.7  -16008.8  247.081  2790.62
958  160  2025-06-09 22-11-06  2764.8  23837.1  -16010.4  247.139  2782.54
959  160  2025-06-09 22-11-06  2766.4  23850.5  -16011.9  247.196  2774.38
960  160  2025-06-09 22-11-06  2768  23864  -16013.6  247.254  2783.92
961  160  2025-06-09 22-11-06  2769.6  23877.4  -16015.1  247.311  2775.77
962  160  2025-06-09 22-11-06  2771.2  23890.8  -16016.8  247.369  2785.33
963  160  2025-06-09 22-11-06  2772.8  23904.3  -16018.3  247.427  2777.2
964  160  2025-06-09 22-11-06  2774.4  23917.7  -16020  247.484  2786.77
965  160  2025-06-09 22-11-06  2776  23931.2  -16021.6  247.542  2778.65
966  160  2025-06-09 22-11-06  2777.6  23944.6  -16023.3  247.599  2788.24
967  160  2025-06-09 22-11-06  2779.2  23958.1  -16024.9  247.657  2780.14
968  160  2025-06-09 22-11-06  2780.8  23971.6  -16026.6  247.714  2789.74
969  160  2025-06-09 22-11-06  2782.4  23985.1  -16028.2  247.772  2781.66
970  160  2025-06-09 22-11-06  2784  23998.6  -16029.7  247.829  2773.5
971  160  2025-06-09 22-11-06  2785.6  24012  -16031.4  247.887  2783.04
972  160  2025-06-09 22-11-06  2787.2  24025.6  -16032.9  247.945  2774.89
973  160  2025-06-09 22-11-06  2788.8  24039.1  -16034.6  248.002  2784.45
974  160  2025-06-09 22-11-06  2790.4  24052.6  -16036.1  248.06  2776.32
975  160  2025-06-09 22-11-06  2792  24066.1  -16037.8  248.117  2785.89
976  160  2025-06-09 22-11-06  2793.6  24079.6  -16039.4  248.175  2777.77
977  160  2025-06-09 22-11-06  2795.2  24093.1  -16041.1  248.232  2787.36
978  160  2025-06-09 22-11-06  2796.8  24106.7  -16042.7  248.29  2779.26
979  160  2025-06-09 22-11-06  2798.4  24120.2  -16044.4  248.347  2788.86
980  160  2025-06-09 22-11-06  2800  24133.7  -16046  248.405  2780.78
981  160  2025-06-09 22-11-06  2801.6  24147.3  -16047.5  248.463  2772.62
982  160  2025-06-09 22-11-06  2803.2  24160.8  -16049.2  248.52  2782.16
983  160  2025-06-09 22-11-06  2804.8  24174.4  -16050.7  248.578  2774.01
984  160  2025-06-09 22-11-06  2806.4  24188  -16052.3  248.635  2783.57
985  160  2025-06-09 22-11-06  2808  24201.6  -16053.9  248.693  2775.44
986  160  2025-06-09 22-11-06  2809.6  24215.1  -16055.5  248.75  2785.01
987  160  2025-06-09 22-11-06  2811.2  24228.7  -16057.1  248.808  2776.89
988  160  2025-06-09 22-11-06  2812.8  24242.3  -16058.8  248.865  2786.48
989  160  2025-06-09 22-11-06  2814.4  24255.9  -16060.4  248.923  2778.38
990  160  2025-06-09 22-11-06  2816  24269.5  -16062.1  248.981  2787.98
991  160  2025-06-09 22-11-06  2817.6  24283.1  -16063.7  249.038  2779.9
992  160  2025-06-09 22-11-06  2819.2  24296.7  -16065.2  249.096  2771.74
993  160  2025-06-09 22-11-06  2820.8  24310.3  -16066.9  249.153  2781.28
994  160  2025-06-09 22-11-06  2822.4  24324  -16068.4  249.211  2773.13
995  160  2025-06-09 22-11-06  2824  24337.6  -16070  249.268  2782.69
996  160  2025-06-09 22-11-06  2825.6  24351.3  -16071.6  249.326  2774.56
997  160  2025-06-09 22-11-06  2827.2  24364.9  -16073.2  249.383  2784.12
998  160  2025-06-09 22-11-06  2828.8  24378.6  -16074.8  249.441  2776.01
999  160  2025-06-09 22-11-06  2830.4  24392.2  -16076.5  249.499  2785.6
1000  160  2025-06-09 22-11-06  14032  24405.9  -16078.1  249.556  2777.5
1001  160  2025-06-09 22-11-06  14033.6  24419.5  -16079.8  249.614  2787.1
1002  160  2025-06-09 22-11-06  14035.2  24433.2  -16081.4  249.671  2779.02
1003  160  2025-06-09 22-11-06  14036.8  24446.9  -16082.9  249.729  2770.86
1004  160  2025-06-09 22-11-06  14038.4  24460.6  -16084.5  249.786  2780.4
1005  160  2025-06-09 22-11-06  14040  24474.3  -16086  249.844  2772.25
1006  160  2025-06-09 22-11-06  14041.6  24488  -16087.7  249.901  2781.8
1007  160  2025-06-09 22-11-06  14043.2  24501.7  -16089.2  249.959  2773.68
1008  160  2025-06-09 22-11-06  14044.8  24515.4  -16090.9  250.017  2783.24
1009  160  2025-06-09 22-11-06  14046.4  24529.1  -16092.4  250.074  2775.13
1010  160  2025-06-09 22-11-06  14048  24542.8  -16094.1  250.132  2784.72
1011  160  2025-06-09 22-11-06  14049.6  24556.5  -16095.7  250.189  2776.62
1012  160  2025-06-09 22-11-06  14051.2  24570.3  -16097.1  250.247  2768.44
1013  160  2025-06-09 22-11-06  14052.8  24584  -16098.7  250.304  2777.96
1014  160  2025-06-09 22-11-06  14054.4  24597.8  -16100.2  250.362  2769.8
1015  160  2025-06-09 22-11-06  14056  24611.5  -16101.8  250.419  2779.34
1016  160  2025-06-09 22-11-06  14057.6  24625.3  -16103.3  250.477  2771.2
1017  160  2025-06-09 22-11-06  14059.2  24639  -16104.9  250.535  2780.75
1018  160  2025-06-09 22-11-06  14060.8  24652.8  -16106.5  250.592  2772.62
1019  160  2025-06-09 22-11-06  14062.4  24666.6  -16108.1  250.65  2782.19
1020  160  2025-06-09 22-11-06  14064  24680.4  -16109.7  250.707  2774.08
1021  160  2025-06-09 22-11-06  14065.6  24694.1  -16111.3  250.765  2783.66
