SN    USVID    CurTime    simTime    CurX    CurY    CurVel      CurYaw   
0  144  2025-06-09 22-09-11  0  2440  14512  192  2672
1  144  2025-06-09 22-09-11  1.6  2448.01  14511.9  192.058  2680.08
2  144  2025-06-09 22-09-11  3.2  2456.02  14511.8  192.115  2688.24
3  144  2025-06-09 22-09-11  4.8  2464.03  14511.6  192.173  2696.48
4  144  2025-06-09 22-09-11  6.4  2472.05  14511.3  192.23  2704.8
5  144  2025-06-09 22-09-11  8  2480.07  14510.9  192.288  2713.2
6  144  2025-06-09 22-09-11  9.6  2488.09  14510.5  192.345  2721.68
7  144  2025-06-09 22-09-11  11.2  2496.12  14510  192.403  2730.24
8  144  2025-06-09 22-09-11  12.8  2504.14  14509.4  192.46  2738.88
9  144  2025-06-09 22-09-11  14.4  2512.16  14508.7  192.518  2747.6
10  144  2025-06-09 22-09-11  128  2520.19  14508  192.576  2756.4
11  144  2025-06-09 22-09-11  129.6  2528.21  14507.2  192.633  2765.28
12  144  2025-06-09 22-09-11  131.2  2536.23  14506.3  192.691  2774.24
13  144  2025-06-09 22-09-11  132.8  2544.25  14505.4  192.748  2775.2
14  144  2025-06-09 22-09-11  134.4  2552.28  14504.4  192.806  2776.16
15  144  2025-06-09 22-09-11  136  2560.31  14503.5  192.863  2777.12
16  144  2025-06-09 22-09-11  137.6  2568.35  14502.6  192.921  2778.08
17  144  2025-06-09 22-09-11  139.2  2576.39  14501.6  192.978  2779.04
18  144  2025-06-09 22-09-11  140.8  2584.44  14500.7  193.036  2780
19  144  2025-06-09 22-09-11  142.4  2592.49  14499.7  193.094  2780.96
20  144  2025-06-09 22-09-11  144  2600.55  14498.8  193.151  2781.92
21  144  2025-06-09 22-09-11  145.6  2608.61  14497.8  193.209  2782.88
22  144  2025-06-09 22-09-11  147.2  2616.68  14496.8  193.266  2783.84
23  144  2025-06-09 22-09-11  148.8  2624.75  14495.8  193.324  2784.8
24  144  2025-06-09 22-09-11  150.4  2632.83  14494.8  193.381  2785.76
25  144  2025-06-09 22-09-11  152  2640.91  14493.8  193.439  2786.72
26  144  2025-06-09 22-09-11  153.6  2648.99  14492.7  193.496  2787.68
27  144  2025-06-09 22-09-11  155.2  2657.08  14491.7  193.554  2788.64
28  144  2025-06-09 22-09-11  156.8  2665.17  14490.7  193.612  2789.6
29  144  2025-06-09 22-09-11  158.4  2673.27  14489.6  193.669  2790.56
30  144  2025-06-09 22-09-11  160  2681.38  14488.6  193.727  2791.52
31  144  2025-06-09 22-09-11  161.6  2689.48  14487.5  193.784  2792.48
32  144  2025-06-09 22-09-11  163.2  2697.6  14486.4  193.842  2793.44
33  144  2025-06-09 22-09-11  164.8  2705.71  14485.3  193.899  2794.4
34  144  2025-06-09 22-09-11  166.4  2713.83  14484.2  193.957  2795.36
35  144  2025-06-09 22-09-11  168  2721.96  14483.1  194.014  2796.32
36  144  2025-06-09 22-09-11  169.6  2730.09  14482  194.072  2797.28
37  144  2025-06-09 22-09-11  171.2  2738.23  14480.9  194.13  2798.24
38  144  2025-06-09 22-09-11  172.8  2746.37  14479.7  194.187  2799.2
39  144  2025-06-09 22-09-11  174.4  2754.51  14478.6  194.245  2800.16
40  144  2025-06-09 22-09-11  176  2762.66  14477.4  194.302  2801.12
41  144  2025-06-09 22-09-11  177.6  2770.81  14476.3  194.36  2802.08
42  144  2025-06-09 22-09-11  179.2  2778.97  14475.1  194.417  2803.04
43  144  2025-06-09 22-09-11  180.8  2787.13  14473.9  194.475  2804
44  144  2025-06-09 22-09-11  182.4  2795.3  14472.7  194.532  2804.96
45  144  2025-06-09 22-09-11  184  2803.47  14471.5  194.59  2805.92
46  144  2025-06-09 22-09-11  185.6  2811.65  14470.3  194.648  2806.88
47  144  2025-06-09 22-09-11  187.2  2819.83  14469.1  194.705  2807.84
48  144  2025-06-09 22-09-11  188.8  2828.01  14467.8  194.763  2808.8
49  144  2025-06-09 22-09-11  190.4  14036.2  14466.6  194.82  2809.76
50  144  2025-06-09 22-09-11  192  14044.4  14465.3  194.878  2810.72
51  144  2025-06-09 22-09-11  193.6  14052.6  14464.1  194.935  2811.68
52  144  2025-06-09 22-09-11  195.2  14060.8  14462.8  194.993  2812.64
53  144  2025-06-09 22-09-11  196.8  14069  14461.5  195.05  2813.6
54  144  2025-06-09 22-09-11  198.4  14077.2  14460.3  195.108  2814.56
55  144  2025-06-09 22-09-11  200  14085.4  14459  195.166  2815.52
56  144  2025-06-09 22-09-11  201.6  14093.6  14457.7  195.223  2816.48
57  144  2025-06-09 22-09-11  203.2  14101.9  14456.3  195.281  2817.44
58  144  2025-06-09 22-09-11  204.8  14110.1  14455  195.338  2818.4
59  144  2025-06-09 22-09-11  206.4  14118.3  14453.7  195.396  2819.36
60  144  2025-06-09 22-09-11  208  14126.6  14452.3  195.453  2820.32
61  144  2025-06-09 22-09-11  209.6  14134.8  14451  195.511  2821.28
62  144  2025-06-09 22-09-11  211.2  14143  14449.6  195.568  2822.24
63  144  2025-06-09 22-09-11  212.8  14151.3  14448.2  195.626  2823.2
64  144  2025-06-09 22-09-11  214.4  14159.5  14446.9  195.684  2824.16
65  144  2025-06-09 22-09-11  216  14167.8  14445.5  195.741  2825.12
66  144  2025-06-09 22-09-11  217.6  14176.1  14444.1  195.799  2826.08
67  144  2025-06-09 22-09-11  219.2  14184.3  14442.7  195.856  2827.04
68  144  2025-06-09 22-09-11  220.8  14192.6  14441.2  195.914  2828
69  144  2025-06-09 22-09-11  222.4  14200.9  14439.8  195.971  2828.96
70  144  2025-06-09 22-09-11  224  14209.2  14438.4  196.029  2829.92
71  144  2025-06-09 22-09-11  225.6  14217.4  14436.9  196.086  2830.88
72  144  2025-06-09 22-09-11  227.2  14225.7  14435.5  196.144  2831.84
73  144  2025-06-09 22-09-11  228.8  14234  14434  196.202  14032.8
74  144  2025-06-09 22-09-11  230.4  14242.3  14432.5  196.259  14033.8
75  144  2025-06-09 22-09-11  232  14250.6  14431  196.317  14034.7
76  144  2025-06-09 22-09-11  233.6  14258.9  14429.5  196.374  14035.7
77  144  2025-06-09 22-09-11  235.2  14267.2  14428  196.432  14036.6
78  144  2025-06-09 22-09-11  236.8  14275.5  14426.5  196.489  14037.6
79  144  2025-06-09 22-09-11  238.4  14283.9  14425  196.547  14038.6
80  144  2025-06-09 22-09-11  240  14292.2  14423.4  196.604  14039.5
81  144  2025-06-09 22-09-11  241.6  14300.5  14421.9  196.662  14040.5
82  144  2025-06-09 22-09-11  243.2  14308.8  14420.3  196.72  14041.4
83  144  2025-06-09 22-09-11  244.8  14317.2  14418.8  196.777  14042.4
84  144  2025-06-09 22-09-11  246.4  14325.5  14417.2  196.835  14043.4
85  144  2025-06-09 22-09-11  248  14333.8  14415.6  196.892  14044.3
86  144  2025-06-09 22-09-11  249.6  14342.2  14414  196.95  14045.3
87  144  2025-06-09 22-09-11  251.2  14350.5  14412.4  197.007  14046.2
88  144  2025-06-09 22-09-11  252.8  14358.9  14410.8  197.065  14047.2
89  144  2025-06-09 22-09-11  254.4  14367.2  14409.1  197.122  14048.2
90  144  2025-06-09 22-09-11  256  14375.6  14407.5  197.18  14049.1
91  144  2025-06-09 22-09-11  257.6  14383.9  14405.9  197.238  14050.1
92  144  2025-06-09 22-09-11  259.2  14392.3  14404.2  197.295  14051
93  144  2025-06-09 22-09-11  260.8  14400.7  14402.5  197.353  14052
94  144  2025-06-09 22-09-11  262.4  14409.1  14400.9  197.41  14053
95  144  2025-06-09 22-09-11  264  14417.4  14399.2  197.468  14053.9
96  144  2025-06-09 22-09-11  265.6  14425.8  14397.5  197.525  14054.9
97  144  2025-06-09 22-09-11  267.2  14434.2  14395.8  197.583  14055.8
98  144  2025-06-09 22-09-11  268.8  14442.6  14394.1  197.641  14056.8
99  144  2025-06-09 22-09-11  270.4  14451  14392.3  197.698  14057.8
100  144  2025-06-09 22-09-11  1392  14459.4  14390.6  197.756  14058.7
101  144  2025-06-09 22-09-11  1393.6  14467.8  14388.9  197.813  14059.7
102  144  2025-06-09 22-09-11  1395.2  14476.2  14387.1  197.871  14060.6
103  144  2025-06-09 22-09-11  1396.8  14484.6  14385.3  197.928  14061.6
104  144  2025-06-09 22-09-11  1398.4  14493  14383.6  197.986  14062.6
105  144  2025-06-09 22-09-11  1400  14501.4  14381.8  198.043  14063.5
106  144  2025-06-09 22-09-11  1401.6  14509.9  14380  198.101  14064.5
107  144  2025-06-09 22-09-11  1403.2  14518.3  14378.2  198.159  14065.4
108  144  2025-06-09 22-09-11  1404.8  14526.7  14376.4  198.216  14066.4
109  144  2025-06-09 22-09-11  1406.4  14535.2  14374.6  198.274  14067.4
110  144  2025-06-09 22-09-11  1408  14543.6  14372.7  198.331  14068.3
111  144  2025-06-09 22-09-11  1409.6  14552  14370.9  198.389  14069.3
112  144  2025-06-09 22-09-11  1411.2  14560.5  14369  198.446  14070.2
113  144  2025-06-09 22-09-11  1412.8  14568.9  14367.2  198.504  14071.2
114  144  2025-06-09 22-09-11  1414.4  14577.4  14365.3  198.561  14072.2
115  144  2025-06-09 22-09-11  1416  14585.8  14363.4  198.619  14073.1
116  144  2025-06-09 22-09-11  1417.6  14594.3  14361.5  198.677  14074.1
117  144  2025-06-09 22-09-11  1419.2  14602.7  14359.6  198.734  14075
118  144  2025-06-09 22-09-11  1420.8  14611.2  14357.7  198.792  14076
119  144  2025-06-09 22-09-11  1422.4  14619.7  14355.8  198.849  14077
120  144  2025-06-09 22-09-11  1424  14628.1  14353.8  198.907  14077.9
121  144  2025-06-09 22-09-11  1425.6  14636.6  14351.9  198.964  14078.9
122  144  2025-06-09 22-09-11  1427.2  14645.1  14349.9  199.022  14079.8
123  144  2025-06-09 22-09-11  1428.8  14653.6  14347.9  199.079  14080.8
124  144  2025-06-09 22-09-11  1430.4  14662.1  14346  199.137  14081.8
125  144  2025-06-09 22-09-11  1432  14670.6  14344  199.195  14082.7
126  144  2025-06-09 22-09-11  1433.6  14679.1  14342  199.252  14083.7
127  144  2025-06-09 22-09-11  1435.2  14687.6  14340  199.31  14084.6
128  144  2025-06-09 22-09-11  1436.8  14696.1  14338  199.367  14085.6
129  144  2025-06-09 22-09-11  1438.4  14704.6  14335.9  199.425  14086.6
130  144  2025-06-09 22-09-11  1440  14713.1  14333.9  199.482  14087.5
131  144  2025-06-09 22-09-11  1441.6  14721.6  14331.8  199.54  14088.5
132  144  2025-06-09 22-09-11  1443.2  14730.1  14329.8  199.597  14089.4
133  144  2025-06-09 22-09-11  1444.8  14738.6  14327.7  199.655  14090.4
134  144  2025-06-09 22-09-11  1446.4  14747.1  14325.6  199.713  14091.4
135  144  2025-06-09 22-09-11  1448  14755.7  14323.6  199.77  14092.3
136  144  2025-06-09 22-09-11  1449.6  14764.2  14321.5  199.828  14093.3
137  144  2025-06-09 22-09-11  1451.2  14772.7  14319.3  199.885  14094.2
138  144  2025-06-09 22-09-11  1452.8  14781.2  14317.2  199.943  14095.2
139  144  2025-06-09 22-09-11  1454.4  14789.8  14315.1  200  14096.2
140  144  2025-06-09 22-09-11  1456  14798.3  14313  200.058  14097.1
141  144  2025-06-09 22-09-11  1457.6  14806.9  14310.8  200.115  14098.1
142  144  2025-06-09 22-09-11  1459.2  14815.4  14308.6  200.173  14099
143  144  2025-06-09 22-09-11  1460.8  14824  14306.5  200.231  14100
144  144  2025-06-09 22-09-11  1462.4  14832.5  14304.3  200.288  14101
145  144  2025-06-09 22-09-11  1464  14841.1  14302.1  200.346  14101.9
146  144  2025-06-09 22-09-11  1465.6  14849.6  14299.9  200.403  14102.9
147  144  2025-06-09 22-09-11  1467.2  14858.2  14297.7  200.461  14103.8
148  144  2025-06-09 22-09-11  1468.8  14866.8  14295.5  200.518  14104.8
149  144  2025-06-09 22-09-11  1470.4  14875.4  14293.2  200.576  14105.8
150  144  2025-06-09 22-09-11  1472  14883.9  14291  200.633  14106.7
151  144  2025-06-09 22-09-11  1473.6  14892.5  14288.7  200.691  14107.7
152  144  2025-06-09 22-09-11  1475.2  14901.1  14286.5  200.749  14108.6
153  144  2025-06-09 22-09-11  1476.8  14909.7  14284.2  200.806  14109.6
154  144  2025-06-09 22-09-11  1478.4  14918.3  14281.9  200.864  14110.6
155  144  2025-06-09 22-09-11  1480  14926.8  14279.6  200.921  14111.5
156  144  2025-06-09 22-09-11  1481.6  14935.4  14277.3  200.979  14112.5
157  144  2025-06-09 22-09-11  1483.2  14944  14275  201.036  14113.4
158  144  2025-06-09 22-09-11  1484.8  14952.6  14272.6  201.094  14114.4
159  144  2025-06-09 22-09-11  1486.4  14961.2  14270.3  201.151  14115.4
160  144  2025-06-09 22-09-11  1488  14969.8  14268  201.209  14116.3
161  144  2025-06-09 22-09-11  1489.6  14978.5  14265.6  201.267  14117.3
162  144  2025-06-09 22-09-11  1491.2  14987.1  14263.2  201.324  14118.2
163  144  2025-06-09 22-09-11  1492.8  14995.7  14260.8  201.382  14119.2
164  144  2025-06-09 22-09-11  1494.4  15004.3  14258.5  201.439  14120.2
165  144  2025-06-09 22-09-11  1496  15012.9  14256.1  201.497  14121.1
166  144  2025-06-09 22-09-11  1497.6  15021.5  14253.6  201.554  14122.1
167  144  2025-06-09 22-09-11  1499.2  15030.2  14251.2  201.612  14123
168  144  2025-06-09 22-09-11  1500.8  15038.8  14248.8  201.669  14124
169  144  2025-06-09 22-09-11  1502.4  15047.4  14246.3  201.727  14125
170  144  2025-06-09 22-09-11  1504  15056.1  14243.9  201.785  14125.9
171  144  2025-06-09 22-09-11  1505.6  15064.7  14241.4  201.842  14126.9
172  144  2025-06-09 22-09-11  1507.2  15073.4  14238.9  201.9  14127.8
173  144  2025-06-09 22-09-11  1508.8  15082  14236.5  201.957  14128.8
174  144  2025-06-09 22-09-11  1510.4  15090.6  14234  202.015  14129.8
175  144  2025-06-09 22-09-11  1512  15099.3  14231.4  202.072  14130.7
176  144  2025-06-09 22-09-11  1513.6  15108  14228.9  202.13  14131.7
177  144  2025-06-09 22-09-11  1515.2  15116.6  14226.4  202.187  14132.6
178  144  2025-06-09 22-09-11  1516.8  15125.3  14223.9  202.245  14133.6
179  144  2025-06-09 22-09-11  1518.4  15133.9  14221.3  202.303  14134.6
180  144  2025-06-09 22-09-11  1520  15142.6  14218.7  202.36  14135.5
181  144  2025-06-09 22-09-11  1521.6  15151.3  14216.2  202.418  14136.5
182  144  2025-06-09 22-09-11  1523.2  15159.9  14213.6  202.475  14137.4
183  144  2025-06-09 22-09-11  1524.8  15168.6  14211  202.533  14138.4
184  144  2025-06-09 22-09-11  1526.4  15177.3  14208.4  202.59  14139.4
185  144  2025-06-09 22-09-11  1528  15186  14205.8  202.648  14140.3
186  144  2025-06-09 22-09-11  1529.6  15194.6  14203.1  202.705  14141.3
187  144  2025-06-09 22-09-11  1531.2  15203.3  14200.5  202.763  14142.2
188  144  2025-06-09 22-09-11  1532.8  15212  14197.9  202.821  14143.2
189  144  2025-06-09 22-09-11  1534.4  15220.7  14195.2  202.878  14144.2
190  144  2025-06-09 22-09-11  1536  15229.4  14192.5  202.936  14145.1
191  144  2025-06-09 22-09-11  1537.6  15238.1  14189.9  202.993  14146.1
192  144  2025-06-09 22-09-11  1539.2  15246.8  14187.2  203.051  14147
193  144  2025-06-09 22-09-11  1540.8  15255.5  14184.5  203.108  14148
194  144  2025-06-09 22-09-11  1542.4  15264.2  14181.8  203.166  14149
195  144  2025-06-09 22-09-11  1544  15272.9  14179  203.223  14149.9
196  144  2025-06-09 22-09-11  1545.6  15281.6  14176.3  203.281  14150.9
197  144  2025-06-09 22-09-11  1547.2  15290.3  14173.5  203.339  14151.8
198  144  2025-06-09 22-09-11  1548.8  15299  14170.8  203.396  14152.8
199  144  2025-06-09 22-09-11  1550.4  15307.8  14168  203.454  14153.8
200  144  2025-06-09 22-09-11  1552  15316.5  14165.2  203.511  14154.7
201  144  2025-06-09 22-09-11  1553.6  15325.2  14162.5  203.569  14155.7
202  144  2025-06-09 22-09-11  1555.2  15333.9  14159.7  203.626  14156.6
203  144  2025-06-09 22-09-11  1556.8  15342.7  14156.8  203.684  14157.6
204  144  2025-06-09 22-09-11  1558.4  15351.4  14154  203.741  14158.6
205  144  2025-06-09 22-09-11  1560  15360.1  14151.2  203.799  14159.5
206  144  2025-06-09 22-09-11  1561.6  15368.8  14148.4  203.857  14160.5
207  144  2025-06-09 22-09-11  1563.2  15377.6  14145.5  203.914  14161.4
208  144  2025-06-09 22-09-11  1564.8  15386.3  14142.6  203.972  14162.4
209  144  2025-06-09 22-09-11  1566.4  15395.1  14139.8  204.029  14163.4
210  144  2025-06-09 22-09-11  1568  15403.8  14136.9  204.087  14164.3
211  144  2025-06-09 22-09-11  1569.6  15412.6  14134  204.144  14165.3
212  144  2025-06-09 22-09-11  1571.2  15421.3  14131.1  204.202  14166.2
213  144  2025-06-09 22-09-11  1572.8  15430.1  14128.1  204.259  14167.2
214  144  2025-06-09 22-09-11  1574.4  15438.8  14125.2  204.317  14168.2
215  144  2025-06-09 22-09-11  1576  15447.6  14122.3  204.375  14169.1
216  144  2025-06-09 22-09-11  1577.6  15456.3  14119.3  204.432  14170.1
217  144  2025-06-09 22-09-11  1579.2  15465.1  14116.4  204.49  14171
218  144  2025-06-09 22-09-11  1580.8  15473.9  14113.4  204.547  14172
219  144  2025-06-09 22-09-11  1582.4  15482.6  14110.4  204.605  14173
220  144  2025-06-09 22-09-11  1584  15491.4  14107.4  204.662  14173.9
221  144  2025-06-09 22-09-11  1585.6  15500.2  14104.4  204.72  14174.9
222  144  2025-06-09 22-09-11  1587.2  15508.9  14101.4  204.777  14175.8
223  144  2025-06-09 22-09-11  1588.8  15517.7  14098.3  204.835  14176.8
224  144  2025-06-09 22-09-11  1590.4  15526.5  14095.3  204.893  14177.8
225  144  2025-06-09 22-09-11  1592  15535.3  14092.2  204.95  14178.7
226  144  2025-06-09 22-09-11  1593.6  15544  14089.2  205.008  14179.7
227  144  2025-06-09 22-09-11  1595.2  15552.8  14086.1  205.065  14180.6
228  144  2025-06-09 22-09-11  1596.8  15561.6  14083  205.123  14181.6
229  144  2025-06-09 22-09-11  1598.4  15570.4  14079.9  205.18  14182.6
230  144  2025-06-09 22-09-11  1600  15579.2  14076.8  205.238  14183.5
231  144  2025-06-09 22-09-11  1601.6  15588  14073.7  205.295  14184.5
232  144  2025-06-09 22-09-11  1603.2  15596.8  14070.6  205.353  14185.4
233  144  2025-06-09 22-09-11  1604.8  15605.6  14067.4  205.411  14186.4
234  144  2025-06-09 22-09-11  1606.4  15614.4  14064.3  205.468  14187.4
235  144  2025-06-09 22-09-11  1608  15623.2  14061.1  205.526  14188.3
236  144  2025-06-09 22-09-11  1609.6  15632  14057.9  205.583  14189.3
237  144  2025-06-09 22-09-11  1611.2  15640.8  14054.8  205.641  14190.2
238  144  2025-06-09 22-09-11  1612.8  15649.6  14051.6  205.698  14191.2
239  144  2025-06-09 22-09-11  1614.4  15658.4  14048.4  205.756  14192.2
240  144  2025-06-09 22-09-11  1616  15667.2  14045.1  205.813  14193.1
241  144  2025-06-09 22-09-11  1617.6  15676  14041.9  205.871  14194.1
242  144  2025-06-09 22-09-11  1619.2  15684.8  14038.7  205.929  14195
243  144  2025-06-09 22-09-11  1620.8  15693.7  14035.4  205.986  14196
244  144  2025-06-09 22-09-11  1622.4  15702.5  14032.1  206.044  14197
245  144  2025-06-09 22-09-11  1624  15711.3  2828.87  206.101  14197.9
246  144  2025-06-09 22-09-11  1625.6  15720.1  2825.58  206.159  14198.9
247  144  2025-06-09 22-09-11  1627.2  15729  2822.28  206.216  14199.8
248  144  2025-06-09 22-09-11  1628.8  15737.8  2818.97  206.274  14200.8
249  144  2025-06-09 22-09-11  1630.4  15746.6  2815.65  206.331  14201.8
250  144  2025-06-09 22-09-11  1632  15755.4  2812.32  206.389  14202.7
251  144  2025-06-09 22-09-11  1633.6  15764.3  2808.98  206.447  14203.7
252  144  2025-06-09 22-09-11  1635.2  15773.1  2805.62  206.504  14204.6
253  144  2025-06-09 22-09-11  1636.8  15782  2802.26  206.562  14205.6
254  144  2025-06-09 22-09-11  1638.4  15790.8  2798.88  206.619  14206.6
255  144  2025-06-09 22-09-11  1640  15799.6  2795.49  206.677  14207.5
256  144  2025-06-09 22-09-11  1641.6  15808.5  2792.09  206.734  14208.5
257  144  2025-06-09 22-09-11  1643.2  15817.3  2788.68  206.792  14209.4
258  144  2025-06-09 22-09-11  1644.8  15826.2  2785.26  206.849  14210.4
259  144  2025-06-09 22-09-11  1646.4  15835  2781.83  206.907  14211.4
260  144  2025-06-09 22-09-11  1648  15843.9  2778.38  206.965  14212.3
261  144  2025-06-09 22-09-11  1649.6  15852.7  2774.93  207.022  14213.3
262  144  2025-06-09 22-09-11  1651.2  15861.6  2771.46  207.08  14214.2
263  144  2025-06-09 22-09-11  1652.8  15870.4  2767.98  207.137  14215.2
264  144  2025-06-09 22-09-11  1654.4  15879.3  2764.49  207.195  14216.2
265  144  2025-06-09 22-09-11  1656  15888.1  2760.99  207.252  14217.1
266  144  2025-06-09 22-09-11  1657.6  15897  2757.47  207.31  14218.1
267  144  2025-06-09 22-09-11  1659.2  15905.9  2753.95  207.367  14219
268  144  2025-06-09 22-09-11  1660.8  15914.7  2750.41  207.425  14220
269  144  2025-06-09 22-09-11  1662.4  15923.6  2746.87  207.483  14220.9
270  144  2025-06-09 22-09-11  1664  15932.4  2743.31  207.54  14221.9
271  144  2025-06-09 22-09-11  1665.6  15941.3  2739.74  207.598  14222.9
272  144  2025-06-09 22-09-11  1667.2  15950.2  2736.16  207.655  14223.8
273  144  2025-06-09 22-09-11  1668.8  15959.1  2732.56  207.713  14224.8
274  144  2025-06-09 22-09-11  1670.4  15967.9  2728.96  207.77  14225.7
275  144  2025-06-09 22-09-11  1672  15976.8  2725.34  207.828  14226.7
276  144  2025-06-09 22-09-11  1673.6  15985.7  2721.71  207.885  14227.7
277  144  2025-06-09 22-09-11  1675.2  15994.6  2718.08  207.943  14228.6
278  144  2025-06-09 22-09-11  1676.8  16003.4  2714.43  208.001  14229.6
279  144  2025-06-09 22-09-11  1678.4  16012.3  2710.76  208.058  14230.5
280  144  2025-06-09 22-09-11  1680  16021.2  2707.09  208.116  14231.5
281  144  2025-06-09 22-09-11  1681.6  16030.1  2703.4  208.173  14232.5
282  144  2025-06-09 22-09-11  1683.2  16039  2699.71  208.231  14233.4
283  144  2025-06-09 22-09-11  1684.8  16047.9  2696  208.288  14234.4
284  144  2025-06-09 22-09-11  1686.4  16056.7  2692.28  208.346  14235.3
285  144  2025-06-09 22-09-11  1688  16065.6  2688.55  208.404  14236.3
286  144  2025-06-09 22-09-11  1689.6  16074.5  2684.81  208.461  14237.3
287  144  2025-06-09 22-09-11  1691.2  16083.4  2681.05  208.519  14238.2
288  144  2025-06-09 22-09-11  1692.8  16092.3  2677.29  208.576  14239.2
289  144  2025-06-09 22-09-11  1694.4  16101.2  2673.51  208.634  14240.1
290  144  2025-06-09 22-09-11  1696  16110.1  2669.72  208.691  14241.1
291  144  2025-06-09 22-09-11  1697.6  16119  2665.92  208.749  14242.1
292  144  2025-06-09 22-09-11  1699.2  16127.9  2662.11  208.806  14243
293  144  2025-06-09 22-09-11  1700.8  16136.8  2658.29  208.864  14244
294  144  2025-06-09 22-09-11  1702.4  16145.7  2654.45  208.922  14244.9
295  144  2025-06-09 22-09-11  1704  16154.6  2650.6  208.979  14245.9
296  144  2025-06-09 22-09-11  1705.6  16163.5  2646.75  209.037  14246.9
297  144  2025-06-09 22-09-11  1707.2  16172.4  2642.88  209.094  14247.8
298  144  2025-06-09 22-09-11  1708.8  16181.3  2638.99  209.152  14248.8
299  144  2025-06-09 22-09-11  1710.4  16190.2  2635.1  209.209  14249.7
300  144  2025-06-09 22-09-11  1712  16199.1  2631.2  209.267  14250.7
301  144  2025-06-09 22-09-11  1713.6  16208  2627.28  209.324  14251.7
302  144  2025-06-09 22-09-11  1715.2  16216.9  2623.35  209.382  14252.6
303  144  2025-06-09 22-09-11  1716.8  16225.9  2619.41  209.44  14253.6
304  144  2025-06-09 22-09-11  1718.4  16234.8  2615.46  209.497  14254.5
305  144  2025-06-09 22-09-11  1720  16243.7  2611.5  209.555  14255.5
306  144  2025-06-09 22-09-11  1721.6  16252.6  2607.52  209.612  14256.5
307  144  2025-06-09 22-09-11  1723.2  16261.5  2603.54  209.67  14257.4
308  144  2025-06-09 22-09-11  1724.8  16270.4  2599.54  209.727  14258.4
309  144  2025-06-09 22-09-11  1726.4  16279.4  2595.53  209.785  14259.3
310  144  2025-06-09 22-09-11  1728  16288.3  2591.51  209.842  14260.3
311  144  2025-06-09 22-09-11  1729.6  16297.2  2587.47  209.9  14261.3
312  144  2025-06-09 22-09-11  1731.2  16306.1  2583.43  209.958  14262.2
313  144  2025-06-09 22-09-11  1732.8  16315  2579.37  210.015  14263.2
314  144  2025-06-09 22-09-11  1734.4  16324  2575.3  210.073  14264.1
315  144  2025-06-09 22-09-11  1736  16332.9  2571.22  210.13  14265.1
316  144  2025-06-09 22-09-11  1737.6  16341.8  2567.13  210.188  14266.1
317  144  2025-06-09 22-09-11  1739.2  16350.7  2563.03  210.245  14267
318  144  2025-06-09 22-09-11  1740.8  16359.7  2558.91  210.303  14268
319  144  2025-06-09 22-09-11  1742.4  16368.6  2554.78  210.36  14268.9
320  144  2025-06-09 22-09-11  1744  16377.5  2550.65  210.418  14269.9
321  144  2025-06-09 22-09-11  1745.6  16386.5  2546.49  210.476  14270.9
322  144  2025-06-09 22-09-11  1747.2  16395.4  2542.33  210.533  14271.8
323  144  2025-06-09 22-09-11  1748.8  16404.3  2538.16  210.591  14272.8
324  144  2025-06-09 22-09-11  1750.4  16413.2  2533.97  210.648  14273.7
325  144  2025-06-09 22-09-11  1752  16422.2  2529.77  210.706  14274.7
326  144  2025-06-09 22-09-11  1753.6  16431.1  2525.56  210.763  14275.7
327  144  2025-06-09 22-09-11  1755.2  16440.1  2521.34  210.821  14276.6
328  144  2025-06-09 22-09-11  1756.8  16449  2517.11  210.878  14277.6
329  144  2025-06-09 22-09-11  1758.4  16457.9  2512.86  210.936  14278.5
330  144  2025-06-09 22-09-11  1760  16466.9  2508.61  210.994  14279.5
331  144  2025-06-09 22-09-11  1761.6  16475.8  2504.34  211.051  14280.5
332  144  2025-06-09 22-09-11  1763.2  16484.7  2500.06  211.109  14281.4
333  144  2025-06-09 22-09-11  1764.8  16493.7  2495.77  211.166  14282.4
334  144  2025-06-09 22-09-11  1766.4  16502.6  2491.46  211.224  14283.3
335  144  2025-06-09 22-09-11  1768  16511.6  2487.14  211.281  14284.3
336  144  2025-06-09 22-09-11  1769.6  16520.5  2482.82  211.339  14285.3
337  144  2025-06-09 22-09-11  1771.2  16529.4  2478.48  211.396  14286.2
338  144  2025-06-09 22-09-11  1772.8  16538.4  2474.12  211.454  14287.2
339  144  2025-06-09 22-09-11  1774.4  16547.3  2469.76  211.512  14288.1
340  144  2025-06-09 22-09-11  1776  16556.3  2465.39  211.569  14289.1
341  144  2025-06-09 22-09-11  1777.6  16565.2  2461  211.627  14290.1
342  144  2025-06-09 22-09-11  1779.2  16574.2  2456.6  211.684  14291
343  144  2025-06-09 22-09-11  1780.8  16583.1  2452.19  211.742  14292
344  144  2025-06-09 22-09-11  1782.4  16592.1  2447.76  211.799  14292.9
345  144  2025-06-09 22-09-11  1784  16601  2443.33  211.857  14293.9
346  144  2025-06-09 22-09-11  1785.6  16609.9  2438.88  211.914  14294.9
347  144  2025-06-09 22-09-11  1787.2  16618.9  2434.42  211.972  14295.8
348  144  2025-06-09 22-09-11  1788.8  16627.8  2429.95  212.03  14296.8
349  144  2025-06-09 22-09-11  1790.4  16636.8  2425.47  212.087  14297.7
350  144  2025-06-09 22-09-11  1792  16645.7  2420.97  212.145  14298.7
351  144  2025-06-09 22-09-11  1793.6  16654.7  2416.47  212.202  14299.7
352  144  2025-06-09 22-09-11  1795.2  16663.6  2411.95  212.26  14300.6
353  144  2025-06-09 22-09-11  1796.8  16672.6  2407.42  212.317  14301.6
354  144  2025-06-09 22-09-11  1798.4  16681.5  2402.87  212.375  14302.5
355  144  2025-06-09 22-09-11  1800  16690.5  2398.32  212.432  14303.5
356  144  2025-06-09 22-09-11  1801.6  16699.4  2393.75  212.49  14304.5
357  144  2025-06-09 22-09-11  1803.2  16708.4  2389.17  212.548  14305.4
358  144  2025-06-09 22-09-11  1804.8  16717.3  2384.58  212.605  14306.4
359  144  2025-06-09 22-09-11  1806.4  16726.3  2379.98  212.663  14307.3
360  144  2025-06-09 22-09-11  1808  16735.3  2375.37  212.72  14308.3
361  144  2025-06-09 22-09-11  1809.6  16744.2  2370.74  212.778  14309.3
362  144  2025-06-09 22-09-11  1811.2  16753.2  2366.1  212.835  14310.2
363  144  2025-06-09 22-09-11  1812.8  16762.1  2361.45  212.893  14311.2
364  144  2025-06-09 22-09-11  1814.4  16771.1  2356.79  212.95  14312.1
365  144  2025-06-09 22-09-11  1816  16780  2352.11  213.008  14313.1
366  144  2025-06-09 22-09-11  1817.6  16789  2347.43  213.066  14314.1
367  144  2025-06-09 22-09-11  1819.2  16797.9  2342.73  213.123  14315
368  144  2025-06-09 22-09-11  1820.8  16806.9  2338.02  213.181  14316
369  144  2025-06-09 22-09-11  1822.4  16815.8  2333.29  213.238  14316.9
370  144  2025-06-09 22-09-11  1824  16824.8  2328.56  213.296  14317.9
371  144  2025-06-09 22-09-11  1825.6  16833.7  2323.81  213.353  14318.9
372  144  2025-06-09 22-09-11  1827.2  16842.7  2319.05  213.411  14319.8
373  144  2025-06-09 22-09-11  1828.8  16851.7  2314.28  213.468  14320.8
374  144  2025-06-09 22-09-11  1830.4  16860.6  2309.5  213.526  14321.7
375  144  2025-06-09 22-09-11  1832  16869.6  2304.7  213.584  14322.7
376  144  2025-06-09 22-09-11  1833.6  16878.5  2299.89  213.641  14323.7
377  144  2025-06-09 22-09-11  1835.2  16887.5  2295.07  213.699  14324.6
378  144  2025-06-09 22-09-11  1836.8  16896.4  2290.24  213.756  14325.6
379  144  2025-06-09 22-09-11  1838.4  16905.4  2285.4  213.814  14326.5
380  144  2025-06-09 22-09-11  1840  16914.3  2280.54  213.871  14327.5
381  144  2025-06-09 22-09-11  1841.6  16923.3  2275.67  213.929  14328.5
382  144  2025-06-09 22-09-11  1843.2  16932.3  2270.79  213.986  14329.4
383  144  2025-06-09 22-09-11  1844.8  16941.2  2265.9  214.044  14330.4
384  144  2025-06-09 22-09-11  1846.4  16950.2  2261  214.102  14331.3
385  144  2025-06-09 22-09-11  1848  16959.1  2256.08  214.159  14332.3
386  144  2025-06-09 22-09-11  1849.6  16968.1  2251.15  214.217  14333.3
387  144  2025-06-09 22-09-11  1851.2  16977  2246.21  214.274  14334.2
388  144  2025-06-09 22-09-11  1852.8  16986  2241.26  214.332  14335.2
389  144  2025-06-09 22-09-11  1854.4  16994.9  2236.29  214.389  14336.1
390  144  2025-06-09 22-09-11  1856  17003.9  2231.31  214.447  14337.1
391  144  2025-06-09 22-09-11  1857.6  17012.8  2226.32  214.504  14338.1
392  144  2025-06-09 22-09-11  1859.2  17021.8  2221.32  214.562  14339
393  144  2025-06-09 22-09-11  1860.8  17030.8  2216.31  214.62  14340
394  144  2025-06-09 22-09-11  1862.4  17039.7  2211.28  214.677  14340.9
395  144  2025-06-09 22-09-11  1864  17048.7  2206.24  214.735  14341.9
396  144  2025-06-09 22-09-11  1865.6  17057.6  2201.19  214.792  14342.9
397  144  2025-06-09 22-09-11  1867.2  17066.6  2196.13  214.85  14343.8
398  144  2025-06-09 22-09-11  1868.8  17075.5  2191.05  214.907  14344.8
399  144  2025-06-09 22-09-11  1870.4  17084.5  2185.97  214.965  14345.7
400  144  2025-06-09 22-09-11  1872  17093.4  2180.87  215.022  14346.7
401  144  2025-06-09 22-09-11  1873.6  17102.4  2175.76  215.08  14347.7
402  144  2025-06-09 22-09-11  1875.2  17111.3  2170.63  215.138  14348.6
403  144  2025-06-09 22-09-11  1876.8  17120.3  2165.5  215.195  14349.6
404  144  2025-06-09 22-09-11  1878.4  17129.2  2160.35  215.253  14350.5
405  144  2025-06-09 22-09-11  1880  17138.2  2155.19  215.31  14351.5
406  144  2025-06-09 22-09-11  1881.6  17147.1  2150.01  215.368  14352.5
407  144  2025-06-09 22-09-11  1883.2  17156.1  2144.83  215.425  14353.4
408  144  2025-06-09 22-09-11  1884.8  17165  2139.63  215.483  14354.4
409  144  2025-06-09 22-09-11  1886.4  17174  2134.42  215.54  14355.3
410  144  2025-06-09 22-09-11  1888  17182.9  2129.2  215.598  14356.3
411  144  2025-06-09 22-09-11  1889.6  17191.9  2123.97  215.656  14357.3
412  144  2025-06-09 22-09-11  1891.2  17200.8  2118.72  215.713  14358.2
413  144  2025-06-09 22-09-11  1892.8  17209.8  2113.46  215.771  14359.2
414  144  2025-06-09 22-09-11  1894.4  17218.7  2108.19  215.828  14360.1
415  144  2025-06-09 22-09-11  1896  17227.6  2102.91  215.886  14361.1
416  144  2025-06-09 22-09-11  1897.6  17236.6  2097.61  215.943  14362.1
417  144  2025-06-09 22-09-11  1899.2  17245.5  2092.3  216.001  14363
418  144  2025-06-09 22-09-11  1900.8  17254.5  2086.98  216.058  14364
419  144  2025-06-09 22-09-11  1902.4  17263.4  2081.65  216.116  14364.9
420  144  2025-06-09 22-09-11  1904  17272.4  2076.3  216.174  14365.9
421  144  2025-06-09 22-09-11  1905.6  17281.3  2070.95  216.231  14366.9
422  144  2025-06-09 22-09-11  1907.2  17290.2  2065.58  216.289  14367.8
423  144  2025-06-09 22-09-11  1908.8  17299.2  2060.2  216.346  14368.8
424  144  2025-06-09 22-09-11  1910.4  17308.1  2054.8  216.404  14369.7
425  144  2025-06-09 22-09-11  1912  17317.1  2049.39  216.461  14370.7
426  144  2025-06-09 22-09-11  1913.6  17326  2043.98  216.519  14371.7
427  144  2025-06-09 22-09-11  1915.2  17334.9  2038.54  216.576  14372.6
428  144  2025-06-09 22-09-11  1916.8  17343.9  2033.1  216.634  14373.6
429  144  2025-06-09 22-09-11  1918.4  17352.8  2027.64  216.692  14374.5
430  144  2025-06-09 22-09-11  1920  17361.7  2022.18  216.749  14375.5
431  144  2025-06-09 22-09-11  1921.6  17370.7  2016.7  216.807  14376.5
432  144  2025-06-09 22-09-11  1923.2  17379.6  2011.2  216.864  14377.4
433  144  2025-06-09 22-09-11  1924.8  17388.5  2005.7  216.922  14378.4
434  144  2025-06-09 22-09-11  1926.4  17397.4  2000.09  216.979  14389
435  144  2025-06-09 22-09-11  1928  17406.2  1994.37  217.037  14399.8
436  144  2025-06-09 22-09-11  1929.6  17415  1988.54  217.094  14410.6
437  144  2025-06-09 22-09-11  1931.2  17423.6  1982.61  217.152  14421.6
438  144  2025-06-09 22-09-11  1932.8  17432.3  1976.57  217.21  14432.6
439  144  2025-06-09 22-09-11  1934.4  17440.8  1970.42  217.267  14443.8
440  144  2025-06-09 22-09-11  1936  17449.3  1964.16  217.325  14455
441  144  2025-06-09 22-09-11  1937.6  17457.7  1957.8  217.382  14466.3
442  144  2025-06-09 22-09-11  1939.2  17466  1951.33  217.44  14477.7
443  144  2025-06-09 22-09-11  1940.8  17474.2  1944.75  217.497  14489.3
444  144  2025-06-09 22-09-11  1942.4  17482.4  1938.06  217.555  14500.9
445  144  2025-06-09 22-09-11  1944  17490.5  1931.27  217.612  14512.6
446  144  2025-06-09 22-09-11  1945.6  17498.5  1924.37  217.67  14524.4
447  144  2025-06-09 22-09-11  1947.2  17506.4  1917.36  217.728  14536.3
448  144  2025-06-09 22-09-11  1948.8  17514.2  1910.25  217.785  14548.3
449  144  2025-06-09 22-09-11  1950.4  17522  1903.02  217.843  14560.4
450  144  2025-06-09 22-09-11  1952  17529.6  1895.7  217.9  14572.6
451  144  2025-06-09 22-09-11  1953.6  17537.2  1888.26  217.958  14584.9
452  144  2025-06-09 22-09-11  1955.2  17544.6  1880.72  218.015  14597.3
453  144  2025-06-09 22-09-11  1956.8  17552  1873.08  218.073  14609.7
454  144  2025-06-09 22-09-11  1958.4  17559.2  1865.33  218.13  14622.3
455  144  2025-06-09 22-09-11  1960  17566.4  1857.48  218.188  14635
456  144  2025-06-09 22-09-11  1961.6  17573.4  1849.52  218.246  14647.8
457  144  2025-06-09 22-09-11  1963.2  17580.5  1841.6  218.303  14642.8
458  144  2025-06-09 22-09-11  1964.8  17587.5  1833.58  218.361  14655.6
459  144  2025-06-09 22-09-11  1966.4  17594.5  1825.58  218.418  14650.7
460  144  2025-06-09 22-09-11  1968  17601.6  1817.63  218.476  14645.8
461  144  2025-06-09 22-09-11  1969.6  17608.7  1809.7  218.533  14640.7
462  144  2025-06-09 22-09-11  1971.2  17615.7  1801.68  218.591  14653.3
463  144  2025-06-09 22-09-11  1972.8  17622.8  1793.69  218.648  14648.3
464  144  2025-06-09 22-09-11  1974.4  17629.9  1785.74  218.706  14643.2
465  144  2025-06-09 22-09-11  1976  17637.1  1777.82  218.764  14638
466  144  2025-06-09 22-09-11  1977.6  17644.1  1769.8  218.821  14650.5
467  144  2025-06-09 22-09-11  1979.2  17651.2  1761.81  218.879  14645.3
468  144  2025-06-09 22-09-11  1980.8  17658.4  1753.87  218.936  14640
469  144  2025-06-09 22-09-11  1982.4  17665.4  1745.82  218.994  14652.5
470  144  2025-06-09 22-09-11  1984  17672.5  1737.81  219.051  14647.2
471  144  2025-06-09 22-09-11  1985.6  17679.7  1729.83  219.109  14641.9
472  144  2025-06-09 22-09-11  1987.2  17686.9  1721.9  219.167  14636.5
473  144  2025-06-09 22-09-11  1988.8  17694  1713.86  219.224  14648.8
474  144  2025-06-09 22-09-11  1990.4  17701.1  1705.86  219.282  14643.4
475  144  2025-06-09 22-09-11  1992  17708.3  1697.9  219.339  14637.9
476  144  2025-06-09 22-09-11  1993.6  17715.6  1689.98  219.397  14632.4
477  144  2025-06-09 22-09-11  1995.2  17722.8  1681.96  219.454  14644.5
478  144  2025-06-09 22-09-11  1996.8  17730  1673.98  219.512  14639
479  144  2025-06-09 22-09-11  1998.4  17737.2  1666.04  219.569  14633.3
480  144  2025-06-09 22-09-11  2000  17744.4  1658  219.627  14645.4
481  144  2025-06-09 22-09-11  2001.6  17751.6  1649.99  219.685  14639.8
482  144  2025-06-09 22-09-11  2003.2  17758.8  1642.03  219.742  14634.1
483  144  2025-06-09 22-09-11  2004.8  17766.1  1634.12  219.8  14628.4
484  144  2025-06-09 22-09-11  2006.4  17773.4  1626.1  219.857  14640.3
485  144  2025-06-09 22-09-11  2008  17780.6  1618.12  219.915  14634.6
486  144  2025-06-09 22-09-11  2009.6  17788  1610.19  219.972  14628.8
487  144  2025-06-09 22-09-11  2011.2  17795.2  1602.15  220.03  14640.6
488  144  2025-06-09 22-09-11  2012.8  17802.5  1594.16  220.087  14634.8
489  144  2025-06-09 22-09-11  2014.4  17809.8  1586.21  220.145  14628.9
490  144  2025-06-09 22-09-11  2016  17817  1578.17  220.203  14640.7
491  144  2025-06-09 22-09-11  2017.6  17824.3  1570.16  220.26  14634.9
492  144  2025-06-09 22-09-11  2019.2  17831.7  1562.2  220.318  14628.9
493  144  2025-06-09 22-09-11  2020.8  17839.1  1554.28  220.375  14622.9
494  144  2025-06-09 22-09-11  2022.4  17846.4  1546.27  220.433  14634.5
495  144  2025-06-09 22-09-11  2024  17853.7  1538.3  220.49  14628.5
496  144  2025-06-09 22-09-11  2025.6  17861.1  1530.37  220.548  14622.4
497  144  2025-06-09 22-09-11  2027.2  17868.5  1522.35  220.605  14634
498  144  2025-06-09 22-09-11  2028.8  17875.8  1514.37  220.663  14628
499  144  2025-06-09 22-09-11  2030.4  17883.3  1506.44  220.721  14621.8
500  144  2025-06-09 22-09-11  2032  17890.6  1498.4  220.778  14633.3
501  144  2025-06-09 22-09-11  2033.6  17898  1490.42  220.836  14627.2
502  144  2025-06-09 22-09-11  2035.2  17905.4  1482.48  220.893  14621
503  144  2025-06-09 22-09-11  2036.8  17912.8  1474.44  220.951  14632.4
504  144  2025-06-09 22-09-11  2038.4  17920.2  1466.45  221.008  14626.2
505  144  2025-06-09 22-09-11  2040  17927.7  1458.51  221.066  14619.9
506  144  2025-06-09 22-09-11  2041.6  17935.1  1450.47  221.123  14631.3
507  144  2025-06-09 22-09-11  2043.2  17942.5  1442.48  221.181  14625.1
508  144  2025-06-09 22-09-11  2044.8  17950  1434.53  221.239  14618.7
509  144  2025-06-09 22-09-11  2046.4  17957.4  1426.49  221.296  14630.1
510  144  2025-06-09 22-09-11  2048  17964.9  1418.49  221.354  14623.7
511  144  2025-06-09 22-09-11  2049.6  17972.4  1410.54  221.411  14617.3
512  144  2025-06-09 22-09-11  2051.2  17980  1402.65  221.469  14610.8
513  144  2025-06-09 22-09-11  2052.8  17987.5  1394.65  221.526  14622
514  144  2025-06-09 22-09-11  2054.4  17995  266.708  221.584  14615.5
515  144  2025-06-09 22-09-11  2056  18002.5  258.667  221.641  14626.8
516  144  2025-06-09 22-09-11  2057.6  18010  250.674  221.699  14620.3
517  144  2025-06-09 22-09-11  2059.2  18017.5  242.731  221.757  14613.7
518  144  2025-06-09 22-09-11  2060.8  18025  234.693  221.814  14624.9
519  144  2025-06-09 22-09-11  2062.4  18032.6  226.704  221.872  14618.4
520  144  2025-06-09 22-09-11  2064  18040.2  218.765  221.929  14611.8
521  144  2025-06-09 22-09-11  2065.6  18047.7  210.73  221.987  14622.8
522  144  2025-06-09 22-09-11  2067.2  18055.3  202.746  222.044  14616.3
523  144  2025-06-09 22-09-11  2068.8  18062.9  194.812  222.102  14609.6
524  144  2025-06-09 22-09-11  2070.4  18070.4  186.784  222.159  14620.6
525  144  2025-06-09 22-09-11  2072  18078  178.806  222.217  14614
526  144  2025-06-09 22-09-11  2073.6  18085.7  170.88  222.275  14607.2
527  144  2025-06-09 22-09-11  2075.2  18093.3  162.859  222.332  14618.2
528  144  2025-06-09 22-09-11  2076.8  18100.9  154.889  222.39  14611.5
529  144  2025-06-09 22-09-11  2078.4  18108.6  146.972  222.447  14604.7
530  144  2025-06-09 22-09-11  2080  18116.2  138.96  222.505  14615.6
531  144  2025-06-09 22-09-11  2081.6  18123.9  131.001  222.562  14608.8
532  144  2025-06-09 22-09-11  2083.2  18131.6  11.0946  222.62  14601.9
533  144  2025-06-09 22-09-11  2084.8  18139.3  3.09351  222.677  14612.7
534  144  2025-06-09 22-09-11  2086.4  18147  -4.85435  222.735  14605.9
535  144  2025-06-09 22-09-11  2088  18154.8  -12.7478  222.793  14599
536  144  2025-06-09 22-09-11  2089.6  18162.5  -132.736  222.85  14609.7
537  144  2025-06-09 22-09-11  2091.2  18170.2  -140.671  222.908  14602.8
538  144  2025-06-09 22-09-11  2092.8  18177.9  -148.7  222.965  14613.6
539  144  2025-06-09 22-09-11  2094.4  18185.6  -156.675  223.023  14606.7
540  144  2025-06-09 22-09-11  2096  18193.4  -164.596  223.08  14599.7
541  144  2025-06-09 22-09-11  2097.6  18201.1  -172.611  223.138  14610.4
542  144  2025-06-09 22-09-11  2099.2  18208.8  -180.571  223.195  14603.5
543  144  2025-06-09 22-09-11  2100.8  18216.7  -188.476  223.253  14596.4
544  144  2025-06-09 22-09-11  2102.4  18224.4  -196.476  223.311  14607.1
545  144  2025-06-09 22-09-11  2104  18232.2  -204.42  223.368  14600.1
546  144  2025-06-09 22-09-11  2105.6  18240.1  -212.307  223.426  14593
547  144  2025-06-09 22-09-11  2107.2  18247.9  -220.289  223.483  14603.6
548  144  2025-06-09 22-09-11  2108.8  18255.7  -228.214  223.541  14596.5
549  144  2025-06-09 22-09-11  2110.4  18263.5  -236.234  223.598  14607.1
550  144  2025-06-09 22-09-11  2112  18271.3  -244.198  223.656  14600
551  144  2025-06-09 22-09-11  2113.6  18279.2  -252.105  223.713  14592.9
552  144  2025-06-09 22-09-11  2115.2  18287  -260.106  223.771  14603.4
553  144  2025-06-09 22-09-11  2116.8  18294.9  -268.05  223.829  14596.3
554  144  2025-06-09 22-09-11  2118.4  18302.8  -1395.94  223.886  14589.1
555  144  2025-06-09 22-09-11  2120  18310.7  -1403.92  223.944  14599.5
556  144  2025-06-09 22-09-11  2121.6  18318.6  -1411.84  224.001  14592.3
557  144  2025-06-09 22-09-11  2123.2  18326.4  -1419.86  224.059  14602.8
558  144  2025-06-09 22-09-11  2124.8  18334.3  -1427.82  224.116  14595.6
559  144  2025-06-09 22-09-11  2126.4  18342.3  -1435.72  224.174  14588.4
560  144  2025-06-09 22-09-11  2128  18350.1  -1443.71  224.231  14598.8
561  144  2025-06-09 22-09-11  2129.6  18358.1  -1451.65  224.289  14591.6
562  144  2025-06-09 22-09-11  2131.2  18366.1  -1459.52  224.347  14584.2
563  144  2025-06-09 22-09-11  2132.8  18374  -1467.49  224.404  14594.6
564  144  2025-06-09 22-09-11  2134.4  18382  -1475.41  224.462  14587.3
565  144  2025-06-09 22-09-11  2136  18389.9  -1483.41  224.519  14597.7
566  144  2025-06-09 22-09-11  2137.6  18397.9  -1491.36  224.577  14590.4
567  144  2025-06-09 22-09-11  2139.2  18405.9  -1499.24  224.634  14583
568  144  2025-06-09 22-09-11  2140.8  18413.9  -1507.22  224.692  14593.3
569  144  2025-06-09 22-09-11  2142.4  18421.9  -1515.14  224.749  14586
570  144  2025-06-09 22-09-11  2144  18429.9  -1523.16  224.807  14596.3
571  144  2025-06-09 22-09-11  2145.6  18437.9  -1531.11  224.865  14589
572  144  2025-06-09 22-09-11  2147.2  18445.9  -1539  224.922  14581.5
573  144  2025-06-09 22-09-11  2148.8  18453.9  -1546.99  224.98  14591.8
574  144  2025-06-09 22-09-11  2150.4  18462  -1554.92  225.037  14584.4
575  144  2025-06-09 22-09-11  2152  18470.1  -1562.78  225.095  14576.9
576  144  2025-06-09 22-09-11  2153.6  18478.2  -1570.74  225.152  14587.1
577  144  2025-06-09 22-09-11  2155.2  18486.3  -1578.64  225.21  14579.6
578  144  2025-06-09 22-09-11  2156.8  18494.3  -1586.63  225.267  14589.9
579  144  2025-06-09 22-09-11  2158.4  18502.4  -1594.56  225.325  14582.4
580  144  2025-06-09 22-09-11  2160  18510.6  -1602.42  225.383  14574.9
581  144  2025-06-09 22-09-11  2161.6  18518.6  -1610.38  225.44  14585
582  144  2025-06-09 22-09-11  2163.2  18526.8  -1618.28  225.498  14577.5
583  144  2025-06-09 22-09-11  2164.8  18534.9  -1626.27  225.555  14587.7
584  144  2025-06-09 22-09-11  2166.4  18543  -1634.2  225.613  14580.2
585  144  2025-06-09 22-09-11  2168  18551.2  -1642.07  225.67  14572.6
586  144  2025-06-09 22-09-11  2169.6  18559.3  -1650.03  225.728  14582.7
587  144  2025-06-09 22-09-11  2171.2  18567.5  -1657.93  225.785  14575.2
588  144  2025-06-09 22-09-11  2172.8  18575.6  -1665.92  225.843  14585.3
589  144  2025-06-09 22-09-11  2174.4  18583.8  -1673.84  225.901  14577.7
590  144  2025-06-09 22-09-11  2176  18592.1  -1681.71  225.958  14570.1
591  144  2025-06-09 22-09-11  2177.6  18600.2  -1689.66  226.016  14580.2
592  144  2025-06-09 22-09-11  2179.2  18608.5  -1697.56  226.073  14572.5
593  144  2025-06-09 22-09-11  2180.8  18616.6  -1705.54  226.131  14582.6
594  144  2025-06-09 22-09-11  2182.4  18624.8  -1713.47  226.188  14575
595  144  2025-06-09 22-09-11  2184  18633.1  -1721.33  226.246  14567.3
596  144  2025-06-09 22-09-11  2185.6  18641.3  -1729.28  226.303  14577.4
597  144  2025-06-09 22-09-11  2187.2  18649.6  -1737.17  226.361  14569.7
598  144  2025-06-09 22-09-11  2188.8  18657.8  -1745.15  226.419  14579.7
599  144  2025-06-09 22-09-11  2190.4  18666.1  -1753.06  226.476  14572.1
600  144  2025-06-09 22-09-11  2192  18674.4  -1760.92  226.534  14564.4
601  144  2025-06-09 22-09-11  2193.6  18682.7  -1768.86  226.591  14574.3
602  144  2025-06-09 22-09-11  2195.2  18691  -1776.74  226.649  14566.6
603  144  2025-06-09 22-09-11  2196.8  18699.3  -1784.71  226.706  14576.6
604  144  2025-06-09 22-09-11  2198.4  18707.6  -1792.62  226.764  14568.9
605  144  2025-06-09 22-09-11  2200  18715.8  -1800.62  226.821  14578.9
606  144  2025-06-09 22-09-11  2201.6  18724.1  -1808.56  226.879  14571.2
607  144  2025-06-09 22-09-11  2203.2  18732.5  -1816.43  226.937  14563.5
608  144  2025-06-09 22-09-11  2204.8  18740.8  -1824.4  226.994  14573.4
609  144  2025-06-09 22-09-11  2206.4  18749.1  -1832.29  227.052  14565.6
610  144  2025-06-09 22-09-11  2208  18757.4  -1840.29  227.109  14575.6
611  144  2025-06-09 22-09-11  2209.6  18765.8  -1848.21  227.167  14567.9
612  144  2025-06-09 22-09-11  2211.2  18774.2  -1856.07  227.224  14560.1
613  144  2025-06-09 22-09-11  2212.8  18782.6  -1864.02  227.282  14570
614  144  2025-06-09 22-09-11  2214.4  18791  -1871.91  227.339  14562.2
615  144  2025-06-09 22-09-11  2216  18799.3  -1879.89  227.397  14572.1
616  144  2025-06-09 22-09-11  2217.6  18807.7  -1887.8  227.455  14564.3
617  144  2025-06-09 22-09-11  2219.2  18816.2  -1895.65  227.512  14556.4
618  144  2025-06-09 22-09-11  2220.8  18824.6  -1903.59  227.57  14566.3
619  144  2025-06-09 22-09-11  2222.4  18833.1  -1911.46  227.627  14558.4
620  144  2025-06-09 22-09-11  2224  18841.5  -1919.43  227.685  14568.3
621  144  2025-06-09 22-09-11  2225.6  18849.9  -1927.32  227.742  14560.5
622  144  2025-06-09 22-09-11  2227.2  18858.3  -1935.32  227.8  14570.3
623  144  2025-06-09 22-09-11  2228.8  18866.7  -1943.24  227.857  14562.5
624  144  2025-06-09 22-09-11  2230.4  18875.3  -1951.1  227.915  14554.6
625  144  2025-06-09 22-09-11  2232  18883.7  -1959.05  227.973  14564.4
626  144  2025-06-09 22-09-11  2233.6  18892.2  -1966.93  228.03  14556.6
627  144  2025-06-09 22-09-11  2235.2  18900.7  -1974.9  228.088  14566.4
628  144  2025-06-09 22-09-11  2236.8  18909.2  -1982.81  228.145  14558.5
629  144  2025-06-09 22-09-11  2238.4  18917.7  -1990.65  228.203  14550.6
630  144  2025-06-09 22-09-11  2240  18926.2  -1998.58  228.26  14560.4
631  144  2025-06-09 22-09-11  2241.6  18934.8  -2006.44  228.318  14552.4
632  144  2025-06-09 22-09-11  2243.2  18943.3  -2014.4  228.375  14562.2
633  144  2025-06-09 22-09-11  2244.8  18951.9  -2022.29  228.433  14554.3
634  144  2025-06-09 22-09-11  2246.4  18960.4  -2030.27  228.491  14564.1
635  144  2025-06-09 22-09-11  2248  18968.9  -2038.19  228.548  14556.2
636  144  2025-06-09 22-09-11  2249.6  18977.5  -2046.03  228.606  14548.3
637  144  2025-06-09 22-09-11  2251.2  18986.1  -2053.97  228.663  14558
638  144  2025-06-09 22-09-11  2252.8  18994.7  -2061.83  228.721  14550
639  144  2025-06-09 22-09-11  2254.4  19003.3  -2069.8  228.778  14559.8
640  144  2025-06-09 22-09-11  2256  19011.9  -2077.69  228.836  14551.8
641  144  2025-06-09 22-09-11  2257.6  19020.6  -2085.51  228.893  14543.8
642  144  2025-06-09 22-09-11  2259.2  19029.2  -2093.42  228.951  14553.5
643  144  2025-06-09 22-09-11  2260.8  19037.9  -2101.27  229.009  14545.5
644  144  2025-06-09 22-09-11  2262.4  19046.5  -2109.21  229.066  14555.2
645  144  2025-06-09 22-09-11  2264  19055.1  -2117.07  229.124  14547.2
646  144  2025-06-09 22-09-11  2265.6  19063.7  -2125.04  229.181  14556.9
647  144  2025-06-09 22-09-11  2267.2  19072.4  -2132.93  229.239  14549
648  144  2025-06-09 22-09-11  2268.8  19081.1  -2140.75  229.296  14540.9
649  144  2025-06-09 22-09-11  2270.4  19089.8  -2148.66  229.354  14550.6
650  144  2025-06-09 22-09-11  2272  19098.5  -2156.5  229.411  14542.5
651  144  2025-06-09 22-09-11  2273.6  19107.3  -2164.37  229.469  14544.1
652  144  2025-06-09 22-09-11  2275.2  19116  -2172.25  229.527  14545.7
653  144  2025-06-09 22-09-11  2276.8  19124.7  -2180.15  229.584  14547.3
654  144  2025-06-09 22-09-11  2278.4  19133.4  -2188.06  229.642  14549
655  144  2025-06-09 22-09-11  2280  19142.1  -2196  229.699  14550.6
656  144  2025-06-09 22-09-11  2281.6  19150.8  -2203.96  229.757  14552.3
657  144  2025-06-09 22-09-11  2283.2  19159.5  -2211.86  229.814  14545.9
658  144  2025-06-09 22-09-11  2284.8  19168.3  -2219.7  229.872  14539.4
659  144  2025-06-09 22-09-11  2286.4  19177.2  -2227.49  229.93  14532.9
660  144  2025-06-09 22-09-11  2288  19186.1  -2235.21  229.987  14526.3
661  144  2025-06-09 22-09-11  2289.6  19195.1  -2242.88  230.045  14519.6
662  144  2025-06-09 22-09-11  2291.2  19204.1  -2250.48  230.102  14512.9
663  144  2025-06-09 22-09-11  2292.8  19213.2  -2258.01  230.16  14506.1
664  144  2025-06-09 22-09-11  2294.4  19222.4  -2265.49  230.217  14499.3
665  144  2025-06-09 22-09-11  2296  19231.5  -2272.98  230.131  14502.1
666  144  2025-06-09 22-09-11  2297.6  19240.6  -2280.5  230.045  14504.9
667  144  2025-06-09 22-09-11  2299.2  19249.7  -2288.04  229.958  14507.7
668  144  2025-06-09 22-09-11  2300.8  19258.7  -2295.6  229.872  14510.6
669  144  2025-06-09 22-09-11  2302.4  19267.7  -2303.2  229.93  14513.5
670  144  2025-06-09 22-09-11  2304  19276.8  -2310.74  229.987  14508.4
671  144  2025-06-09 22-09-11  2305.6  19285.8  -2318.39  230.045  14517.7
672  144  2025-06-09 22-09-11  2307.2  19294.7  -2326.13  230.102  14527.2
673  144  2025-06-09 22-09-11  2308.8  19303.6  -2333.97  230.16  14536.8
674  144  2025-06-09 22-09-11  2310.4  19312.5  -2341.73  230.217  14528.6
675  144  2025-06-09 22-09-11  2312  19321.3  -2349.59  230.275  14538.2
676  144  2025-06-09 22-09-11  2313.6  19330.2  -2357.37  230.332  14530.1
677  144  2025-06-09 22-09-11  2315.2  19339.1  -2365.25  230.39  14539.7
678  144  2025-06-09 22-09-11  2316.8  19348  -2373.06  230.448  14531.6
679  144  2025-06-09 22-09-11  2318.4  19356.8  -2380.96  230.505  14541.2
680  144  2025-06-09 22-09-11  2320  19365.7  -2388.79  230.563  14533.1
681  144  2025-06-09 22-09-11  2321.6  19374.7  -2396.54  230.62  14524.9
682  144  2025-06-09 22-09-11  2323.2  19383.6  -2404.39  230.678  14534.5
683  144  2025-06-09 22-09-11  2324.8  19392.6  -2412.16  230.735  14526.3
684  144  2025-06-09 22-09-11  2326.4  19401.5  -2420.03  230.793  14535.9
685  144  2025-06-09 22-09-11  2328  19410.4  -2427.82  230.85  14527.7
686  144  2025-06-09 22-09-11  2329.6  19419.3  -2435.72  230.908  14537.3
687  144  2025-06-09 22-09-11  2331.2  19428.3  -2443.53  230.966  14529.2
688  144  2025-06-09 22-09-11  2332.8  19437.3  -2451.27  231.023  14521
689  144  2025-06-09 22-09-11  2334.4  19446.3  -2459.11  231.081  14530.5
690  144  2025-06-09 22-09-11  2336  19455.3  -2466.87  231.138  14522.3
691  144  2025-06-09 22-09-11  2337.6  19464.3  -2474.73  231.196  14531.9
692  144  2025-06-09 22-09-11  2339.2  19473.3  -2482.51  231.253  14523.7
693  144  2025-06-09 22-09-11  2340.8  19482.3  -2490.39  231.311  14533.2
694  144  2025-06-09 22-09-11  2342.4  19491.3  -2498.19  231.368  14525.1
695  144  2025-06-09 22-09-11  2344  19500.3  -2506.09  231.426  14534.6
696  144  2025-06-09 22-09-11  2345.6  19509.3  -2513.92  231.484  14526.5
697  144  2025-06-09 22-09-11  2347.2  19518.4  -2521.66  231.541  14518.3
698  144  2025-06-09 22-09-11  2348.8  19527.5  -2529.51  231.599  14527.8
699  144  2025-06-09 22-09-11  2350.4  19536.6  -2537.27  231.656  14519.6
700  144  2025-06-09 22-09-11  2352  19545.6  -2545.14  231.714  14529.1
701  144  2025-06-09 22-09-11  2353.6  19554.7  -2552.93  231.771  14520.9
702  144  2025-06-09 22-09-11  2355.2  19563.7  -2560.81  231.829  14530.4
703  144  2025-06-09 22-09-11  2356.8  19572.8  -2568.62  231.886  14522.3
704  144  2025-06-09 22-09-11  2358.4  19582  -2576.35  231.944  14514
705  144  2025-06-09 22-09-11  2360  19591.1  -2584.18  232.002  14523.5
706  144  2025-06-09 22-09-11  2361.6  19600.2  -2591.93  232.059  14515.3
707  144  2025-06-09 22-09-11  2363.2  19609.3  -2599.78  232.117  14524.8
708  144  2025-06-09 22-09-11  2364.8  19618.5  -2607.55  232.174  14516.5
709  144  2025-06-09 22-09-11  2366.4  19627.6  -2615.42  232.232  14526
710  144  2025-06-09 22-09-11  2368  19636.8  -2623.21  232.289  14517.8
711  144  2025-06-09 22-09-11  2369.6  19645.8  -2631.1  232.347  14527.3
712  144  2025-06-09 22-09-11  2371.2  19655  -2638.91  232.404  14519.2
713  144  2025-06-09 22-09-11  2372.8  19664.2  -2646.64  232.462  14510.9
714  144  2025-06-09 22-09-11  2374.4  19673.4  -2654.47  232.52  14520.4
715  144  2025-06-09 22-09-11  2376  19682.6  -2662.22  232.577  14512.1
716  144  2025-06-09 22-09-11  2377.6  19691.8  -2670.07  232.635  14521.6
717  144  2025-06-09 22-09-11  2379.2  19701  -2677.84  232.692  14513.3
718  144  2025-06-09 22-09-11  2380.8  19710.2  -2685.71  232.75  14522.8
719  144  2025-06-09 22-09-11  2382.4  19719.4  -2693.5  232.807  14514.6
720  144  2025-06-09 22-09-11  2384  19728.7  -2701.22  232.865  14506.3
721  144  2025-06-09 22-09-11  2385.6  19738  -2709.03  232.922  14515.7
722  144  2025-06-09 22-09-11  2387.2  19747.3  -2716.76  232.98  14507.5
723  144  2025-06-09 22-09-11  2388.8  19756.5  -2724.59  233.038  14516.9
724  144  2025-06-09 22-09-11  2390.4  19765.8  -2732.34  233.095  14508.6
725  144  2025-06-09 22-09-11  2392  19775  -2740.18  233.153  14518.1
726  144  2025-06-09 22-09-11  2393.6  19784.3  -2747.95  233.21  14509.8
727  144  2025-06-09 22-09-11  2395.2  19793.6  -2755.82  233.268  14519.3
728  144  2025-06-09 22-09-11  2396.8  19802.9  -2763.61  233.325  14511.1
729  144  2025-06-09 22-09-11  2398.4  19812.2  -2771.32  233.383  14502.8
730  144  2025-06-09 22-09-11  2400  19821.5  -2779.13  233.44  14512.1
731  144  2025-06-09 22-09-11  2401.6  19830.9  -2786.85  233.498  14503.9
732  144  2025-06-09 22-09-11  2403.2  19840.2  -2794.68  233.556  14513.3
733  144  2025-06-09 22-09-11  2404.8  19849.6  -2802.43  233.613  14505
734  144  2025-06-09 22-09-11  2406.4  19858.9  -2810.27  233.671  14514.4
735  144  2025-06-09 22-09-11  2408  19868.3  -2818.04  233.728  14506.2
736  144  2025-06-09 22-09-11  2409.6  19877.6  -2825.9  233.786  14515.6
737  144  2025-06-09 22-09-11  2411.2  19886.9  -14033.7  233.843  14507.4
738  144  2025-06-09 22-09-11  2412.8  19896.4  -14041.4  233.901  14499
739  144  2025-06-09 22-09-11  2414.4  19905.8  -14049.2  233.958  14508.4
740  144  2025-06-09 22-09-11  2416  19915.2  -14056.9  234.016  14500.1
741  144  2025-06-09 22-09-11  2417.6  19924.6  -14064.7  234.074  14509.5
742  144  2025-06-09 22-09-11  2419.2  19934  -14072.5  234.131  14501.2
743  144  2025-06-09 22-09-11  2420.8  19943.4  -14080.3  234.189  14510.6
744  144  2025-06-09 22-09-11  2422.4  19952.9  -14088.1  234.246  14502.4
745  144  2025-06-09 22-09-11  2424  19962.2  -14095.9  234.304  14511.8
746  144  2025-06-09 22-09-11  2425.6  19971.7  -14103.7  234.361  14503.5
747  144  2025-06-09 22-09-11  2427.2  19981.2  -14111.4  234.419  14495.2
748  144  2025-06-09 22-09-11  2428.8  19990.6  -14119.2  234.476  14504.5
749  144  2025-06-09 22-09-11  2430.4  20000.2  -14126.9  234.534  14496.2
750  144  2025-06-09 22-09-11  2432  20009.6  -14134.7  234.592  14505.6
751  144  2025-06-09 22-09-11  2433.6  20019.1  -14142.5  234.649  14497.3
752  144  2025-06-09 22-09-11  2435.2  20028.6  -14150.3  234.707  14506.7
753  144  2025-06-09 22-09-11  2436.8  20038.1  -14158  234.764  14498.4
754  144  2025-06-09 22-09-11  2438.4  20047.7  -14165.7  234.822  14490
755  144  2025-06-09 22-09-11  2440  20057.2  -14173.5  234.879  14499.4
756  144  2025-06-09 22-09-11  2441.6  20066.8  -14181.2  234.937  14491
757  144  2025-06-09 22-09-11  2443.2  20076.3  -14188.9  234.994  14500.4
758  144  2025-06-09 22-09-11  2444.8  20085.9  -14196.7  235.052  14492
759  144  2025-06-09 22-09-11  2446.4  20095.4  -14204.5  235.11  14501.4
760  144  2025-06-09 22-09-11  2448  20105  -14212.2  235.167  14493.1
761  144  2025-06-09 22-09-11  2449.6  20114.6  -14220  235.225  14502.4
762  144  2025-06-09 22-09-11  2451.2  20124.2  -14227.7  235.282  14494.1
763  144  2025-06-09 22-09-11  2452.8  20133.7  -14235.6  235.34  14503.5
764  144  2025-06-09 22-09-11  2454.4  20143.3  -14243.3  235.397  14495.2
765  144  2025-06-09 22-09-11  2456  20152.9  -14251  235.455  14486.9
766  144  2025-06-09 22-09-11  2457.6  20162.5  -14258.8  235.512  14496.2
767  144  2025-06-09 22-09-11  2459.2  20172.2  -14266.5  235.57  14487.8
768  144  2025-06-09 22-09-11  2460.8  20181.8  -14274.3  235.628  14497.2
769  144  2025-06-09 22-09-11  2462.4  20191.5  -14282  235.685  14488.8
770  144  2025-06-09 22-09-11  2464  20201.1  -14289.8  235.743  14498.2
771  144  2025-06-09 22-09-11  2465.6  20210.8  -14297.5  235.8  14489.9
772  144  2025-06-09 22-09-11  2467.2  20220.4  -14305.3  235.858  14499.3
773  144  2025-06-09 22-09-11  2468.8  20230  -14313.1  235.915  14491
774  144  2025-06-09 22-09-11  2470.4  20239.8  -14320.7  235.973  14482.6
775  144  2025-06-09 22-09-11  2472  20249.5  -14328.5  236.03  14491.9
776  144  2025-06-09 22-09-11  2473.6  20259.2  -14336.2  236.088  14483.5
777  144  2025-06-09 22-09-11  2475.2  20268.9  -14344  236.146  14492.8
778  144  2025-06-09 22-09-11  2476.8  20278.6  -14351.7  236.203  14484.5
779  144  2025-06-09 22-09-11  2478.4  20288.3  -14359.5  236.261  14493.8
780  144  2025-06-09 22-09-11  2480  20298  -14367.2  236.318  14485.5
781  144  2025-06-09 22-09-11  2481.6  20307.7  -14375  236.376  14494.9
782  144  2025-06-09 22-09-11  2483.2  20317.5  -14382.7  236.433  14486.5
783  144  2025-06-09 22-09-11  2484.8  20327.3  -14390.4  236.491  14478.1
784  144  2025-06-09 22-09-11  2486.4  20337.1  -14398.1  236.548  14487.4
785  144  2025-06-09 22-09-11  2488  20346.9  -14405.8  236.606  14479.1
786  144  2025-06-09 22-09-11  2489.6  20356.6  -14413.5  236.664  14488.4
787  144  2025-06-09 22-09-11  2491.2  20366.5  -14421.2  236.721  14480
788  144  2025-06-09 22-09-11  2492.8  20376.2  -14429  236.779  14489.3
789  144  2025-06-09 22-09-11  2494.4  20386  -14436.7  236.836  14481
790  144  2025-06-09 22-09-11  2496  20395.8  -14444.5  236.894  14490.3
791  144  2025-06-09 22-09-11  2497.6  20405.6  -14452.2  236.951  14482
792  144  2025-06-09 22-09-11  2499.2  20415.5  -14459.8  237.009  14473.6
793  144  2025-06-09 22-09-11  2500.8  20425.4  -14467.6  237.066  14482.8
794  144  2025-06-09 22-09-11  2502.4  20435.3  -14475.2  237.124  14474.4
795  144  2025-06-09 22-09-11  2504  20445.1  -14482.9  237.182  14483.7
796  144  2025-06-09 22-09-11  2505.6  20455  -14490.6  237.239  14475.4
797  144  2025-06-09 22-09-11  2507.2  20464.8  -14498.4  237.297  14484.7
798  144  2025-06-09 22-09-11  2508.8  20474.8  -14506.1  237.354  14476.3
799  144  2025-06-09 22-09-11  2510.4  20484.6  -14513.8  237.412  14485.6
800  144  2025-06-09 22-09-11  2512  20494.5  -14521.5  237.469  14477.3
801  144  2025-06-09 22-09-11  2513.6  20504.3  -14529.3  237.527  14486.6
802  144  2025-06-09 22-09-11  2515.2  20514.2  -14537  237.584  14478.3
803  144  2025-06-09 22-09-11  2516.8  20524.2  -14544.7  237.642  14469.9
804  144  2025-06-09 22-09-11  2518.4  20534.1  -14552.4  237.7  14479.2
805  144  2025-06-09 22-09-11  2520  20544.1  -14560  237.757  14470.8
806  144  2025-06-09 22-09-11  2521.6  20554  -14567.8  237.815  14480
807  144  2025-06-09 22-09-11  2523.2  20564  -14575.4  237.872  14471.7
808  144  2025-06-09 22-09-11  2524.8  20574  -14583.2  237.93  14481
809  144  2025-06-09 22-09-11  2526.4  20583.9  -14590.9  237.987  14472.6
810  144  2025-06-09 22-09-11  2528  20593.9  -14598.7  238.045  14481.9
811  144  2025-06-09 22-09-11  2529.6  20603.8  -14606.4  238.102  14473.6
812  144  2025-06-09 22-09-11  2531.2  20613.9  -14614  238.16  14465.2
813  144  2025-06-09 22-09-11  2532.8  20623.9  -14621.7  238.218  14474.4
814  144  2025-06-09 22-09-11  2534.4  20634  -14629.3  238.275  14466
815  144  2025-06-09 22-09-11  2536  20644  -14637  238.333  14475.3
816  144  2025-06-09 22-09-11  2537.6  20654  -14644.7  238.39  14466.9
817  144  2025-06-09 22-09-11  2539.2  20664  -14652.4  238.448  14476.2
818  144  2025-06-09 22-09-11  2540.8  20674.1  -14660.1  238.505  14467.8
819  144  2025-06-09 22-09-11  2542.4  20684.1  -14667.8  238.563  14477.1
820  144  2025-06-09 22-09-11  2544  20694.2  -14675.5  238.62  14468.7
821  144  2025-06-09 22-09-11  2545.6  20704.3  -14683.1  238.678  14460.3
822  144  2025-06-09 22-09-11  2547.2  20714.4  -14690.8  238.736  14469.5
823  144  2025-06-09 22-09-11  2548.8  20724.6  -14698.4  238.793  14461.1
824  144  2025-06-09 22-09-11  2550.4  20734.6  -14706.1  238.851  14470.4
825  144  2025-06-09 22-09-11  2552  20744.8  -14713.7  238.908  14462
826  144  2025-06-09 22-09-11  2553.6  20754.9  -14721.4  238.966  14471.2
827  144  2025-06-09 22-09-11  2555.2  20765  -14729  239.023  14462.8
828  144  2025-06-09 22-09-11  2556.8  20775.1  -14736.8  239.081  14472.1
829  144  2025-06-09 22-09-11  2558.4  20785.3  -14744.4  239.138  14463.7
830  144  2025-06-09 22-09-11  2560  20795.3  -14752.2  239.196  14473.1
831  144  2025-06-09 22-09-11  2561.6  20805.5  -14759.8  239.254  14464.7
832  144  2025-06-09 22-09-11  2563.2  20815.7  -14767.4  239.311  14456.2
833  144  2025-06-09 22-09-11  2564.8  20825.9  -14775.1  239.369  14465.5
834  144  2025-06-09 22-09-11  2566.4  20836.1  -14782.7  239.426  14457.1
835  144  2025-06-09 22-09-11  2568  20846.3  -14790.4  239.484  14466.3
836  144  2025-06-09 22-09-11  2569.6  20856.5  -14798  239.541  14457.9
837  144  2025-06-09 22-09-11  2571.2  20866.7  -14805.7  239.599  14467.2
838  144  2025-06-09 22-09-11  2572.8  20876.9  -14813.3  239.656  14458.8
839  144  2025-06-09 22-09-11  2574.4  20887.1  -14821.1  239.714  14468.1
840  144  2025-06-09 22-09-11  2576  20897.3  -14828.7  239.772  14459.7
841  144  2025-06-09 22-09-11  2577.6  20907.5  -14836.5  239.829  14469
842  144  2025-06-09 22-09-11  2579.2  20917.7  -14844.1  239.887  14460.6
843  144  2025-06-09 22-09-11  2580.8  20928  -14851.7  239.944  14452.2
844  144  2025-06-09 22-09-11  2582.4  20938.3  -14859.4  240.002  14461.4
845  144  2025-06-09 22-09-11  2584  20948.6  -14866.9  240.059  14453
846  144  2025-06-09 22-09-11  2585.6  20958.9  -14874.6  240.117  14462.3
847  144  2025-06-09 22-09-11  2587.2  20969.2  -14882.2  240.174  14453.9
848  144  2025-06-09 22-09-11  2588.8  20979.4  -14889.9  240.232  14463.1
849  144  2025-06-09 22-09-11  2590.4  20989.8  -14897.6  240.29  14454.7
850  144  2025-06-09 22-09-11  2592  21000  -14905.3  240.347  14464
851  144  2025-06-09 22-09-11  2593.6  21010.3  -14912.9  240.405  14455.6
852  144  2025-06-09 22-09-11  2595.2  21020.7  -14920.5  240.462  14447.2
853  144  2025-06-09 22-09-11  2596.8  21031.1  -14928.1  240.52  14456.4
854  144  2025-06-09 22-09-11  2598.4  21041.5  -14935.7  240.577  14448
855  144  2025-06-09 22-09-11  2600  21051.8  -14943.3  240.635  14457.2
856  144  2025-06-09 22-09-11  2601.6  21062.2  -14950.9  240.693  14448.8
857  144  2025-06-09 22-09-11  2603.2  21072.5  -14958.6  240.75  14458
858  144  2025-06-09 22-09-11  2604.8  21082.9  -14966.2  240.808  14449.6
859  144  2025-06-09 22-09-11  2606.4  21093.3  -14973.9  240.865  14458.9
860  144  2025-06-09 22-09-11  2608  21103.7  -14981.5  240.923  14450.5
861  144  2025-06-09 22-09-11  2609.6  21114  -14989.2  240.98  14459.8
862  144  2025-06-09 22-09-11  2611.2  21124.4  -14996.8  241.038  14451.4
863  144  2025-06-09 22-09-11  2612.8  21134.9  -15004.3  241.095  14443
864  144  2025-06-09 22-09-11  2614.4  21145.3  -15012  241.153  14452.2
865  144  2025-06-09 22-09-11  2616  21155.8  -15019.5  241.211  14443.7
866  144  2025-06-09 22-09-11  2617.6  21166.2  -15027.2  241.268  14453
867  144  2025-06-09 22-09-11  2619.2  21176.7  -15034.7  241.326  14444.6
868  144  2025-06-09 22-09-11  2620.8  21187.1  -15042.4  241.383  14453.8
869  144  2025-06-09 22-09-11  2622.4  21197.6  -15050  241.441  14445.4
870  144  2025-06-09 22-09-11  2624  21208.1  -15057.7  241.498  14454.7
871  144  2025-06-09 22-09-11  2625.6  21218.5  -15065.3  241.556  14446.3
872  144  2025-06-09 22-09-11  2627.2  21229.1  -15072.8  241.613  14437.8
873  144  2025-06-09 22-09-11  2628.8  21239.6  -15080.4  241.671  14447
874  144  2025-06-09 22-09-11  2630.4  21250.2  -15087.9  241.729  14438.6
875  144  2025-06-09 22-09-11  2632  21260.7  -15095.5  241.786  14447.8
876  144  2025-06-09 22-09-11  2633.6  21271.3  -15103.1  241.844  14439.3
877  144  2025-06-09 22-09-11  2635.2  21281.8  -15110.7  241.901  14448.6
878  144  2025-06-09 22-09-11  2636.8  21292.3  -15118.3  241.959  14440.2
879  144  2025-06-09 22-09-11  2638.4  21302.9  -15125.9  242.016  14449.4
880  144  2025-06-09 22-09-11  2640  21313.4  -15133.5  242.074  14441
881  144  2025-06-09 22-09-11  2641.6  21323.9  -15141.2  242.131  14450.3
882  144  2025-06-09 22-09-11  2643.2  21334.5  -15148.7  242.189  14441.9
883  144  2025-06-09 22-09-11  2644.8  21345.2  -15156.2  242.247  14433.4
884  144  2025-06-09 22-09-11  2646.4  21355.8  -15163.8  242.304  14442.6
885  144  2025-06-09 22-09-11  2648  21366.4  -15171.3  242.362  14434.2
886  144  2025-06-09 22-09-11  2649.6  21377  -15178.9  242.419  14443.4
887  144  2025-06-09 22-09-11  2651.2  21387.7  -15186.5  242.477  14434.9
888  144  2025-06-09 22-09-11  2652.8  21398.3  -15194.1  242.534  14444.2
889  144  2025-06-09 22-09-11  2654.4  21408.9  -15201.6  242.592  14435.8
890  144  2025-06-09 22-09-11  2656  21419.5  -15209.3  242.649  14445
891  144  2025-06-09 22-09-11  2657.6  21430.2  -15216.8  242.707  14436.6
892  144  2025-06-09 22-09-11  2659.2  21440.8  -15224.5  242.765  14445.9
893  144  2025-06-09 22-09-11  2660.8  21451.5  -15232  242.822  14437.5
894  144  2025-06-09 22-09-11  2662.4  21462.2  -15239.5  242.88  14429
895  144  2025-06-09 22-09-11  2664  21472.9  -15247.1  242.937  14438.2
896  144  2025-06-09 22-09-11  2665.6  21483.6  -15254.6  242.995  14429.8
897  144  2025-06-09 22-09-11  2667.2  21494.3  -15262.2  243.052  14439
898  144  2025-06-09 22-09-11  2668.8  21505.1  -15269.7  243.11  14430.5
899  144  2025-06-09 22-09-11  2670.4  21515.8  -15277.3  243.167  14439.8
900  144  2025-06-09 22-09-11  2672  21526.5  -15284.8  243.225  14431.4
901  144  2025-06-09 22-09-11  2673.6  21537.2  -15292.5  243.283  14440.6
902  144  2025-06-09 22-09-11  2675.2  21548  -15300  243.34  14432.2
903  144  2025-06-09 22-09-11  2676.8  21558.6  -15307.6  243.398  14441.5
904  144  2025-06-09 22-09-11  2678.4  21569.4  -15315.2  243.455  14433.1
905  144  2025-06-09 22-09-11  2680  21580.2  -15322.6  243.513  14424.6
906  144  2025-06-09 22-09-11  2681.6  21591  -15330.2  243.57  14433.8
907  144  2025-06-09 22-09-11  2683.2  21601.8  -15337.7  243.628  14425.4
908  144  2025-06-09 22-09-11  2684.8  21612.6  -15345.3  243.685  14434.6
909  144  2025-06-09 22-09-11  2686.4  21623.4  -15352.8  243.743  14426.1
910  144  2025-06-09 22-09-11  2688  21634.2  -15360.4  243.801  14435.4
911  144  2025-06-09 22-09-11  2689.6  21645  -15367.9  243.858  14427
912  144  2025-06-09 22-09-11  2691.2  21655.8  -15375.5  243.916  14436.2
913  144  2025-06-09 22-09-11  2692.8  21666.7  -15383  243.973  14427.8
914  144  2025-06-09 22-09-11  2694.4  21677.4  -15390.6  244.031  14437.1
915  144  2025-06-09 22-09-11  2696  21688.3  -15398.2  244.088  14428.7
916  144  2025-06-09 22-09-11  2697.6  21699.2  -15405.6  244.146  14420.2
917  144  2025-06-09 22-09-11  2699.2  21710.1  -15413.2  244.203  14429.4
918  144  2025-06-09 22-09-11  2700.8  21721  -15420.6  244.261  14421
919  144  2025-06-09 22-09-11  2702.4  21731.8  -15428.2  244.319  14430.2
920  144  2025-06-09 22-09-11  2704  21742.8  -15435.6  244.376  14421.7
921  144  2025-06-09 22-09-11  2705.6  21753.6  -15443.2  244.434  14431
922  144  2025-06-09 22-09-11  2707.2  21764.5  -15450.7  244.491  14422.6
923  144  2025-06-09 22-09-11  2708.8  21775.4  -15458.3  244.549  14431.8
924  144  2025-06-09 22-09-11  2710.4  21786.3  -15465.8  244.606  14423.4
925  144  2025-06-09 22-09-11  2712  21797.2  -15473.4  244.664  14432.7
926  144  2025-06-09 22-09-11  2713.6  21808.1  -15481  244.721  14424.3
927  144  2025-06-09 22-09-11  2715.2  21819.1  -15488.4  244.779  14415.8
928  144  2025-06-09 22-09-11  2716.8  21830.1  -15495.9  244.837  14425
929  144  2025-06-09 22-09-11  2718.4  21841.1  -15503.4  244.894  14416.6
930  144  2025-06-09 22-09-11  2720  21852  -15510.9  244.952  14425.8
931  144  2025-06-09 22-09-11  2721.6  21863.1  -15518.4  245.009  14417.3
932  144  2025-06-09 22-09-11  2723.2  21874  -15525.9  245.067  14426.6
933  144  2025-06-09 22-09-11  2724.8  21885  -15533.4  245.124  14418.2
934  144  2025-06-09 22-09-11  2726.4  21896  -15541  245.182  14427.4
935  144  2025-06-09 22-09-11  2728  21907  -15548.5  245.239  14419
936  144  2025-06-09 22-09-11  2729.6  21918.1  -15555.9  245.297  14410.5
937  144  2025-06-09 22-09-11  2731.2  21929.1  -15563.4  245.355  14419.7
938  144  2025-06-09 22-09-11  2732.8  21940.2  -15570.8  245.412  14411.2
939  144  2025-06-09 22-09-11  2734.4  21951.2  -15578.3  245.47  14420.4
940  144  2025-06-09 22-09-11  2736  21962.3  -15585.7  245.527  14412
941  144  2025-06-09 22-09-11  2737.6  21973.4  -15593.2  245.585  14421.2
942  144  2025-06-09 22-09-11  2739.2  21984.5  -15600.7  245.642  14412.8
943  144  2025-06-09 22-09-11  2740.8  21995.5  -15608.2  245.7  14422
944  144  2025-06-09 22-09-11  2742.4  22006.6  -15615.7  245.757  14413.6
945  144  2025-06-09 22-09-11  2744  22017.7  -15623.2  245.815  14422.8
946  144  2025-06-09 22-09-11  2745.6  22028.8  -15630.7  245.873  14414.4
947  144  2025-06-09 22-09-11  2747.2  22040  -15638.1  245.93  14405.9
948  144  2025-06-09 22-09-11  2748.8  22051.1  -15645.6  245.988  14415.1
949  144  2025-06-09 22-09-11  2750.4  22062.3  -15652.9  246.045  14406.7
950  144  2025-06-09 22-09-11  2752  22073.4  -15660.4  246.103  14415.9
951  144  2025-06-09 22-09-11  2753.6  22084.6  -15667.8  246.16  14407.4
952  144  2025-06-09 22-09-11  2755.2  22095.7  -15675.3  246.218  14416.6
953  144  2025-06-09 22-09-11  2756.8  22106.9  -15682.8  246.275  14408.2
954  144  2025-06-09 22-09-11  2758.4  22118  -15690.3  246.333  14417.4
955  144  2025-06-09 22-09-11  2760  22129.2  -15697.7  246.391  14409
956  144  2025-06-09 22-09-11  2761.6  22140.3  -15705.3  246.448  14418.3
957  144  2025-06-09 22-09-11  2763.2  22151.5  -15712.7  246.506  14409.9
958  144  2025-06-09 22-09-11  2764.8  22162.8  -15720.1  246.563  14401.4
959  144  2025-06-09 22-09-11  2766.4  22174  -15727.5  246.621  14410.6
960  144  2025-06-09 22-09-11  2768  22185.3  -15734.9  246.678  14402.1
961  144  2025-06-09 22-09-11  2769.6  22196.5  -15742.4  246.736  14411.3
962  144  2025-06-09 22-09-11  2771.2  22207.8  -15749.7  246.793  14402.8
963  144  2025-06-09 22-09-11  2772.8  22219  -15757.2  246.851  14412.1
964  144  2025-06-09 22-09-11  2774.4  22230.3  -15764.6  246.909  14403.6
965  144  2025-06-09 22-09-11  2776  22241.5  -15772.1  246.966  14412.9
966  144  2025-06-09 22-09-11  2777.6  22252.8  -15779.5  247.024  14404.4
967  144  2025-06-09 22-09-11  2779.2  22264  -15787.1  247.081  14413.7
968  144  2025-06-09 22-09-11  2780.8  22275.3  -15794.5  247.139  14405.3
969  144  2025-06-09 22-09-11  2782.4  22286.5  -15802  247.196  14414.6
970  144  2025-06-09 22-09-11  2784  22297.8  -15809.5  247.254  14406.2
971  144  2025-06-09 22-09-11  2785.6  22309.2  -15816.8  247.311  14397.7
972  144  2025-06-09 22-09-11  2787.2  22320.5  -15824.3  247.369  14406.9
973  144  2025-06-09 22-09-11  2788.8  22331.8  -15831.6  247.427  14398.4
974  144  2025-06-09 22-09-11  2790.4  22343.1  -15839.1  247.484  14407.7
975  144  2025-06-09 22-09-11  2792  22354.5  -15846.5  247.542  14399.2
976  144  2025-06-09 22-09-11  2793.6  22365.8  -15854  247.599  14408.5
977  144  2025-06-09 22-09-11  2795.2  22377.2  -15861.3  247.657  14400
978  144  2025-06-09 22-09-11  2796.8  22388.5  -15868.9  247.714  14409.3
979  144  2025-06-09 22-09-11  2798.4  22399.9  -15876.3  247.772  14400.9
980  144  2025-06-09 22-09-11  2800  22411.3  -15883.6  247.829  14392.4
981  144  2025-06-09 22-09-11  2801.6  22422.7  -15891  247.887  14401.6
982  144  2025-06-09 22-09-11  2803.2  22434.2  -15898.3  247.945  14393.1
983  144  2025-06-09 22-09-11  2804.8  22445.6  -15905.7  248.002  14402.3
984  144  2025-06-09 22-09-11  2806.4  22457  -15913.1  248.06  14393.9
985  144  2025-06-09 22-09-11  2808  22468.4  -15920.5  248.117  14403.1
986  144  2025-06-09 22-09-11  2809.6  22479.9  -15927.9  248.175  14394.6
987  144  2025-06-09 22-09-11  2811.2  22491.3  -15935.3  248.232  14403.9
988  144  2025-06-09 22-09-11  2812.8  22502.7  -15942.7  248.29  14395.5
989  144  2025-06-09 22-09-11  2814.4  22514.1  -15950.2  248.347  14404.7
990  144  2025-06-09 22-09-11  2816  22525.6  -15957.6  248.405  14396.3
991  144  2025-06-09 22-09-11  2817.6  22537.2  -15964.9  248.463  14387.8
992  144  2025-06-09 22-09-11  2819.2  22548.6  -15972.3  248.52  14397
993  144  2025-06-09 22-09-11  2820.8  22560.2  -15979.5  248.578  14388.5
994  144  2025-06-09 22-09-11  2822.4  22571.6  -15987  248.635  14397.7
995  144  2025-06-09 22-09-11  2824  22583.2  -15994.3  248.693  14389.3
996  144  2025-06-09 22-09-11  2825.6  22594.7  -16001.7  248.75  14398.5
997  144  2025-06-09 22-09-11  2827.2  22606.2  -16009  248.808  14390.1
998  144  2025-06-09 22-09-11  2828.8  22617.7  -16016.5  248.865  14399.3
999  144  2025-06-09 22-09-11  2830.4  22629.3  -16023.8  248.923  14390.9
1000  144  2025-06-09 22-09-11  14032  22640.8  -16031.3  248.981  14400.1
1001  144  2025-06-09 22-09-11  14033.6  22652.3  -16038.6  249.038  14391.7
1002  144  2025-06-09 22-09-11  14035.2  22664  -16045.9  249.096  14383.2
1003  144  2025-06-09 22-09-11  14036.8  22675.5  -16053.3  249.153  14392.4
1004  144  2025-06-09 22-09-11  14038.4  22687.2  -16060.5  249.211  14384
