SN    USVID    CurTime    simTime    CurX    CurY    CurVel      CurYaw   
0  176  2025-06-14 00-27-43  0  16040  14512  192  2672
1  176  2025-06-14 00-27-43  1.6  16048.3  14511.9  194.878  2681.69
2  176  2025-06-14 00-27-43  3.2  16056.9  14511.7  197.704  2691.28
3  176  2025-06-14 00-27-43  4.8  16065.7  14511.5  200.479  2700.76
4  176  2025-06-14 00-27-43  6.4  16074.8  14511.1  203.204  2710.13
5  176  2025-06-14 00-27-43  8  16084.2  14510.6  205.881  2719.4
6  176  2025-06-14 00-27-43  9.6  16093.8  14510  208.509  2728.57
7  176  2025-06-14 00-27-43  11.2  16103.7  14509.3  211.09  2737.63
8  176  2025-06-14 00-27-43  12.8  16113.8  14508.5  213.624  2746.58
9  176  2025-06-14 00-27-43  14.4  16124.2  14507.5  216.113  2755.43
10  176  2025-06-14 00-27-43  128  16134.8  14506.4  218.557  2764.18
11  176  2025-06-14 00-27-43  129.6  16145.6  14505.2  220.957  2772.82
12  176  2025-06-14 00-27-43  131.2  16156.7  14503.9  223.314  2781.36
13  176  2025-06-14 00-27-43  132.8  16168  14502.5  225.629  2789.8
14  176  2025-06-14 00-27-43  134.4  16179.4  14500.9  227.902  2798.13
15  176  2025-06-14 00-27-43  136  16191.1  14499.2  230.134  2806.36
16  176  2025-06-14 00-27-43  137.6  16203  14497.3  232.326  2814.49
17  176  2025-06-14 00-27-43  139.2  16215.1  14495.3  234.478  2822.52
18  176  2025-06-14 00-27-43  140.8  16227.4  14493.1  236.592  2830.45
19  176  2025-06-14 00-27-43  142.4  16239.8  14490.9  238.668  14038.3
20  176  2025-06-14 00-27-43  144  16252.5  14488.4  240.706  14046
21  176  2025-06-14 00-27-43  145.6  16265.3  14485.9  242.708  14053.6
22  176  2025-06-14 00-27-43  147.2  16278.3  14483.1  244.674  14061.1
23  176  2025-06-14 00-27-43  148.8  16291.4  14480.3  246.604  14068.6
24  176  2025-06-14 00-27-43  150.4  16304.7  14477.3  248.5  14075.9
25  176  2025-06-14 00-27-43  152  16318.2  14474.1  250.361  14083.1
26  176  2025-06-14 00-27-43  153.6  16331.8  14470.8  252.189  14090.2
27  176  2025-06-14 00-27-43  155.2  16345.6  14467.3  253.984  14097.3
28  176  2025-06-14 00-27-43  156.8  16359.5  14463.7  255.747  14104.2
29  176  2025-06-14 00-27-43  158.4  16373.6  14460  257.479  14111
30  176  2025-06-14 00-27-43  160  16387.8  14456.1  259.179  14117.8
31  176  2025-06-14 00-27-43  161.6  16402.1  14452.1  260.848  14124.4
32  176  2025-06-14 00-27-43  163.2  16416.5  14447.9  262.488  14130.9
33  176  2025-06-14 00-27-43  164.8  16431.1  14443.5  264.098  14137.4
34  176  2025-06-14 00-27-43  166.4  16445.8  14439  265.679  14143.7
35  176  2025-06-14 00-27-43  168  16460.6  14434.4  267.231  14150
36  176  2025-06-14 00-27-43  169.6  16475.6  14429.6  268.756  14156.1
37  176  2025-06-14 00-27-43  171.2  16490.6  14424.7  270.253  14162.2
38  176  2025-06-14 00-27-43  172.8  16505.7  14419.6  271.724  14168.1
39  176  2025-06-14 00-27-43  174.4  16521  14414.4  1393.17  14174
40  176  2025-06-14 00-27-43  176  16536.3  14409  1394.59  14179.8
41  176  2025-06-14 00-27-43  177.6  16551.8  14403.5  1395.98  14185.5
42  176  2025-06-14 00-27-43  179.2  16567.3  14397.9  1397.35  14191.1
43  176  2025-06-14 00-27-43  180.8  16583  14392.1  1398.69  14196.6
44  176  2025-06-14 00-27-43  182.4  16598.7  14386.2  1400.01  14202
45  176  2025-06-14 00-27-43  184  16614.5  14380.2  1401.3  14207.3
46  176  2025-06-14 00-27-43  185.6  16630.4  14374  1402.57  14212.5
47  176  2025-06-14 00-27-43  187.2  16646.4  14367.6  1403.82  14217.6
48  176  2025-06-14 00-27-43  188.8  16662.4  14361.2  1405.05  14222.7
49  176  2025-06-14 00-27-43  190.4  16678.6  14354.6  1406.25  14227.6
50  176  2025-06-14 00-27-43  192  16694.8  14347.9  1407.43  14232.5
51  176  2025-06-14 00-27-43  193.6  16711  14341  1408.6  14237.3
52  176  2025-06-14 00-27-43  195.2  16727.4  14334  1409.74  14241.9
53  176  2025-06-14 00-27-43  196.8  16743.8  14326.9  1410.86  14246.5
54  176  2025-06-14 00-27-43  198.4  16760.3  14319.7  1411.96  14251
55  176  2025-06-14 00-27-43  200  16776.8  14312.3  1413.04  14255.5
56  176  2025-06-14 00-27-43  201.6  16793.4  14304.9  1414.1  14259.8
57  176  2025-06-14 00-27-43  203.2  16810.1  14297.3  1415.14  14264
58  176  2025-06-14 00-27-43  204.8  16826.8  14289.6  1416.16  14268.2
59  176  2025-06-14 00-27-43  206.4  16843.6  14281.7  1417.17  14272.3
60  176  2025-06-14 00-27-43  208  16860.4  14273.8  1418.15  14276.3
61  176  2025-06-14 00-27-43  209.6  16877.3  14265.7  1419.12  14280.2
62  176  2025-06-14 00-27-43  211.2  16894.3  14257.6  1420.07  14284
63  176  2025-06-14 00-27-43  212.8  16911.2  14249.3  1421  14287.7
64  176  2025-06-14 00-27-43  214.4  16928.3  14240.9  1421.92  14291.4
65  176  2025-06-14 00-27-43  216  16945.4  14232.4  1422.82  14295
66  176  2025-06-14 00-27-43  217.6  16962.5  14223.8  1423.71  14298.5
67  176  2025-06-14 00-27-43  219.2  16979.7  14215.1  1424.58  14301.9
68  176  2025-06-14 00-27-43  220.8  16996.9  14206.3  1425.43  14305.2
69  176  2025-06-14 00-27-43  222.4  17014.2  14197.4  1426.27  14308.4
70  176  2025-06-14 00-27-43  224  17031.5  14188.4  1427.09  14311.6
71  176  2025-06-14 00-27-43  225.6  17048.8  14179.3  1427.9  14314.7
72  176  2025-06-14 00-27-43  227.2  17066.2  14170.1  1428.69  14317.7
73  176  2025-06-14 00-27-43  228.8  17083.6  14160.8  1428.75  14320.7
74  176  2025-06-14 00-27-43  230.4  17100.9  14151.5  1428.81  14323.6
75  176  2025-06-14 00-27-43  232  17118.2  14142.2  1428.86  14326.6
76  176  2025-06-14 00-27-43  233.6  17135.5  14132.7  1428.92  14329.6
77  176  2025-06-14 00-27-43  235.2  17152.8  14123.3  1428.98  14332.5
78  176  2025-06-14 00-27-43  236.8  17170  14113.7  1429.04  14335.5
79  176  2025-06-14 00-27-43  238.4  17187.2  14104.1  1429.09  14338.4
80  176  2025-06-14 00-27-43  240  17204.4  14094.5  1429.15  14341.4
81  176  2025-06-14 00-27-43  241.6  17221.6  14084.7  1429.21  14344.4
82  176  2025-06-14 00-27-43  243.2  17238.7  14075  1429.27  14347.3
83  176  2025-06-14 00-27-43  244.8  17255.8  14065.1  1429.32  14350.3
84  176  2025-06-14 00-27-43  246.4  17272.9  14055.2  1429.38  14353.3
85  176  2025-06-14 00-27-43  248  17290  14045.3  1429.44  14356.2
86  176  2025-06-14 00-27-43  249.6  17307  14035.3  1429.5  14359.2
87  176  2025-06-14 00-27-43  251.2  17324  2825.2  1429.55  14362.1
88  176  2025-06-14 00-27-43  252.8  17341  2815.08  1429.61  14365.1
89  176  2025-06-14 00-27-43  254.4  17357.9  2804.9  1429.67  14368.1
90  176  2025-06-14 00-27-43  256  17374.8  2794.66  1429.73  14371
91  176  2025-06-14 00-27-43  257.6  17391.7  2784.36  1429.78  14374
92  176  2025-06-14 00-27-43  259.2  17408.6  2774.01  1429.84  14376.9
93  176  2025-06-14 00-27-43  260.8  17425.4  2763.6  1429.9  14379.9
94  176  2025-06-14 00-27-43  262.4  17442.2  2753.13  1429.96  14382.9
95  176  2025-06-14 00-27-43  264  17459  2742.6  1430.01  14385.8
96  176  2025-06-14 00-27-43  265.6  17475.7  2732.02  1430.07  14388.8
97  176  2025-06-14 00-27-43  267.2  17492.4  2721.37  1430.13  14391.8
98  176  2025-06-14 00-27-43  268.8  17509.1  2710.68  1430.19  14394.7
99  176  2025-06-14 00-27-43  270.4  17525.8  2699.92  1430.24  14397.7
100  176  2025-06-14 00-27-43  1392  17542.4  2689.11  1430.3  14400.6
101  176  2025-06-14 00-27-43  1393.6  17559  2678.24  1430.36  14403.6
102  176  2025-06-14 00-27-43  1395.2  17575.5  2667.32  1430.42  14406.6
103  176  2025-06-14 00-27-43  1396.8  17592.1  2656.33  1430.47  14409.5
104  176  2025-06-14 00-27-43  1398.4  17608.6  2645.3  1430.53  14412.5
105  176  2025-06-14 00-27-43  1400  17625  2634.2  1430.59  14415.4
106  176  2025-06-14 00-27-43  1401.6  17641.5  2623.05  1430.65  14418.4
107  176  2025-06-14 00-27-43  1403.2  17657.9  2611.84  1430.7  14421.4
108  176  2025-06-14 00-27-43  1404.8  17674.3  2600.58  1430.76  14424.3
109  176  2025-06-14 00-27-43  1406.4  17690.6  2589.27  1430.68  14427.3
110  176  2025-06-14 00-27-43  1408  17706.9  2577.91  1430.59  14430.2
111  176  2025-06-14 00-27-43  1409.6  17723.1  2566.5  1430.5  14433.2
112  176  2025-06-14 00-27-43  1411.2  17739.3  2555.05  1430.42  14436.2
113  176  2025-06-14 00-27-43  1412.8  17755.5  2543.54  1430.33  14439.1
114  176  2025-06-14 00-27-43  1414.4  17771.6  2531.99  1430.24  14442.1
115  176  2025-06-14 00-27-43  1416  17787.7  2520.4  1430.16  14445.1
116  176  2025-06-14 00-27-43  1417.6  17803.7  2508.76  1430.07  14448
117  176  2025-06-14 00-27-43  1419.2  17819.7  2497.07  1429.99  14451
118  176  2025-06-14 00-27-43  1420.8  17835.6  2485.33  1429.9  14453.9
119  176  2025-06-14 00-27-43  1422.4  17851.5  2473.55  1429.81  14456.9
120  176  2025-06-14 00-27-43  1424  17867.3  2461.72  1429.73  14459.9
121  176  2025-06-14 00-27-43  1425.6  17883.1  2449.85  1429.64  14462.8
122  176  2025-06-14 00-27-43  1427.2  17898.9  2437.93  1429.55  14465.8
123  176  2025-06-14 00-27-43  1428.8  17914.6  2425.96  1429.47  14468.7
124  176  2025-06-14 00-27-43  1430.4  17930.3  2413.95  1429.38  14471.7
125  176  2025-06-14 00-27-43  1432  17945.9  2401.9  1429.29  14474.7
126  176  2025-06-14 00-27-43  1433.6  17961.5  2389.79  1429.21  14477.6
127  176  2025-06-14 00-27-43  1435.2  17977  2377.65  1429.12  14480.6
128  176  2025-06-14 00-27-43  1436.8  17992.5  2365.46  1429.04  14483.6
129  176  2025-06-14 00-27-43  1438.4  18007.9  2353.22  1428.95  14486.5
130  176  2025-06-14 00-27-43  1440  18023.3  2340.94  1428.86  14489.5
131  176  2025-06-14 00-27-43  1441.6  18038.6  2328.62  1428.78  14492.4
132  176  2025-06-14 00-27-43  1443.2  18053.9  2316.25  1428.69  14495.4
133  176  2025-06-14 00-27-43  1444.8  18069.2  2303.84  1428.6  14498.4
134  176  2025-06-14 00-27-43  1446.4  18084.4  2291.38  1428.52  14501.3
135  176  2025-06-14 00-27-43  1448  18099.5  2278.88  1428.43  14504.3
136  176  2025-06-14 00-27-43  1449.6  18114.6  2266.34  1428.34  14507.2
137  176  2025-06-14 00-27-43  1451.2  18129.7  2253.76  1428.26  14510.2
138  176  2025-06-14 00-27-43  1452.8  18144.7  2241.13  1428.17  14513.2
139  176  2025-06-14 00-27-43  1454.4  18159.7  2228.45  1428.09  14516.1
140  176  2025-06-14 00-27-43  1456  18174.6  2215.74  1428  14519.1
141  176  2025-06-14 00-27-43  1457.6  18189.4  2202.98  1427.91  14522
142  176  2025-06-14 00-27-43  1459.2  18204.3  2190.18  1427.83  14525
143  176  2025-06-14 00-27-43  1460.8  18219  2177.34  1427.74  14528
144  176  2025-06-14 00-27-43  1462.4  18233.8  2164.46  1427.65  14530.9
145  176  2025-06-14 00-27-43  1464  18248.4  2151.53  1427.57  14533.9
146  176  2025-06-14 00-27-43  1465.6  18263.1  2138.57  1427.48  14536.9
147  176  2025-06-14 00-27-43  1467.2  18277.6  2125.56  1427.4  14539.8
148  176  2025-06-14 00-27-43  1468.8  18292.2  2112.51  1427.31  14542.8
149  176  2025-06-14 00-27-43  1470.4  18306.7  2099.42  1427.22  14545.7
150  176  2025-06-14 00-27-43  1472  18321.1  2086.29  1427.14  14548.7
151  176  2025-06-14 00-27-43  1473.6  18335.5  2073.12  1427.05  14551.7
152  176  2025-06-14 00-27-43  1475.2  18349.8  2059.9  1426.96  14554.6
153  176  2025-06-14 00-27-43  1476.8  18364.1  2046.65  1426.88  14557.6
154  176  2025-06-14 00-27-43  1478.4  18378.3  2033.36  1426.79  14560.5
155  176  2025-06-14 00-27-43  1480  18392.5  2020.02  1426.7  14563.5
156  176  2025-06-14 00-27-43  1481.6  18406.7  2006.65  1426.62  14566.5
157  176  2025-06-14 00-27-43  1483.2  18420.8  1993.24  1426.53  14569.4
158  176  2025-06-14 00-27-43  1484.8  18434.8  1979.79  1426.45  14572.4
159  176  2025-06-14 00-27-43  1486.4  18448.8  1966.3  1426.36  14575.4
160  176  2025-06-14 00-27-43  1488  18462.7  1952.76  1426.27  14578.3
161  176  2025-06-14 00-27-43  1489.6  18476.6  1939.2  1426.19  14581.3
162  176  2025-06-14 00-27-43  1491.2  18490.5  1925.59  1426.1  14584.2
163  176  2025-06-14 00-27-43  1492.8  18504.3  1911.94  1426.01  14587.2
164  176  2025-06-14 00-27-43  1494.4  18518  1898.25  1425.93  14590.2
165  176  2025-06-14 00-27-43  1496  18531.7  1884.53  1425.84  14593.1
166  176  2025-06-14 00-27-43  1497.6  18545.3  1870.77  1425.75  14596.1
167  176  2025-06-14 00-27-43  1499.2  18558.8  1857.06  1424.38  14599
168  176  2025-06-14 00-27-43  1500.8  18572.2  1843.41  1423.04  14602
169  176  2025-06-14 00-27-43  1502.4  18585.7  1829.76  1423.92  14596.9
170  176  2025-06-14 00-27-43  1504  18599  1816.17  1422.62  14599.7
171  176  2025-06-14 00-27-43  1505.6  18612.3  1802.63  1421.35  14602.6
172  176  2025-06-14 00-27-43  1507.2  18625.4  1789.13  1420.1  14605.5
173  176  2025-06-14 00-27-43  1508.8  18638.4  1775.69  1418.87  14608.4
174  176  2025-06-14 00-27-43  1510.4  18651.5  1762.24  1419.83  14603.5
175  176  2025-06-14 00-27-43  1512  18664.5  1748.84  1418.65  14606.3
176  176  2025-06-14 00-27-43  1513.6  18677.3  1735.48  1417.49  14609.1
177  176  2025-06-14 00-27-43  1515.2  18690.1  1722.16  1416.36  14611.9
178  176  2025-06-14 00-27-43  1516.8  18702.7  1708.89  1415.24  14614.7
179  176  2025-06-14 00-27-43  1518.4  18715.5  1695.61  1416.27  14609.9
180  176  2025-06-14 00-27-43  1520  18728.1  1682.37  1415.19  14612.7
181  176  2025-06-14 00-27-43  1521.6  18740.7  1669.16  1414.14  14615.4
182  176  2025-06-14 00-27-43  1523.2  18753.1  1656  1413.11  14618.1
183  176  2025-06-14 00-27-43  1524.8  18765.7  1642.82  1414.17  14613.6
184  176  2025-06-14 00-27-43  1526.4  18778.2  1629.67  1413.18  14616.2
185  176  2025-06-14 00-27-43  1528  18790.5  1616.56  1412.2  14618.9
186  176  2025-06-14 00-27-43  1529.6  18802.8  1603.48  1411.25  14621.6
187  176  2025-06-14 00-27-43  1531.2  18815  1590.44  1410.31  14624.2
188  176  2025-06-14 00-27-43  1532.8  18827.2  1577.37  1411.42  14619.9
189  176  2025-06-14 00-27-43  1534.4  18839.4  1564.34  1410.52  14622.5
190  176  2025-06-14 00-27-43  1536  18851.5  1551.33  1409.63  14625.1
191  176  2025-06-14 00-27-43  1537.6  18863.5  1538.36  1408.77  14627.7
192  176  2025-06-14 00-27-43  1539.2  18875.7  1525.35  1409.9  14623.5
193  176  2025-06-14 00-27-43  1540.8  18887.7  1512.37  1409.07  14626.1
194  176  2025-06-14 00-27-43  1542.4  18899.7  1499.42  1408.25  14628.6
195  176  2025-06-14 00-27-43  1544  18911.6  1486.5  1407.45  14631.1
196  176  2025-06-14 00-27-43  1545.6  18923.3  1473.6  1406.66  14633.6
197  176  2025-06-14 00-27-43  1547.2  18935.2  1460.67  1407.84  14629.7
198  176  2025-06-14 00-27-43  1548.8  18947.1  1447.76  1407.08  14632.2
199  176  2025-06-14 00-27-43  1550.4  18958.8  1434.87  1406.34  14634.6
200  176  2025-06-14 00-27-43  1552  18970.5  1422  1405.61  14637.1
201  176  2025-06-14 00-27-43  1553.6  18982.3  1409.1  1406.8  14633.4
202  176  2025-06-14 00-27-43  1555.2  18994  1396.21  1406.1  14635.8
203  176  2025-06-14 00-27-43  1556.8  19005.6  263.349  1405.42  14638.2
204  176  2025-06-14 00-27-43  1558.4  19017.1  250.504  1404.74  14640.6
205  176  2025-06-14 00-27-43  1560  19028.6  237.678  1404.08  14643
206  176  2025-06-14 00-27-43  1561.6  19040.2  224.805  1405.3  14639.5
207  176  2025-06-14 00-27-43  1563.2  19051.7  211.949  1404.67  14641.9
208  176  2025-06-14 00-27-43  1564.8  19063.2  199.111  1404.05  14644.2
209  176  2025-06-14 00-27-43  1566.4  19074.6  186.289  1403.44  14646.6
210  176  2025-06-14 00-27-43  1568  19086.1  173.415  1404.67  14643.3
211  176  2025-06-14 00-27-43  1569.6  19097.5  160.557  1404.09  14645.6
212  176  2025-06-14 00-27-43  1571.2  19108.9  147.713  1403.51  14647.9
213  176  2025-06-14 00-27-43  1572.8  19120.2  134.883  1402.95  14650.2
214  176  2025-06-14 00-27-43  1574.4  19131.4  10.066  1402.4  14652.5
215  176  2025-06-14 00-27-43  1576  19142.6  -2.73778  1401.86  14654.7
216  176  2025-06-14 00-27-43  1577.6  19153.7  -15.5293  1401.33  14657
217  176  2025-06-14 00-27-43  1579.2  19164.7  -140.309  1400.81  14659.3
218  176  2025-06-14 00-27-43  1580.8  19175.7  -153.078  1400.3  14661.6
219  176  2025-06-14 00-27-43  1582.4  19186.6  -165.836  1399.8  14663.9
220  176  2025-06-14 00-27-43  1584  19197.4  -178.583  1399.31  14666.2
221  176  2025-06-14 00-27-43  1585.6  19208.2  -191.321  1398.83  14668.4
222  176  2025-06-14 00-27-43  1587.2  19218.9  -204.05  1398.36  14670.7
223  176  2025-06-14 00-27-43  1588.8  19229.5  -216.771  1397.9  14673
224  176  2025-06-14 00-27-43  1590.4  19240.1  -229.483  1397.45  14675.3
225  176  2025-06-14 00-27-43  1592  19250.7  -242.188  1397.01  14677.6
226  176  2025-06-14 00-27-43  1593.6  19261.1  -254.885  1396.58  14679.9
227  176  2025-06-14 00-27-43  1595.2  19271.5  -267.576  1396.15  14682.1
228  176  2025-06-14 00-27-43  1596.8  19281.9  -1400.26  1395.74  14684.4
229  176  2025-06-14 00-27-43  1598.4  19292.2  -1412.94  1395.33  14686.7
230  176  2025-06-14 00-27-43  1600  19302.4  -1425.61  1394.93  14689
231  176  2025-06-14 00-27-43  1601.6  19312.6  -1438.28  1394.54  14691.3
232  176  2025-06-14 00-27-43  1603.2  19322.7  -1450.94  1394.16  14693.6
233  176  2025-06-14 00-27-43  1604.8  19332.8  -1463.6  1393.79  14695.8
234  176  2025-06-14 00-27-43  1606.4  19342.8  -1476.26  1393.42  14698.1
235  176  2025-06-14 00-27-43  1608  19352.8  -1488.91  1393.06  14700.4
236  176  2025-06-14 00-27-43  1609.6  19362.7  -1501.56  1392.71  14702.7
237  176  2025-06-14 00-27-43  1611.2  19372.6  -1514.21  1392.37  14705
238  176  2025-06-14 00-27-43  1612.8  19382.4  -1526.86  1392.03  14707.3
239  176  2025-06-14 00-27-43  1614.4  19392.1  -1539.5  271.699  14709.6
240  176  2025-06-14 00-27-43  1616  19401.8  -1552.14  271.377  14711.8
241  176  2025-06-14 00-27-43  1617.6  19411.5  -1564.78  271.061  14714.1
242  176  2025-06-14 00-27-43  1619.2  19421.1  -1577.43  270.752  14716.4
243  176  2025-06-14 00-27-43  1620.8  19430.6  -1590.07  270.45  14718.7
244  176  2025-06-14 00-27-43  1622.4  19440.2  -1602.71  270.154  14721
245  176  2025-06-14 00-27-43  1624  19449.6  -1615.35  269.864  14723.3
246  176  2025-06-14 00-27-43  1625.6  19459  -1627.99  269.581  14725.5
247  176  2025-06-14 00-27-43  1627.2  19468.7  -1640.62  271.063  14713.3
248  176  2025-06-14 00-27-43  1628.8  19478.6  -1653.24  1392.52  14701.1
249  176  2025-06-14 00-27-43  1630.4  19488.8  -1665.84  1393.95  14689
250  176  2025-06-14 00-27-43  1632  19499.2  -1678.41  1395.35  14677
251  176  2025-06-14 00-27-43  1633.6  19509.9  -1690.95  1396.73  14665
252  176  2025-06-14 00-27-43  1635.2  19520.8  -1703.45  1398.08  14653.1
253  176  2025-06-14 00-27-43  1636.8  19532  -1715.9  1399.41  14641.2
254  176  2025-06-14 00-27-43  1638.4  19543.5  -1728.31  1400.72  14629.4
255  176  2025-06-14 00-27-43  1640  19555.1  -1740.66  1402  14617.7
256  176  2025-06-14 00-27-43  1641.6  19567.1  -1752.96  1403.26  14606.1
257  176  2025-06-14 00-27-43  1643.2  19579.2  -1765.19  1404.5  14594.5
258  176  2025-06-14 00-27-43  1644.8  19591.6  -1777.35  1405.71  14583
259  176  2025-06-14 00-27-43  1646.4  19604.3  -1789.44  1406.9  14571.5
260  176  2025-06-14 00-27-43  1648  19617.1  -1801.45  1408.07  14560.1
261  176  2025-06-14 00-27-43  1649.6  19630.2  -1813.38  1409.22  14548.8
262  176  2025-06-14 00-27-43  1651.2  19643.6  -1825.22  1410.35  14537.6
263  176  2025-06-14 00-27-43  1652.8  19657.1  -1836.97  1411.46  14526.4
264  176  2025-06-14 00-27-43  1654.4  19670.9  -1848.62  1412.55  14515.3
265  176  2025-06-14 00-27-43  1656  19684.9  -1860.18  1413.62  14504.3
266  176  2025-06-14 00-27-43  1657.6  19699.2  -1871.63  1414.67  14493.4
267  176  2025-06-14 00-27-43  1659.2  19713.6  -1882.98  1415.7  14482.5
268  176  2025-06-14 00-27-43  1660.8  19728.3  -1894.22  1416.71  14471.7
269  176  2025-06-14 00-27-43  1662.4  19743.1  -1905.35  1417.71  14461
270  176  2025-06-14 00-27-43  1664  19758.2  -1916.36  1418.68  14450.4
271  176  2025-06-14 00-27-43  1665.6  19773.5  -1927.26  1419.64  14439.8
272  176  2025-06-14 00-27-43  1667.2  19789  -1938.03  1420.59  14429.3
273  176  2025-06-14 00-27-43  1668.8  19804.7  -1948.68  1421.51  14418.9
274  176  2025-06-14 00-27-43  1670.4  19820.5  -1959.2  1422.42  14408.6
275  176  2025-06-14 00-27-43  1672  19836.6  -1969.59  1423.31  14398.4
276  176  2025-06-14 00-27-43  1673.6  19852.8  -1979.85  1424.19  14388.2
277  176  2025-06-14 00-27-43  1675.2  19869.3  -1989.97  1425.05  14378.1
278  176  2025-06-14 00-27-43  1676.8  19885.9  -1999.96  1425.89  14368.1
279  176  2025-06-14 00-27-43  1678.4  19902.7  -2009.81  1426.72  14358.2
280  176  2025-06-14 00-27-43  1680  19919.7  -2019.52  1427.53  14348.4
281  176  2025-06-14 00-27-43  1681.6  19936.8  -2029.09  1428.33  14338.7
282  176  2025-06-14 00-27-43  1683.2  19954.1  -2038.51  1429.12  14329
283  176  2025-06-14 00-27-43  1684.8  19971.6  -2047.79  1429.89  14319.4
284  176  2025-06-14 00-27-43  1686.4  19989.2  -2056.93  1430.65  14309.9
285  176  2025-06-14 00-27-43  1688  20007  -2065.91  1431.39  14300.5
286  176  2025-06-14 00-27-43  1689.6  20025  -2074.75  1432.12  14291.2
287  176  2025-06-14 00-27-43  1691.2  20043.1  -2083.43  1432.84  14282
288  176  2025-06-14 00-27-43  1692.8  20061.4  -2091.97  1433.54  14272.8
289  176  2025-06-14 00-27-43  1694.4  20079.8  -2100.35  1434.24  14263.8
290  176  2025-06-14 00-27-43  1696  20098.3  -2108.58  1434.91  14254.8
291  176  2025-06-14 00-27-43  1697.6  20117  -2116.65  1435.58  14245.9
292  176  2025-06-14 00-27-43  1699.2  20135.8  -2124.57  1436.24  14237.1
293  176  2025-06-14 00-27-43  1700.8  20154.8  -2132.34  1436.88  14228.4
294  176  2025-06-14 00-27-43  1702.4  20173.9  -2139.95  1437.51  14219.8
295  176  2025-06-14 00-27-43  1704  20193.1  -2147.41  1438.13  14211.2
296  176  2025-06-14 00-27-43  1705.6  20212.4  -2154.7  1438.74  14202.8
297  176  2025-06-14 00-27-43  1707.2  20231.9  -2161.85  1439.34  14194.4
298  176  2025-06-14 00-27-43  1708.8  20251.5  -2168.83  1439.93  14186.2
299  176  2025-06-14 00-27-43  1710.4  20271.2  -2175.67  1440.5  14178
300  176  2025-06-14 00-27-43  1712  20291  -2182.34  1441.07  14169.9
301  176  2025-06-14 00-27-43  1713.6  20310.9  -2188.86  1441.63  14161.9
302  176  2025-06-14 00-27-43  1715.2  20331  -2195.22  1442.17  14154
303  176  2025-06-14 00-27-43  1716.8  20351.1  -2201.43  1442.71  14146.1
304  176  2025-06-14 00-27-43  1718.4  20371.3  -2207.48  1443.24  14138.4
305  176  2025-06-14 00-27-43  1720  20391.7  -2213.38  1443.75  14130.7
306  176  2025-06-14 00-27-43  1721.6  20412.1  -2219.12  1444.26  14123.2
307  176  2025-06-14 00-27-43  1723.2  20432.6  -2224.71  1444.76  14115.7
308  176  2025-06-14 00-27-43  1724.8  20453.2  -2230.15  1445.25  14108.4
309  176  2025-06-14 00-27-43  1726.4  20474  -2235.44  1445.73  14101.2
310  176  2025-06-14 00-27-43  1728  20494.8  -2240.58  1446.2  14094.1
311  176  2025-06-14 00-27-43  1729.6  20515.6  -2245.57  1446.67  14087.1
312  176  2025-06-14 00-27-43  1731.2  20536.6  -2250.41  1447.12  14080.3
313  176  2025-06-14 00-27-43  1732.8  20557.6  -2255.11  1447.57  14073.5
314  176  2025-06-14 00-27-43  1734.4  20578.7  -2259.67  1448.01  14066.9
315  176  2025-06-14 00-27-43  1736  20599.9  -2264.09  1448.44  14060.4
316  176  2025-06-14 00-27-43  1737.6  20621.2  -2268.37  1448.87  14054.1
317  176  2025-06-14 00-27-43  1739.2  20642.5  -2272.51  1449.28  14047.8
318  176  2025-06-14 00-27-43  1740.8  20663.9  -2276.51  1449.69  14041.7
319  176  2025-06-14 00-27-43  1742.4  20685.4  -2280.39  1450.09  14035.6
320  176  2025-06-14 00-27-43  1744  20706.9  -2284.13  1450.49  2829.7
321  176  2025-06-14 00-27-43  1745.6  20728.5  -2287.74  1450.87  2823.87
322  176  2025-06-14 00-27-43  1747.2  20750.1  -2291.22  1451.25  2818.15
323  176  2025-06-14 00-27-43  1748.8  20771.8  -2294.57  1451.63  2812.54
324  176  2025-06-14 00-27-43  1750.4  20793.6  -2297.8  1451.99  2807.02
325  176  2025-06-14 00-27-43  1752  20815.4  -2300.9  1452.35  2801.61
326  176  2025-06-14 00-27-43  1753.6  20837.3  -2303.89  1452.71  2796.29
327  176  2025-06-14 00-27-43  1755.2  20859.2  -2306.75  1453.05  2791.07
328  176  2025-06-14 00-27-43  1756.8  20881.2  -2309.49  1453.39  2785.94
329  176  2025-06-14 00-27-43  1758.4  20903.2  -2312.12  1453.73  2780.91
330  176  2025-06-14 00-27-43  1760  20925.3  -2314.64  1454.06  2775.96
331  176  2025-06-14 00-27-43  1761.6  20947.4  -2317.04  1454.38  2771.11
332  176  2025-06-14 00-27-43  1763.2  20969.5  -2319.32  1454.7  2766.35
333  176  2025-06-14 00-27-43  1764.8  20991.7  -2321.5  1455.01  2761.68
334  176  2025-06-14 00-27-43  1766.4  21013.9  -2323.57  1455.31  2757.09
335  176  2025-06-14 00-27-43  1768  21036.2  -2325.53  1455.61  2752.59
336  176  2025-06-14 00-27-43  1769.6  21058.5  -2327.39  1455.91  2748.17
337  176  2025-06-14 00-27-43  1771.2  21080.9  -2329.15  1456.2  2743.83
338  176  2025-06-14 00-27-43  1772.8  21103.3  -2330.8  1456.48  2739.57
339  176  2025-06-14 00-27-43  1774.4  21125.7  -2332.35  1456.76  2735.4
340  176  2025-06-14 00-27-43  1776  21148.2  -2333.81  1457.03  2731.3
341  176  2025-06-14 00-27-43  1777.6  21170.6  -2335.17  1457.3  2727.28
342  176  2025-06-14 00-27-43  1779.2  21193.2  -2336.43  1457.57  2723.33
343  176  2025-06-14 00-27-43  1780.8  21215.7  -2337.6  1457.83  2719.46
344  176  2025-06-14 00-27-43  1782.4  21238.3  -2338.67  1458.08  2715.67
345  176  2025-06-14 00-27-43  1784  21260.9  -2339.66  1458.33  2711.95
346  176  2025-06-14 00-27-43  1785.6  21283.6  -2340.56  1458.58  2708.29
347  176  2025-06-14 00-27-43  1787.2  21306.2  -2341.37  1458.82  2704.71
348  176  2025-06-14 00-27-43  1788.8  21328.9  -2342.09  1459.06  2701.2
349  176  2025-06-14 00-27-43  1790.4  21351.6  -2342.73  1459.29  2697.76
350  176  2025-06-14 00-27-43  1792  21374.4  -2343.28  1459.52  2694.38
351  176  2025-06-14 00-27-43  1793.6  21397.1  -2343.76  1459.74  2691.07
352  176  2025-06-14 00-27-43  1795.2  21419.9  -2344.15  1459.96  2687.82
353  176  2025-06-14 00-27-43  1796.8  21442.8  -2344.46  1460.18  2684.64
354  176  2025-06-14 00-27-43  1798.4  21465.6  -2344.7  1460.39  2681.52
355  176  2025-06-14 00-27-43  1800  21488.5  -2344.86  1460.6  2678.47
356  176  2025-06-14 00-27-43  1801.6  21511.3  -2344.95  1460.81  2675.48
357  176  2025-06-14 00-27-43  1803.2  21534.2  -2344.96  1461.01  2672.55
358  176  2025-06-14 00-27-43  1804.8  21557.2  -2344.91  1461.21  2669.69
359  176  2025-06-14 00-27-43  1806.4  21580.1  -2344.78  1461.4  2666.88
360  176  2025-06-14 00-27-43  1808  21603.1  -2344.58  1461.59  2664.14
361  176  2025-06-14 00-27-43  1809.6  21626  -2344.32  1461.78  2661.46
362  176  2025-06-14 00-27-43  1811.2  21649  -2343.99  1461.96  2658.84
363  176  2025-06-14 00-27-43  1812.8  21672  -2343.59  1462.14  2656.28
364  176  2025-06-14 00-27-43  1814.4  21695.1  -2343.13  1462.32  2653.78
365  176  2025-06-14 00-27-43  1816  21718.1  -2342.62  1462.49  2651.34
366  176  2025-06-14 00-27-43  1817.6  21741.2  -2342.04  1462.66  2648.96
367  176  2025-06-14 00-27-43  1819.2  21764.2  -2341.4  1462.83  2646.64
368  176  2025-06-14 00-27-43  1820.8  21787.3  -2340.7  1463  2644.38
369  176  2025-06-14 00-27-43  1822.4  21810.4  -2339.95  1463.16  2642.18
370  176  2025-06-14 00-27-43  1824  21833.6  -2339.14  1463.32  2640.03
371  176  2025-06-14 00-27-43  1825.6  21856.7  -2338.28  1463.47  2637.94
372  176  2025-06-14 00-27-43  1827.2  21879.8  -2337.37  1463.63  2635.9
373  176  2025-06-14 00-27-43  1828.8  21903  -2336.41  1463.78  2633.93
374  176  2025-06-14 00-27-43  1830.4  21926.2  -2335.4  1463.93  2632
375  176  2025-06-14 00-27-43  1832  21949.3  -2334.34  1464.07  2630.14
376  176  2025-06-14 00-27-43  1833.6  21972.5  -2333.23  1464.21  2628.32
377  176  2025-06-14 00-27-43  1835.2  21995.7  -2332.08  1464.35  2626.57
378  176  2025-06-14 00-27-43  1836.8  22019  -2330.89  1464.49  2624.86
379  176  2025-06-14 00-27-43  1838.4  22042.2  -2329.65  1464.63  2623.21
380  176  2025-06-14 00-27-43  1840  22065.4  -2328.37  1464.76  2621.61
381  176  2025-06-14 00-27-43  1841.6  22088.7  -2327.05  1464.89  2620.07
382  176  2025-06-14 00-27-43  1843.2  22111.9  -2325.69  1465.02  2618.57
383  176  2025-06-14 00-27-43  1844.8  22135.2  -2324.3  1465.14  2617.13
384  176  2025-06-14 00-27-43  1846.4  22158.5  -2322.87  1465.27  2615.74
385  176  2025-06-14 00-27-43  1848  22181.8  -2321.4  1465.39  2614.4
386  176  2025-06-14 00-27-43  1849.6  22205.1  -2319.9  1465.51  2613.11
387  176  2025-06-14 00-27-43  1851.2  22228.4  -2318.37  1465.62  2611.87
388  176  2025-06-14 00-27-43  1852.8  22251.7  -2316.81  1465.74  2610.68
389  176  2025-06-14 00-27-43  1854.4  22275.1  -2315.22  1465.85  2609.53
390  176  2025-06-14 00-27-43  1856  22298.4  -2313.6  1465.96  2608.44
391  176  2025-06-14 00-27-43  1857.6  22321.7  -2311.95  1466.07  2607.39
392  176  2025-06-14 00-27-43  1859.2  22345.1  -2310.27  1466.18  2606.38
393  176  2025-06-14 00-27-43  1860.8  22368.5  -2308.57  1466.28  2605.43
394  176  2025-06-14 00-27-43  1862.4  22391.8  -2306.85  1466.38  2604.52
395  176  2025-06-14 00-27-43  1864  22415.2  -2305.1  1466.48  2603.66
396  176  2025-06-14 00-27-43  1865.6  22438.6  -2303.34  1466.58  2602.84
397  176  2025-06-14 00-27-43  1867.2  22462  -2301.55  1466.68  2602.06
398  176  2025-06-14 00-27-43  1868.8  22485.4  -2299.74  1466.78  2601.33
399  176  2025-06-14 00-27-43  1870.4  22508.8  -2297.91  1466.87  2600.64
400  176  2025-06-14 00-27-43  1872  22532.3  -2296.07  1466.96  2600
401  176  2025-06-14 00-27-43  1873.6  22555.7  -2294.21  1467.05  2599.4
402  176  2025-06-14 00-27-43  1875.2  22579.1  -2292.34  1467.14  2598.83
403  176  2025-06-14 00-27-43  1876.8  22602.6  -2290.45  1467.23  2598.32
404  176  2025-06-14 00-27-43  1878.4  22626  -2288.54  1467.32  2597.84
405  176  2025-06-14 00-27-43  1880  22649.5  -2286.63  1467.4  2597.4
406  176  2025-06-14 00-27-43  1881.6  22673  -2284.71  1467.48  2597
407  176  2025-06-14 00-27-43  1883.2  22696.5  -2282.77  1467.56  2596.64
408  176  2025-06-14 00-27-43  1884.8  22719.9  -2280.83  1467.64  2596.32
409  176  2025-06-14 00-27-43  1886.4  22743.4  -2278.88  1467.72  2596.04
410  176  2025-06-14 00-27-43  1888  22766.9  -2276.92  1467.8  2595.79
411  176  2025-06-14 00-27-43  1889.6  22790.4  -2274.96  1467.87  2595.58
412  176  2025-06-14 00-27-43  1891.2  22813.9  -2272.99  1467.95  2595.41
413  176  2025-06-14 00-27-43  1892.8  22837.5  -2271.01  1468.02  2595.28
414  176  2025-06-14 00-27-43  1894.4  22861  -2269.04  1468.09  2595.18
415  176  2025-06-14 00-27-43  1896  22884.5  -2267.06  1468.16  2595.11
416  176  2025-06-14 00-27-43  1897.6  22908.1  -2265.08  1468.23  2595.08
417  176  2025-06-14 00-27-43  1899.2  22931.6  -2263.1  1468.3  2595.09
418  176  2025-06-14 00-27-43  1900.8  22955.2  -2261.12  1468.37  2595.12
419  176  2025-06-14 00-27-43  1902.4  22978.7  -2259.14  1468.43  2595.19
420  176  2025-06-14 00-27-43  1904  23002.3  -2257.11  1468.35  2592.97
421  176  2025-06-14 00-27-43  1905.6  23025.8  -2255.01  1468.26  2590.74
422  176  2025-06-14 00-27-43  1907.2  23049.3  -2252.87  1468.17  2588.51
423  176  2025-06-14 00-27-43  1908.8  23072.8  -2250.66  1468.09  2586.28
424  176  2025-06-14 00-27-43  1910.4  23096.3  -2248.4  1468  2584.06
425  176  2025-06-14 00-27-43  1912  23119.8  -2246.09  1467.91  2581.83
426  176  2025-06-14 00-27-43  1913.6  23143.3  -2243.71  1467.83  2579.6
427  176  2025-06-14 00-27-43  1915.2  23166.7  -2241.28  1467.74  2577.37
428  176  2025-06-14 00-27-43  1916.8  23190.1  -2238.8  1467.66  2575.15
429  176  2025-06-14 00-27-43  1918.4  23213.6  -2236.26  1467.57  2572.92
430  176  2025-06-14 00-27-43  1920  23237  -2233.66  1467.48  2570.69
431  176  2025-06-14 00-27-43  1921.6  23260.4  -2231.01  1467.4  2568.46
432  176  2025-06-14 00-27-43  1923.2  23283.7  -2228.3  1467.31  2566.24
433  176  2025-06-14 00-27-43  1924.8  23307.1  -2225.53  1467.22  2564.01
434  176  2025-06-14 00-27-43  1926.4  23330.4  -2222.71  1467.14  2561.78
435  176  2025-06-14 00-27-43  1928  23353.8  -2219.84  1467.05  2559.55
436  176  2025-06-14 00-27-43  1929.6  23377.1  -2216.91  1466.96  2557.33
437  176  2025-06-14 00-27-43  1931.2  23400.4  -2213.92  1466.88  2555.1
438  176  2025-06-14 00-27-43  1932.8  23423.7  -2210.88  1466.79  2552.87
439  176  2025-06-14 00-27-43  1934.4  23446.9  -2207.78  1466.71  2550.65
440  176  2025-06-14 00-27-43  1936  23470.2  -2204.63  1466.62  2548.42
441  176  2025-06-14 00-27-43  1937.6  23493.4  -2201.42  1466.53  2546.19
442  176  2025-06-14 00-27-43  1939.2  23516.6  -2198.15  1466.45  2543.96
443  176  2025-06-14 00-27-43  1940.8  23539.8  -2194.83  1466.36  2541.74
444  176  2025-06-14 00-27-43  1942.4  23563  -2191.46  1466.27  2539.51
445  176  2025-06-14 00-27-43  1944  23586.2  -2188.03  1466.19  2537.28
446  176  2025-06-14 00-27-43  1945.6  23609.3  -2184.55  1466.1  2535.05
447  176  2025-06-14 00-27-43  1947.2  23632.5  -2181.01  1466.02  2532.83
448  176  2025-06-14 00-27-43  1948.8  23655.6  -2177.41  1465.93  2530.6
449  176  2025-06-14 00-27-43  1950.4  23678.7  -2173.77  1465.84  2528.37
450  176  2025-06-14 00-27-43  1952  23701.7  -2170.06  1465.76  2526.14
451  176  2025-06-14 00-27-43  1953.6  23724.8  -2166.3  1465.67  2523.92
452  176  2025-06-14 00-27-43  1955.2  23747.9  -2162.49  1465.58  2521.69
453  176  2025-06-14 00-27-43  1956.8  23770.9  -2158.78  1465.64  2525.93
454  176  2025-06-14 00-27-43  1958.4  23793.8  -2155.05  1463.69  2523.76
455  176  2025-06-14 00-27-43  1960  23816.5  -2151.3  1461.77  2521.6
456  176  2025-06-14 00-27-43  1961.6  23838.9  -2147.53  1459.89  2519.43
457  176  2025-06-14 00-27-43  1963.2  23861.2  -2143.73  1458.05  2517.27
458  176  2025-06-14 00-27-43  1964.8  23883.3  -2139.91  1456.24  2515.11
459  176  2025-06-14 00-27-43  1966.4  23905.2  -2136.07  1454.46  2512.94
460  176  2025-06-14 00-27-43  1968  23927  -2132.21  1452.71  2510.78
461  176  2025-06-14 00-27-43  1969.6  23948.5  -2128.32  1451  2508.62
462  176  2025-06-14 00-27-43  1971.2  23969.9  -2124.42  1449.31  2506.45
463  176  2025-06-14 00-27-43  1972.8  23991.1  -2120.5  1447.66  2504.29
464  176  2025-06-14 00-27-43  1974.4  24012.1  -2116.55  1446.04  2502.13
465  176  2025-06-14 00-27-43  1976  24033  -2112.59  1444.45  2499.96
466  176  2025-06-14 00-27-43  1977.6  24053.7  -2108.61  1442.89  2497.8
467  176  2025-06-14 00-27-43  1979.2  24074.4  -2104.51  1443.41  2493.27
468  176  2025-06-14 00-27-43  1980.8  24095.2  -2100.3  1443.93  2488.73
469  176  2025-06-14 00-27-43  1982.4  24116  -2095.98  1444.43  2484.17
470  176  2025-06-14 00-27-43  1984  24136.8  -2091.55  1444.93  2479.6
471  176  2025-06-14 00-27-43  1985.6  24157.7  -2087  1445.41  2475.02
472  176  2025-06-14 00-27-43  1987.2  24178.6  -2082.33  1445.89  2470.42
473  176  2025-06-14 00-27-43  1988.8  24199.5  -2077.55  1446.36  2465.82
474  176  2025-06-14 00-27-43  1990.4  24220.4  -2072.65  1446.82  2461.2
475  176  2025-06-14 00-27-43  1992  24241.3  -2067.64  1447.28  2456.57
476  176  2025-06-14 00-27-43  1993.6  24262.3  -2062.51  1447.72  2451.93
477  176  2025-06-14 00-27-43  1995.2  24283.2  -2057.27  1448.16  2447.28
478  176  2025-06-14 00-27-43  1996.8  24304.2  -2051.9  1448.59  2442.62
479  176  2025-06-14 00-27-43  1998.4  24325.2  -2046.42  1449.01  2437.95
480  176  2025-06-14 00-27-43  2000  24346.2  -2040.82  1449.42  2433.27
481  176  2025-06-14 00-27-43  2001.6  24367.2  -2035.11  1449.83  2428.59
482  176  2025-06-14 00-27-43  2003.2  24388.3  -2029.27  1450.23  2423.89
483  176  2025-06-14 00-27-43  2004.8  24409.3  -2023.32  1450.62  2419.19
484  176  2025-06-14 00-27-43  2006.4  24430.4  -2017.25  1451  2414.48
485  176  2025-06-14 00-27-43  2008  24451.4  -2011.06  1451.38  2409.77
486  176  2025-06-14 00-27-43  2009.6  24472.5  -2004.75  1451.75  2405.04
487  176  2025-06-14 00-27-43  2011.2  24493.5  -1998.32  1452.11  2400.32
488  176  2025-06-14 00-27-43  2012.8  24514.6  -1991.77  1452.47  2395.58
489  176  2025-06-14 00-27-43  2014.4  24535.6  -1985.11  1452.82  2390.84
490  176  2025-06-14 00-27-43  2016  24556.7  -1978.32  1453.17  2386.1
491  176  2025-06-14 00-27-43  2017.6  24577.7  -1971.42  1453.51  2381.35
492  176  2025-06-14 00-27-43  2019.2  24598.7  -1964.39  1453.84  2376.59
493  176  2025-06-14 00-27-43  2020.8  24619.8  -1957.24  1454.17  2371.84
494  176  2025-06-14 00-27-43  2022.4  24640.8  -1949.98  1454.49  2367.07
495  176  2025-06-14 00-27-43  2024  24661.8  -1942.6  1454.8  2362.31
496  176  2025-06-14 00-27-43  2025.6  24682.8  -1935.09  1455.11  2357.54
497  176  2025-06-14 00-27-43  2027.2  24703.8  -1927.47  1455.41  2352.77
498  176  2025-06-14 00-27-43  2028.8  24724.8  -1919.73  1455.71  2348
499  176  2025-06-14 00-27-43  2030.4  24745.8  -1911.86  1456.01  2343.23
500  176  2025-06-14 00-27-43  2032  24766.8  -1903.88  1456.29  2338.45
501  176  2025-06-14 00-27-43  2033.6  24787.7  -1895.78  1456.58  2333.68
502  176  2025-06-14 00-27-43  2035.2  24808.6  -1887.56  1456.85  2328.9
503  176  2025-06-14 00-27-43  2036.8  24829.6  -1879.22  1457.13  2324.12
504  176  2025-06-14 00-27-43  2038.4  24850.4  -1870.76  1457.39  2319.34
505  176  2025-06-14 00-27-43  2040  24871.3  -1862.18  1457.66  2314.56
506  176  2025-06-14 00-27-43  2041.6  24892.2  -1853.49  1457.91  2309.79
507  176  2025-06-14 00-27-43  2043.2  24913  -1844.67  1458.17  2305.01
508  176  2025-06-14 00-27-43  2044.8  24933.8  -1835.74  1458.42  2300.23
509  176  2025-06-14 00-27-43  2046.4  24954.6  -1826.69  1458.66  2295.44
510  176  2025-06-14 00-27-43  2048  24975.3  -1817.52  1458.9  2290.63
511  176  2025-06-14 00-27-43  2049.6  24996.1  -1808.23  1459.14  2285.8
512  176  2025-06-14 00-27-43  2051.2  25016.8  -1798.83  1459.37  2280.96
513  176  2025-06-14 00-27-43  2052.8  25037.4  -1789.3  1459.59  2276.09
514  176  2025-06-14 00-27-43  2054.4  25058.1  -1779.65  1459.82  2271.21
515  176  2025-06-14 00-27-43  2056  25078.7  -1769.89  1460.04  2266.32
516  176  2025-06-14 00-27-43  2057.6  25099.3  -1760  1460.25  2261.4
517  176  2025-06-14 00-27-43  2059.2  25119.8  -1750  1460.46  2256.47
518  176  2025-06-14 00-27-43  2060.8  25140.3  -1739.88  1460.67  2251.53
519  176  2025-06-14 00-27-43  2062.4  25160.8  -1729.63  1460.87  2246.59
520  176  2025-06-14 00-27-43  2064  25181.2  -1719.27  1461.07  2241.64
521  176  2025-06-14 00-27-43  2065.6  25201.6  -1708.79  1461.27  2236.7
522  176  2025-06-14 00-27-43  2067.2  25221.9  -1698.19  1461.46  2231.76
523  176  2025-06-14 00-27-43  2068.8  25242.2  -1687.47  1461.65  2226.82
524  176  2025-06-14 00-27-43  2070.4  25262.5  -1676.63  1461.84  2221.88
525  176  2025-06-14 00-27-43  2072  25282.7  -1665.67  1462.02  2216.94
526  176  2025-06-14 00-27-43  2073.6  25302.9  -1654.6  1462.2  2211.99
527  176  2025-06-14 00-27-43  2075.2  25323.1  -1643.41  1462.38  2207.05
528  176  2025-06-14 00-27-43  2076.8  25343.2  -1632.1  1462.55  2202.11
529  176  2025-06-14 00-27-43  2078.4  25363.2  -1620.68  1462.72  2197.17
530  176  2025-06-14 00-27-43  2080  25383.2  -1609.14  1462.89  2192.23
531  176  2025-06-14 00-27-43  2081.6  25403.1  -1597.49  1463.05  2187.29
532  176  2025-06-14 00-27-43  2083.2  25423  -1585.72  1463.21  2182.34
533  176  2025-06-14 00-27-43  2084.8  25442.9  -1573.83  1463.37  2177.4
534  176  2025-06-14 00-27-43  2086.4  25462.7  -1561.83  1463.53  2172.46
535  176  2025-06-14 00-27-43  2088  25482.4  -1549.71  1463.68  2167.52
536  176  2025-06-14 00-27-43  2089.6  25502.1  -1537.48  1463.83  2162.58
537  176  2025-06-14 00-27-43  2091.2  25522  -1525.49  1463.98  2173.75
538  176  2025-06-14 00-27-43  2092.8  25542  -1513.73  1464.12  2184.88
539  176  2025-06-14 00-27-43  2094.4  25562.2  -1502.2  1464.26  2195.95
540  176  2025-06-14 00-27-43  2096  25582.5  -1490.91  1464.4  2206.97
541  176  2025-06-14 00-27-43  2097.6  25602.9  -1479.86  1464.54  2217.94
542  176  2025-06-14 00-27-43  2099.2  25623.5  -1469.04  1464.67  2228.85
543  176  2025-06-14 00-27-43  2100.8  25644.3  -1458.47  1464.8  2239.71
544  176  2025-06-14 00-27-43  2102.4  25665.2  -1448.13  1464.93  2250.51
545  176  2025-06-14 00-27-43  2104  25686.2  -1438.03  1465.06  2261.25
546  176  2025-06-14 00-27-43  2105.6  25707.3  -1428.18  1465.18  2271.93
547  176  2025-06-14 00-27-43  2107.2  25728.6  -1418.56  1465.31  2282.56
548  176  2025-06-14 00-27-43  2108.8  25749.9  -1409.19  1465.43  2293.12
549  176  2025-06-14 00-27-43  2110.4  25771.4  -1400.05  1465.55  2303.62
550  176  2025-06-14 00-27-43  2112  25793  -271.159  1465.66  2314.05
551  176  2025-06-14 00-27-43  2113.6  25814.8  -262.506  1465.78  2324.43
552  176  2025-06-14 00-27-43  2115.2  25836.6  -254.095  1465.89  2334.73
553  176  2025-06-14 00-27-43  2116.8  25858.5  -245.923  1466  2344.98
554  176  2025-06-14 00-27-43  2118.4  25880.5  -237.992  1466.11  2355.16
555  176  2025-06-14 00-27-43  2120  25902.7  -230.301  1466.21  2365.27
556  176  2025-06-14 00-27-43  2121.6  25924.9  -222.849  1466.32  2375.31
557  176  2025-06-14 00-27-43  2123.2  25947.2  -215.636  1466.42  2385.28
558  176  2025-06-14 00-27-43  2124.8  25969.6  -208.662  1466.52  2395.19
559  176  2025-06-14 00-27-43  2126.4  25992  -201.926  1466.62  2405.03
560  176  2025-06-14 00-27-43  2128  26014.6  -195.427  1466.71  2414.79
561  176  2025-06-14 00-27-43  2129.6  26037.2  -189.164  1466.81  2424.49
562  176  2025-06-14 00-27-43  2131.2  26059.9  -183.136  1466.9  2434.12
563  176  2025-06-14 00-27-43  2132.8  26082.7  -177.344  1466.99  2443.67
564  176  2025-06-14 00-27-43  2134.4  26105.5  -171.785  1467.08  2453.15
565  176  2025-06-14 00-27-43  2136  26128.4  -166.458  1467.17  2462.56
566  176  2025-06-14 00-27-43  2137.6  26151.4  -161.363  1467.26  2471.89
567  176  2025-06-14 00-27-43  2139.2  26174.4  -156.499  1467.34  2481.15
568  176  2025-06-14 00-27-43  2140.8  26197.5  -151.864  1467.43  2490.33
569  176  2025-06-14 00-27-43  2142.4  26220.7  -147.457  1467.51  2499.44
570  176  2025-06-14 00-27-43  2144  26243.8  -143.277  1467.59  2508.48
571  176  2025-06-14 00-27-43  2145.6  26267.1  -139.323  1467.67  2517.44
572  176  2025-06-14 00-27-43  2147.2  26290.4  -135.592  1467.75  2526.32
573  176  2025-06-14 00-27-43  2148.8  26313.7  -132.084  1467.83  2535.13
574  176  2025-06-14 00-27-43  2150.4  26337  -128.798  1467.9  2543.86
575  176  2025-06-14 00-27-43  2152  26360.4  -13.7306  1467.97  2552.51
576  176  2025-06-14 00-27-43  2153.6  26383.9  -10.8817  1468.05  2561.09
577  176  2025-06-14 00-27-43  2155.2  26407.3  -8.2493  1468.12  2569.58
578  176  2025-06-14 00-27-43  2156.8  26430.8  -5.8318  1468.19  2578
579  176  2025-06-14 00-27-43  2158.4  26454.3  -3.62753  1468.26  2586.34
580  176  2025-06-14 00-27-43  2160  26477.9  -1.63478  1468.32  2594.61
581  176  2025-06-14 00-27-43  2161.6  26501.5  0.148169  1468.39  2602.79
582  176  2025-06-14 00-27-43  2163.2  26525.1  1.72309  1468.45  2610.9
583  176  2025-06-14 00-27-43  2164.8  26548.7  3.09177  1468.52  2618.92
584  176  2025-06-14 00-27-43  2166.4  26572.3  4.25604  1468.58  2626.87
585  176  2025-06-14 00-27-43  2168  26595.9  5.21774  1468.64  2634.73
586  176  2025-06-14 00-27-43  2169.6  26619.6  5.97875  1468.7  2642.52
587  176  2025-06-14 00-27-43  2171.2  26643.3  6.54096  1468.76  2650.23
588  176  2025-06-14 00-27-43  2172.8  26666.9  6.90629  1468.82  2657.86
589  176  2025-06-14 00-27-43  2174.4  26690.6  7.07669  1468.88  2665.41
590  176  2025-06-14 00-27-43  2176  26714.3  7.05411  1468.93  2672.87
591  176  2025-06-14 00-27-43  2177.6  26738  6.84054  1468.99  2680.26
592  176  2025-06-14 00-27-43  2179.2  26761.7  6.43796  1469.04  2687.57
593  176  2025-06-14 00-27-43  2180.8  26785.4  5.8484  1469.1  2694.8
594  176  2025-06-14 00-27-43  2182.4  26809.1  5.07386  1469.15  2701.95
595  176  2025-06-14 00-27-43  2184  26832.8  4.11641  1469.2  2709.01
596  176  2025-06-14 00-27-43  2185.6  26856.5  2.97807  1469.25  2716
597  176  2025-06-14 00-27-43  2187.2  26880.2  1.66092  1469.3  2722.91
598  176  2025-06-14 00-27-43  2188.8  26903.9  0.16703  1469.35  2729.74
599  176  2025-06-14 00-27-43  2190.4  26927.6  -1.50153  1469.4  2736.49
600  176  2025-06-14 00-27-43  2192  26951.3  -3.34266  1469.44  2743.16
601  176  2025-06-14 00-27-43  2193.6  26974.9  -5.35428  1469.49  2749.74
602  176  2025-06-14 00-27-43  2195.2  26998.6  -7.53429  1469.53  2756.25
603  176  2025-06-14 00-27-43  2196.8  27022.2  -9.88058  1469.58  2762.68
604  176  2025-06-14 00-27-43  2198.4  27045.9  -12.391  1469.62  2769.03
605  176  2025-06-14 00-27-43  2200  27069.5  -15.0636  1469.66  2775.3
606  176  2025-06-14 00-27-43  2201.6  27093.1  -129.896  1469.71  2781.5
607  176  2025-06-14 00-27-43  2203.2  27116.7  -132.886  1469.75  2787.61
608  176  2025-06-14 00-27-43  2204.8  27140.2  -136.032  1469.79  2793.65
609  176  2025-06-14 00-27-43  2206.4  27163.8  -139.332  1469.83  2799.6
610  176  2025-06-14 00-27-43  2208  27187.3  -142.783  1469.87  2805.48
611  176  2025-06-14 00-27-43  2209.6  27210.8  -146.384  1469.91  2811.28
612  176  2025-06-14 00-27-43  2211.2  27234.3  -150.132  1469.94  2817
613  176  2025-06-14 00-27-43  2212.8  27257.8  -154.025  1469.98  2822.65
614  176  2025-06-14 00-27-43  2214.4  27281.3  -158.061  1470.02  2828.21
615  176  2025-06-14 00-27-43  2216  27304.7  -162.239  1470.05  14033.7
616  176  2025-06-14 00-27-43  2217.6  27328.1  -166.555  1470.09  14039.1
617  176  2025-06-14 00-27-43  2219.2  27351.5  -171.008  1470.12  14044.5
618  176  2025-06-14 00-27-43  2220.8  27374.9  -175.596  1470.16  14049.7
619  176  2025-06-14 00-27-43  2222.4  27398.2  -180.317  1470.19  14054.9
620  176  2025-06-14 00-27-43  2224  27421.5  -185.168  1470.22  14060
621  176  2025-06-14 00-27-43  2225.6  27444.8  -190.148  1470.25  14065
622  176  2025-06-14 00-27-43  2227.2  27468.1  -195.255  1470.28  14070
623  176  2025-06-14 00-27-43  2228.8  27491.4  -200.486  1470.32  14074.9
624  176  2025-06-14 00-27-43  2230.4  27514.6  -205.84  1470.35  14079.7
625  176  2025-06-14 00-27-43  2232  27537.8  -211.315  1470.38  14084.4
626  176  2025-06-14 00-27-43  2233.6  27561  -216.908  1470.4  14089.1
627  176  2025-06-14 00-27-43  2235.2  27584.1  -222.619  1470.43  14093.7
628  176  2025-06-14 00-27-43  2236.8  27607.2  -228.444  1470.46  14098.2
629  176  2025-06-14 00-27-43  2238.4  27630.3  -234.382  1470.49  14102.7
630  176  2025-06-14 00-27-43  2240  27653.4  -240.431  1470.52  14107.1
631  176  2025-06-14 00-27-43  2241.6  27676.5  -246.588  1470.54  14111.3
632  176  2025-06-14 00-27-43  2243.2  27699.5  -252.852  1470.57  14115.5
633  176  2025-06-14 00-27-43  2244.8  27722.5  -259.22  1470.59  14119.7
634  176  2025-06-14 00-27-43  2246.4  27745.4  -265.691  1470.62  14123.7
635  176  2025-06-14 00-27-43  2248  27768.4  -1392.26  1470.64  14127.7
636  176  2025-06-14 00-27-43  2249.6  27791.3  -1398.93  1470.67  14131.6
637  176  2025-06-14 00-27-43  2251.2  27814.2  -1405.7  1470.69  14135.5
638  176  2025-06-14 00-27-43  2252.8  27837.1  -1412.56  1470.72  14139.2
639  176  2025-06-14 00-27-43  2254.4  27859.9  -1419.51  1470.74  14142.9
640  176  2025-06-14 00-27-43  2256  27882.7  -1426.56  1470.76  14146.6
641  176  2025-06-14 00-27-43  2257.6  27905.5  -1433.69  1470.78  14150.1
642  176  2025-06-14 00-27-43  2259.2  27928.3  -1440.91  1470.81  14153.6
643  176  2025-06-14 00-27-43  2260.8  27951  -1448.22  1470.83  14157.1
644  176  2025-06-14 00-27-43  2262.4  27973.7  -1455.61  1470.85  14160.4
645  176  2025-06-14 00-27-43  2264  27996.4  -1463.09  1470.87  14163.8
646  176  2025-06-14 00-27-43  2265.6  28019.1  -1470.64  1470.89  14167
647  176  2025-06-14 00-27-43  2267.2  28041.7  -1478.28  1470.91  14170.2
648  176  2025-06-14 00-27-43  2268.8  28064.3  -1485.99  1470.93  14173.3
649  176  2025-06-14 00-27-43  2270.4  28086.9  -1493.78  1470.95  14176.4
650  176  2025-06-14 00-27-43  2272  28109.5  -1501.64  1470.97  14179.4
651  176  2025-06-14 00-27-43  2273.6  28132  -1509.58  1470.99  14182.4
652  176  2025-06-14 00-27-43  2275.2  28154.5  -1517.59  1471  14185.3
653  176  2025-06-14 00-27-43  2276.8  28177  -1525.67  1471.02  14188.1
654  176  2025-06-14 00-27-43  2278.4  28199.5  -1533.82  1471.04  14190.9
655  176  2025-06-14 00-27-43  2280  28221.9  -1542.03  1471.06  14193.6
656  176  2025-06-14 00-27-43  2281.6  28244.4  -1550.32  1471.07  14196.3
657  176  2025-06-14 00-27-43  2283.2  28266.8  -1558.66  1471.09  14198.9
658  176  2025-06-14 00-27-43  2284.8  28289.2  -1567.07  1471.11  14201.5
659  176  2025-06-14 00-27-43  2286.4  28311.5  -1575.54  1471.12  14204
660  176  2025-06-14 00-27-43  2288  28333.9  -1584.07  1471.14  14206.4
661  176  2025-06-14 00-27-43  2289.6  28356.2  -1592.67  1471.15  14208.8
662  176  2025-06-14 00-27-43  2291.2  28378.5  -1601.31  1471.17  14211.2
663  176  2025-06-14 00-27-43  2292.8  28400.8  -1610.02  1471.18  14213.5
664  176  2025-06-14 00-27-43  2294.4  28423  -1618.78  1471.2  14215.7
665  176  2025-06-14 00-27-43  2296  140445  -1627.59  1471.21  14217.9
666  176  2025-06-14 00-27-43  2297.6  140467  -1636.46  1471.23  14220
667  176  2025-06-14 00-27-43  2299.2  140490  -1645.37  1471.24  14222.1
668  176  2025-06-14 00-27-43  2300.8  140512  -1654.34  1471.26  14224.2
669  176  2025-06-14 00-27-43  2302.4  140534  -1663.35  1471.27  14226.1
670  176  2025-06-14 00-27-43  2304  140556  -1672.42  1471.28  14228.1
671  176  2025-06-14 00-27-43  2305.6  140578  -1681.52  1471.3  14230
672  176  2025-06-14 00-27-43  2307.2  140600  -1690.68  1471.31  14231.8
673  176  2025-06-14 00-27-43  2308.8  140622  -1699.87  1471.32  14233.6
674  176  2025-06-14 00-27-43  2310.4  140644  -1709.11  1470.37  14236.8
675  176  2025-06-14 00-27-43  2312  140666  -1718.39  1469.41  14239.9
676  176  2025-06-14 00-27-43  2313.6  140688  -1727.69  1468.46  14242.8
677  176  2025-06-14 00-27-43  2315.2  140710  -1737.03  1467.49  14245.7
678  176  2025-06-14 00-27-43  2316.8  140731  -1746.39  1466.52  14248.4
679  176  2025-06-14 00-27-43  2318.4  140753  -1755.77  1465.55  14251
680  176  2025-06-14 00-27-43  2320  140774  -1765.18  1464.58  14253.6
681  176  2025-06-14 00-27-43  2321.6  140795  -1774.6  1463.6  14256
682  176  2025-06-14 00-27-43  2323.2  140816  -1784.03  1462.62  14258.2
683  176  2025-06-14 00-27-43  2324.8  140837  -1793.47  1461.64  14260.4
684  176  2025-06-14 00-27-43  2326.4  140858  -1802.92  1460.66  14262.5
685  176  2025-06-14 00-27-43  2328  140879  -1812.37  1459.67  14264.4
686  176  2025-06-14 00-27-43  2329.6  140899  -1821.82  1458.68  14266.3
687  176  2025-06-14 00-27-43  2331.2  140920  -1831.27  1457.7  14268
688  176  2025-06-14 00-27-43  2332.8  140940  -1840.71  1456.71  14269.6
689  176  2025-06-14 00-27-43  2334.4  140960  -1850.14  1455.71  14271.1
690  176  2025-06-14 00-27-43  2336  140980  -1859.57  1454.72  14272.5
691  176  2025-06-14 00-27-43  2337.6  141001  -1868.98  1453.73  14273.7
692  176  2025-06-14 00-27-43  2339.2  141021  -1878.37  1452.74  14274.9
693  176  2025-06-14 00-27-43  2340.8  141040  -1887.74  1451.74  14275.9
694  176  2025-06-14 00-27-43  2342.4  141060  -1897.09  1450.75  14276.9
695  176  2025-06-14 00-27-43  2344  141080  -1906.41  1449.76  14277.7
696  176  2025-06-14 00-27-43  2345.6  141099  -1915.71  1448.77  14278.4
697  176  2025-06-14 00-27-43  2347.2  141119  -1924.98  1447.78  14279
698  176  2025-06-14 00-27-43  2348.8  141138  -1934.22  1446.79  14279.5
699  176  2025-06-14 00-27-43  2350.4  141158  -1943.42  1445.8  14279.9
700  176  2025-06-14 00-27-43  2352  141177  -1952.58  1444.82  14280.1
701  176  2025-06-14 00-27-43  2353.6  141196  -1961.71  1443.83  14280.3
702  176  2025-06-14 00-27-43  2355.2  141215  -1970.79  1442.85  14280.3
703  176  2025-06-14 00-27-43  2356.8  141234  -1979.83  1441.87  14280.3
704  176  2025-06-14 00-27-43  2358.4  141253  -1988.83  1440.89  14280.1
705  176  2025-06-14 00-27-43  2360  141272  -1997.78  1439.91  14279.8
706  176  2025-06-14 00-27-43  2361.6  141290  -2006.67  1438.94  14279.5
707  176  2025-06-14 00-27-43  2363.2  141309  -2015.52  1437.97  14279
708  176  2025-06-14 00-27-43  2364.8  141327  -2024.32  1437  14278.4
709  176  2025-06-14 00-27-43  2366.4  141346  -2033.05  1436.04  14277.7
710  176  2025-06-14 00-27-43  2368  141364  -2041.74  1435.08  14276.9
711  176  2025-06-14 00-27-43  2369.6  141382  -2050.36  1434.12  14276
712  176  2025-06-14 00-27-43  2371.2  141401  -2058.92  1433.17  14275.1
713  176  2025-06-14 00-27-43  2372.8  141419  -2067.42  1432.22  14274
714  176  2025-06-14 00-27-43  2374.4  141437  -2075.86  1431.28  14272.8
715  176  2025-06-14 00-27-43  2376  141455  -2084.23  1430.33  14271.5
716  176  2025-06-14 00-27-43  2377.6  141473  -2092.54  1429.4  14270.1
717  176  2025-06-14 00-27-43  2379.2  141491  -2100.77  1428.46  14268.6
718  176  2025-06-14 00-27-43  2380.8  141508  -2108.94  1427.54  14267.1
719  176  2025-06-14 00-27-43  2382.4  141526  -2117.04  1426.61  14265.4
720  176  2025-06-14 00-27-43  2384  141544  -2125.06  1425.69  14263.6
721  176  2025-06-14 00-27-43  2385.6  141561  -2133.02  1424.78  14261.8
722  176  2025-06-14 00-27-43  2387.2  141579  -2140.89  1423.87  14259.9
723  176  2025-06-14 00-27-43  2388.8  141596  -2148.7  1422.97  14257.8
724  176  2025-06-14 00-27-43  2390.4  141613  -2156.42  1422.07  14255.7
725  176  2025-06-14 00-27-43  2392  141631  -2164.07  1421.18  14253.5
726  176  2025-06-14 00-27-43  2393.6  141648  -2171.64  1420.29  14251.3
727  176  2025-06-14 00-27-43  2395.2  141665  -2179.13  1419.41  14248.9
728  176  2025-06-14 00-27-43  2396.8  141682  -2186.54  1418.53  14246.5
729  176  2025-06-14 00-27-43  2398.4  141699  -2193.87  1417.66  14243.9
730  176  2025-06-14 00-27-43  2400  141716  -2201.11  1416.8  14241.3
731  176  2025-06-14 00-27-43  2401.6  141733  -2208.27  1415.94  14238.7
732  176  2025-06-14 00-27-43  2403.2  141750  -2215.35  1415.08  14235.9
733  176  2025-06-14 00-27-43  2404.8  141767  -2222.35  1414.24  14233.1
734  176  2025-06-14 00-27-43  2406.4  141784  -2229.25  1413.4  14230.2
735  176  2025-06-14 00-27-43  2408  141801  -2236.08  1412.56  14227.2
736  176  2025-06-14 00-27-43  2409.6  141817  -2242.81  1411.73  14224.2
737  176  2025-06-14 00-27-43  2411.2  141834  -2249.46  1410.91  14221.1
738  176  2025-06-14 00-27-43  2412.8  141850  -2256.02  1410.1  14217.9
739  176  2025-06-14 00-27-43  2414.4  141867  -2262.5  1409.29  14214.7
740  176  2025-06-14 00-27-43  2416  141883  -2268.88  1408.48  14211.4
741  176  2025-06-14 00-27-43  2417.6  141900  -2275.18  1407.69  14208
742  176  2025-06-14 00-27-43  2419.2  141916  -2281.39  1406.9  14204.6
743  176  2025-06-14 00-27-43  2420.8  141932  -2287.51  1406.11  14201.1
744  176  2025-06-14 00-27-43  2422.4  141949  -2293.53  1405.34  14197.6
745  176  2025-06-14 00-27-43  2424  141965  -2299.47  1404.57  14194
746  176  2025-06-14 00-27-43  2425.6  141981  -2305.32  1403.8  14190.4
747  176  2025-06-14 00-27-43  2427.2  141997  -2311.08  1403.05  14186.7
748  176  2025-06-14 00-27-43  2428.8  142013  -2316.74  1402.3  14183
749  176  2025-06-14 00-27-43  2430.4  142029  -2322.32  1401.55  14179.2
750  176  2025-06-14 00-27-43  2432  142045  -2327.8  1400.82  14175.4
751  176  2025-06-14 00-27-43  2433.6  142061  -2333.2  1400.09  14171.5
752  176  2025-06-14 00-27-43  2435.2  142077  -2338.5  1399.36  14167.6
753  176  2025-06-14 00-27-43  2436.8  142093  -2343.72  1398.65  14163.6
754  176  2025-06-14 00-27-43  2438.4  142109  -2348.84  1397.94  14159.7
755  176  2025-06-14 00-27-43  2440  142124  -2353.87  1397.23  14155.6
756  176  2025-06-14 00-27-43  2441.6  142140  -2358.81  1396.54  14151.6
757  176  2025-06-14 00-27-43  2443.2  142156  -2363.66  1395.85  14147.5
758  176  2025-06-14 00-27-43  2444.8  142171  -2368.42  1395.17  14143.4
759  176  2025-06-14 00-27-43  2446.4  142187  -2373.09  1394.49  14139.2
760  176  2025-06-14 00-27-43  2448  142202  -2377.67  1393.82  14135
761  176  2025-06-14 00-27-43  2449.6  142218  -2382.16  1393.16  14130.8
762  176  2025-06-14 00-27-43  2451.2  142233  -2386.56  1392.5  14126.6
763  176  2025-06-14 00-27-43  2452.8  142249  -2390.87  271.856  14122.3
764  176  2025-06-14 00-27-43  2454.4  142264  -2395.09  271.214  14118
765  176  2025-06-14 00-27-43  2456  142279  -2399.22  270.579  14113.7
766  176  2025-06-14 00-27-43  2457.6  142295  -2403.27  269.951  14109.4
767  176  2025-06-14 00-27-43  2459.2  142310  -2407.23  269.329  14105.1
768  176  2025-06-14 00-27-43  2460.8  142325  -2411.1  268.714  14100.8
769  176  2025-06-14 00-27-43  2462.4  142340  -2414.88  268.105  14096.4
770  176  2025-06-14 00-27-43  2464  142355  -2418.58  267.504  14092
771  176  2025-06-14 00-27-43  2465.6  142370  -2422.19  266.908  14087.7
772  176  2025-06-14 00-27-43  2467.2  142385  -2425.71  266.32  14083.3
773  176  2025-06-14 00-27-43  2468.8  142400  -2429.15  265.738  14078.9
774  176  2025-06-14 00-27-43  2470.4  142415  -2432.51  265.162  14074.5
775  176  2025-06-14 00-27-43  2472  142430  -2435.78  264.593  14070.1
776  176  2025-06-14 00-27-43  2473.6  142445  -2438.97  264.031  14065.7
777  176  2025-06-14 00-27-43  2475.2  142460  -2442.07  263.474  14061.3
778  176  2025-06-14 00-27-43  2476.8  142475  -2445.1  262.925  14056.9
779  176  2025-06-14 00-27-43  2478.4  142489  -2448.04  262.381  14052.5
780  176  2025-06-14 00-27-43  2480  142504  -2450.9  261.844  14048.1
781  176  2025-06-14 00-27-43  2481.6  142519  -2453.68  261.313  14043.7
782  176  2025-06-14 00-27-43  2483.2  142533  -2456.38  260.789  14039.3
783  176  2025-06-14 00-27-43  2484.8  142548  -2459  260.271  14035
784  176  2025-06-14 00-27-43  2486.4  142562  -2461.54  259.759  2830.59
785  176  2025-06-14 00-27-43  2488  142577  -2464.01  259.253  2826.24
786  176  2025-06-14 00-27-43  2489.6  142591  -2466.4  258.753  2821.9
787  176  2025-06-14 00-27-43  2491.2  142606  -2468.71  258.259  2817.58
788  176  2025-06-14 00-27-43  2492.8  142620  -2470.95  257.772  2813.27
789  176  2025-06-14 00-27-43  2494.4  142635  -2473.11  257.29  2808.98
790  176  2025-06-14 00-27-43  2496  142649  -2475.2  256.814  2804.71
791  176  2025-06-14 00-27-43  2497.6  142663  -2477.22  256.345  2800.45
792  176  2025-06-14 00-27-43  2499.2  142678  -2479.16  255.881  2796.22
793  176  2025-06-14 00-27-43  2500.8  142692  -2481.03  255.423  2792.01
794  176  2025-06-14 00-27-43  2502.4  142706  -2482.83  254.971  2787.82
795  176  2025-06-14 00-27-43  2504  142720  -2484.57  254.525  2783.65
796  176  2025-06-14 00-27-43  2505.6  142734  -2486.23  254.084  2779.51
