SN    USVID    CurTime    simTime    CurX    CurY    CurVel      CurYaw   
0  160  2025-06-10 20-55-49  0  2440  -14512  192  2672
1  160  2025-06-10 20-55-49  1.6  2448.01  -14511.9  192.086  2656.62
2  160  2025-06-10 20-55-49  3.2  2456.02  -14511.6  192.173  2641.71
3  160  2025-06-10 20-55-49  4.8  2464.04  -14511.2  192.259  2627.26
4  160  2025-06-10 20-55-49  6.4  2472.05  -14510.7  192.345  2613.26
5  160  2025-06-10 20-55-49  8  2480.07  -14510.1  192.432  2599.7
6  160  2025-06-10 20-55-49  9.6  2488.09  -14509.3  192.518  2586.57
7  160  2025-06-10 20-55-49  11.2  2496.1  -14508.5  192.604  2573.85
8  160  2025-06-10 20-55-49  12.8  2504.11  -14507.5  192.691  2561.53
9  160  2025-06-10 20-55-49  14.4  2512.12  -14506.4  192.777  2549.61
10  160  2025-06-10 20-55-49  128  2520.12  -14505.2  192.863  2538.06
11  160  2025-06-10 20-55-49  129.6  2528.11  -14504  192.95  2526.89
12  160  2025-06-10 20-55-49  131.2  2536.1  -14502.6  193.036  2516.08
13  160  2025-06-10 20-55-49  132.8  2544.08  -14501.1  193.122  2505.62
14  160  2025-06-10 20-55-49  134.4  2552.05  -14499.6  193.209  2495.51
15  160  2025-06-10 20-55-49  136  2560.01  -14497.9  193.295  2485.73
16  160  2025-06-10 20-55-49  137.6  2567.97  -14496.2  193.381  2476.27
17  160  2025-06-10 20-55-49  139.2  2575.91  -14494.4  193.468  2467.12
18  160  2025-06-10 20-55-49  140.8  2583.85  -14492.5  193.554  2458.28
19  160  2025-06-10 20-55-49  142.4  2591.77  -14490.5  193.64  2449.74
20  160  2025-06-10 20-55-49  144  2599.69  -14488.5  193.727  2441.49
21  160  2025-06-10 20-55-49  145.6  2607.59  -14486.4  193.813  2433.52
22  160  2025-06-10 20-55-49  147.2  2615.49  -14484.2  193.899  2425.82
23  160  2025-06-10 20-55-49  148.8  2623.38  -14482  193.986  2418.39
24  160  2025-06-10 20-55-49  150.4  2631.25  -14479.7  194.072  2411.21
25  160  2025-06-10 20-55-49  152  2639.12  -14477.3  194.158  2404.29
26  160  2025-06-10 20-55-49  153.6  2646.98  -14474.9  194.245  2397.62
27  160  2025-06-10 20-55-49  155.2  2654.83  -14472.4  194.331  2391.18
28  160  2025-06-10 20-55-49  156.8  2662.67  -14469.9  194.417  2384.97
29  160  2025-06-10 20-55-49  158.4  2670.5  -14467.3  194.504  2378.99
30  160  2025-06-10 20-55-49  160  2678.33  -14464.6  194.59  2373.22
31  160  2025-06-10 20-55-49  161.6  2686.14  -14462  194.676  2367.67
32  160  2025-06-10 20-55-49  163.2  2693.95  -14459.2  194.763  2362.32
33  160  2025-06-10 20-55-49  164.8  2701.75  -14456.4  194.849  2357.17
34  160  2025-06-10 20-55-49  166.4  2709.55  -14453.6  194.935  2352.21
35  160  2025-06-10 20-55-49  168  2717.33  -14450.7  195.022  2347.45
36  160  2025-06-10 20-55-49  169.6  2725.12  -14447.8  195.108  2342.87
37  160  2025-06-10 20-55-49  171.2  2732.89  -14444.8  195.194  2338.46
38  160  2025-06-10 20-55-49  172.8  2740.66  -14441.8  195.281  2334.23
39  160  2025-06-10 20-55-49  174.4  2748.42  -14438.8  195.367  2330.17
40  160  2025-06-10 20-55-49  176  2756.18  -14435.7  195.453  2326.27
41  160  2025-06-10 20-55-49  177.6  2763.94  -14432.6  195.54  2322.53
42  160  2025-06-10 20-55-49  179.2  2771.69  -14429.5  195.626  2318.94
43  160  2025-06-10 20-55-49  180.8  2779.43  -14426.3  195.712  2315.5
44  160  2025-06-10 20-55-49  182.4  2787.18  -14423.1  195.799  2312.2
45  160  2025-06-10 20-55-49  184  2794.91  -14419.9  195.885  2309.05
46  160  2025-06-10 20-55-49  185.6  2802.65  -14416.6  195.971  2306.03
47  160  2025-06-10 20-55-49  187.2  2810.39  -14413.3  196.058  2303.15
48  160  2025-06-10 20-55-49  188.8  2818.12  -14410  196.144  2300.39
49  160  2025-06-10 20-55-49  190.4  2825.85  -14406.6  196.23  2297.75
50  160  2025-06-10 20-55-49  192  14033.6  -14403.3  196.317  2295.24
51  160  2025-06-10 20-55-49  193.6  14041.3  -14399.9  196.403  2292.85
52  160  2025-06-10 20-55-49  195.2  14049  -14396.5  196.489  2290.56
53  160  2025-06-10 20-55-49  196.8  14056.8  -14393  196.576  2288.39
54  160  2025-06-10 20-55-49  198.4  14064.5  -14389.6  196.662  2286.33
55  160  2025-06-10 20-55-49  200  14072.2  -14386.1  196.748  2284.37
56  160  2025-06-10 20-55-49  201.6  14079.9  -14382.6  196.835  2282.51
57  160  2025-06-10 20-55-49  203.2  14087.7  -14379.1  196.921  2280.74
58  160  2025-06-10 20-55-49  204.8  14095.4  -14375.5  197.007  2279.07
59  160  2025-06-10 20-55-49  206.4  14103.1  -14372  197.094  2277.49
60  160  2025-06-10 20-55-49  208  14110.9  -14368.4  197.18  2276
61  160  2025-06-10 20-55-49  209.6  14118.6  -14364.8  197.266  2274.6
62  160  2025-06-10 20-55-49  211.2  14126.4  -14361.2  197.353  2273.28
63  160  2025-06-10 20-55-49  212.8  14134.1  -14357.6  197.439  2272.03
64  160  2025-06-10 20-55-49  214.4  14141.8  -14354  197.525  2270.87
65  160  2025-06-10 20-55-49  216  14149.6  -14350.4  197.612  2269.78
66  160  2025-06-10 20-55-49  217.6  14157.4  -14346.7  197.698  2268.77
67  160  2025-06-10 20-55-49  219.2  14165.1  -14343.1  197.784  2267.82
68  160  2025-06-10 20-55-49  220.8  14172.9  -14339.4  197.871  2266.94
69  160  2025-06-10 20-55-49  222.4  14180.6  -14335.7  197.957  2266.13
70  160  2025-06-10 20-55-49  224  14188.4  -14332  198.043  2265.38
71  160  2025-06-10 20-55-49  225.6  14196.2  -14328.3  198.13  2264.7
72  160  2025-06-10 20-55-49  227.2  14204  -14324.6  198.216  2264.07
73  160  2025-06-10 20-55-49  228.8  14211.8  -14320.9  198.302  2263.5
74  160  2025-06-10 20-55-49  230.4  14219.6  -14317.2  198.389  2262.99
75  160  2025-06-10 20-55-49  232  14227.4  -14313.4  198.475  2262.53
76  160  2025-06-10 20-55-49  233.6  14235.2  -14309.7  198.561  2262.13
77  160  2025-06-10 20-55-49  235.2  14243  -14305.9  198.648  2261.77
78  160  2025-06-10 20-55-49  236.8  14250.8  -14302.2  198.734  2261.46
79  160  2025-06-10 20-55-49  238.4  14258.6  -14298.4  198.82  2261.2
80  160  2025-06-10 20-55-49  240  14266.4  -14294.6  198.907  2260.99
81  160  2025-06-10 20-55-49  241.6  14274.3  -14290.9  198.993  2260.81
82  160  2025-06-10 20-55-49  243.2  14282.1  -14287.1  199.079  2260.68
83  160  2025-06-10 20-55-49  244.8  14290  -14283.3  199.166  2260.59
84  160  2025-06-10 20-55-49  246.4  14297.8  -14279.5  199.252  2260.54
85  160  2025-06-10 20-55-49  248  14305.7  -14275.7  199.338  2260.53
86  160  2025-06-10 20-55-49  249.6  14313.6  -14271.9  199.425  2260.55
87  160  2025-06-10 20-55-49  251.2  14321.5  -14268.1  199.511  2260.61
88  160  2025-06-10 20-55-49  252.8  14329.4  -14264.3  199.597  2260.7
89  160  2025-06-10 20-55-49  254.4  14337.3  -14260.5  199.684  2260.83
90  160  2025-06-10 20-55-49  256  14345.2  -14256.7  199.77  2260.99
91  160  2025-06-10 20-55-49  257.6  14353.1  -14252.9  199.856  2261.17
92  160  2025-06-10 20-55-49  259.2  14361  -14249.1  199.943  2261.39
93  160  2025-06-10 20-55-49  260.8  14369  -14245.3  200.029  2261.63
94  160  2025-06-10 20-55-49  262.4  14376.9  -14241.5  200.115  2261.9
95  160  2025-06-10 20-55-49  264  14384.9  -14237.7  200.202  2262.19
96  160  2025-06-10 20-55-49  265.6  14392.8  -14233.9  200.288  2262.51
97  160  2025-06-10 20-55-49  267.2  14400.8  -14230.1  200.374  2262.86
98  160  2025-06-10 20-55-49  268.8  14408.8  -14226.2  200.461  2263.22
99  160  2025-06-10 20-55-49  270.4  14416.8  -14222.4  200.547  2263.61
100  160  2025-06-10 20-55-49  1392  14424.8  -14218.6  200.633  2264.02
101  160  2025-06-10 20-55-49  1393.6  14432.8  -14214.8  200.72  2264.45
102  160  2025-06-10 20-55-49  1395.2  14440.8  -14211  200.806  2264.9
103  160  2025-06-10 20-55-49  1396.8  14448.8  -14207.2  200.892  2265.36
104  160  2025-06-10 20-55-49  1398.4  14456.9  -14203.4  200.979  2265.85
105  160  2025-06-10 20-55-49  1400  14464.9  -14199.5  201.065  2266.35
106  160  2025-06-10 20-55-49  1401.6  14473  -14195.7  201.151  2266.87
107  160  2025-06-10 20-55-49  1403.2  14481  -14191.9  201.238  2267.4
108  160  2025-06-10 20-55-49  1404.8  14489.1  -14188.1  201.324  2267.94
109  160  2025-06-10 20-55-49  1406.4  14497.2  -14184.3  201.41  2268.5
110  160  2025-06-10 20-55-49  1408  14505.3  -14180.5  201.497  2269.08
111  160  2025-06-10 20-55-49  1409.6  14513.4  -14176.7  201.583  2269.66
112  160  2025-06-10 20-55-49  1411.2  14521.5  -14172.9  201.669  2270.26
113  160  2025-06-10 20-55-49  1412.8  14529.7  -14169.1  201.756  2270.87
114  160  2025-06-10 20-55-49  1414.4  14537.8  -14165.3  201.842  2271.49
115  160  2025-06-10 20-55-49  1416  14545.9  -14161.5  201.928  2272.12
116  160  2025-06-10 20-55-49  1417.6  14554.1  -14157.7  202.015  2272.76
117  160  2025-06-10 20-55-49  1419.2  14562.3  -14153.9  202.101  2273.41
118  160  2025-06-10 20-55-49  1420.8  14570.5  -14150.1  202.187  2274.07
119  160  2025-06-10 20-55-49  1422.4  14578.7  -14146.3  202.274  2274.73
120  160  2025-06-10 20-55-49  1424  14586.9  -14142.5  202.36  2275.41
121  160  2025-06-10 20-55-49  1425.6  14595.1  -14138.7  202.446  2276.09
122  160  2025-06-10 20-55-49  1427.2  14603.3  -14134.9  202.533  2276.77
123  160  2025-06-10 20-55-49  1428.8  14611.5  -14131.2  202.619  2277.47
124  160  2025-06-10 20-55-49  1430.4  14619.8  -14127.4  202.705  2278.17
125  160  2025-06-10 20-55-49  1432  14628  -14123.6  202.792  2278.87
126  160  2025-06-10 20-55-49  1433.6  14636.3  -14119.8  202.878  2279.58
127  160  2025-06-10 20-55-49  1435.2  14644.6  -14116.1  202.964  2280.3
128  160  2025-06-10 20-55-49  1436.8  14652.9  -14112.3  203.051  2281.02
129  160  2025-06-10 20-55-49  1438.4  14661.2  -14108.5  203.137  2281.74
130  160  2025-06-10 20-55-49  1440  14669.5  -14104.8  203.223  2282.46
131  160  2025-06-10 20-55-49  1441.6  14677.8  -14101  203.31  2283.19
132  160  2025-06-10 20-55-49  1443.2  14686.1  -14097.3  203.396  2283.93
133  160  2025-06-10 20-55-49  1444.8  14694.5  -14093.5  203.482  2284.66
134  160  2025-06-10 20-55-49  1446.4  14702.8  -14089.8  203.569  2285.4
135  160  2025-06-10 20-55-49  1448  14711.2  -14086  203.655  2286.14
136  160  2025-06-10 20-55-49  1449.6  14719.6  -14082.3  203.741  2286.88
137  160  2025-06-10 20-55-49  1451.2  14728  -14078.5  203.828  2287.63
138  160  2025-06-10 20-55-49  1452.8  14736.4  -14074.8  203.914  2288.37
139  160  2025-06-10 20-55-49  1454.4  14744.8  -14071.1  204  2289.12
140  160  2025-06-10 20-55-49  1456  14753.2  -14067.3  204.087  2289.86
141  160  2025-06-10 20-55-49  1457.6  14761.6  -14063.6  204.173  2290.61
142  160  2025-06-10 20-55-49  1459.2  14770.1  -14059.9  204.259  2291.36
143  160  2025-06-10 20-55-49  1460.8  14778.5  -14056.2  204.346  2292.11
144  160  2025-06-10 20-55-49  1462.4  14787  -14052.5  204.432  2292.85
145  160  2025-06-10 20-55-49  1464  14795.5  -14048.8  204.518  2293.6
146  160  2025-06-10 20-55-49  1465.6  14803.9  -14045  204.605  2294.35
147  160  2025-06-10 20-55-49  1467.2  14812.4  -14041.3  204.691  2295.09
148  160  2025-06-10 20-55-49  1468.8  14821  -14037.6  204.777  2295.84
149  160  2025-06-10 20-55-49  1470.4  14829.5  -14033.9  204.864  2296.58
150  160  2025-06-10 20-55-49  1472  14838  -2830.25  204.95  2297.33
151  160  2025-06-10 20-55-49  1473.6  14846.5  -2826.56  205.036  2298.07
152  160  2025-06-10 20-55-49  1475.2  14855.1  -2822.87  205.123  2298.81
153  160  2025-06-10 20-55-49  1476.8  14863.7  -2819.19  205.209  2299.55
154  160  2025-06-10 20-55-49  1478.4  14872.2  -2815.51  205.295  2300.29
155  160  2025-06-10 20-55-49  1480  14880.8  -2811.83  205.382  2301.03
156  160  2025-06-10 20-55-49  1481.6  14889.4  -2808.16  205.468  2301.76
157  160  2025-06-10 20-55-49  1483.2  14898  -2804.49  205.554  2302.49
158  160  2025-06-10 20-55-49  1484.8  14906.6  -2800.82  205.641  2303.22
159  160  2025-06-10 20-55-49  1486.4  14915.3  -2797.16  205.727  2303.95
160  160  2025-06-10 20-55-49  1488  14923.9  -2793.5  205.813  2304.68
161  160  2025-06-10 20-55-49  1489.6  14932.5  -2789.84  205.9  2305.4
162  160  2025-06-10 20-55-49  1491.2  14941.2  -2786.19  205.986  2306.12
163  160  2025-06-10 20-55-49  1492.8  14949.9  -2782.54  206.072  2306.84
164  160  2025-06-10 20-55-49  1494.4  14958.6  -2778.9  206.159  2307.55
165  160  2025-06-10 20-55-49  1496  14967.2  -2775.25  206.245  2308.27
166  160  2025-06-10 20-55-49  1497.6  14976  -2771.61  206.331  2308.98
167  160  2025-06-10 20-55-49  1499.2  14984.7  -2767.98  206.418  2309.68
168  160  2025-06-10 20-55-49  1500.8  14993.4  -2764.35  206.504  2310.39
169  160  2025-06-10 20-55-49  1502.4  15002.1  -2760.72  206.59  2311.09
170  160  2025-06-10 20-55-49  1504  15010.9  -2757.09  206.677  2311.78
171  160  2025-06-10 20-55-49  1505.6  15019.6  -2753.47  206.763  2312.48
172  160  2025-06-10 20-55-49  1507.2  15028.4  -2749.85  206.849  2313.17
173  160  2025-06-10 20-55-49  1508.8  15037.2  -2746.24  206.936  2313.86
174  160  2025-06-10 20-55-49  1510.4  15046  -2742.63  207.022  2314.54
175  160  2025-06-10 20-55-49  1512  15054.8  -2739.02  207.108  2315.22
176  160  2025-06-10 20-55-49  1513.6  15063.6  -2735.41  207.195  2315.9
177  160  2025-06-10 20-55-49  1515.2  15072.4  -2731.81  207.281  2316.58
178  160  2025-06-10 20-55-49  1516.8  15081.2  -2728.21  207.367  2317.25
179  160  2025-06-10 20-55-49  1518.4  15090.1  -2724.61  207.454  2317.92
180  160  2025-06-10 20-55-49  1520  15098.9  -2721.02  207.54  2318.58
181  160  2025-06-10 20-55-49  1521.6  15107.8  -2717.43  207.626  2319.24
182  160  2025-06-10 20-55-49  1523.2  15116.7  -2713.85  207.713  2319.9
183  160  2025-06-10 20-55-49  1524.8  15125.5  -2710.26  207.799  2320.55
184  160  2025-06-10 20-55-49  1526.4  15134.4  -2706.68  207.885  2321.2
185  160  2025-06-10 20-55-49  1528  15143.3  -2703.11  207.972  2321.85
186  160  2025-06-10 20-55-49  1529.6  15152.3  -2699.53  208.058  2322.49
187  160  2025-06-10 20-55-49  1531.2  15161.2  -2695.96  208.145  2323.13
188  160  2025-06-10 20-55-49  1532.8  15170.1  -2692.39  208.231  2323.76
189  160  2025-06-10 20-55-49  1534.4  15179.1  -2688.83  208.317  2324.4
190  160  2025-06-10 20-55-49  1536  15188  -2685.26  208.404  2325.02
191  160  2025-06-10 20-55-49  1537.6  15197  -2681.7  208.49  2325.65
192  160  2025-06-10 20-55-49  1539.2  15206  -2678.15  208.576  2326.27
193  160  2025-06-10 20-55-49  1540.8  15215  -2674.59  208.663  2326.89
194  160  2025-06-10 20-55-49  1542.4  15224  -2671.04  208.749  2327.5
195  160  2025-06-10 20-55-49  1544  15233  -2667.5  208.835  2328.11
196  160  2025-06-10 20-55-49  1545.6  15242  -2663.95  208.922  2328.71
197  160  2025-06-10 20-55-49  1547.2  15251  -2660.41  209.008  2329.32
198  160  2025-06-10 20-55-49  1548.8  15260.1  -2656.87  209.094  2329.91
199  160  2025-06-10 20-55-49  1550.4  15269.1  -2653.33  209.181  2330.51
200  160  2025-06-10 20-55-49  1552  15278.2  -2649.8  209.267  2331.1
201  160  2025-06-10 20-55-49  1553.6  15287.3  -2646.27  209.353  2331.69
202  160  2025-06-10 20-55-49  1555.2  15296.3  -2642.74  209.44  2332.27
203  160  2025-06-10 20-55-49  1556.8  15305.4  -2639.21  209.526  2332.85
204  160  2025-06-10 20-55-49  1558.4  15314.5  -2635.69  209.612  2333.43
205  160  2025-06-10 20-55-49  1560  15323.6  -2632.17  209.699  2334
206  160  2025-06-10 20-55-49  1561.6  15332.8  -2628.65  209.785  2334.57
207  160  2025-06-10 20-55-49  1563.2  15341.9  -2625.13  209.871  2335.13
208  160  2025-06-10 20-55-49  1564.8  15351  -2621.62  209.958  2335.69
209  160  2025-06-10 20-55-49  1566.4  15360.2  -2618.11  210.044  2336.25
210  160  2025-06-10 20-55-49  1568  15369.4  -2614.6  210.13  2336.81
211  160  2025-06-10 20-55-49  1569.6  15378.5  -2611.09  210.217  2337.36
212  160  2025-06-10 20-55-49  1571.2  15387.7  -2607.59  210.303  2337.9
213  160  2025-06-10 20-55-49  1572.8  15396.9  -2604.09  210.389  2338.45
214  160  2025-06-10 20-55-49  1574.4  15406.1  -2600.59  210.476  2338.99
215  160  2025-06-10 20-55-49  1576  15415.3  -2597.09  210.562  2339.53
216  160  2025-06-10 20-55-49  1577.6  15424.6  -2593.6  210.648  2340.06
217  160  2025-06-10 20-55-49  1579.2  15433.8  -2590.1  210.735  2340.59
218  160  2025-06-10 20-55-49  1580.8  15443  -2586.61  210.821  2341.12
219  160  2025-06-10 20-55-49  1582.4  15452.3  -2583.13  210.907  2341.64
220  160  2025-06-10 20-55-49  1584  15461.6  -2579.64  210.994  2342.16
221  160  2025-06-10 20-55-49  1585.6  15470.8  -2576.16  211.08  2342.68
222  160  2025-06-10 20-55-49  1587.2  15480.1  -2572.68  211.166  2343.19
223  160  2025-06-10 20-55-49  1588.8  15489.4  -2569.2  211.253  2343.7
224  160  2025-06-10 20-55-49  1590.4  15498.7  -2565.72  211.339  2344.2
225  160  2025-06-10 20-55-49  1592  15508  -2562.25  211.425  2344.71
226  160  2025-06-10 20-55-49  1593.6  15517.4  -2558.77  211.512  2345.21
227  160  2025-06-10 20-55-49  1595.2  15526.7  -2555.3  211.598  2345.7
228  160  2025-06-10 20-55-49  1596.8  15536  -2551.83  211.684  2346.2
229  160  2025-06-10 20-55-49  1598.4  15545.4  -2548.37  211.771  2346.69
230  160  2025-06-10 20-55-49  1600  15554.8  -2544.9  211.857  2347.18
231  160  2025-06-10 20-55-49  1601.6  15564.1  -2541.44  211.943  2347.66
232  160  2025-06-10 20-55-49  1603.2  15573.5  -2537.98  212.03  2348.14
233  160  2025-06-10 20-55-49  1604.8  15582.9  -2534.52  212.116  2348.62
234  160  2025-06-10 20-55-49  1606.4  15592.3  -2531.06  212.202  2349.09
235  160  2025-06-10 20-55-49  1608  15601.7  -2527.61  212.289  2349.57
236  160  2025-06-10 20-55-49  1609.6  15611.2  -2524.16  212.375  2350.03
237  160  2025-06-10 20-55-49  1611.2  15620.6  -2520.7  212.461  2350.5
238  160  2025-06-10 20-55-49  1612.8  15630  -2517.25  212.548  2350.96
239  160  2025-06-10 20-55-49  1614.4  15639.5  -2513.81  212.634  2351.42
240  160  2025-06-10 20-55-49  1616  15649  -2510.36  212.72  2351.88
241  160  2025-06-10 20-55-49  1617.6  15658.4  -2506.92  212.807  2352.33
242  160  2025-06-10 20-55-49  1619.2  15667.9  -2503.47  212.893  2352.79
243  160  2025-06-10 20-55-49  1620.8  15677.4  -2500.03  212.979  2353.23
244  160  2025-06-10 20-55-49  1622.4  15686.9  -2496.59  213.066  2353.68
245  160  2025-06-10 20-55-49  1624  15696.4  -2493.16  213.152  2354.12
246  160  2025-06-10 20-55-49  1625.6  15706  -2489.72  213.238  2354.56
247  160  2025-06-10 20-55-49  1627.2  15715.5  -2486.29  213.325  2355
248  160  2025-06-10 20-55-49  1628.8  15725  -2482.85  213.411  2355.44
249  160  2025-06-10 20-55-49  1630.4  15734.6  -2479.42  213.497  2355.87
250  160  2025-06-10 20-55-49  1632  15744.1  -2475.99  213.584  2356.3
251  160  2025-06-10 20-55-49  1633.6  15753.7  -2472.56  213.67  2356.72
252  160  2025-06-10 20-55-49  1635.2  15763.3  -2469.14  213.756  2357.15
253  160  2025-06-10 20-55-49  1636.8  15772.9  -2465.71  213.843  2357.57
254  160  2025-06-10 20-55-49  1638.4  15782.5  -2462.29  213.929  2357.99
255  160  2025-06-10 20-55-49  1640  15792.1  -2458.87  214.015  2358.41
256  160  2025-06-10 20-55-49  1641.6  15801.7  -2455.45  214.102  2358.82
257  160  2025-06-10 20-55-49  1643.2  15811.4  -2452.03  214.188  2359.23
258  160  2025-06-10 20-55-49  1644.8  15821  -2448.61  214.274  2359.64
259  160  2025-06-10 20-55-49  1646.4  15830.6  -2445.19  214.361  2360.05
260  160  2025-06-10 20-55-49  1648  15840.3  -2441.78  214.447  2360.45
261  160  2025-06-10 20-55-49  1649.6  15850  -2438.36  214.533  2360.86
262  160  2025-06-10 20-55-49  1651.2  15859.6  -2434.95  214.62  2361.26
263  160  2025-06-10 20-55-49  1652.8  15869.3  -2431.54  214.706  2361.65
264  160  2025-06-10 20-55-49  1654.4  15879  -2428.13  214.792  2362.05
265  160  2025-06-10 20-55-49  1656  15888.7  -2424.72  214.879  2362.44
266  160  2025-06-10 20-55-49  1657.6  15898.5  -2421.32  214.965  2362.83
267  160  2025-06-10 20-55-49  1659.2  15908.2  -2417.91  215.051  2363.22
268  160  2025-06-10 20-55-49  1660.8  15917.9  -2414.51  215.138  2363.61
269  160  2025-06-10 20-55-49  1662.4  15927.7  -2411.1  215.224  2363.99
270  160  2025-06-10 20-55-49  1664  15937.4  -2407.7  215.31  2364.38
271  160  2025-06-10 20-55-49  1665.6  15947.2  -2404.3  215.397  2364.76
272  160  2025-06-10 20-55-49  1667.2  15957  -2400.9  215.483  2365.13
273  160  2025-06-10 20-55-49  1668.8  15966.7  -2397.5  215.569  2365.51
274  160  2025-06-10 20-55-49  1670.4  15976.5  -2394.1  215.656  2365.88
275  160  2025-06-10 20-55-49  1672  15986.3  -2390.71  215.742  2366.25
276  160  2025-06-10 20-55-49  1673.6  15996.1  -2387.31  215.828  2366.62
277  160  2025-06-10 20-55-49  1675.2  16006  -2383.92  215.915  2366.99
278  160  2025-06-10 20-55-49  1676.8  16015.8  -2380.53  216.001  2367.36
279  160  2025-06-10 20-55-49  1678.4  16025.6  -2377.14  216.087  2367.72
280  160  2025-06-10 20-55-49  1680  16035.5  -2373.74  216.174  2368.08
281  160  2025-06-10 20-55-49  1681.6  16045.3  -2370.35  216.26  2368.44
282  160  2025-06-10 20-55-49  1683.2  16055.2  -2366.97  216.346  2368.8
283  160  2025-06-10 20-55-49  1684.8  16065.1  -2363.58  216.433  2369.16
284  160  2025-06-10 20-55-49  1686.4  16075  -2360.19  216.519  2369.51
285  160  2025-06-10 20-55-49  1688  16084.9  -2356.81  216.605  2369.87
286  160  2025-06-10 20-55-49  1689.6  16094.8  -2353.42  216.692  2370.22
287  160  2025-06-10 20-55-49  1691.2  16104.7  -2350.04  216.778  2370.57
288  160  2025-06-10 20-55-49  1692.8  16114.6  -2346.66  216.864  2370.91
289  160  2025-06-10 20-55-49  1694.4  16124.6  -2343.28  216.951  2371.26
290  160  2025-06-10 20-55-49  1696  16134.5  -2339.89  217.037  2371.6
291  160  2025-06-10 20-55-49  1697.6  16144.5  -2336.51  217.123  2371.95
292  160  2025-06-10 20-55-49  1699.2  16154.4  -2333.14  217.21  2372.29
293  160  2025-06-10 20-55-49  1700.8  16164.4  -2329.76  217.296  2372.63
294  160  2025-06-10 20-55-49  1702.4  16174.4  -2326.38  217.382  2372.96
295  160  2025-06-10 20-55-49  1704  16184.4  -2323.01  217.469  2373.3
296  160  2025-06-10 20-55-49  1705.6  16194.4  -2319.63  217.555  2373.63
297  160  2025-06-10 20-55-49  1707.2  16204.4  -2316.26  217.641  2373.97
298  160  2025-06-10 20-55-49  1708.8  16214.4  -2312.88  217.728  2374.3
299  160  2025-06-10 20-55-49  1710.4  16224.4  -2309.51  217.814  2374.63
300  160  2025-06-10 20-55-49  1712  16234.5  -2306.14  217.9  2374.96
301  160  2025-06-10 20-55-49  1713.6  16244.5  -2302.77  217.987  2375.28
302  160  2025-06-10 20-55-49  1715.2  16254.6  -2299.4  218.073  2375.61
303  160  2025-06-10 20-55-49  1716.8  16264.7  -2296.03  218.159  2375.93
304  160  2025-06-10 20-55-49  1718.4  16274.7  -2292.66  218.246  2376.25
305  160  2025-06-10 20-55-49  1720  16284.8  -2289.29  218.332  2376.58
306  160  2025-06-10 20-55-49  1721.6  16294.9  -2285.93  218.418  2376.9
307  160  2025-06-10 20-55-49  1723.2  16305  -2282.56  218.505  2377.21
308  160  2025-06-10 20-55-49  1724.8  16315.1  -2279.19  218.591  2377.53
309  160  2025-06-10 20-55-49  1726.4  16325.2  -2275.83  218.677  2377.85
310  160  2025-06-10 20-55-49  1728  16335.4  -2272.47  218.764  2378.16
311  160  2025-06-10 20-55-49  1729.6  16345.5  -2269.1  218.85  2378.47
312  160  2025-06-10 20-55-49  1731.2  16355.7  -2265.74  218.936  2378.78
313  160  2025-06-10 20-55-49  1732.8  16365.8  -2262.38  219.023  2379.09
314  160  2025-06-10 20-55-49  1734.4  16376  -2259.02  219.109  2379.4
315  160  2025-06-10 20-55-49  1736  16386.2  -2255.66  219.195  2379.71
316  160  2025-06-10 20-55-49  1737.6  16396.4  -2252.3  219.282  2380.02
317  160  2025-06-10 20-55-49  1739.2  16406.6  -2248.94  219.368  2380.32
318  160  2025-06-10 20-55-49  1740.8  16416.8  -2245.58  219.454  2380.63
319  160  2025-06-10 20-55-49  1742.4  16427  -2242.22  219.541  2380.93
320  160  2025-06-10 20-55-49  1744  16437.2  -2238.87  219.627  2381.23
321  160  2025-06-10 20-55-49  1745.6  16447.5  -2235.51  219.713  2381.53
322  160  2025-06-10 20-55-49  1747.2  16457.7  -2232.16  219.8  2381.83
323  160  2025-06-10 20-55-49  1748.8  16468  -2228.8  219.886  2382.13
324  160  2025-06-10 20-55-49  1750.4  16478.2  -2225.45  219.972  2382.43
325  160  2025-06-10 20-55-49  1752  16488.5  -2222.09  220.059  2382.72
326  160  2025-06-10 20-55-49  1753.6  16498.8  -2218.74  220.145  2383.02
327  160  2025-06-10 20-55-49  1755.2  16509.1  -2215.39  220.231  2383.31
328  160  2025-06-10 20-55-49  1756.8  16519.4  -2212.04  220.318  2383.6
329  160  2025-06-10 20-55-49  1758.4  16529.7  -2208.68  220.404  2383.89
330  160  2025-06-10 20-55-49  1760  16540  -2205.33  220.49  2384.18
331  160  2025-06-10 20-55-49  1761.6  16550.3  -2201.98  220.577  2384.47
332  160  2025-06-10 20-55-49  1763.2  16560.7  -2198.64  220.663  2384.76
333  160  2025-06-10 20-55-49  1764.8  16571  -2195.29  220.749  2385.05
334  160  2025-06-10 20-55-49  1766.4  16581.4  -2191.94  220.836  2385.34
335  160  2025-06-10 20-55-49  1768  16591.7  -2188.59  220.922  2385.62
336  160  2025-06-10 20-55-49  1769.6  16602.1  -2185.24  221.008  2385.91
337  160  2025-06-10 20-55-49  1771.2  16612.5  -2181.9  221.095  2386.19
338  160  2025-06-10 20-55-49  1772.8  16622.9  -2178.55  221.181  2386.47
339  160  2025-06-10 20-55-49  1774.4  16633.3  -2175.21  221.267  2386.75
340  160  2025-06-10 20-55-49  1776  16643.7  -2171.86  221.354  2387.03
341  160  2025-06-10 20-55-49  1777.6  16654.1  -2168.52  221.44  2387.31
342  160  2025-06-10 20-55-49  1779.2  16664.5  -2165.17  221.526  2387.59
343  160  2025-06-10 20-55-49  1780.8  16675  -2161.83  221.613  2387.87
344  160  2025-06-10 20-55-49  1782.4  16685.4  -2158.49  221.699  2388.15
345  160  2025-06-10 20-55-49  1784  16695.9  -2155.15  221.785  2388.42
346  160  2025-06-10 20-55-49  1785.6  16706.3  -2151.8  221.872  2388.7
347  160  2025-06-10 20-55-49  1787.2  16716.8  -2148.46  221.958  2388.97
348  160  2025-06-10 20-55-49  1788.8  16727.3  -2145.12  222.044  2389.25
349  160  2025-06-10 20-55-49  1790.4  16737.8  -2141.78  222.131  2389.52
350  160  2025-06-10 20-55-49  1792  16748.3  -2138.44  222.217  2389.79
351  160  2025-06-10 20-55-49  1793.6  16758.8  -2135.1  222.303  2390.06
352  160  2025-06-10 20-55-49  1795.2  16769.3  -2131.76  222.39  2390.33
353  160  2025-06-10 20-55-49  1796.8  16779.9  -2128.43  222.476  2390.6
354  160  2025-06-10 20-55-49  1798.4  16790.4  -2125.09  222.562  2390.87
355  160  2025-06-10 20-55-49  1800  16801  -2121.75  222.649  2391.14
356  160  2025-06-10 20-55-49  1801.6  16811.5  -2118.42  222.735  2391.41
357  160  2025-06-10 20-55-49  1803.2  16822.1  -2115.08  222.821  2391.67
358  160  2025-06-10 20-55-49  1804.8  16832.7  -2111.74  222.908  2391.94
359  160  2025-06-10 20-55-49  1806.4  16843.3  -2108.41  222.994  2392.2
360  160  2025-06-10 20-55-49  1808  16853.8  -2105.07  223.08  2392.47
361  160  2025-06-10 20-55-49  1809.6  16864.5  -2101.74  223.167  2392.73
362  160  2025-06-10 20-55-49  1811.2  16875.1  -2098.4  223.253  2392.99
363  160  2025-06-10 20-55-49  1812.8  16885.7  -2095.07  223.339  2393.26
364  160  2025-06-10 20-55-49  1814.4  16896.3  -2091.74  223.426  2393.52
365  160  2025-06-10 20-55-49  1816  16907  -2088.41  223.512  2393.78
366  160  2025-06-10 20-55-49  1817.6  16917.6  -2085.07  223.598  2394.04
367  160  2025-06-10 20-55-49  1819.2  16928.3  -2081.74  223.685  2394.3
368  160  2025-06-10 20-55-49  1820.8  16938.9  -2078.41  223.771  2394.56
369  160  2025-06-10 20-55-49  1822.4  16949.6  -2075.08  223.857  2394.81
370  160  2025-06-10 20-55-49  1824  16960.3  -2071.75  223.944  2395.07
371  160  2025-06-10 20-55-49  1825.6  16971  -2068.42  224.03  2395.33
372  160  2025-06-10 20-55-49  1827.2  16981.7  -2065.09  224.116  2395.58
373  160  2025-06-10 20-55-49  1828.8  16992.4  -2061.76  224.203  2395.84
374  160  2025-06-10 20-55-49  1830.4  17003.2  -2058.43  224.289  2396.09
375  160  2025-06-10 20-55-49  1832  17013.9  -2055.1  224.375  2396.35
376  160  2025-06-10 20-55-49  1833.6  17024.6  -2051.78  224.462  2396.6
377  160  2025-06-10 20-55-49  1835.2  17035.4  -2048.45  224.548  2396.85
378  160  2025-06-10 20-55-49  1836.8  17046.1  -2045.12  224.634  2397.11
379  160  2025-06-10 20-55-49  1838.4  17056.9  -2041.79  224.721  2397.36
380  160  2025-06-10 20-55-49  1840  17067.7  -2038.47  224.807  2397.61
381  160  2025-06-10 20-55-49  1841.6  17078.5  -2035.14  224.893  2397.86
382  160  2025-06-10 20-55-49  1843.2  17089.3  -2031.82  224.98  2398.11
383  160  2025-06-10 20-55-49  1844.8  17100.1  -2028.49  225.066  2398.36
384  160  2025-06-10 20-55-49  1846.4  17110.9  -2025.17  225.152  2398.61
385  160  2025-06-10 20-55-49  1848  17121.7  -2021.84  225.239  2398.86
386  160  2025-06-10 20-55-49  1849.6  17132.6  -2018.52  225.325  2399.11
387  160  2025-06-10 20-55-49  1851.2  17143.4  -2015.2  225.411  2399.35
388  160  2025-06-10 20-55-49  1852.8  17154.3  -2011.87  225.498  2399.6
389  160  2025-06-10 20-55-49  1854.4  17165.1  -2008.55  225.584  2399.85
390  160  2025-06-10 20-55-49  1856  17176  -2005.23  225.67  2400.09
391  160  2025-06-10 20-55-49  1857.6  17186.9  -2001.9  225.757  2400.34
392  160  2025-06-10 20-55-49  1859.2  17197.8  -1998.58  225.843  2400.58
393  160  2025-06-10 20-55-49  1860.8  17208.7  -1995.26  225.929  2400.83
394  160  2025-06-10 20-55-49  1862.4  17219.6  -1991.94  226.016  2401.07
395  160  2025-06-10 20-55-49  1864  17230.5  -1988.62  226.102  2401.31
396  160  2025-06-10 20-55-49  1865.6  17241.4  -1985.3  226.188  2401.56
397  160  2025-06-10 20-55-49  1867.2  17252.3  -1981.98  226.275  2401.8
398  160  2025-06-10 20-55-49  1868.8  17263.3  -1978.66  226.361  2402.04
399  160  2025-06-10 20-55-49  1870.4  17274.2  -1975.34  226.447  2402.28
400  160  2025-06-10 20-55-49  1872  17285.2  -1972.02  226.534  2402.52
401  160  2025-06-10 20-55-49  1873.6  17296.2  -1968.71  226.62  2402.76
402  160  2025-06-10 20-55-49  1875.2  17307.1  -1965.39  226.706  2403
403  160  2025-06-10 20-55-49  1876.8  17318.1  -1962.07  226.793  2403.24
404  160  2025-06-10 20-55-49  1878.4  17329.1  -1958.75  226.879  2403.48
405  160  2025-06-10 20-55-49  1880  17340.1  -1955.44  226.965  2403.72
406  160  2025-06-10 20-55-49  1881.6  17351.2  -1952.12  227.052  2403.96
407  160  2025-06-10 20-55-49  1883.2  17362.2  -1948.81  227.138  2404.19
408  160  2025-06-10 20-55-49  1884.8  17373.2  -1945.49  227.224  2404.43
409  160  2025-06-10 20-55-49  1886.4  17384.3  -1942.18  227.311  2404.67
410  160  2025-06-10 20-55-49  1888  17395.3  -1938.86  227.397  2404.9
411  160  2025-06-10 20-55-49  1889.6  17406.4  -1935.55  227.483  2405.14
412  160  2025-06-10 20-55-49  1891.2  17417.5  -1932.23  227.57  2405.38
413  160  2025-06-10 20-55-49  1892.8  17428.5  -1928.92  227.656  2405.61
414  160  2025-06-10 20-55-49  1894.4  17439.6  -1925.6  227.742  2405.85
415  160  2025-06-10 20-55-49  1896  17450.7  -1922.29  227.829  2406.08
416  160  2025-06-10 20-55-49  1897.6  17461.8  -1918.98  227.915  2406.31
417  160  2025-06-10 20-55-49  1899.2  17472.9  -1915.67  228.001  2406.55
418  160  2025-06-10 20-55-49  1900.8  17484.1  -1912.36  228.088  2406.78
419  160  2025-06-10 20-55-49  1902.4  17495.2  -1909.04  228.174  2407.01
420  160  2025-06-10 20-55-49  1904  17506.4  -1905.73  228.26  2407.25
421  160  2025-06-10 20-55-49  1905.6  17517.5  -1902.42  228.347  2407.48
422  160  2025-06-10 20-55-49  1907.2  17528.7  -1899.11  228.433  2407.71
423  160  2025-06-10 20-55-49  1908.8  17539.8  -1895.8  228.519  2407.94
424  160  2025-06-10 20-55-49  1910.4  17551  -1892.49  228.606  2408.17
425  160  2025-06-10 20-55-49  1912  17562.2  -1889.18  228.692  2408.4
426  160  2025-06-10 20-55-49  1913.6  17573.4  -1885.87  228.778  2408.63
427  160  2025-06-10 20-55-49  1915.2  17584.6  -1882.56  228.865  2408.86
428  160  2025-06-10 20-55-49  1916.8  17595.8  -1879.26  228.951  2409.09
429  160  2025-06-10 20-55-49  1918.4  17607.1  -1875.95  229.037  2409.32
430  160  2025-06-10 20-55-49  1920  17618.3  -1872.64  229.124  2409.55
431  160  2025-06-10 20-55-49  1921.6  17629.5  -1869.33  229.21  2409.78
432  160  2025-06-10 20-55-49  1923.2  17640.8  -1866.03  229.296  2410
433  160  2025-06-10 20-55-49  1924.8  17652.1  -1862.72  229.383  2410.23
434  160  2025-06-10 20-55-49  1926.4  17663.3  -1859.41  229.469  2410.46
435  160  2025-06-10 20-55-49  1928  17674.6  -1856.11  229.555  2410.69
436  160  2025-06-10 20-55-49  1929.6  17685.9  -1852.8  229.642  2410.91
437  160  2025-06-10 20-55-49  1931.2  17697.2  -1849.5  229.728  2411.14
438  160  2025-06-10 20-55-49  1932.8  17708.5  -1846.19  229.814  2411.37
439  160  2025-06-10 20-55-49  1934.4  17719.8  -1842.89  229.901  2411.59
440  160  2025-06-10 20-55-49  1936  17731.2  -1839.59  229.987  2411.82
441  160  2025-06-10 20-55-49  1937.6  17742.5  -1836.28  230.073  2412.04
442  160  2025-06-10 20-55-49  1939.2  17753.8  -1832.98  230.16  2412.27
443  160  2025-06-10 20-55-49  1940.8  17765.2  -1829.68  230.246  2412.49
444  160  2025-06-10 20-55-49  1942.4  17776.6  -1826.37  230.332  2412.71
445  160  2025-06-10 20-55-49  1944  17787.9  -1823.07  230.419  2412.94
446  160  2025-06-10 20-55-49  1945.6  17799.3  -1819.77  230.505  2413.16
447  160  2025-06-10 20-55-49  1947.2  17810.7  -1816.47  230.591  2413.38
448  160  2025-06-10 20-55-49  1948.8  17822.1  -1813.17  230.678  2413.61
449  160  2025-06-10 20-55-49  1950.4  17833.5  -1809.87  230.764  2413.83
450  160  2025-06-10 20-55-49  1952  17844.9  -1806.57  230.85  2414.05
451  160  2025-06-10 20-55-49  1953.6  17856.4  -1803.27  230.937  2414.27
452  160  2025-06-10 20-55-49  1955.2  17867.8  -1799.97  231.023  2414.5
453  160  2025-06-10 20-55-49  1956.8  17879.2  -1796.67  231.109  2414.72
454  160  2025-06-10 20-55-49  1958.4  17890.7  -1793.37  231.196  2414.94
455  160  2025-06-10 20-55-49  1960  17902.1  -1790.07  231.282  2415.16
456  160  2025-06-10 20-55-49  1961.6  17913.6  -1786.77  231.368  2415.38
457  160  2025-06-10 20-55-49  1963.2  17925.1  -1783.48  231.455  2415.6
458  160  2025-06-10 20-55-49  1964.8  17936.6  -1780.18  231.541  2415.82
459  160  2025-06-10 20-55-49  1966.4  17948.1  -1776.88  231.627  2416.04
460  160  2025-06-10 20-55-49  1968  17959.6  -1773.58  231.714  2416.26
461  160  2025-06-10 20-55-49  1969.6  17971.1  -1770.29  231.8  2416.48
462  160  2025-06-10 20-55-49  1971.2  17982.6  -1766.99  231.886  2416.7
463  160  2025-06-10 20-55-49  1972.8  17994.2  -1763.7  231.973  2416.91
464  160  2025-06-10 20-55-49  1974.4  18005.7  -1760.4  232.059  2417.13
465  160  2025-06-10 20-55-49  1976  18017.3  -1757.11  232.145  2417.35
466  160  2025-06-10 20-55-49  1977.6  18028.8  -1753.81  232.232  2417.57
467  160  2025-06-10 20-55-49  1979.2  18040.4  -1750.52  232.318  2417.79
468  160  2025-06-10 20-55-49  1980.8  18052  -1747.23  232.404  2418
469  160  2025-06-10 20-55-49  1982.4  18063.6  -1743.93  232.491  2418.22
470  160  2025-06-10 20-55-49  1984  18075.2  -1740.64  232.577  2418.44
471  160  2025-06-10 20-55-49  1985.6  18086.8  -1737.35  232.663  2418.65
472  160  2025-06-10 20-55-49  1987.2  18098.4  -1734.06  232.75  2418.87
473  160  2025-06-10 20-55-49  1988.8  18110  -1730.76  232.836  2419.09
474  160  2025-06-10 20-55-49  1990.4  18121.7  -1727.47  232.922  2419.3
475  160  2025-06-10 20-55-49  1992  18133.3  -1724.18  233.009  2419.52
476  160  2025-06-10 20-55-49  1993.6  18145  -1720.89  233.095  2419.73
477  160  2025-06-10 20-55-49  1995.2  18156.6  -1717.6  233.181  2419.95
478  160  2025-06-10 20-55-49  1996.8  18168.3  -1714.31  233.268  2420.16
479  160  2025-06-10 20-55-49  1998.4  18180  -1711.02  233.354  2420.38
480  160  2025-06-10 20-55-49  2000  18191.7  -1707.73  233.44  2420.59
481  160  2025-06-10 20-55-49  2001.6  18203.4  -1704.45  233.527  2420.8
482  160  2025-06-10 20-55-49  2003.2  18215.1  -1701.16  233.613  2421.02
483  160  2025-06-10 20-55-49  2004.8  18226.8  -1697.87  233.699  2421.23
484  160  2025-06-10 20-55-49  2006.4  18238.5  -1694.58  233.786  2421.44
485  160  2025-06-10 20-55-49  2008  18250.3  -1691.3  233.872  2421.66
486  160  2025-06-10 20-55-49  2009.6  18262  -1688.01  233.958  2421.87
487  160  2025-06-10 20-55-49  2011.2  18273.8  -1684.72  234.045  2422.08
488  160  2025-06-10 20-55-49  2012.8  18285.5  -1681.44  234.131  2422.29
489  160  2025-06-10 20-55-49  2014.4  18297.3  -1678.15  234.217  2422.51
490  160  2025-06-10 20-55-49  2016  18309.1  -1674.87  234.304  2422.72
491  160  2025-06-10 20-55-49  2017.6  18320.9  -1671.58  234.39  2422.93
492  160  2025-06-10 20-55-49  2019.2  18332.7  -1668.3  234.476  2423.14
493  160  2025-06-10 20-55-49  2020.8  18344.5  -1665.01  234.563  2423.35
494  160  2025-06-10 20-55-49  2022.4  18356.3  -1661.73  234.649  2423.56
495  160  2025-06-10 20-55-49  2024  18368.1  -1658.45  234.735  2423.77
496  160  2025-06-10 20-55-49  2025.6  18380  -1655.17  234.822  2423.98
497  160  2025-06-10 20-55-49  2027.2  18391.8  -1651.88  234.908  2424.19
498  160  2025-06-10 20-55-49  2028.8  18403.7  -1648.6  234.994  2424.4
499  160  2025-06-10 20-55-49  2030.4  18415.5  -1645.32  235.081  2424.61
500  160  2025-06-10 20-55-49  2032  18427.4  -1642.04  235.167  2424.82
501  160  2025-06-10 20-55-49  2033.6  18439.3  -1638.76  235.253  2425.03
502  160  2025-06-10 20-55-49  2035.2  18451.2  -1635.48  235.34  2425.26
503  160  2025-06-10 20-55-49  2036.8  18463.1  -1632.2  235.426  2425.48
504  160  2025-06-10 20-55-49  2038.4  18475  -1628.92  235.512  2425.7
505  160  2025-06-10 20-55-49  2040  18486.9  -1625.64  235.599  2425.93
