SN    USVID    CurTime    simTime    CurX    CurY    CurVel      CurYaw   
0  176  2025-06-08 18-09-50  0  16040  14512  192  2672
1  176  2025-06-08 18-09-50  1.6  16048  14511.9  192.086  2687.44
2  176  2025-06-08 18-09-50  3.2  16056  14511.6  192.173  2702.17
3  176  2025-06-08 18-09-50  4.8  16064  14511.2  192.259  2716.22
4  176  2025-06-08 18-09-50  6.4  16072.1  14510.7  192.345  2729.62
5  176  2025-06-08 18-09-50  8  16080.1  14510.1  192.432  2742.39
6  176  2025-06-08 18-09-50  9.6  16088.1  14509.4  192.518  2754.56
7  176  2025-06-08 18-09-50  11.2  16096.1  14508.5  192.604  2766.16
8  176  2025-06-08 18-09-50  12.8  16104.1  14507.6  192.691  2777.21
9  176  2025-06-08 18-09-50  14.4  16112.1  14506.6  192.777  2787.74
10  176  2025-06-08 18-09-50  128  16120.2  14505.5  192.863  2797.77
11  176  2025-06-08 18-09-50  129.6  16128.2  14504.3  192.95  2807.32
12  176  2025-06-08 18-09-50  131.2  16136.2  14503  193.036  2816.4
13  176  2025-06-08 18-09-50  132.8  16144.2  14501.7  193.122  2825.05
14  176  2025-06-08 18-09-50  134.4  16152.2  14500.3  193.209  14033.3
15  176  2025-06-08 18-09-50  136  16160.1  14498.8  193.295  14041.1
16  176  2025-06-08 18-09-50  137.6  16168.1  14497.2  193.381  14048.5
17  176  2025-06-08 18-09-50  139.2  16176.1  14495.6  193.468  14055.6
18  176  2025-06-08 18-09-50  140.8  16184.1  14493.9  193.554  14062.3
19  176  2025-06-08 18-09-50  142.4  16192.1  14492.2  193.64  14068.7
20  176  2025-06-08 18-09-50  144  16200.1  14490.4  193.727  14074.8
21  176  2025-06-08 18-09-50  145.6  16208  14488.5  193.813  14080.5
22  176  2025-06-08 18-09-50  147.2  16216  14486.6  193.899  14086
23  176  2025-06-08 18-09-50  148.8  16224  14484.7  193.986  14091.2
24  176  2025-06-08 18-09-50  150.4  16231.9  14482.7  194.072  14096.1
25  176  2025-06-08 18-09-50  152  16239.9  14480.7  194.158  14100.7
26  176  2025-06-08 18-09-50  153.6  16247.8  14478.6  194.245  14105.1
27  176  2025-06-08 18-09-50  155.2  16255.8  14476.5  194.331  14109.3
28  176  2025-06-08 18-09-50  156.8  16263.8  14474.4  194.417  14113.2
29  176  2025-06-08 18-09-50  158.4  16271.7  14472.2  194.504  14116.9
30  176  2025-06-08 18-09-50  160  16279.7  14470  194.59  14120.5
31  176  2025-06-08 18-09-50  161.6  16287.6  14467.7  194.676  14123.8
32  176  2025-06-08 18-09-50  163.2  16295.6  14465.5  194.763  14126.9
33  176  2025-06-08 18-09-50  164.8  16303.5  14463.2  194.849  14129.9
34  176  2025-06-08 18-09-50  166.4  16311.5  14460.8  194.935  14132.6
35  176  2025-06-08 18-09-50  168  16319.5  14458.5  195.022  14135.2
36  176  2025-06-08 18-09-50  169.6  16327.4  14456.1  195.108  14137.7
37  176  2025-06-08 18-09-50  171.2  16335.4  14453.7  195.194  14140
38  176  2025-06-08 18-09-50  172.8  16343.4  14451.3  195.281  14142.2
39  176  2025-06-08 18-09-50  174.4  16351.3  14448.9  195.367  14144.2
40  176  2025-06-08 18-09-50  176  16359.3  14446.4  195.453  14146.1
41  176  2025-06-08 18-09-50  177.6  16367.3  14443.9  195.54  14147.9
42  176  2025-06-08 18-09-50  179.2  16375.3  14441.4  195.626  14149.5
43  176  2025-06-08 18-09-50  180.8  16383.3  14438.9  195.712  14151.1
44  176  2025-06-08 18-09-50  182.4  16391.3  14436.4  195.799  14152.5
45  176  2025-06-08 18-09-50  184  16399.2  14433.9  195.885  14153.8
46  176  2025-06-08 18-09-50  185.6  16407.2  14431.3  195.971  14155.1
47  176  2025-06-08 18-09-50  187.2  16415.3  14428.7  196.058  14156.2
48  176  2025-06-08 18-09-50  188.8  16423.3  14426.2  196.144  14157.3
49  176  2025-06-08 18-09-50  190.4  16431.3  14423.6  196.23  14158.2
50  176  2025-06-08 18-09-50  192  16439.3  14421  196.317  14159.1
51  176  2025-06-08 18-09-50  193.6  16447.3  14418.4  196.403  14159.9
52  176  2025-06-08 18-09-50  195.2  16455.4  14415.8  196.489  14160.6
53  176  2025-06-08 18-09-50  196.8  16463.4  14413.1  196.576  14161.3
54  176  2025-06-08 18-09-50  198.4  16471.4  14410.5  196.662  14161.9
55  176  2025-06-08 18-09-50  200  16479.5  14407.9  196.748  14162.4
56  176  2025-06-08 18-09-50  201.6  16487.6  14405.2  196.835  14162.9
57  176  2025-06-08 18-09-50  203.2  16495.6  14402.6  196.921  14163.3
58  176  2025-06-08 18-09-50  204.8  16503.7  14399.9  197.007  14163.6
59  176  2025-06-08 18-09-50  206.4  16511.8  14397.2  197.094  14163.9
60  176  2025-06-08 18-09-50  208  16519.9  14394.6  197.18  14164.2
61  176  2025-06-08 18-09-50  209.6  16528  14391.9  197.266  14164.4
62  176  2025-06-08 18-09-50  211.2  16536.1  14389.2  197.353  14164.5
63  176  2025-06-08 18-09-50  212.8  16544.2  14386.5  197.439  14164.6
64  176  2025-06-08 18-09-50  214.4  16552.3  14383.8  197.525  14164.7
65  176  2025-06-08 18-09-50  216  16560.4  14381.2  197.612  14164.7
66  176  2025-06-08 18-09-50  217.6  16568.6  14378.5  197.698  14164.7
67  176  2025-06-08 18-09-50  219.2  16576.7  14375.8  197.784  14164.7
68  176  2025-06-08 18-09-50  220.8  16584.9  14373.1  197.871  14164.6
69  176  2025-06-08 18-09-50  222.4  16593  14370.4  197.957  14164.5
70  176  2025-06-08 18-09-50  224  16601.2  14367.7  198.043  14164.4
71  176  2025-06-08 18-09-50  225.6  16609.4  14365  198.13  14164.2
72  176  2025-06-08 18-09-50  227.2  16617.6  14362.3  198.216  14164
73  176  2025-06-08 18-09-50  228.8  16625.8  14359.6  198.302  14163.8
74  176  2025-06-08 18-09-50  230.4  16634  14356.9  198.389  14163.5
75  176  2025-06-08 18-09-50  232  16642.2  14354.2  198.475  14163.3
76  176  2025-06-08 18-09-50  233.6  16650.4  14351.5  198.561  14163
77  176  2025-06-08 18-09-50  235.2  16658.6  14348.8  198.648  14162.7
78  176  2025-06-08 18-09-50  236.8  16666.9  14346.1  198.734  14162.4
79  176  2025-06-08 18-09-50  238.4  16675.1  14343.4  198.82  14162
80  176  2025-06-08 18-09-50  240  16683.4  14340.7  198.907  14161.7
81  176  2025-06-08 18-09-50  241.6  16691.7  14338  198.993  14161.3
82  176  2025-06-08 18-09-50  243.2  16699.9  14335.3  199.079  14160.9
83  176  2025-06-08 18-09-50  244.8  16708.2  14332.6  199.166  14160.5
84  176  2025-06-08 18-09-50  246.4  16716.5  14329.9  199.252  14160.1
85  176  2025-06-08 18-09-50  248  16724.8  14327.2  199.338  14159.6
86  176  2025-06-08 18-09-50  249.6  16733.2  14324.5  199.425  14159.2
87  176  2025-06-08 18-09-50  251.2  16741.5  14321.8  199.511  14158.7
88  176  2025-06-08 18-09-50  252.8  16749.8  14319.1  199.597  14158.3
89  176  2025-06-08 18-09-50  254.4  16758.2  14316.4  199.684  14157.8
90  176  2025-06-08 18-09-50  256  16766.5  14313.7  199.77  14157.3
91  176  2025-06-08 18-09-50  257.6  16774.9  14311.1  199.856  14156.8
92  176  2025-06-08 18-09-50  259.2  16783.3  14308.4  199.943  14156.3
93  176  2025-06-08 18-09-50  260.8  16791.6  14305.7  200.029  14155.8
94  176  2025-06-08 18-09-50  262.4  16800  14303  200.115  14155.3
95  176  2025-06-08 18-09-50  264  16808.4  14300.3  200.202  14154.8
96  176  2025-06-08 18-09-50  265.6  16816.9  14297.7  200.288  14154.2
97  176  2025-06-08 18-09-50  267.2  16825.3  14295  200.374  14153.7
98  176  2025-06-08 18-09-50  268.8  16833.7  14292.3  200.461  14153.2
99  176  2025-06-08 18-09-50  270.4  16842.2  14289.6  200.547  14152.6
100  176  2025-06-08 18-09-50  1392  16850.6  14287  200.633  14152.1
101  176  2025-06-08 18-09-50  1393.6  16859.1  14284.3  200.72  14151.5
102  176  2025-06-08 18-09-50  1395.2  16867.5  14281.7  200.806  14151
103  176  2025-06-08 18-09-50  1396.8  16876  14279  200.892  14150.4
104  176  2025-06-08 18-09-50  1398.4  16884.5  14276.3  200.979  14149.9
105  176  2025-06-08 18-09-50  1400  16893  14273.7  201.065  14149.3
106  176  2025-06-08 18-09-50  1401.6  16901.5  14271  201.151  14148.8
107  176  2025-06-08 18-09-50  1403.2  16910.1  14268.4  201.238  14148.2
108  176  2025-06-08 18-09-50  1404.8  16918.6  14265.7  201.324  14147.6
109  176  2025-06-08 18-09-50  1406.4  16927.1  14263.1  201.41  14147.1
110  176  2025-06-08 18-09-50  1408  16935.7  14260.5  201.497  14146.5
111  176  2025-06-08 18-09-50  1409.6  16944.2  14257.8  201.583  14145.9
112  176  2025-06-08 18-09-50  1411.2  16952.8  14255.2  201.669  14145.4
113  176  2025-06-08 18-09-50  1412.8  16961.4  14252.6  201.756  14144.8
114  176  2025-06-08 18-09-50  1414.4  16970  14249.9  201.842  14144.2
115  176  2025-06-08 18-09-50  1416  16978.6  14247.3  201.928  14143.7
116  176  2025-06-08 18-09-50  1417.6  16987.2  14244.7  202.015  14143.1
117  176  2025-06-08 18-09-50  1419.2  16995.8  14242.1  202.101  14142.5
118  176  2025-06-08 18-09-50  1420.8  17004.4  14239.4  202.187  14142
119  176  2025-06-08 18-09-50  1422.4  17013.1  14236.8  202.274  14141.4
120  176  2025-06-08 18-09-50  1424  17021.7  14234.2  202.36  14140.9
121  176  2025-06-08 18-09-50  1425.6  17030.4  14231.6  202.446  14140.3
122  176  2025-06-08 18-09-50  1427.2  17039.1  14229  202.533  14139.7
123  176  2025-06-08 18-09-50  1428.8  17047.7  14226.4  202.619  14139.2
124  176  2025-06-08 18-09-50  1430.4  17056.4  14223.8  202.705  14138.6
125  176  2025-06-08 18-09-50  1432  17065.1  14221.2  202.792  14138.1
126  176  2025-06-08 18-09-50  1433.6  17073.8  14218.6  202.878  14137.5
127  176  2025-06-08 18-09-50  1435.2  17082.6  14216  202.964  14137
128  176  2025-06-08 18-09-50  1436.8  17091.3  14213.4  203.051  14136.4
129  176  2025-06-08 18-09-50  1438.4  17100  14210.8  203.137  14135.9
130  176  2025-06-08 18-09-50  1440  17108.8  14208.2  203.223  14135.3
131  176  2025-06-08 18-09-50  1441.6  17117.5  14205.7  203.31  14134.8
132  176  2025-06-08 18-09-50  1443.2  17126.3  14203.1  203.396  14134.2
133  176  2025-06-08 18-09-50  1444.8  17135.1  14200.5  203.482  14133.7
134  176  2025-06-08 18-09-50  1446.4  17143.9  14197.9  203.569  14133.1
135  176  2025-06-08 18-09-50  1448  17152.7  14195.4  203.655  14132.6
136  176  2025-06-08 18-09-50  1449.6  17161.5  14192.8  203.741  14132.1
137  176  2025-06-08 18-09-50  1451.2  17170.3  14190.2  203.828  14131.5
138  176  2025-06-08 18-09-50  1452.8  17179.1  14187.7  203.914  14131
139  176  2025-06-08 18-09-50  1454.4  17188  14185.1  204  14130.5
140  176  2025-06-08 18-09-50  1456  17196.8  14182.5  204.087  14130
141  176  2025-06-08 18-09-50  1457.6  17205.7  14180  204.173  14129.4
142  176  2025-06-08 18-09-50  1459.2  17214.5  14177.4  204.259  14128.9
143  176  2025-06-08 18-09-50  1460.8  17223.4  14174.9  204.346  14128.4
144  176  2025-06-08 18-09-50  1462.4  17232.3  14172.3  204.432  14127.9
145  176  2025-06-08 18-09-50  1464  17241.2  14169.8  204.518  14127.4
146  176  2025-06-08 18-09-50  1465.6  17250.1  14167.3  204.605  14126.9
147  176  2025-06-08 18-09-50  1467.2  17259  14164.7  204.691  14126.3
148  176  2025-06-08 18-09-50  1468.8  17267.9  14162.2  204.777  14125.8
149  176  2025-06-08 18-09-50  1470.4  17276.9  14159.7  204.864  14125.3
150  176  2025-06-08 18-09-50  1472  17285.8  14157.1  204.95  14124.8
151  176  2025-06-08 18-09-50  1473.6  17294.8  14154.6  205.036  14124.3
152  176  2025-06-08 18-09-50  1475.2  17303.7  14152.1  205.123  14123.9
153  176  2025-06-08 18-09-50  1476.8  17312.7  14149.5  205.209  14123.4
154  176  2025-06-08 18-09-50  1478.4  17321.7  14147  205.295  14122.9
155  176  2025-06-08 18-09-50  1480  17330.7  14144.5  205.382  14122.4
156  176  2025-06-08 18-09-50  1481.6  17339.7  14142  205.468  14121.9
157  176  2025-06-08 18-09-50  1483.2  17348.7  14139.5  205.554  14121.4
158  176  2025-06-08 18-09-50  1484.8  17357.7  14137  205.641  14121
159  176  2025-06-08 18-09-50  1486.4  17366.7  14134.4  205.727  14120.5
160  176  2025-06-08 18-09-50  1488  17375.8  14131.9  205.813  14120
161  176  2025-06-08 18-09-50  1489.6  17384.8  14129.4  205.9  14119.5
162  176  2025-06-08 18-09-50  1491.2  17393.9  14126.9  205.986  14119.1
163  176  2025-06-08 18-09-50  1492.8  17403  14124.4  206.072  14118.6
164  176  2025-06-08 18-09-50  1494.4  17412  14121.9  206.159  14118.1
165  176  2025-06-08 18-09-50  1496  17421.1  14119.4  206.245  14117.7
166  176  2025-06-08 18-09-50  1497.6  17430.2  14116.9  206.331  14117.2
167  176  2025-06-08 18-09-50  1499.2  17439.3  14114.5  206.418  14116.8
168  176  2025-06-08 18-09-50  1500.8  17448.4  14112  206.504  14116.3
169  176  2025-06-08 18-09-50  1502.4  17457.6  14109.5  206.59  14115.9
170  176  2025-06-08 18-09-50  1504  17466.7  14107  206.677  14115.4
171  176  2025-06-08 18-09-50  1505.6  17475.9  14104.5  206.763  14115
172  176  2025-06-08 18-09-50  1507.2  17485  14102  206.849  14114.5
173  176  2025-06-08 18-09-50  1508.8  17494.2  14099.6  206.936  14114.1
174  176  2025-06-08 18-09-50  1510.4  17503.3  14097.1  207.022  14113.7
175  176  2025-06-08 18-09-50  1512  17512.5  14094.6  207.108  14113.2
176  176  2025-06-08 18-09-50  1513.6  17521.7  14092.1  207.195  14112.8
177  176  2025-06-08 18-09-50  1515.2  17530.9  14089.7  207.281  14112.4
178  176  2025-06-08 18-09-50  1516.8  17540.1  14087.2  207.367  14112
179  176  2025-06-08 18-09-50  1518.4  17549.4  14084.7  207.454  14111.5
180  176  2025-06-08 18-09-50  1520  17558.6  14082.3  207.54  14111.1
181  176  2025-06-08 18-09-50  1521.6  17567.8  14079.8  207.626  14110.7
182  176  2025-06-08 18-09-50  1523.2  17577.1  14077.3  207.713  14110.3
183  176  2025-06-08 18-09-50  1524.8  17586.3  14074.9  207.799  14109.9
184  176  2025-06-08 18-09-50  1526.4  17595.6  14072.4  207.885  14109.4
185  176  2025-06-08 18-09-50  1528  17604.9  14070  207.972  14109
186  176  2025-06-08 18-09-50  1529.6  17614.2  14067.5  208.058  14108.6
187  176  2025-06-08 18-09-50  1531.2  17623.5  14065.1  208.145  14108.2
188  176  2025-06-08 18-09-50  1532.8  17632.8  14062.6  208.231  14107.8
189  176  2025-06-08 18-09-50  1534.4  17642.1  14060.2  208.317  14107.4
190  176  2025-06-08 18-09-50  1536  17651.4  14057.7  208.404  14107
191  176  2025-06-08 18-09-50  1537.6  17660.8  14055.3  208.49  14106.6
192  176  2025-06-08 18-09-50  1539.2  17670.1  14052.9  208.576  14106.2
193  176  2025-06-08 18-09-50  1540.8  17679.4  14050.4  208.663  14105.8
194  176  2025-06-08 18-09-50  1542.4  17688.8  14048  208.749  14105.5
195  176  2025-06-08 18-09-50  1544  17698.2  14045.5  208.835  14105.1
196  176  2025-06-08 18-09-50  1545.6  17707.6  14043.1  208.922  14104.7
197  176  2025-06-08 18-09-50  1547.2  17717  14040.7  209.008  14104.3
198  176  2025-06-08 18-09-50  1548.8  17726.4  14038.2  209.094  14103.9
199  176  2025-06-08 18-09-50  1550.4  17735.8  14035.8  209.181  14103.5
200  176  2025-06-08 18-09-50  1552  17745.2  14033.4  209.267  14103.2
201  176  2025-06-08 18-09-50  1553.6  17754.6  2830.96  209.353  14102.8
202  176  2025-06-08 18-09-50  1555.2  17764.1  2828.54  209.44  14102.4
203  176  2025-06-08 18-09-50  1556.8  17773.5  2826.12  209.526  14102
204  176  2025-06-08 18-09-50  1558.4  17783  2823.7  209.612  14101.7
205  176  2025-06-08 18-09-50  1560  17792.4  2821.28  209.699  14101.3
206  176  2025-06-08 18-09-50  1561.6  17801.9  2818.86  209.785  14100.9
207  176  2025-06-08 18-09-50  1563.2  17811.4  2816.45  209.871  14100.6
208  176  2025-06-08 18-09-50  1564.8  17820.9  2814.03  209.958  14100.2
209  176  2025-06-08 18-09-50  1566.4  17830.4  2811.62  210.044  14099.9
210  176  2025-06-08 18-09-50  1568  17839.9  2809.21  210.13  14099.5
211  176  2025-06-08 18-09-50  1569.6  17849.4  2806.8  210.217  14099.2
212  176  2025-06-08 18-09-50  1571.2  17858.9  2804.39  210.303  14098.8
213  176  2025-06-08 18-09-50  1572.8  17868.5  2801.99  210.389  14098.4
214  176  2025-06-08 18-09-50  1574.4  17878  2799.58  210.476  14098.1
215  176  2025-06-08 18-09-50  1576  17887.6  2797.18  210.562  14097.8
216  176  2025-06-08 18-09-50  1577.6  17897.2  2794.78  210.648  14097.4
217  176  2025-06-08 18-09-50  1579.2  17906.7  2792.38  210.735  14097.1
218  176  2025-06-08 18-09-50  1580.8  17916.3  2789.98  210.821  14096.7
219  176  2025-06-08 18-09-50  1582.4  17925.9  2787.59  210.907  14096.4
220  176  2025-06-08 18-09-50  1584  17935.5  2785.19  210.994  14096
221  176  2025-06-08 18-09-50  1585.6  17945.1  2782.8  211.08  14095.7
222  176  2025-06-08 18-09-50  1587.2  17954.8  2780.4  211.166  14095.4
223  176  2025-06-08 18-09-50  1588.8  17964.4  2778.01  211.253  14095
224  176  2025-06-08 18-09-50  1590.4  17974  2775.62  211.339  14094.7
225  176  2025-06-08 18-09-50  1592  17983.7  2773.24  211.425  14094.4
226  176  2025-06-08 18-09-50  1593.6  17993.3  2770.85  211.512  14094
227  176  2025-06-08 18-09-50  1595.2  18003  2768.46  211.598  14093.7
228  176  2025-06-08 18-09-50  1596.8  18012.7  2766.08  211.684  14093.4
229  176  2025-06-08 18-09-50  1598.4  18022.4  2763.7  211.771  14093.1
230  176  2025-06-08 18-09-50  1600  18032.1  2761.32  211.857  14092.7
231  176  2025-06-08 18-09-50  1601.6  18041.8  2758.94  211.943  14092.4
232  176  2025-06-08 18-09-50  1603.2  18051.5  2756.56  212.03  14092.1
233  176  2025-06-08 18-09-50  1604.8  18061.2  2754.18  212.116  14091.8
234  176  2025-06-08 18-09-50  1606.4  18071  2751.81  212.202  14091.5
235  176  2025-06-08 18-09-50  1608  18080.7  2749.43  212.289  14091.1
236  176  2025-06-08 18-09-50  1609.6  18090.5  2747.06  212.375  14090.8
237  176  2025-06-08 18-09-50  1611.2  18100.2  2744.69  212.461  14090.5
238  176  2025-06-08 18-09-50  1612.8  18110  2742.32  212.548  14090.2
239  176  2025-06-08 18-09-50  1614.4  18119.8  2739.95  212.634  14089.9
240  176  2025-06-08 18-09-50  1616  18129.6  2737.58  212.72  14089.6
241  176  2025-06-08 18-09-50  1617.6  18139.4  2735.21  212.807  14089.3
242  176  2025-06-08 18-09-50  1619.2  18149.2  2732.85  212.893  14089
243  176  2025-06-08 18-09-50  1620.8  18159  2730.48  212.979  14088.7
244  176  2025-06-08 18-09-50  1622.4  18168.8  2728.12  213.066  14088.4
245  176  2025-06-08 18-09-50  1624  18178.7  2725.76  213.152  14088
246  176  2025-06-08 18-09-50  1625.6  18188.5  2723.4  213.238  14087.7
247  176  2025-06-08 18-09-50  1627.2  18198.4  2721.04  213.325  14087.4
248  176  2025-06-08 18-09-50  1628.8  18208.2  2718.68  213.411  14087.1
249  176  2025-06-08 18-09-50  1630.4  18218.1  2716.32  213.497  14086.9
250  176  2025-06-08 18-09-50  1632  18228  2713.97  213.584  14086.6
251  176  2025-06-08 18-09-50  1633.6  18237.9  2711.61  213.67  14086.3
252  176  2025-06-08 18-09-50  1635.2  18247.8  2709.26  213.756  14086
253  176  2025-06-08 18-09-50  1636.8  18257.7  2706.9  213.843  14085.7
254  176  2025-06-08 18-09-50  1638.4  18267.6  2704.55  213.929  14085.4
255  176  2025-06-08 18-09-50  1640  18277.5  2702.2  214.015  14085.1
256  176  2025-06-08 18-09-50  1641.6  18287.4  2699.85  214.102  14084.8
257  176  2025-06-08 18-09-50  1643.2  18297.4  2697.51  214.188  14084.5
258  176  2025-06-08 18-09-50  1644.8  18307.3  2695.16  214.274  14084.2
259  176  2025-06-08 18-09-50  1646.4  18317.3  2692.81  214.361  14083.9
260  176  2025-06-08 18-09-50  1648  18327.3  2690.47  214.447  14083.7
261  176  2025-06-08 18-09-50  1649.6  18337.3  2688.13  214.533  14083.4
262  176  2025-06-08 18-09-50  1651.2  18347.3  2685.79  214.62  14083.1
263  176  2025-06-08 18-09-50  1652.8  18357.3  2683.44  214.706  14082.8
264  176  2025-06-08 18-09-50  1654.4  18367.3  2681.1  214.792  14082.5
265  176  2025-06-08 18-09-50  1656  18377.3  2678.77  214.879  14082.3
266  176  2025-06-08 18-09-50  1657.6  18387.3  2676.43  214.965  14082
267  176  2025-06-08 18-09-50  1659.2  18397.4  2674.09  215.051  14081.7
268  176  2025-06-08 18-09-50  1660.8  18407.4  2671.76  215.138  14081.4
269  176  2025-06-08 18-09-50  1662.4  18417.5  2669.42  215.224  14081.1
270  176  2025-06-08 18-09-50  1664  18427.5  2667.09  215.31  14080.9
271  176  2025-06-08 18-09-50  1665.6  18437.6  2664.75  215.397  14080.6
272  176  2025-06-08 18-09-50  1667.2  18447.7  2662.42  215.483  14080.3
273  176  2025-06-08 18-09-50  1668.8  18457.8  2660.09  215.569  14080.1
274  176  2025-06-08 18-09-50  1670.4  18467.9  2657.76  215.656  14079.8
275  176  2025-06-08 18-09-50  1672  18478  2655.44  215.742  14079.5
276  176  2025-06-08 18-09-50  1673.6  18488.1  2653.11  215.828  14079.2
277  176  2025-06-08 18-09-50  1675.2  18498.2  2650.78  215.915  14079
278  176  2025-06-08 18-09-50  1676.8  18508.4  2648.46  216.001  14078.7
279  176  2025-06-08 18-09-50  1678.4  18518.5  2646.13  216.087  14078.4
280  176  2025-06-08 18-09-50  1680  18528.7  2643.81  216.174  14078.2
281  176  2025-06-08 18-09-50  1681.6  18538.8  2641.49  216.26  14077.9
282  176  2025-06-08 18-09-50  1683.2  18549  2639.17  216.346  14077.7
283  176  2025-06-08 18-09-50  1684.8  18559.2  2636.84  216.433  14077.4
284  176  2025-06-08 18-09-50  1686.4  18569.4  2634.53  216.519  14077.1
285  176  2025-06-08 18-09-50  1688  18579.6  2632.21  216.605  14076.9
286  176  2025-06-08 18-09-50  1689.6  18589.8  2629.89  216.692  14076.6
287  176  2025-06-08 18-09-50  1691.2  18600  2627.57  216.778  14076.4
288  176  2025-06-08 18-09-50  1692.8  18610.2  2625.26  216.864  14076.1
289  176  2025-06-08 18-09-50  1694.4  18620.5  2622.94  216.951  14075.8
290  176  2025-06-08 18-09-50  1696  18630.7  2620.63  217.037  14075.6
291  176  2025-06-08 18-09-50  1697.6  18641  2618.32  217.123  14075.3
292  176  2025-06-08 18-09-50  1699.2  18651.2  2616.01  217.21  14075.1
293  176  2025-06-08 18-09-50  1700.8  18661.5  2613.69  217.296  14074.8
294  176  2025-06-08 18-09-50  1702.4  18671.8  2611.39  217.382  14074.6
295  176  2025-06-08 18-09-50  1704  18682.1  2609.08  217.469  14074.3
296  176  2025-06-08 18-09-50  1705.6  18692.4  2606.77  217.555  14074.1
297  176  2025-06-08 18-09-50  1707.2  18702.7  2604.46  217.641  14073.8
298  176  2025-06-08 18-09-50  1708.8  18713  2602.16  217.728  14073.6
299  176  2025-06-08 18-09-50  1710.4  18723.3  2599.85  217.814  14073.3
300  176  2025-06-08 18-09-50  1712  18733.7  2597.55  217.9  14073.1
301  176  2025-06-08 18-09-50  1713.6  18744  2595.24  217.987  14072.8
302  176  2025-06-08 18-09-50  1715.2  18754.4  2592.94  218.073  14072.6
303  176  2025-06-08 18-09-50  1716.8  18764.7  2590.64  218.159  14072.3
304  176  2025-06-08 18-09-50  1718.4  18775.1  2588.34  218.246  14072.1
305  176  2025-06-08 18-09-50  1720  18785.5  2586.04  218.332  14071.8
306  176  2025-06-08 18-09-50  1721.6  18795.9  2583.74  218.418  14071.6
307  176  2025-06-08 18-09-50  1723.2  18806.3  2581.44  218.505  14071.4
308  176  2025-06-08 18-09-50  1724.8  18816.7  2579.15  218.591  14071.1
309  176  2025-06-08 18-09-50  1726.4  18827.1  2576.85  218.677  14070.9
310  176  2025-06-08 18-09-50  1728  18837.5  2574.55  218.764  14070.6
311  176  2025-06-08 18-09-50  1729.6  18848  2572.26  218.85  14070.4
312  176  2025-06-08 18-09-50  1731.2  18858.4  2569.97  218.936  14070.2
313  176  2025-06-08 18-09-50  1732.8  18868.9  2567.67  219.023  14069.9
314  176  2025-06-08 18-09-50  1734.4  18879.3  2565.38  219.109  14069.7
315  176  2025-06-08 18-09-50  1736  18889.8  2563.09  219.195  14069.4
316  176  2025-06-08 18-09-50  1737.6  18900.3  2560.8  219.282  14069.2
317  176  2025-06-08 18-09-50  1739.2  18910.8  2558.51  219.368  14069
318  176  2025-06-08 18-09-50  1740.8  18921.3  2556.22  219.454  14068.7
319  176  2025-06-08 18-09-50  1742.4  18931.8  2553.94  219.541  14068.5
320  176  2025-06-08 18-09-50  1744  18942.3  2551.65  219.627  14068.3
321  176  2025-06-08 18-09-50  1745.6  18952.8  2549.36  219.713  14068
322  176  2025-06-08 18-09-50  1747.2  18963.3  2547.08  219.8  14067.8
323  176  2025-06-08 18-09-50  1748.8  18973.9  2544.79  219.886  14067.6
324  176  2025-06-08 18-09-50  1750.4  18984.4  2542.51  219.972  14067.3
325  176  2025-06-08 18-09-50  1752  18995  2540.23  220.059  14067.1
326  176  2025-06-08 18-09-50  1753.6  19005.6  2537.95  220.145  14066.9
327  176  2025-06-08 18-09-50  1755.2  19016.2  2535.67  220.231  14066.6
328  176  2025-06-08 18-09-50  1756.8  19026.7  2533.39  220.318  14066.4
329  176  2025-06-08 18-09-50  1758.4  19037.3  2531.11  220.404  14066.2
330  176  2025-06-08 18-09-50  1760  19048  2528.83  220.49  14066
331  176  2025-06-08 18-09-50  1761.6  19058.6  2526.55  220.577  14065.7
332  176  2025-06-08 18-09-50  1763.2  19069.2  2524.28  220.663  14065.5
333  176  2025-06-08 18-09-50  1764.8  19079.8  2522  220.749  14065.3
334  176  2025-06-08 18-09-50  1766.4  19090.5  2519.72  220.836  14065
335  176  2025-06-08 18-09-50  1768  19101.1  2517.45  220.922  14064.8
336  176  2025-06-08 18-09-50  1769.6  19111.8  2515.18  221.008  14064.6
337  176  2025-06-08 18-09-50  1771.2  19122.5  2512.9  221.095  14064.4
338  176  2025-06-08 18-09-50  1772.8  19133.1  2510.63  221.181  14064.1
339  176  2025-06-08 18-09-50  1774.4  19143.8  2508.36  221.267  14063.9
340  176  2025-06-08 18-09-50  1776  19154.5  2506.09  221.354  14063.7
341  176  2025-06-08 18-09-50  1777.6  19165.2  2503.82  221.44  14063.5
342  176  2025-06-08 18-09-50  1779.2  19175.9  2501.55  221.526  14063.3
343  176  2025-06-08 18-09-50  1780.8  19186.7  2499.29  221.613  14063
344  176  2025-06-08 18-09-50  1782.4  19197.4  2497.02  221.699  14062.8
345  176  2025-06-08 18-09-50  1784  19208.1  2494.75  221.785  14062.6
346  176  2025-06-08 18-09-50  1785.6  19218.9  2492.49  221.872  14062.4
347  176  2025-06-08 18-09-50  1787.2  19229.6  2490.22  221.958  14062.2
348  176  2025-06-08 18-09-50  1788.8  19240.4  2487.96  222.044  14061.9
349  176  2025-06-08 18-09-50  1790.4  19251.2  2485.7  222.131  14061.7
350  176  2025-06-08 18-09-50  1792  19262  2483.43  222.217  14061.5
351  176  2025-06-08 18-09-50  1793.6  19272.8  2481.17  222.303  14061.3
352  176  2025-06-08 18-09-50  1795.2  19283.6  2478.91  222.39  14061.1
353  176  2025-06-08 18-09-50  1796.8  19294.4  2476.65  222.476  14060.9
354  176  2025-06-08 18-09-50  1798.4  19305.2  2474.39  222.562  14060.6
355  176  2025-06-08 18-09-50  1800  19316.1  2472.14  222.649  14060.4
356  176  2025-06-08 18-09-50  1801.6  19326.9  2469.88  222.735  14060.2
357  176  2025-06-08 18-09-50  1803.2  19337.7  2467.62  222.821  14060
358  176  2025-06-08 18-09-50  1804.8  19348.6  2465.37  222.908  14059.8
359  176  2025-06-08 18-09-50  1806.4  19359.5  2463.11  222.994  14059.6
360  176  2025-06-08 18-09-50  1808  19370.3  2460.86  223.08  14059.4
361  176  2025-06-08 18-09-50  1809.6  19381.2  2458.6  223.167  14059.1
362  176  2025-06-08 18-09-50  1811.2  19392.1  2456.35  223.253  14058.9
363  176  2025-06-08 18-09-50  1812.8  19403  2454.1  223.339  14058.7
364  176  2025-06-08 18-09-50  1814.4  19413.9  2451.85  223.426  14058.5
365  176  2025-06-08 18-09-50  1816  19424.9  2449.6  223.512  14058.3
366  176  2025-06-08 18-09-50  1817.6  19435.8  2447.35  223.598  14058.1
367  176  2025-06-08 18-09-50  1819.2  19446.7  2445.1  223.685  14057.9
368  176  2025-06-08 18-09-50  1820.8  19457.7  2442.85  223.771  14057.7
369  176  2025-06-08 18-09-50  1822.4  19468.6  2440.6  223.857  14057.5
370  176  2025-06-08 18-09-50  1824  19479.6  2438.35  223.944  14057.2
371  176  2025-06-08 18-09-50  1825.6  19490.6  2436.11  224.03  14057
372  176  2025-06-08 18-09-50  1827.2  19501.6  2433.86  224.116  14056.8
373  176  2025-06-08 18-09-50  1828.8  19512.6  2431.62  224.203  14056.6
374  176  2025-06-08 18-09-50  1830.4  19523.6  2429.37  224.289  14056.4
375  176  2025-06-08 18-09-50  1832  19534.6  2427.13  224.375  14056.2
376  176  2025-06-08 18-09-50  1833.6  19545.6  2424.89  224.462  14056
377  176  2025-06-08 18-09-50  1835.2  19556.6  2422.65  224.548  14055.8
378  176  2025-06-08 18-09-50  1836.8  19567.7  2420.41  224.634  14055.6
379  176  2025-06-08 18-09-50  1838.4  19578.7  2418.17  224.721  14055.4
380  176  2025-06-08 18-09-50  1840  19589.8  2415.93  224.807  14055.2
381  176  2025-06-08 18-09-50  1841.6  19600.8  2413.69  224.893  14055
382  176  2025-06-08 18-09-50  1843.2  19611.9  2411.45  224.98  14054.8
383  176  2025-06-08 18-09-50  1844.8  19623  2409.22  225.066  14054.6
384  176  2025-06-08 18-09-50  1846.4  19634.1  2406.98  225.152  14054.4
385  176  2025-06-08 18-09-50  1848  19645.2  2404.74  225.239  14054.2
386  176  2025-06-08 18-09-50  1849.6  19656.3  2402.51  225.325  14054
387  176  2025-06-08 18-09-50  1851.2  19667.4  2400.28  225.411  14053.8
388  176  2025-06-08 18-09-50  1852.8  19678.5  2398.04  225.498  14053.6
389  176  2025-06-08 18-09-50  1854.4  19689.7  2395.81  225.584  14053.4
390  176  2025-06-08 18-09-50  1856  19700.8  2393.58  225.67  14053.2
391  176  2025-06-08 18-09-50  1857.6  19712  2391.35  225.757  14053
392  176  2025-06-08 18-09-50  1859.2  19723.1  2389.12  225.843  14052.8
393  176  2025-06-08 18-09-50  1860.8  19734.3  2386.89  225.929  14052.6
394  176  2025-06-08 18-09-50  1862.4  19745.5  2384.66  226.016  14052.4
395  176  2025-06-08 18-09-50  1864  19756.7  2382.43  226.102  14052.2
396  176  2025-06-08 18-09-50  1865.6  19767.9  2380.2  226.188  14052
397  176  2025-06-08 18-09-50  1867.2  19779.1  2377.98  226.275  14051.8
398  176  2025-06-08 18-09-50  1868.8  19790.3  2375.75  226.361  14051.6
399  176  2025-06-08 18-09-50  1870.4  19801.5  2373.53  226.447  14051.4
400  176  2025-06-08 18-09-50  1872  19812.8  2371.3  226.534  14051.2
401  176  2025-06-08 18-09-50  1873.6  19824  2369.08  226.62  14051
402  176  2025-06-08 18-09-50  1875.2  19835.3  2366.86  226.706  14050.8
403  176  2025-06-08 18-09-50  1876.8  19846.5  2364.63  226.793  14050.6
404  176  2025-06-08 18-09-50  1878.4  19857.8  2362.41  226.879  14050.4
405  176  2025-06-08 18-09-50  1880  19869.1  2360.19  226.965  14050.2
406  176  2025-06-08 18-09-50  1881.6  19880.4  2357.97  227.052  14050
407  176  2025-06-08 18-09-50  1883.2  19891.7  2355.75  227.138  14049.8
408  176  2025-06-08 18-09-50  1884.8  19903  2353.53  227.224  14049.6
409  176  2025-06-08 18-09-50  1886.4  19914.3  2351.32  227.311  14049.4
410  176  2025-06-08 18-09-50  1888  19925.6  2349.1  227.397  14049.2
411  176  2025-06-08 18-09-50  1889.6  19937  2346.88  227.483  14049
412  176  2025-06-08 18-09-50  1891.2  19948.3  2344.67  227.57  14048.8
413  176  2025-06-08 18-09-50  1892.8  19959.6  2342.45  227.656  14048.6
414  176  2025-06-08 18-09-50  1894.4  19971  2340.24  227.742  14048.4
415  176  2025-06-08 18-09-50  1896  19982.4  2338.03  227.829  14048.3
416  176  2025-06-08 18-09-50  1897.6  19993.8  2335.81  227.915  14048.1
417  176  2025-06-08 18-09-50  1899.2  20005.1  2333.6  228.001  14047.9
418  176  2025-06-08 18-09-50  1900.8  20016.5  2331.39  228.088  14047.7
419  176  2025-06-08 18-09-50  1902.4  20027.9  2329.18  228.174  14047.5
420  176  2025-06-08 18-09-50  1904  20039.4  2326.97  228.26  14047.3
421  176  2025-06-08 18-09-50  1905.6  20050.8  2324.76  228.347  14047.1
422  176  2025-06-08 18-09-50  1907.2  20062.2  2322.55  228.433  14046.9
423  176  2025-06-08 18-09-50  1908.8  20073.7  2320.35  228.519  14046.7
424  176  2025-06-08 18-09-50  1910.4  20085.1  2318.14  228.606  14046.5
425  176  2025-06-08 18-09-50  1912  20096.6  2315.93  228.692  14046.3
426  176  2025-06-08 18-09-50  1913.6  20108  2313.73  228.778  14046.2
427  176  2025-06-08 18-09-50  1915.2  20119.5  2311.53  228.865  14046
428  176  2025-06-08 18-09-50  1916.8  20131  2309.32  228.951  14045.8
429  176  2025-06-08 18-09-50  1918.4  20142.5  2307.12  229.037  14045.6
430  176  2025-06-08 18-09-50  1920  20154  2304.92  229.124  14045.4
431  176  2025-06-08 18-09-50  1921.6  20165.5  2302.71  229.21  14045.2
432  176  2025-06-08 18-09-50  1923.2  20177  2300.51  229.296  14045
433  176  2025-06-08 18-09-50  1924.8  20188.6  2298.31  229.383  14044.8
434  176  2025-06-08 18-09-50  1926.4  20200.1  2296.11  229.469  14044.7
435  176  2025-06-08 18-09-50  1928  20211.6  2293.92  229.555  14044.5
436  176  2025-06-08 18-09-50  1929.6  20223.2  2291.72  229.642  14044.3
437  176  2025-06-08 18-09-50  1931.2  20234.8  2289.52  229.728  14044.1
438  176  2025-06-08 18-09-50  1932.8  20246.3  2287.32  229.814  14043.9
439  176  2025-06-08 18-09-50  1934.4  20257.9  2285.13  229.901  14043.7
440  176  2025-06-08 18-09-50  1936  20269.5  2282.93  229.987  14043.5
441  176  2025-06-08 18-09-50  1937.6  20281.1  2280.74  230.073  14043.4
442  176  2025-06-08 18-09-50  1939.2  20292.7  2278.55  230.16  14043.2
443  176  2025-06-08 18-09-50  1940.8  20304.3  2276.35  230.246  14043
444  176  2025-06-08 18-09-50  1942.4  20316  2274.16  230.332  14042.8
445  176  2025-06-08 18-09-50  1944  20327.6  2271.97  230.419  14042.6
446  176  2025-06-08 18-09-50  1945.6  20339.3  2269.78  230.505  14042.4
447  176  2025-06-08 18-09-50  1947.2  20350.9  2267.59  230.591  14042.3
448  176  2025-06-08 18-09-50  1948.8  20362.6  2265.4  230.678  14042.1
449  176  2025-06-08 18-09-50  1950.4  20374.3  2263.21  230.764  14041.9
450  176  2025-06-08 18-09-50  1952  20385.9  2261.03  230.85  14041.7
451  176  2025-06-08 18-09-50  1953.6  20397.6  2258.84  230.937  14041.5
452  176  2025-06-08 18-09-50  1955.2  20409.3  2256.65  231.023  14041.3
453  176  2025-06-08 18-09-50  1956.8  20421  2254.47  231.109  14041.2
454  176  2025-06-08 18-09-50  1958.4  20432.8  2252.28  231.196  14041
455  176  2025-06-08 18-09-50  1960  20444.5  2250.1  231.282  14040.8
456  176  2025-06-08 18-09-50  1961.6  20456.2  2247.92  231.368  14040.6
457  176  2025-06-08 18-09-50  1963.2  20468  2245.73  231.455  14040.4
458  176  2025-06-08 18-09-50  1964.8  20479.7  2243.55  231.541  14040.3
459  176  2025-06-08 18-09-50  1966.4  20491.5  2241.37  231.627  14040.1
460  176  2025-06-08 18-09-50  1968  20503.2  2239.19  231.714  14039.9
461  176  2025-06-08 18-09-50  1969.6  20515  2237.01  231.8  14039.7
462  176  2025-06-08 18-09-50  1971.2  20526.8  2234.83  231.886  14039.5
463  176  2025-06-08 18-09-50  1972.8  20538.6  2232.65  231.973  14039.4
464  176  2025-06-08 18-09-50  1974.4  20550.4  2230.48  232.059  14039.2
465  176  2025-06-08 18-09-50  1976  20562.2  2228.3  232.145  14039
466  176  2025-06-08 18-09-50  1977.6  20574.1  2226.12  232.232  14038.8
467  176  2025-06-08 18-09-50  1979.2  20585.9  2223.95  232.318  14038.6
468  176  2025-06-08 18-09-50  1980.8  20597.7  2221.77  232.404  14038.5
469  176  2025-06-08 18-09-50  1982.4  20609.6  2219.6  232.491  14038.3
470  176  2025-06-08 18-09-50  1984  20621.4  2217.43  232.577  14038.1
471  176  2025-06-08 18-09-50  1985.6  20633.3  2215.26  232.663  14037.9
472  176  2025-06-08 18-09-50  1987.2  20645.2  2213.08  232.75  14037.8
473  176  2025-06-08 18-09-50  1988.8  20657.1  2210.91  232.836  14037.6
474  176  2025-06-08 18-09-50  1990.4  20669  2208.74  232.922  14037.4
475  176  2025-06-08 18-09-50  1992  20680.9  2206.57  233.009  14037.2
476  176  2025-06-08 18-09-50  1993.6  20692.8  2204.41  233.095  14037
477  176  2025-06-08 18-09-50  1995.2  20704.7  2202.24  233.181  14036.9
478  176  2025-06-08 18-09-50  1996.8  20716.7  2200.07  233.268  14036.7
479  176  2025-06-08 18-09-50  1998.4  20728.6  2197.91  233.354  14036.5
480  176  2025-06-08 18-09-50  2000  20740.5  2195.74  233.44  14036.3
481  176  2025-06-08 18-09-50  2001.6  20752.5  2193.58  233.527  14036.2
482  176  2025-06-08 18-09-50  2003.2  20764.5  2191.41  233.613  14036
483  176  2025-06-08 18-09-50  2004.8  20776.4  2189.25  233.699  14035.8
484  176  2025-06-08 18-09-50  2006.4  20788.4  2187.09  233.786  14035.7
485  176  2025-06-08 18-09-50  2008  20800.4  2184.92  233.872  14035.5
486  176  2025-06-08 18-09-50  2009.6  20812.4  2182.76  233.958  14035.3
487  176  2025-06-08 18-09-50  2011.2  20824.4  2180.6  234.045  14035.1
488  176  2025-06-08 18-09-50  2012.8  20836.5  2178.44  234.131  14035
489  176  2025-06-08 18-09-50  2014.4  20848.5  2176.28  234.217  14034.8
490  176  2025-06-08 18-09-50  2016  20860.5  2174.13  234.304  14034.6
491  176  2025-06-08 18-09-50  2017.6  20872.6  2171.97  234.39  14034.4
492  176  2025-06-08 18-09-50  2019.2  20884.6  2169.81  234.476  14034.3
493  176  2025-06-08 18-09-50  2020.8  20896.7  2167.66  234.563  14034.1
494  176  2025-06-08 18-09-50  2022.4  20908.8  2165.5  234.649  14033.9
495  176  2025-06-08 18-09-50  2024  20920.9  2163.35  234.735  14033.7
496  176  2025-06-08 18-09-50  2025.6  20932.9  2161.19  234.822  14033.6
497  176  2025-06-08 18-09-50  2027.2  20945  2159.04  234.908  14033.4
498  176  2025-06-08 18-09-50  2028.8  20957.2  2156.89  234.994  14033.2
499  176  2025-06-08 18-09-50  2030.4  20969.3  2154.74  235.081  14033.1
500  176  2025-06-08 18-09-50  2032  20981.4  2152.59  235.167  14032.9
501  176  2025-06-08 18-09-50  2033.6  20993.5  2150.44  235.253  14032.7
502  176  2025-06-08 18-09-50  2035.2  21005.7  2148.29  235.34  14032.6
503  176  2025-06-08 18-09-50  2036.8  21017.8  2146.14  235.426  14032.4
504  176  2025-06-08 18-09-50  2038.4  21030  2143.99  235.512  14032.2
505  176  2025-06-08 18-09-50  2040  21042.2  2141.84  235.599  14032
