SN    USVID    CurTime    simTime    CurX    CurY    CurVel      CurYaw   
0  192  2025-06-14 16-04-31  0  16040  -14512  192  2672
1  192  2025-06-14 16-04-31  1.6  16048.3  -14511.9  194.878  2666.38
2  192  2025-06-14 16-04-31  3.2  16056.9  -14511.8  197.704  2660.83
3  192  2025-06-14 16-04-31  4.8  16065.7  -14511.7  200.479  2655.33
4  192  2025-06-14 16-04-31  6.4  16074.8  -14511.5  203.204  2649.9
5  192  2025-06-14 16-04-31  8  16084.2  -14511.2  205.881  2644.52
6  192  2025-06-14 16-04-31  9.6  16093.9  -14510.8  208.509  2639.21
7  192  2025-06-14 16-04-31  11.2  16103.8  -14510.4  211.09  2633.95
8  192  2025-06-14 16-04-31  12.8  16113.9  -14509.9  213.624  2628.76
9  192  2025-06-14 16-04-31  14.4  16124.3  -14509.4  216.113  2623.62
10  192  2025-06-14 16-04-31  128  16134.9  -14508.8  218.557  2618.54
11  192  2025-06-14 16-04-31  129.6  16145.8  -14508.1  220.957  2613.52
12  192  2025-06-14 16-04-31  131.2  16156.9  -14507.3  223.314  2608.56
13  192  2025-06-14 16-04-31  132.8  16168.2  -14506.5  225.629  2603.66
14  192  2025-06-14 16-04-31  134.4  16179.8  -14505.5  227.902  2598.81
15  192  2025-06-14 16-04-31  136  16191.6  -14504.5  230.134  2594.03
16  192  2025-06-14 16-04-31  137.6  16203.6  -14503.5  232.326  2589.3
17  192  2025-06-14 16-04-31  139.2  16215.7  -14502.3  234.478  2584.63
18  192  2025-06-14 16-04-31  140.8  16228.1  -14501  236.592  2580.02
19  192  2025-06-14 16-04-31  142.4  16240.7  -14499.7  238.668  2575.47
20  192  2025-06-14 16-04-31  144  16253.5  -14498.3  240.706  2570.97
21  192  2025-06-14 16-04-31  145.6  16266.5  -14496.8  242.708  2566.53
22  192  2025-06-14 16-04-31  147.2  16279.7  -14495.2  244.674  2562.15
23  192  2025-06-14 16-04-31  148.8  16293  -14493.5  246.604  2557.82
24  192  2025-06-14 16-04-31  150.4  16306.6  -14491.8  248.5  2553.56
25  192  2025-06-14 16-04-31  152  16320.3  -14489.9  250.361  2549.34
26  192  2025-06-14 16-04-31  153.6  16334.2  -14488  252.189  2545.19
27  192  2025-06-14 16-04-31  155.2  16348.2  -14486  253.984  2541.09
28  192  2025-06-14 16-04-31  156.8  16362.5  -14483.9  255.747  2537.04
29  192  2025-06-14 16-04-31  158.4  16376.8  -14481.7  257.479  2533.05
30  192  2025-06-14 16-04-31  160  16391.4  -14479.4  259.179  2529.12
31  192  2025-06-14 16-04-31  161.6  16406.1  -14477  260.848  2525.24
32  192  2025-06-14 16-04-31  163.2  16420.9  -14474.6  262.488  2521.42
33  192  2025-06-14 16-04-31  164.8  16435.9  -14472  264.098  2517.65
34  192  2025-06-14 16-04-31  166.4  16451  -14469.4  265.679  2513.94
35  192  2025-06-14 16-04-31  168  16466.3  -14466.6  267.231  2510.28
36  192  2025-06-14 16-04-31  169.6  16481.8  -14463.8  268.756  2506.67
37  192  2025-06-14 16-04-31  171.2  16497.3  -14460.9  270.253  2503.12
38  192  2025-06-14 16-04-31  172.8  16513  -14457.9  271.724  2499.62
39  192  2025-06-14 16-04-31  174.4  16528.8  -14454.9  1393.17  2496.17
40  192  2025-06-14 16-04-31  176  16544.8  -14451.7  1394.59  2492.78
41  192  2025-06-14 16-04-31  177.6  16560.8  -14448.5  1395.98  2489.44
42  192  2025-06-14 16-04-31  179.2  16577  -14445.1  1397.35  2486.15
43  192  2025-06-14 16-04-31  180.8  16593.4  -14441.7  1398.69  2482.91
44  192  2025-06-14 16-04-31  182.4  16609.8  -14438.2  1400.01  2479.73
45  192  2025-06-14 16-04-31  184  16626.3  -14434.7  1401.3  2476.6
46  192  2025-06-14 16-04-31  185.6  16643  -14431  1402.57  2473.51
47  192  2025-06-14 16-04-31  187.2  16659.8  -14427.2  1403.82  2470.48
48  192  2025-06-14 16-04-31  188.8  16676.6  -14423.4  1405.05  2467.5
49  192  2025-06-14 16-04-31  190.4  16693.6  -14419.5  1406.25  2464.57
50  192  2025-06-14 16-04-31  192  16710.7  -14415.5  1407.43  2461.69
51  192  2025-06-14 16-04-31  193.6  16727.9  -14411.4  1408.6  2458.86
52  192  2025-06-14 16-04-31  195.2  16745.2  -14407.3  1409.74  2456.08
53  192  2025-06-14 16-04-31  196.8  16762.5  -14403.1  1410.86  2453.35
54  192  2025-06-14 16-04-31  198.4  16780  -14398.8  1411.96  2450.67
55  192  2025-06-14 16-04-31  200  16797.6  -14394.4  1413.04  2448.04
56  192  2025-06-14 16-04-31  201.6  16815.2  -14389.9  1414.1  2445.45
57  192  2025-06-14 16-04-31  203.2  16833  -14385.4  1415.14  2442.91
58  192  2025-06-14 16-04-31  204.8  16850.8  -14380.8  1416.16  2440.42
59  192  2025-06-14 16-04-31  206.4  16868.7  -14376.1  1417.17  2437.98
60  192  2025-06-14 16-04-31  208  16886.7  -14371.4  1418.15  2435.58
61  192  2025-06-14 16-04-31  209.6  16904.8  -14366.6  1419.12  2433.23
62  192  2025-06-14 16-04-31  211.2  16923  -14361.7  1420.07  2430.93
63  192  2025-06-14 16-04-31  212.8  16941.2  -14356.7  1421  2428.67
64  192  2025-06-14 16-04-31  214.4  16959.5  -14351.7  1421.92  2426.46
65  192  2025-06-14 16-04-31  216  16977.9  -14346.6  1422.82  2424.29
66  192  2025-06-14 16-04-31  217.6  16996.4  -14341.4  1423.71  2422.17
67  192  2025-06-14 16-04-31  219.2  17014.9  -14336.2  1424.58  2420.1
68  192  2025-06-14 16-04-31  220.8  17033.5  -14330.9  1425.43  2418.06
69  192  2025-06-14 16-04-31  222.4  17052.2  -14325.6  1426.27  2416.07
70  192  2025-06-14 16-04-31  224  17070.9  -14320.2  1427.09  2414.13
71  192  2025-06-14 16-04-31  225.6  17089.8  -14314.7  1427.9  2412.23
72  192  2025-06-14 16-04-31  227.2  17108.6  -14309.1  1428.69  2410.37
73  192  2025-06-14 16-04-31  228.8  17127.6  -14303.5  1429.47  2408.55
74  192  2025-06-14 16-04-31  230.4  17146.6  -14297.9  1430.23  2406.78
75  192  2025-06-14 16-04-31  232  17165.6  -14292.2  1430.99  2405.05
76  192  2025-06-14 16-04-31  233.6  17184.7  -14286.4  1431.72  2403.35
77  192  2025-06-14 16-04-31  235.2  17203.9  -14280.6  1432.45  2401.7
78  192  2025-06-14 16-04-31  236.8  17223.2  -14274.7  1433.16  2400.1
79  192  2025-06-14 16-04-31  238.4  17242.5  -14268.8  1433.86  2398.53
80  192  2025-06-14 16-04-31  240  17261.8  -14262.8  1434.54  2397
81  192  2025-06-14 16-04-31  241.6  17281.2  -14256.7  1435.22  2395.51
82  192  2025-06-14 16-04-31  243.2  17300.7  -14250.7  1435.88  2394.06
83  192  2025-06-14 16-04-31  244.8  17320.2  -14244.5  1436.53  2392.65
84  192  2025-06-14 16-04-31  246.4  17339.7  -14238.3  1437.17  2391.28
85  192  2025-06-14 16-04-31  248  17359.4  -14232.1  1437.79  2389.94
86  192  2025-06-14 16-04-31  249.6  17379  -14225.8  1438.41  2388.65
87  192  2025-06-14 16-04-31  251.2  17398.7  -14219.5  1439.01  2387.39
88  192  2025-06-14 16-04-31  252.8  17418.5  -14213.1  1439.61  2386.17
89  192  2025-06-14 16-04-31  254.4  17438.3  -14206.7  1440.19  2384.98
90  192  2025-06-14 16-04-31  256  17458.1  -14200.3  1440.76  2383.83
91  192  2025-06-14 16-04-31  257.6  17478  -14193.8  1441.32  2382.72
92  192  2025-06-14 16-04-31  259.2  17498  -14187.2  1441.87  2381.65
93  192  2025-06-14 16-04-31  260.8  17518  -14180.7  1442.42  2380.6
94  192  2025-06-14 16-04-31  262.4  17538  -14174  1442.95  2379.6
95  192  2025-06-14 16-04-31  264  17558.1  -14167.4  1443.47  2378.63
96  192  2025-06-14 16-04-31  265.6  17578.2  -14160.7  1443.98  2377.69
97  192  2025-06-14 16-04-31  267.2  17598.4  -14154  1444.49  2376.79
98  192  2025-06-14 16-04-31  268.8  17618.5  -14147.2  1444.98  2375.92
99  192  2025-06-14 16-04-31  270.4  17638.8  -14140.4  1445.47  2375.08
100  192  2025-06-14 16-04-31  1392  17659.1  -14133.6  1445.95  2374.27
101  192  2025-06-14 16-04-31  1393.6  17679.4  -14126.7  1446.41  2373.5
102  192  2025-06-14 16-04-31  1395.2  17699.7  -14119.8  1446.87  2372.76
103  192  2025-06-14 16-04-31  1396.8  17720.1  -14112.9  1447.33  2372.05
104  192  2025-06-14 16-04-31  1398.4  17740.5  -14106  1447.77  2371.38
105  192  2025-06-14 16-04-31  1400  17761  -14099  1448.21  2370.73
106  192  2025-06-14 16-04-31  1401.6  17781.5  -14092  1448.63  2370.12
107  192  2025-06-14 16-04-31  1403.2  17802  -14085  1449.05  2369.53
108  192  2025-06-14 16-04-31  1404.8  17822.6  -14077.9  1449.47  2368.98
109  192  2025-06-14 16-04-31  1406.4  17843.2  -14070.8  1449.87  2368.45
110  192  2025-06-14 16-04-31  1408  17863.9  -14063.7  1450.27  2367.95
111  192  2025-06-14 16-04-31  1409.6  17884.5  -14056.6  1450.66  2367.48
112  192  2025-06-14 16-04-31  1411.2  17905.2  -14049.4  1451.04  2367.04
113  192  2025-06-14 16-04-31  1412.8  17926  -14042.4  1451.1  2372
114  192  2025-06-14 16-04-31  1414.4  17946.8  -14035.5  1451.16  2377.01
115  192  2025-06-14 16-04-31  1416  17967.6  -2828.5  1451.53  2376.55
116  192  2025-06-14 16-04-31  1417.6  17988.5  -2821.66  1451.59  2381.64
117  192  2025-06-14 16-04-31  1419.2  18009.4  -2814.93  1451.65  2386.79
118  192  2025-06-14 16-04-31  1420.8  18030.3  -2808.33  1451.71  2392.01
119  192  2025-06-14 16-04-31  1422.4  18051.3  -2801.7  1452.07  2391.47
120  192  2025-06-14 16-04-31  1424  18072.3  -2795.19  1452.13  2396.76
121  192  2025-06-14 16-04-31  1425.6  18093.4  -2788.8  1452.19  2402.11
122  192  2025-06-14 16-04-31  1427.2  18114.5  -2782.38  1452.54  2401.52
123  192  2025-06-14 16-04-31  1428.8  18135.7  -2776.09  1452.6  2406.94
124  192  2025-06-14 16-04-31  1430.4  18156.8  -2769.93  1452.66  2412.43
125  192  2025-06-14 16-04-31  1432  18178  -2763.75  1452.57  2411.51
126  192  2025-06-14 16-04-31  1433.6  18199.2  -2757.69  1452.63  2417.06
127  192  2025-06-14 16-04-31  1435.2  18220.5  -2751.76  1452.69  2422.67
128  192  2025-06-14 16-04-31  1436.8  18241.7  -2745.81  1452.75  2421.88
129  192  2025-06-14 16-04-31  1438.4  18263  -2739.99  1452.8  2427.56
130  192  2025-06-14 16-04-31  1440  18284.3  -2734.01  1452.86  2420.37
131  192  2025-06-14 16-04-31  1441.6  18305.6  -2728.15  1452.92  2426.05
132  192  2025-06-14 16-04-31  1443.2  18326.9  -2722.43  1452.98  2431.79
133  192  2025-06-14 16-04-31  1444.8  18348.3  -2716.54  1453.03  2424.67
134  192  2025-06-14 16-04-31  1446.4  18369.6  -2710.78  1453.09  2430.41
135  192  2025-06-14 16-04-31  1448  18390.9  -2704.85  1453.15  2423.29
136  192  2025-06-14 16-04-31  1449.6  18412.3  -2699.06  1453.21  2429.03
137  192  2025-06-14 16-04-31  1451.2  18433.6  -2693.4  1453.26  2434.83
138  192  2025-06-14 16-04-31  1452.8  18455  -2687.57  1453.32  2427.77
139  192  2025-06-14 16-04-31  1454.4  18476.4  -2681.88  1453.38  2433.58
140  192  2025-06-14 16-04-31  1456  18497.7  -2676.02  1453.44  2426.52
141  192  2025-06-14 16-04-31  1457.6  18519.1  -2670.29  1453.49  2432.32
142  192  2025-06-14 16-04-31  1459.2  18540.5  -2664.4  1453.55  2425.26
143  192  2025-06-14 16-04-31  1460.8  18561.9  -2658.64  1453.61  2431.07
144  192  2025-06-14 16-04-31  1462.4  18583.3  -2653.02  1453.67  2436.94
145  192  2025-06-14 16-04-31  1464  18604.7  -2647.23  1453.72  2429.94
146  192  2025-06-14 16-04-31  1465.6  18626.2  -2641.58  1453.78  2435.81
147  192  2025-06-14 16-04-31  1467.2  18647.6  -2635.77  1453.84  2428.82
148  192  2025-06-14 16-04-31  1468.8  18669  -2630.09  1453.9  2434.68
149  192  2025-06-14 16-04-31  1470.4  18690.5  -2624.24  1453.95  2427.69
150  192  2025-06-14 16-04-31  1472  18711.9  -2618.53  1454.01  2433.56
151  192  2025-06-14 16-04-31  1473.6  18733.4  -2612.96  1454.07  2439.49
152  192  2025-06-14 16-04-31  1475.2  18754.9  -2607.22  1454.13  2432.56
153  192  2025-06-14 16-04-31  1476.8  18776.4  -2601.63  1454.18  2438.49
154  192  2025-06-14 16-04-31  1478.4  18797.8  -2595.86  1454.24  2431.56
155  192  2025-06-14 16-04-31  1480  18819.3  -2590.24  1454.3  2437.49
156  192  2025-06-14 16-04-31  1481.6  18840.8  -2584.45  1454.36  2430.56
157  192  2025-06-14 16-04-31  1483.2  18862.3  -2578.8  1454.41  2436.5
158  192  2025-06-14 16-04-31  1484.8  18883.8  -2572.98  1454.47  2429.56
159  192  2025-06-14 16-04-31  1486.4  18905.3  -2567.31  1454.53  2435.5
160  192  2025-06-14 16-04-31  1488  18926.9  -2561.77  1454.59  2441.49
161  192  2025-06-14 16-04-31  1489.6  18948.4  -2556.07  1454.64  2434.63
162  192  2025-06-14 16-04-31  1491.2  18970  -2550.51  1454.7  2440.62
163  192  2025-06-14 16-04-31  1492.8  18991.5  -2544.78  1454.76  2433.76
164  192  2025-06-14 16-04-31  1494.4  19013.1  -2539.2  1454.82  2439.75
165  192  2025-06-14 16-04-31  1496  19034.6  -2533.45  1454.88  2432.89
166  192  2025-06-14 16-04-31  1497.6  19056.2  -2527.84  1454.93  2438.88
167  192  2025-06-14 16-04-31  1499.2  19077.7  -2522.07  1454.99  2432.02
168  192  2025-06-14 16-04-31  1500.8  19099.3  -2516.44  1455.05  2438.01
169  192  2025-06-14 16-04-31  1502.4  19120.9  -2510.95  1455.11  2444.07
170  192  2025-06-14 16-04-31  1504  19142.5  -2505.3  1455.16  2437.27
171  192  2025-06-14 16-04-31  1505.6  19164.1  -2499.79  1455.22  2443.33
172  192  2025-06-14 16-04-31  1507.2  19185.7  -2494.11  1455.28  2436.53
173  192  2025-06-14 16-04-31  1508.8  19207.4  -2488.58  1455.34  2442.59
174  192  2025-06-14 16-04-31  1510.4  19229  -2482.89  1455.39  2435.79
175  192  2025-06-14 16-04-31  1512  19250.6  -2477.34  1455.45  2441.85
176  192  2025-06-14 16-04-31  1513.6  19272.2  -2471.63  1455.51  2435.04
177  192  2025-06-14 16-04-31  1515.2  19293.9  -2466.06  1455.57  2441.1
178  192  2025-06-14 16-04-31  1516.8  19315.6  -2460.63  1455.62  2447.23
179  192  2025-06-14 16-04-31  1518.4  19337.2  -2455.04  1455.68  2440.49
180  192  2025-06-14 16-04-31  1520  19358.9  -2449.59  1455.74  2446.61
181  192  2025-06-14 16-04-31  1521.6  19380.6  -2443.99  1455.8  2439.87
182  192  2025-06-14 16-04-31  1523.2  19402.3  -2438.52  1455.85  2446
183  192  2025-06-14 16-04-31  1524.8  19424  -2432.9  1455.91  2439.26
184  192  2025-06-14 16-04-31  1526.4  19445.7  -2427.42  1455.97  2445.38
185  192  2025-06-14 16-04-31  1528  19467.4  -2421.78  1456.03  2438.65
186  192  2025-06-14 16-04-31  1529.6  19489.1  -2416.28  1456.08  2444.77
187  192  2025-06-14 16-04-31  1531.2  19510.8  -2410.62  1456.14  2438.03
188  192  2025-06-14 16-04-31  1532.8  19532.5  -2405.11  1456.2  2444.16
189  192  2025-06-14 16-04-31  1534.4  19554.3  -2399.74  1456.26  2450.34
190  192  2025-06-14 16-04-31  1536  19576  -2394.21  1456.31  2443.67
191  192  2025-06-14 16-04-31  1537.6  19597.8  -2388.82  1456.37  2449.86
192  192  2025-06-14 16-04-31  1539.2  19619.6  -2383.28  1456.43  2443.18
193  192  2025-06-14 16-04-31  1540.8  19641.3  -2377.88  1456.49  2449.37
194  192  2025-06-14 16-04-31  1542.4  19663.1  -2372.32  1456.54  2442.7
195  192  2025-06-14 16-04-31  1544  19684.9  -2366.91  1456.6  2448.89
196  192  2025-06-14 16-04-31  1545.6  19706.7  -2361.34  1456.66  2442.21
197  192  2025-06-14 16-04-31  1547.2  19728.5  -2355.91  1456.72  2448.4
198  192  2025-06-14 16-04-31  1548.8  19750.2  -2350.32  1456.77  2441.72
199  192  2025-06-14 16-04-31  1550.4  19772.1  -2344.88  1456.83  2447.91
200  192  2025-06-14 16-04-31  1552  19793.9  -2339.59  1456.89  2454.17
201  192  2025-06-14 16-04-31  1553.6  19815.7  -2334.14  1456.95  2447.55
202  192  2025-06-14 16-04-31  1555.2  19837.6  -2328.83  1457  2453.81
203  192  2025-06-14 16-04-31  1556.8  19859.4  -2323.37  1457.06  2447.2
204  192  2025-06-14 16-04-31  1558.4  19881.3  -2318.05  1457.12  2453.45
205  192  2025-06-14 16-04-31  1560  19903.1  -2312.58  1457.18  2446.84
206  192  2025-06-14 16-04-31  1561.6  19925  -2307.25  1457.23  2453.09
207  192  2025-06-14 16-04-31  1563.2  19946.9  -2301.76  1457.29  2446.48
208  192  2025-06-14 16-04-31  1564.8  19968.8  -2296.42  1457.35  2452.73
209  192  2025-06-14 16-04-31  1566.4  19990.6  -2290.93  1457.41  2446.12
210  192  2025-06-14 16-04-31  1568  20012.5  -2285.58  1457.47  2452.37
211  192  2025-06-14 16-04-31  1569.6  20034.4  -2280.07  1457.52  2445.76
212  192  2025-06-14 16-04-31  1571.2  20056.3  -2274.71  1457.58  2452.02
213  192  2025-06-14 16-04-31  1572.8  20078.3  -2269.49  1457.64  2458.33
214  192  2025-06-14 16-04-31  1574.4  20100.2  -2264.12  1457.7  2451.78
215  192  2025-06-14 16-04-31  1576  20122.2  -2258.9  1457.75  2458.1
216  192  2025-06-14 16-04-31  1577.6  20144.2  -2253.84  1457.81  2464.48
217  192  2025-06-14 16-04-31  1579.2  20166.2  -2248.92  1457.87  2470.93
218  192  2025-06-14 16-04-31  1580.8  20188.3  -2244.16  1457.93  2477.44
219  192  2025-06-14 16-04-31  1582.4  20210.4  -2239.56  1457.98  2484.01
220  192  2025-06-14 16-04-31  1584  20232.6  -2235.12  1458.04  2490.65
221  192  2025-06-14 16-04-31  1585.6  20254.8  -2230.84  1458.1  2497.35
222  192  2025-06-14 16-04-31  1587.2  20277  -2226.72  1458.16  2504.11
223  192  2025-06-14 16-04-31  1588.8  20299.3  -2222.76  1458.21  2510.94
224  192  2025-06-14 16-04-31  1590.4  20321.6  -2218.98  1458.27  2517.83
225  192  2025-06-14 16-04-31  1592  20343.9  -2215.36  1458.33  2524.79
226  192  2025-06-14 16-04-31  1593.6  20366.3  -2211.91  1458.39  2531.81
227  192  2025-06-14 16-04-31  1595.2  20388.7  -2208.63  1458.44  2538.9
228  192  2025-06-14 16-04-31  1596.8  20411.2  -2205.53  1458.5  2546.04
229  192  2025-06-14 16-04-31  1598.4  20433.6  -2202.6  1458.56  2553.26
230  192  2025-06-14 16-04-31  1600  20456.1  -2199.86  1458.62  2560.53
231  192  2025-06-14 16-04-31  1601.6  20478.6  -2197.29  1458.67  2567.87
232  192  2025-06-14 16-04-31  1603.2  20501.2  -2194.9  1458.73  2575.28
233  192  2025-06-14 16-04-31  1604.8  20523.8  -2192.69  1458.79  2582.75
234  192  2025-06-14 16-04-31  1606.4  20546.4  -2190.68  1458.85  2590.28
235  192  2025-06-14 16-04-31  1608  20569  -2188.84  1458.9  2597.88
236  192  2025-06-14 16-04-31  1609.6  20591.6  -2187.2  1458.96  2605.54
237  192  2025-06-14 16-04-31  1611.2  20614.3  -2185.75  1459.02  2613.26
238  192  2025-06-14 16-04-31  1612.8  20636.9  -2184.48  1459.08  2621.05
239  192  2025-06-14 16-04-31  1614.4  20659.6  -2183.42  1459.13  2628.9
240  192  2025-06-14 16-04-31  1616  20682.3  -2182.54  1459.19  2636.82
241  192  2025-06-14 16-04-31  1617.6  20705  -2181.51  1459.25  2630.26
242  192  2025-06-14 16-04-31  1619.2  20727.7  -2180.67  1459.31  2638.16
243  192  2025-06-14 16-04-31  1620.8  20750.5  -2179.67  1459.36  2631.58
244  192  2025-06-14 16-04-31  1622.4  20773.2  -2178.5  1459.42  2624.92
245  192  2025-06-14 16-04-31  1624  20795.9  -2177.53  1459.48  2632.73
246  192  2025-06-14 16-04-31  1625.6  20818.6  -2176.39  1459.54  2626.05
247  192  2025-06-14 16-04-31  1627.2  20841.4  -2175.44  1459.59  2633.84
248  192  2025-06-14 16-04-31  1628.8  20864.1  -2174.33  1459.65  2627.15
249  192  2025-06-14 16-04-31  1630.4  20886.9  -2173.41  1459.71  2634.92
250  192  2025-06-14 16-04-31  1632  20909.6  -2172.32  1459.77  2628.21
251  192  2025-06-14 16-04-31  1633.6  20932.4  -2171.42  1459.82  2635.97
252  192  2025-06-14 16-04-31  1635.2  20955.1  -2170.36  1459.88  2629.25
253  192  2025-06-14 16-04-31  1636.8  20977.9  -2169.13  1459.94  2622.44
254  192  2025-06-14 16-04-31  1638.4  21000.7  -2168.09  1460  2630.1
255  192  2025-06-14 16-04-31  1640  21023.4  -2166.88  1460.06  2623.29
256  192  2025-06-14 16-04-31  1641.6  21046.2  -2165.86  1460.11  2630.93
257  192  2025-06-14 16-04-31  1643.2  21069  -2164.66  1460.17  2624.09
258  192  2025-06-14 16-04-31  1644.8  21091.8  -2163.66  1460.23  2631.72
259  192  2025-06-14 16-04-31  1646.4  21114.6  -2162.49  1460.29  2624.87
260  192  2025-06-14 16-04-31  1648  21137.4  -2161.5  1460.34  2632.48
261  192  2025-06-14 16-04-31  1649.6  21160.2  -2160.35  1460.4  2625.62
262  192  2025-06-14 16-04-31  1651.2  21183.1  -2159.38  1460.46  2633.21
263  192  2025-06-14 16-04-31  1652.8  21205.9  -2158.24  1460.52  2626.33
264  192  2025-06-14 16-04-31  1654.4  21228.7  -2157.3  1460.57  2633.91
265  192  2025-06-14 16-04-31  1656  21251.6  -2156.17  1460.63  2627.01
266  192  2025-06-14 16-04-31  1657.6  21274.4  -2154.88  1460.69  2620.03
267  192  2025-06-14 16-04-31  1659.2  21297.2  -2153.77  1460.75  2627.52
268  192  2025-06-14 16-04-31  1660.8  21320.1  -2152.48  1460.8  2620.52
269  192  2025-06-14 16-04-31  1662.4  21342.9  -2151.39  1460.86  2627.99
270  192  2025-06-14 16-04-31  1664  21365.8  -2150.11  1460.92  2620.98
271  192  2025-06-14 16-04-31  1665.6  21388.7  -2149.03  1460.98  2628.43
272  192  2025-06-14 16-04-31  1667.2  21411.5  -2147.76  1461.03  2621.41
273  192  2025-06-14 16-04-31  1668.8  21434.4  -2146.68  1461.09  2628.84
274  192  2025-06-14 16-04-31  1670.4  21457.3  -2145.43  1461.15  2621.8
275  192  2025-06-14 16-04-31  1672  21480.2  -2144.36  1461.21  2629.22
276  192  2025-06-14 16-04-31  1673.6  21503.1  -2143.11  1461.26  2622.16
277  192  2025-06-14 16-04-31  1675.2  21526  -2142.05  1461.32  2629.57
278  192  2025-06-14 16-04-31  1676.8  21548.9  -2140.82  1461.38  2622.49
279  192  2025-06-14 16-04-31  1678.4  21571.8  -2139.76  1461.44  2629.88
280  192  2025-06-14 16-04-31  1680  21594.7  -2138.53  1461.49  2622.79
281  192  2025-06-14 16-04-31  1681.6  21617.7  -2137.48  1461.55  2630.16
282  192  2025-06-14 16-04-31  1683.2  21640.6  -2136.26  1461.61  2623.05
283  192  2025-06-14 16-04-31  1684.8  21663.5  -2135.22  1461.67  2630.41
284  192  2025-06-14 16-04-31  1686.4  21686.5  -2134  1461.72  2623.29
285  192  2025-06-14 16-04-31  1688  21709.4  -2132.96  1461.78  2630.63
286  192  2025-06-14 16-04-31  1689.6  21732.4  -2131.74  1461.84  2623.49
287  192  2025-06-14 16-04-31  1691.2  21755.3  -2130.35  1461.9  2616.27
288  192  2025-06-14 16-04-31  1692.8  21778.3  -2129.13  1461.95  2623.52
289  192  2025-06-14 16-04-31  1694.4  21801.3  -2128.1  1462.01  2630.82
290  192  2025-06-14 16-04-31  1696  21824.3  -2127.25  1462.07  2638.2
291  192  2025-06-14 16-04-31  1697.6  21847.2  -2126.22  1461.98  2631.09
292  192  2025-06-14 16-04-31  1699.2  21870.2  -2125.38  1462.04  2638.45
293  192  2025-06-14 16-04-31  1700.8  21893.2  -2124.36  1461.95  2631.32
294  192  2025-06-14 16-04-31  1702.4  21916.2  -2123.53  1462.01  2638.66
295  192  2025-06-14 16-04-31  1704  21939.2  -2122.51  1461.93  2631.52
296  192  2025-06-14 16-04-31  1705.6  21962.1  -2121.68  1461.98  2638.85
297  192  2025-06-14 16-04-31  1707.2  21985.1  -2120.67  1461.9  2631.69
298  192  2025-06-14 16-04-31  1708.8  22008.1  -2119.84  1461.95  2639
299  192  2025-06-14 16-04-31  1710.4  22031.1  -2118.84  1461.87  2631.83
300  192  2025-06-14 16-04-31  1712  22054  -2118.01  1461.93  2639.12
301  192  2025-06-14 16-04-31  1713.6  22077  -2117.37  1461.98  2646.48
302  192  2025-06-14 16-04-31  1715.2  22100  -2116.92  1462.04  2653.9
303  192  2025-06-14 16-04-31  1716.8  22123  -2116.65  1462.1  2661.39
304  192  2025-06-14 16-04-31  1718.4  22146.1  -2116.57  1462.16  2668.94
305  192  2025-06-14 16-04-31  1720  22169.1  -2116.69  1462.21  2676.55
306  192  2025-06-14 16-04-31  1721.6  22192.1  -2116.63  1462.13  2669.68
307  192  2025-06-14 16-04-31  1723.2  22215.1  -2116.4  1462.04  2662.73
308  192  2025-06-14 16-04-31  1724.8  22238.1  -2115.99  1461.95  2655.71
309  192  2025-06-14 16-04-31  1726.4  22261.1  -2115.77  1462.01  2663.14
310  192  2025-06-14 16-04-31  1728  22284.1  -2115.73  1462.07  2670.64
311  192  2025-06-14 16-04-31  1729.6  22307.1  -2115.52  1461.98  2663.67
312  192  2025-06-14 16-04-31  1731.2  22330.1  -2115.14  1461.9  2656.61
313  192  2025-06-14 16-04-31  1732.8  22353.1  -2114.94  1461.95  2664.01
314  192  2025-06-14 16-04-31  1734.4  22376  -2114.56  1461.87  2656.94
315  192  2025-06-14 16-04-31  1736  22399  -2114.37  1461.93  2664.32
316  192  2025-06-14 16-04-31  1737.6  22422  -2114  1461.84  2657.23
317  192  2025-06-14 16-04-31  1739.2  22445  -2113.81  1461.9  2664.61
318  192  2025-06-14 16-04-31  1740.8  22468  -2113.81  1461.95  2672.04
319  192  2025-06-14 16-04-31  1742.4  22491  -2113.64  1461.87  2665
320  192  2025-06-14 16-04-31  1744  22514  -2113.28  1461.78  2657.88
321  192  2025-06-14 16-04-31  1745.6  22537  -2113.11  1461.84  2665.22
322  192  2025-06-14 16-04-31  1747.2  22559.9  -2112.76  1461.75  2658.08
323  192  2025-06-14 16-04-31  1748.8  22582.9  -2112.6  1461.81  2665.4
324  192  2025-06-14 16-04-31  1750.4  22605.9  -2112.62  1461.87  2672.79
325  192  2025-06-14 16-04-31  1752  22628.9  -2112.46  1461.78  2665.7
326  192  2025-06-14 16-04-31  1753.6  22651.8  -2112.12  1461.7  2658.53
327  192  2025-06-14 16-04-31  1755.2  22674.8  -2111.97  1461.75  2665.82
328  192  2025-06-14 16-04-31  1756.8  22697.8  -2112  1461.81  2673.18
329  192  2025-06-14 16-04-31  1758.4  22720.8  -2111.85  1461.72  2666.06
330  192  2025-06-14 16-04-31  1760  22743.7  -2111.52  1461.64  2658.85
331  192  2025-06-14 16-04-31  1761.6  22766.7  -2111.37  1461.7  2666.11
332  192  2025-06-14 16-04-31  1763.2  22789.7  -2111.41  1461.75  2673.44
333  192  2025-06-14 16-04-31  1764.8  22812.6  -2111.26  1461.67  2666.28
334  192  2025-06-14 16-04-31  1766.4  22835.6  -2110.94  1461.58  2659.05
335  192  2025-06-14 16-04-31  1768  22858.6  -2110.8  1461.64  2666.28
336  192  2025-06-14 16-04-31  1769.6  22881.5  -2110.84  1461.7  2673.57
337  192  2025-06-14 16-04-31  1771.2  22904.5  -2110.69  1461.61  2666.38
338  192  2025-06-14 16-04-31  1772.8  22927.4  -2110.37  1461.52  2659.11
339  192  2025-06-14 16-04-31  1774.4  22950.4  -2110.23  1461.58  2666.31
340  192  2025-06-14 16-04-31  1776  22973.3  -2109.9  1461.49  2659.03
341  192  2025-06-14 16-04-31  1777.6  22996.3  -2109.76  1461.55  2666.21
342  192  2025-06-14 16-04-31  1779.2  23019.3  -2109.8  1461.61  2673.45
343  192  2025-06-14 16-04-31  1780.8  23042.2  -2109.65  1461.52  2666.22
344  192  2025-06-14 16-04-31  1782.4  23065.1  -2109.32  1461.44  2658.9
345  192  2025-06-14 16-04-31  1784  23088.1  -2109.17  1461.49  2666.05
346  192  2025-06-14 16-04-31  1785.6  23111  -2108.84  1461.41  2658.72
347  192  2025-06-14 16-04-31  1787.2  23134  -2108.69  1461.47  2665.85
348  192  2025-06-14 16-04-31  1788.8  23156.9  -2108.72  1461.52  2673.05
349  192  2025-06-14 16-04-31  1790.4  23179.9  -2108.56  1461.44  2665.77
350  192  2025-06-14 16-04-31  1792  23202.8  -2108.22  1461.35  2658.4
351  192  2025-06-14 16-04-31  1793.6  23225.7  -2108.06  1461.41  2665.51
352  192  2025-06-14 16-04-31  1795.2  23248.7  -2107.71  1461.32  2658.13
353  192  2025-06-14 16-04-31  1796.8  23271.6  -2107.54  1461.38  2665.21
354  192  2025-06-14 16-04-31  1798.4  23294.5  -2107.18  1461.29  2657.82
355  192  2025-06-14 16-04-31  1800  23317.5  -2107.01  1461.35  2664.88
356  192  2025-06-14 16-04-31  1801.6  23340.4  -2107.01  1461.41  2672.02
357  192  2025-06-14 16-04-31  1803.2  23363.3  -2106.82  1461.32  2664.67
358  192  2025-06-14 16-04-31  1804.8  23386.3  -2106.82  1461.38  2671.79
359  192  2025-06-14 16-04-31  1806.4  23409.2  -2106.63  1461.29  2664.42
360  192  2025-06-14 16-04-31  1808  23432.2  -2106.62  1461.35  2671.52
361  192  2025-06-14 16-04-31  1809.6  23455.1  -2106.42  1461.26  2664.14
362  192  2025-06-14 16-04-31  1811.2  23478  -2106.4  1461.32  2671.23
363  192  2025-06-14 16-04-31  1812.8  23500.9  -2106.2  1461.24  2663.83
364  192  2025-06-14 16-04-31  1814.4  23523.9  -2106.17  1461.29  2670.9
365  192  2025-06-14 16-04-31  1816  23546.8  -2105.96  1461.21  2663.49
366  192  2025-06-14 16-04-31  1817.6  23569.7  -2105.92  1461.26  2670.54
367  192  2025-06-14 16-04-31  1819.2  23592.6  -2105.7  1461.18  2663.12
368  192  2025-06-14 16-04-31  1820.8  23615.5  -2105.65  1461.24  2670.15
369  192  2025-06-14 16-04-31  1822.4  23638.5  -2105.42  1461.15  2662.71
370  192  2025-06-14 16-04-31  1824  23661.4  -2105.36  1461.21  2669.73
371  192  2025-06-14 16-04-31  1825.6  23684.3  -2105.12  1461.12  2662.27
372  192  2025-06-14 16-04-31  1827.2  23707.2  -2105.05  1461.18  2669.28
373  192  2025-06-14 16-04-31  1828.8  23730.1  -2104.8  1461.09  2661.8
374  192  2025-06-14 16-04-31  1830.4  23753  -2104.72  1461.15  2668.79
375  192  2025-06-14 16-04-31  1832  23775.9  -2104.45  1461.06  2661.3
376  192  2025-06-14 16-04-31  1833.6  23798.8  -2104.36  1461.12  2668.27
377  192  2025-06-14 16-04-31  1835.2  23821.7  -2104.08  1461.03  2660.77
378  192  2025-06-14 16-04-31  1836.8  23844.7  -2103.97  1461.09  2667.72
379  192  2025-06-14 16-04-31  1838.4  23867.6  -2103.67  1461  2660.2
380  192  2025-06-14 16-04-31  1840  23890.5  -2103.55  1461.06  2667.14
381  192  2025-06-14 16-04-31  1841.6  23913.4  -2103.61  1461.12  2674.14
382  192  2025-06-14 16-04-31  1843.2  23936.3  -2103.47  1461.03  2666.67
383  192  2025-06-14 16-04-31  1844.8  23959.2  -2103.15  1460.95  2659.11
384  192  2025-06-14 16-04-31  1846.4  23982.1  -2103  1461  2666.02
385  192  2025-06-14 16-04-31  1848  24005  -2103.03  1461.06  2673
386  192  2025-06-14 16-04-31  1849.6  24027.9  -2102.86  1460.98  2665.49
387  192  2025-06-14 16-04-31  1851.2  24050.8  -2102.88  1461.03  2672.45
388  192  2025-06-14 16-04-31  1852.8  24073.7  -2102.7  1460.95  2664.92
389  192  2025-06-14 16-04-31  1854.4  24096.6  -2102.7  1461  2671.86
390  192  2025-06-14 16-04-31  1856  24119.5  -2102.5  1460.92  2664.32
391  192  2025-06-14 16-04-31  1857.6  24142.4  -2102.48  1460.98  2671.25
392  192  2025-06-14 16-04-31  1859.2  24165.2  -2102.28  1460.89  2663.69
393  192  2025-06-14 16-04-31  1860.8  24188.1  -2102.24  1460.95  2670.6
394  192  2025-06-14 16-04-31  1862.4  24211  -2102.02  1460.86  2663.03
395  192  2025-06-14 16-04-31  1864  24233.9  -2101.97  1460.92  2669.92
396  192  2025-06-14 16-04-31  1865.6  24256.8  -2101.73  1460.83  2662.34
397  192  2025-06-14 16-04-31  1867.2  24279.7  -2101.66  1460.89  2669.21
398  192  2025-06-14 16-04-31  1868.8  24302.6  -2101.4  1460.8  2661.61
399  192  2025-06-14 16-04-31  1870.4  24325.5  -2101.31  1460.86  2668.47
400  192  2025-06-14 16-04-31  1872  24348.3  -2101.03  1460.77  2660.85
401  192  2025-06-14 16-04-31  1873.6  24371.2  -2100.92  1460.83  2667.7
402  192  2025-06-14 16-04-31  1875.2  24394.1  -2101.03  1460.89  2676.22
403  192  2025-06-14 16-04-31  1876.8  24417  -2100.95  1460.8  2668.67
404  192  2025-06-14 16-04-31  1878.4  24439.9  -2100.67  1460.72  2661.03
405  192  2025-06-14 16-04-31  1880  24462.7  -2100.61  1460.77  2669.48
406  192  2025-06-14 16-04-31  1881.6  24485.6  -2100.35  1460.69  2661.84
407  192  2025-06-14 16-04-31  1883.2  24508.5  -2100.31  1460.75  2670.29
408  192  2025-06-14 16-04-31  1884.8  24531.3  -2100.08  1460.66  2662.65
409  192  2025-06-14 16-04-31  1886.4  24554.2  -2100.06  1460.72  2671.09
410  192  2025-06-14 16-04-31  1888  24577.1  -2099.84  1460.63  2663.46
411  192  2025-06-14 16-04-31  1889.6  24599.9  -2099.84  1460.69  2671.9
412  192  2025-06-14 16-04-31  1891.2  24622.8  -2099.65  1460.6  2664.27
413  192  2025-06-14 16-04-31  1892.8  24645.6  -2099.26  1460.52  2656.55
414  192  2025-06-14 16-04-31  1894.4  24668.5  -2099.05  1460.57  2663.3
415  192  2025-06-14 16-04-31  1896  24691.3  -2098.64  1460.49  2655.57
416  192  2025-06-14 16-04-31  1897.6  24714.2  -2098.4  1460.54  2662.3
417  192  2025-06-14 16-04-31  1899.2  24737.1  -2098.36  1460.6  2670.72
418  192  2025-06-14 16-04-31  1900.8  24759.9  -2098.14  1460.52  2663.05
419  192  2025-06-14 16-04-31  1902.4  24782.8  -2098.13  1460.57  2671.46
420  192  2025-06-14 16-04-31  1904  24805.6  -2097.92  1460.49  2663.8
421  192  2025-06-14 16-04-31  1905.6  24828.5  -2097.93  1460.54  2672.21
422  192  2025-06-14 16-04-31  1907.2  24851.3  -2097.74  1460.46  2664.54
423  192  2025-06-14 16-04-31  1908.8  24874.2  -2097.36  1460.37  2656.79
424  192  2025-06-14 16-04-31  1910.4  24897  -2097.19  1460.43  2665.13
425  192  2025-06-14 16-04-31  1912  24919.8  -2096.83  1460.34  2657.38
426  192  2025-06-14 16-04-31  1913.6  24942.7  -2096.67  1460.4  2665.71
427  192  2025-06-14 16-04-31  1915.2  24965.5  -2096.32  1460.31  2657.96
428  192  2025-06-14 16-04-31  1916.8  24988.3  -2096.18  1460.37  2666.3
429  192  2025-06-14 16-04-31  1918.4  25011.2  -2095.84  1460.29  2658.55
430  192  2025-06-14 16-04-31  1920  25034  -2095.72  1460.34  2666.88
431  192  2025-06-14 16-04-31  1921.6  25056.8  -2095.8  1460.4  2675.3
432  192  2025-06-14 16-04-31  1923.2  25079.7  -2095.69  1460.31  2667.63
433  192  2025-06-14 16-04-31  1924.8  25102.5  -2095.39  1460.23  2659.88
434  192  2025-06-14 16-04-31  1926.4  25125.3  -2095.29  1460.29  2668.21
435  192  2025-06-14 16-04-31  1928  25148.1  -2095.01  1460.2  2660.47
436  192  2025-06-14 16-04-31  1929.6  25171  -2094.93  1460.26  2668.8
437  192  2025-06-14 16-04-31  1931.2  25193.8  -2094.65  1460.17  2661.05
438  192  2025-06-14 16-04-31  1932.8  25216.6  -2094.59  1460.23  2669.39
439  192  2025-06-14 16-04-31  1934.4  25239.4  -2094.33  1460.14  2661.64
440  192  2025-06-14 16-04-31  1936  25262.2  -2094.28  1460.2  2669.97
441  192  2025-06-14 16-04-31  1937.6  25285  -2094.04  1460.11  2662.22
442  192  2025-06-14 16-04-31  1939.2  25307.9  -2094  1460.17  2670.56
443  192  2025-06-14 16-04-31  1940.8  25330.7  -2093.77  1460.08  2662.81
444  192  2025-06-14 16-04-31  1942.4  25353.5  -2093.35  1460  2654.98
445  192  2025-06-14 16-04-31  1944  25376.3  -2093.13  1460.06  2663.23
446  192  2025-06-14 16-04-31  1945.6  25399.1  -2093.12  1460.11  2671.57
447  192  2025-06-14 16-04-31  1947.2  25421.9  -2092.92  1460.03  2663.82
448  192  2025-06-14 16-04-31  1948.8  25444.7  -2092.92  1460.08  2672.15
449  192  2025-06-14 16-04-31  1950.4  25467.5  -2092.73  1460  2664.41
450  192  2025-06-14 16-04-31  1952  25490.3  -2092.35  1459.91  2656.58
451  192  2025-06-14 16-04-31  1953.6  25513.1  -2092.17  1459.97  2664.83
452  192  2025-06-14 16-04-31  1955.2  25535.8  -2091.8  1459.88  2657
453  192  2025-06-14 16-04-31  1956.8  25558.6  -2091.63  1459.94  2665.26
454  192  2025-06-14 16-04-31  1958.4  25581.4  -2091.67  1460  2673.59
455  192  2025-06-14 16-04-31  1960  25604.2  -2091.52  1459.91  2665.84
456  192  2025-06-14 16-04-31  1961.6  25627  -2091.17  1459.82  2658.02
457  192  2025-06-14 16-04-31  1963.2  25649.8  -2091.03  1459.88  2666.27
458  192  2025-06-14 16-04-31  1964.8  25672.6  -2090.69  1459.8  2658.44
459  192  2025-06-14 16-04-31  1966.4  25695.4  -2090.56  1459.85  2666.69
460  192  2025-06-14 16-04-31  1968  25718.1  -2090.23  1459.77  2658.87
461  192  2025-06-14 16-04-31  1969.6  25740.9  -2090.11  1459.82  2667.12
462  192  2025-06-14 16-04-31  1971.2  25763.7  -2090.2  1459.88  2675.45
463  192  2025-06-14 16-04-31  1972.8  25786.5  -2090.09  1459.8  2667.7
464  192  2025-06-14 16-04-31  1974.4  25809.3  -2089.79  1459.71  2659.88
465  192  2025-06-14 16-04-31  1976  25832  -2089.29  1459.62  2651.97
466  192  2025-06-14 16-04-31  1977.6  25854.8  -2089  1459.68  2660.14
467  192  2025-06-14 16-04-31  1979.2  25877.6  -2088.91  1459.74  2668.4
468  192  2025-06-14 16-04-31  1980.8  25900.3  -2088.62  1459.65  2660.57
469  192  2025-06-14 16-04-31  1982.4  25923.1  -2088.54  1459.71  2668.82
470  192  2025-06-14 16-04-31  1984  25945.8  -2088.27  1459.62  2660.99
471  192  2025-06-14 16-04-31  1985.6  25968.6  -2088.2  1459.68  2669.25
472  192  2025-06-14 16-04-31  1987.2  25991.4  -2087.94  1459.59  2661.42
473  192  2025-06-14 16-04-31  1988.8  26014.1  -2087.88  1459.65  2669.67
474  192  2025-06-14 16-04-31  1990.4  26036.9  -2087.63  1459.57  2661.85
475  192  2025-06-14 16-04-31  1992  26059.7  -2087.58  1459.62  2670.1
476  192  2025-06-14 16-04-31  1993.6  26082.4  -2087.34  1459.54  2662.27
477  192  2025-06-14 16-04-31  1995.2  26105.1  -2086.9  1459.45  2654.36
478  192  2025-06-14 16-04-31  1996.8  26127.9  -2086.67  1459.51  2662.54
479  192  2025-06-14 16-04-31  1998.4  26150.7  -2086.64  1459.57  2670.79
480  192  2025-06-14 16-04-31  2000  26173.4  -2086.42  1459.48  2662.96
481  192  2025-06-14 16-04-31  2001.6  26196.1  -2085.99  1459.39  2655.05
482  192  2025-06-14 16-04-31  2003.2  26218.9  -2085.78  1459.45  2663.23
483  192  2025-06-14 16-04-31  2004.8  26241.6  -2085.76  1459.51  2671.48
484  192  2025-06-14 16-04-31  2006.4  26264.4  -2085.56  1459.42  2663.65
485  192  2025-06-14 16-04-31  2008  26287.1  -2085.15  1459.34  2655.75
486  192  2025-06-14 16-04-31  2009.6  26309.8  -2084.95  1459.39  2663.92
487  192  2025-06-14 16-04-31  2011.2  26332.6  -2084.56  1459.31  2656.01
488  192  2025-06-14 16-04-31  2012.8  26355.3  -2084.36  1459.36  2664.18
489  192  2025-06-14 16-04-31  2014.4  26378  -2084.37  1459.42  2672.44
490  192  2025-06-14 16-04-31  2016  26400.8  -2084.19  1459.34  2664.61
491  192  2025-06-14 16-04-31  2017.6  26423.5  -2083.81  1459.25  2656.7
492  192  2025-06-14 16-04-31  2019.2  26446.2  -2083.64  1459.31  2664.88
493  192  2025-06-14 16-04-31  2020.8  26468.9  -2083.26  1459.22  2656.97
494  192  2025-06-14 16-04-31  2022.4  26491.7  -2083.09  1459.28  2665.14
495  192  2025-06-14 16-04-31  2024  26514.4  -2082.73  1459.19  2657.23
496  192  2025-06-14 16-04-31  2025.6  26537.1  -2082.56  1459.25  2665.41
497  192  2025-06-14 16-04-31  2027.2  26559.8  -2082.2  1459.16  2657.5
498  192  2025-06-14 16-04-31  2028.8  26582.6  -2082.05  1459.22  2665.67
499  192  2025-06-14 16-04-31  2030.4  26605.3  -2081.69  1459.13  2657.76
500  192  2025-06-14 16-04-31  2032  26628  -2081.54  1459.19  2665.94
501  192  2025-06-14 16-04-31  2033.6  26650.7  -2081.2  1459.11  2658.03
502  192  2025-06-14 16-04-31  2035.2  26673.4  -2081.05  1459.16  2666.2
503  192  2025-06-14 16-04-31  2036.8  26696.1  -2080.71  1459.08  2658.3
504  192  2025-06-14 16-04-31  2038.4  26718.8  -2080.58  1459.13  2666.47
505  192  2025-06-14 16-04-31  2040  26741.5  -2080.24  1459.05  2658.56
506  192  2025-06-14 16-04-31  2041.6  26764.2  -2080.11  1459.11  2666.73
507  192  2025-06-14 16-04-31  2043.2  26786.9  -2079.79  1459.02  2658.83
508  192  2025-06-14 16-04-31  2044.8  26809.6  -2079.66  1459.08  2667
509  192  2025-06-14 16-04-31  2046.4  26832.3  -2079.34  1458.99  2659.09
510  192  2025-06-14 16-04-31  2048  26855  -2079.23  1459.05  2667.26
511  192  2025-06-14 16-04-31  2049.6  26877.7  -2078.91  1458.96  2659.36
512  192  2025-06-14 16-04-31  2051.2  26900.4  -2078.8  1459.02  2667.53
513  192  2025-06-14 16-04-31  2052.8  26923.1  -2078.5  1458.93  2659.62
514  192  2025-06-14 16-04-31  2054.4  26945.8  -2078.39  1458.99  2667.8
515  192  2025-06-14 16-04-31  2056  26968.5  -2078.09  1458.9  2659.89
516  192  2025-06-14 16-04-31  2057.6  26991.2  -2077.6  1458.82  2651.9
517  192  2025-06-14 16-04-31  2059.2  27013.9  -2077.3  1458.88  2659.99
518  192  2025-06-14 16-04-31  2060.8  27036.6  -2077.2  1458.93  2668.17
519  192  2025-06-14 16-04-31  2062.4  27059.3  -2076.91  1458.85  2660.26
520  192  2025-06-14 16-04-31  2064  27081.9  -2076.83  1458.9  2668.43
521  192  2025-06-14 16-04-31  2065.6  27104.6  -2076.54  1458.82  2660.52
522  192  2025-06-14 16-04-31  2067.2  27127.3  -2076.46  1458.88  2668.7
523  192  2025-06-14 16-04-31  2068.8  27150  -2076.18  1458.79  2660.79
524  192  2025-06-14 16-04-31  2070.4  27172.7  -2076.11  1458.85  2668.96
525  192  2025-06-14 16-04-31  2072  27195.3  -2075.84  1458.76  2661.06
526  192  2025-06-14 16-04-31  2073.6  27218  -2075.77  1458.82  2669.23
527  192  2025-06-14 16-04-31  2075.2  27240.7  -2075.5  1458.73  2661.32
528  192  2025-06-14 16-04-31  2076.8  27263.4  -2075.44  1458.79  2669.49
529  192  2025-06-14 16-04-31  2078.4  27286.1  -2075.18  1458.7  2661.59
530  192  2025-06-14 16-04-31  2080  27308.7  -2074.73  1458.62  2653.6
531  192  2025-06-14 16-04-31  2081.6  27331.4  -2074.47  1458.67  2661.69
532  192  2025-06-14 16-04-31  2083.2  27354  -2074.42  1458.73  2669.87
533  192  2025-06-14 16-04-31  2084.8  27376.7  -2074.17  1458.64  2661.96
534  192  2025-06-14 16-04-31  2086.4  27399.4  -2073.73  1458.56  2653.97
535  192  2025-06-14 16-04-31  2088  27422  -2073.48  1458.62  2662.06
536  192  2025-06-14 16-04-31  2089.6  27444.7  -2073.04  1458.53  2654.08
537  192  2025-06-14 16-04-31  2091.2  27467.3  -2072.8  1458.59  2662.17
538  192  2025-06-14 16-04-31  2092.8  27490  -2072.76  1458.64  2670.34
539  192  2025-06-14 16-04-31  2094.4  27512.6  -2072.52  1458.56  2662.43
540  192  2025-06-14 16-04-31  2096  27535.3  -2072.09  1458.47  2654.45
541  192  2025-06-14 16-04-31  2097.6  27557.9  -2071.85  1458.53  2662.54
542  192  2025-06-14 16-04-31  2099.2  27580.6  -2071.82  1458.59  2670.71
543  192  2025-06-14 16-04-31  2100.8  27603.2  -2071.59  1458.5  2662.81
544  192  2025-06-14 16-04-31  2102.4  27625.9  -2071.17  1458.41  2654.82
545  192  2025-06-14 16-04-31  2104  27648.5  -2070.94  1458.47  2662.91
546  192  2025-06-14 16-04-31  2105.6  27671.2  -2070.52  1458.39  2654.92
547  192  2025-06-14 16-04-31  2107.2  27693.8  -2070.3  1458.44  2663.02
