SN    USVID    CurTime    simTime    CurX    CurY    CurVel      CurYaw   
0  128  2025-06-09 22-17-57  0  8  4.89843e-16  192  2672
1  128  2025-06-09 22-17-57  1.6  128.006  9.80038e-16  192.058  2672
2  128  2025-06-09 22-17-57  3.2  136.017  1.47058e-15  192.115  2672
3  128  2025-06-09 22-17-57  4.8  144.035  1.96148e-15  192.173  2672
4  128  2025-06-09 22-17-57  6.4  152.058  2.45274e-15  192.23  2672
5  128  2025-06-09 22-17-57  8  160.086  2.94434e-15  192.288  2672
6  128  2025-06-09 22-17-57  9.6  168.121  3.4363e-15  192.345  2672
7  128  2025-06-09 22-17-57  11.2  176.161  3.92861e-15  192.403  2672
8  128  2025-06-09 22-17-57  12.8  184.207  4.42127e-15  192.46  2672
9  128  2025-06-09 22-17-57  14.4  192.259  4.91428e-15  192.518  2672
10  128  2025-06-09 22-17-57  128  200.317  5.40765e-15  192.576  2672
11  128  2025-06-09 22-17-57  129.6  208.38  5.90137e-15  192.633  2672
12  128  2025-06-09 22-17-57  131.2  216.449  6.39544e-15  192.691  2672
13  128  2025-06-09 22-17-57  132.8  224.524  6.88987e-15  192.748  2672
14  128  2025-06-09 22-17-57  134.4  232.604  7.38464e-15  192.806  2672
15  128  2025-06-09 22-17-57  136  240.691  7.87977e-15  192.863  2672
16  128  2025-06-09 22-17-57  137.6  248.783  8.37525e-15  192.921  2672
17  128  2025-06-09 22-17-57  139.2  256.881  8.87109e-15  192.978  2672
18  128  2025-06-09 22-17-57  140.8  264.984  9.36727e-15  193.036  2672
19  128  2025-06-09 22-17-57  142.4  1393.09  9.86381e-15  193.094  2672
20  128  2025-06-09 22-17-57  144  1401.21  1.03607e-14  193.151  2672
21  128  2025-06-09 22-17-57  145.6  1409.33  1.08579e-14  193.209  2672
22  128  2025-06-09 22-17-57  147.2  1417.46  1.13555e-14  193.266  2672
23  128  2025-06-09 22-17-57  148.8  1425.59  1.18535e-14  193.324  2672
24  128  2025-06-09 22-17-57  150.4  1433.73  1.23518e-14  193.381  2672
25  128  2025-06-09 22-17-57  152  1441.87  1.28504e-14  193.439  2672
26  128  2025-06-09 22-17-57  153.6  1450.02  1.33494e-14  193.496  2672
27  128  2025-06-09 22-17-57  155.2  1458.18  1.38488e-14  193.554  2672
28  128  2025-06-09 22-17-57  156.8  1466.34  1.43485e-14  193.612  2672
29  128  2025-06-09 22-17-57  158.4  1474.5  1.48486e-14  193.669  2672
30  128  2025-06-09 22-17-57  160  1482.68  1.5349e-14  193.727  2672
31  128  2025-06-09 22-17-57  161.6  1490.85  1.58498e-14  193.784  2672
32  128  2025-06-09 22-17-57  163.2  1499.04  1.63509e-14  193.842  2672
33  128  2025-06-09 22-17-57  164.8  1507.23  1.68524e-14  193.899  2672
34  128  2025-06-09 22-17-57  166.4  1515.42  1.73542e-14  193.957  2672
35  128  2025-06-09 22-17-57  168  1523.63  1.78564e-14  194.014  2672
36  128  2025-06-09 22-17-57  169.6  1531.83  1.83589e-14  194.072  2672
37  128  2025-06-09 22-17-57  171.2  1540.05  1.88618e-14  194.13  2672
38  128  2025-06-09 22-17-57  172.8  1548.26  1.9365e-14  194.187  2672
39  128  2025-06-09 22-17-57  174.4  1556.49  1.98686e-14  194.245  2672
40  128  2025-06-09 22-17-57  176  1564.72  2.03725e-14  194.302  2672
41  128  2025-06-09 22-17-57  177.6  1572.96  2.08768e-14  194.36  2672
42  128  2025-06-09 22-17-57  179.2  1581.2  2.13815e-14  194.417  2672
43  128  2025-06-09 22-17-57  180.8  1589.44  2.18865e-14  194.475  2672
44  128  2025-06-09 22-17-57  182.4  1597.7  2.23918e-14  194.532  2672
45  128  2025-06-09 22-17-57  184  1605.96  2.28975e-14  194.59  2672
46  128  2025-06-09 22-17-57  185.6  1614.22  2.34036e-14  194.648  2672
47  128  2025-06-09 22-17-57  187.2  1622.49  2.391e-14  194.705  2672
48  128  2025-06-09 22-17-57  188.8  1630.77  2.44167e-14  194.763  2672
49  128  2025-06-09 22-17-57  190.4  1639.05  2.49238e-14  194.82  2672
50  128  2025-06-09 22-17-57  192  1647.34  2.54313e-14  194.878  2672
51  128  2025-06-09 22-17-57  193.6  1655.63  2.59391e-14  194.935  2672
52  128  2025-06-09 22-17-57  195.2  1663.93  2.64473e-14  194.993  2672
53  128  2025-06-09 22-17-57  196.8  1672.24  2.69558e-14  195.05  2672
54  128  2025-06-09 22-17-57  198.4  1680.55  2.74647e-14  195.108  2672
55  128  2025-06-09 22-17-57  200  1688.86  2.79739e-14  195.166  2672
56  128  2025-06-09 22-17-57  201.6  1697.19  2.84835e-14  195.223  2672
57  128  2025-06-09 22-17-57  203.2  1705.51  2.89934e-14  195.281  2672
58  128  2025-06-09 22-17-57  204.8  1713.85  2.95037e-14  195.338  2672
59  128  2025-06-09 22-17-57  206.4  1722.19  3.00143e-14  195.396  2672
60  128  2025-06-09 22-17-57  208  1730.53  3.05253e-14  195.453  2672
61  128  2025-06-09 22-17-57  209.6  1738.88  3.10367e-14  195.511  2672
62  128  2025-06-09 22-17-57  211.2  1747.24  3.15484e-14  195.568  2672
63  128  2025-06-09 22-17-57  212.8  1755.6  3.20604e-14  195.626  2672
64  128  2025-06-09 22-17-57  214.4  1763.97  3.25728e-14  195.684  2672
65  128  2025-06-09 22-17-57  216  1772.35  3.30855e-14  195.741  2672
66  128  2025-06-09 22-17-57  217.6  1780.73  3.35986e-14  195.799  2672
67  128  2025-06-09 22-17-57  219.2  1789.11  3.41121e-14  195.856  2672
68  128  2025-06-09 22-17-57  220.8  1797.5  3.46259e-14  195.914  2672
69  128  2025-06-09 22-17-57  222.4  1805.9  3.51401e-14  195.971  2672
70  128  2025-06-09 22-17-57  224  1814.3  3.56546e-14  196.029  2672
71  128  2025-06-09 22-17-57  225.6  1822.71  3.61694e-14  196.086  2672
72  128  2025-06-09 22-17-57  227.2  1831.13  3.66847e-14  196.144  2672
73  128  2025-06-09 22-17-57  228.8  1839.55  3.72002e-14  196.202  2672
74  128  2025-06-09 22-17-57  230.4  1847.97  3.77162e-14  196.259  2672
75  128  2025-06-09 22-17-57  232  1856.4  3.82324e-14  196.317  2672
76  128  2025-06-09 22-17-57  233.6  1864.84  3.87491e-14  196.374  2672
77  128  2025-06-09 22-17-57  235.2  1873.28  3.9266e-14  196.432  2672
78  128  2025-06-09 22-17-57  236.8  1881.73  3.97834e-14  196.489  2672
79  128  2025-06-09 22-17-57  238.4  1890.19  4.0301e-14  196.547  2672
80  128  2025-06-09 22-17-57  240  1898.65  4.08191e-14  196.604  2672
81  128  2025-06-09 22-17-57  241.6  1907.11  4.13375e-14  196.662  2672
82  128  2025-06-09 22-17-57  243.2  1915.59  4.18562e-14  196.72  2672
83  128  2025-06-09 22-17-57  244.8  1924.06  4.23753e-14  196.777  2672
84  128  2025-06-09 22-17-57  246.4  1932.55  4.28947e-14  196.835  2672
85  128  2025-06-09 22-17-57  248  1941.04  4.34145e-14  196.892  2672
86  128  2025-06-09 22-17-57  249.6  1949.53  4.39347e-14  196.95  2672
87  128  2025-06-09 22-17-57  251.2  1958.03  4.44552e-14  197.007  2672
88  128  2025-06-09 22-17-57  252.8  1966.54  4.49761e-14  197.065  2672
89  128  2025-06-09 22-17-57  254.4  1975.05  4.54973e-14  197.122  2672
90  128  2025-06-09 22-17-57  256  1983.57  4.60188e-14  197.18  2672
91  128  2025-06-09 22-17-57  257.6  1992.09  4.65407e-14  197.238  2672
92  128  2025-06-09 22-17-57  259.2  2000.62  4.7063e-14  197.295  2672
93  128  2025-06-09 22-17-57  260.8  2009.16  4.75856e-14  197.353  2672
94  128  2025-06-09 22-17-57  262.4  2017.7  4.81086e-14  197.41  2672
95  128  2025-06-09 22-17-57  264  2026.25  4.86319e-14  197.468  2672
96  128  2025-06-09 22-17-57  265.6  2034.8  4.91556e-14  197.525  2672
97  128  2025-06-09 22-17-57  267.2  2043.36  4.96796e-14  197.583  2672
98  128  2025-06-09 22-17-57  268.8  2051.92  5.0204e-14  197.641  2672
99  128  2025-06-09 22-17-57  270.4  2060.49  5.07287e-14  197.698  2672
100  128  2025-06-09 22-17-57  1392  2069.07  5.12538e-14  197.756  2672
101  128  2025-06-09 22-17-57  1393.6  2077.65  5.17792e-14  197.813  2672
102  128  2025-06-09 22-17-57  1395.2  2086.23  5.2305e-14  197.871  2672
103  128  2025-06-09 22-17-57  1396.8  2094.83  5.28312e-14  197.928  2672
104  128  2025-06-09 22-17-57  1398.4  2103.43  5.33577e-14  197.986  2672
105  128  2025-06-09 22-17-57  1400  2112.03  5.38845e-14  198.043  2672
106  128  2025-06-09 22-17-57  1401.6  2120.64  5.44117e-14  198.101  2672
107  128  2025-06-09 22-17-57  1403.2  2129.26  5.49393e-14  198.159  2672
108  128  2025-06-09 22-17-57  1404.8  2137.88  5.54672e-14  198.216  2672
109  128  2025-06-09 22-17-57  1406.4  2146.5  5.59954e-14  198.274  2672
110  128  2025-06-09 22-17-57  1408  2155.14  5.6524e-14  198.331  2672
111  128  2025-06-09 22-17-57  1409.6  2163.78  5.7053e-14  198.389  2672
112  128  2025-06-09 22-17-57  1411.2  2172.42  5.75823e-14  198.446  2672
113  128  2025-06-09 22-17-57  1412.8  2181.07  5.8112e-14  198.504  2672
114  128  2025-06-09 22-17-57  1414.4  2189.73  5.8642e-14  198.561  2672
115  128  2025-06-09 22-17-57  1416  2198.39  5.91724e-14  198.619  2672
116  128  2025-06-09 22-17-57  1417.6  2207.06  5.97031e-14  198.677  2672
117  128  2025-06-09 22-17-57  1419.2  2215.73  6.02342e-14  198.734  2672
118  128  2025-06-09 22-17-57  1420.8  2224.41  6.07656e-14  198.792  2672
119  128  2025-06-09 22-17-57  1422.4  2233.1  6.12974e-14  198.849  2672
120  128  2025-06-09 22-17-57  1424  2241.79  6.18295e-14  198.907  2672
121  128  2025-06-09 22-17-57  1425.6  2250.48  6.2362e-14  198.964  2672
122  128  2025-06-09 22-17-57  1427.2  2259.18  6.28948e-14  199.022  2672
123  128  2025-06-09 22-17-57  1428.8  2267.89  6.3428e-14  199.079  2672
124  128  2025-06-09 22-17-57  1430.4  2276.61  6.39616e-14  199.137  2672
125  128  2025-06-09 22-17-57  1432  2285.33  6.44955e-14  199.195  2672
126  128  2025-06-09 22-17-57  1433.6  2294.05  6.50297e-14  199.252  2672
127  128  2025-06-09 22-17-57  1435.2  2302.78  6.55643e-14  199.31  2672
128  128  2025-06-09 22-17-57  1436.8  2311.52  6.60993e-14  199.367  2672
129  128  2025-06-09 22-17-57  1438.4  2320.26  6.66346e-14  199.425  2672
130  128  2025-06-09 22-17-57  1440  2329.01  6.71702e-14  199.482  2672
131  128  2025-06-09 22-17-57  1441.6  2337.76  6.77062e-14  199.54  2672
132  128  2025-06-09 22-17-57  1443.2  2346.52  6.82426e-14  199.597  2672
133  128  2025-06-09 22-17-57  1444.8  2355.29  6.87793e-14  199.655  2672
134  128  2025-06-09 22-17-57  1446.4  2364.06  6.93164e-14  199.713  2672
135  128  2025-06-09 22-17-57  1448  2372.84  6.98538e-14  199.77  2672
136  128  2025-06-09 22-17-57  1449.6  2381.62  7.03916e-14  199.828  2672
137  128  2025-06-09 22-17-57  1451.2  2390.41  7.09297e-14  199.885  2672
138  128  2025-06-09 22-17-57  1452.8  2399.2  7.14682e-14  199.943  2672
139  128  2025-06-09 22-17-57  1454.4  2408  7.2007e-14  200  2672
140  128  2025-06-09 22-17-57  1456  2416.81  7.25462e-14  200.058  2672
141  128  2025-06-09 22-17-57  1457.6  2425.62  7.30857e-14  200.115  2672
142  128  2025-06-09 22-17-57  1459.2  2434.44  7.36256e-14  200.173  2672
143  128  2025-06-09 22-17-57  1460.8  2443.26  7.41658e-14  200.231  2672
144  128  2025-06-09 22-17-57  1462.4  2452.09  7.47064e-14  200.288  2672
145  128  2025-06-09 22-17-57  1464  2460.92  7.52474e-14  200.346  2672
146  128  2025-06-09 22-17-57  1465.6  2469.76  7.57887e-14  200.403  2672
147  128  2025-06-09 22-17-57  1467.2  2478.61  7.63303e-14  200.461  2672
148  128  2025-06-09 22-17-57  1468.8  2487.46  7.68723e-14  200.518  2672
149  128  2025-06-09 22-17-57  1470.4  2496.32  7.74147e-14  200.576  2672
150  128  2025-06-09 22-17-57  1472  2505.18  7.79574e-14  200.633  2672
151  128  2025-06-09 22-17-57  1473.6  2514.05  7.85004e-14  200.691  2672
152  128  2025-06-09 22-17-57  1475.2  2522.93  7.90438e-14  200.749  2672
153  128  2025-06-09 22-17-57  1476.8  2531.81  7.95876e-14  200.806  2672
154  128  2025-06-09 22-17-57  1478.4  2540.69  8.01317e-14  200.864  2672
155  128  2025-06-09 22-17-57  1480  2549.59  8.06762e-14  200.921  2672
156  128  2025-06-09 22-17-57  1481.6  2558.48  8.1221e-14  200.979  2672
157  128  2025-06-09 22-17-57  1483.2  2567.39  8.17662e-14  201.036  2672
158  128  2025-06-09 22-17-57  1484.8  2576.3  8.23117e-14  201.094  2672
159  128  2025-06-09 22-17-57  1486.4  2585.21  8.28576e-14  201.151  2672
160  128  2025-06-09 22-17-57  1488  2594.13  8.34038e-14  201.209  2672
161  128  2025-06-09 22-17-57  1489.6  2603.06  8.39504e-14  201.267  2672
162  128  2025-06-09 22-17-57  1491.2  2611.99  8.44973e-14  201.324  2672
163  128  2025-06-09 22-17-57  1492.8  2620.93  8.50446e-14  201.382  2672
164  128  2025-06-09 22-17-57  1494.4  2629.87  8.55922e-14  201.439  2672
165  128  2025-06-09 22-17-57  1496  2638.82  8.61402e-14  201.497  2672
166  128  2025-06-09 22-17-57  1497.6  2647.78  8.66886e-14  201.554  2672
167  128  2025-06-09 22-17-57  1499.2  2656.74  8.72373e-14  201.612  2672
168  128  2025-06-09 22-17-57  1500.8  2665.71  8.77863e-14  201.669  2672
169  128  2025-06-09 22-17-57  1502.4  2674.68  8.83357e-14  201.727  2672
170  128  2025-06-09 22-17-57  1504  2683.66  8.88855e-14  201.785  2672
171  128  2025-06-09 22-17-57  1505.6  2692.64  8.94356e-14  201.842  2672
172  128  2025-06-09 22-17-57  1507.2  2701.63  8.9986e-14  201.9  2672
173  128  2025-06-09 22-17-57  1508.8  2710.63  9.05368e-14  201.957  2672
174  128  2025-06-09 22-17-57  1510.4  2719.63  9.1088e-14  202.015  2672
175  128  2025-06-09 22-17-57  1512  2728.64  9.16395e-14  202.072  2672
176  128  2025-06-09 22-17-57  1513.6  2737.64  9.21905e-14  201.986  2672
177  128  2025-06-09 22-17-57  1515.2  2746.64  -0.0793621  202.044  2680.08
178  128  2025-06-09 22-17-57  1516.8  2755.65  -0.238969  202.101  2688.24
179  128  2025-06-09 22-17-57  1518.4  2764.66  -0.479695  202.159  2696.48
180  128  2025-06-09 22-17-57  1520  2773.68  -0.802413  202.216  2704.8
181  128  2025-06-09 22-17-57  1521.6  2782.69  -1.20799  202.274  2713.2
182  128  2025-06-09 22-17-57  1523.2  2791.71  -1.69727  202.331  2721.68
183  128  2025-06-09 22-17-57  1524.8  2800.74  -2.27113  202.389  2730.24
184  128  2025-06-09 22-17-57  1526.4  2809.76  -2.93039  202.446  2738.88
185  128  2025-06-09 22-17-57  1528  2818.78  -3.6759  202.504  2747.6
186  128  2025-06-09 22-17-57  1529.6  2827.79  -4.50849  202.562  2756.4
187  128  2025-06-09 22-17-57  1531.2  14036.8  -5.42898  202.619  2765.28
188  128  2025-06-09 22-17-57  1532.8  14045.8  -6.43817  202.677  2774.24
189  128  2025-06-09 22-17-57  1534.4  14054.8  -7.53687  202.734  2783.28
190  128  2025-06-09 22-17-57  1536  14063.8  -8.72586  202.792  2792.4
191  128  2025-06-09 22-17-57  1537.6  14072.8  -10.0059  202.849  2801.6
192  128  2025-06-09 22-17-57  1539.2  14081.8  -11.3779  202.907  2810.88
193  128  2025-06-09 22-17-57  1540.8  14090.8  -12.8424  202.964  2820.24
194  128  2025-06-09 22-17-57  1542.4  14099.8  -14.4003  203.022  2829.68
195  128  2025-06-09 22-17-57  1544  14108.7  -128.052  203.08  14039.2
196  128  2025-06-09 22-17-57  1545.6  14117.7  -129.799  203.137  14048.8
197  128  2025-06-09 22-17-57  1547.2  14126.6  -131.641  203.195  14058.5
198  128  2025-06-09 22-17-57  1548.8  14135.5  -133.485  203.252  14058.5
199  128  2025-06-09 22-17-57  1550.4  14144.5  -135.331  203.31  14058.6
200  128  2025-06-09 22-17-57  1552  14153.4  -137.178  203.367  14058.6
201  128  2025-06-09 22-17-57  1553.6  14162.4  -139.027  203.425  14058.6
202  128  2025-06-09 22-17-57  1555.2  14171.3  -140.877  203.482  14058.6
203  128  2025-06-09 22-17-57  1556.8  14180.3  -142.727  203.54  14058.6
204  128  2025-06-09 22-17-57  1558.4  14189.3  -144.579  203.598  14058.6
205  128  2025-06-09 22-17-57  1560  14198.2  -146.431  203.655  14058.5
206  128  2025-06-09 22-17-57  1561.6  14207.2  -148.284  203.713  14058.5
207  128  2025-06-09 22-17-57  1563.2  14216.2  -150.137  203.77  14058.4
208  128  2025-06-09 22-17-57  1564.8  14225.2  -151.99  203.828  14058.3
209  128  2025-06-09 22-17-57  1566.4  14234.2  -153.844  203.885  14058.2
210  128  2025-06-09 22-17-57  1568  14243.2  -155.697  203.943  14058.1
211  128  2025-06-09 22-17-57  1569.6  14252.2  -157.55  204  14057.9
212  128  2025-06-09 22-17-57  1571.2  14261.2  -159.403  204.058  14057.8
213  128  2025-06-09 22-17-57  1572.8  14270.3  -161.255  204.116  14057.6
214  128  2025-06-09 22-17-57  1574.4  14279.3  -163.106  204.173  14057.4
215  128  2025-06-09 22-17-57  1576  14288.3  -164.957  204.231  14057.2
216  128  2025-06-09 22-17-57  1577.6  14297.4  -166.806  204.288  14057
217  128  2025-06-09 22-17-57  1579.2  14306.4  -168.654  204.346  14056.7
218  128  2025-06-09 22-17-57  1580.8  14315.5  -170.501  204.403  14056.5
219  128  2025-06-09 22-17-57  1582.4  14324.5  -172.346  204.461  14056.2
220  128  2025-06-09 22-17-57  1584  14333.6  -174.267  204.375  14064
221  128  2025-06-09 22-17-57  1585.6  14342.6  -176.263  204.288  14071.8
222  128  2025-06-09 22-17-57  1587.2  14351.6  -178.334  204.202  14079.8
223  128  2025-06-09 22-17-57  1588.8  14360.5  -180.482  204.116  14087.7
224  128  2025-06-09 22-17-57  1590.4  14369.4  -182.707  204.029  14095.8
225  128  2025-06-09 22-17-57  1592  14378.3  -185.008  203.943  14103.9
226  128  2025-06-09 22-17-57  1593.6  14387.2  -187.386  203.857  14112.1
227  128  2025-06-09 22-17-57  1595.2  14396.1  -189.841  203.77  14120.3
228  128  2025-06-09 22-17-57  1596.8  14404.9  -192.375  203.684  14128.6
229  128  2025-06-09 22-17-57  1598.4  14413.7  -194.986  203.598  14137
230  128  2025-06-09 22-17-57  1600  14422.4  -197.675  203.511  14145.4
231  128  2025-06-09 22-17-57  1601.6  14431.1  -200.442  203.425  14153.9
232  128  2025-06-09 22-17-57  1603.2  14439.8  -203.288  203.339  14162.5
233  128  2025-06-09 22-17-57  1604.8  14448.4  -206.213  203.252  14171.1
234  128  2025-06-09 22-17-57  1606.4  14457  -209.217  203.166  14179.8
235  128  2025-06-09 22-17-57  1608  14465.6  -212.299  203.08  14188.5
236  128  2025-06-09 22-17-57  1609.6  14474.1  -215.462  202.993  14197.4
237  128  2025-06-09 22-17-57  1611.2  14482.6  -218.703  202.907  14206.2
238  128  2025-06-09 22-17-57  1612.8  14491.1  -222.024  202.821  14215.2
239  128  2025-06-09 22-17-57  1614.4  14499.5  -225.425  202.734  14224.2
240  128  2025-06-09 22-17-57  1616  14507.9  -228.905  202.648  14233.3
241  128  2025-06-09 22-17-57  1617.6  14516.2  -232.466  202.562  14242.4
242  128  2025-06-09 22-17-57  1619.2  14524.5  -236.106  202.475  14251.6
243  128  2025-06-09 22-17-57  1620.8  14532.7  -239.826  202.389  14260.9
244  128  2025-06-09 22-17-57  1622.4  14541  -243.56  202.446  14262.1
245  128  2025-06-09 22-17-57  1624  14549.2  -247.307  202.504  14263.3
246  128  2025-06-09 22-17-57  1625.6  14557.4  -251.068  202.562  14264.6
247  128  2025-06-09 22-17-57  1627.2  14565.7  -254.841  202.619  14265.8
248  128  2025-06-09 22-17-57  1628.8  14573.9  -258.622  202.533  14266.9
249  128  2025-06-09 22-17-57  1630.4  14582.1  -262.41  202.446  14268.1
250  128  2025-06-09 22-17-57  1632  14590.3  -266.204  202.36  14269.3
251  128  2025-06-09 22-17-57  1633.6  14598.5  -270.005  202.274  14270.4
252  128  2025-06-09 22-17-57  1635.2  14606.7  -1393.81  202.187  14271.5
253  128  2025-06-09 22-17-57  1636.8  14614.8  -1397.63  202.101  14272.6
254  128  2025-06-09 22-17-57  1638.4  14623  -1401.45  202.015  14273.7
255  128  2025-06-09 22-17-57  1640  14631.1  -1405.27  201.928  14274.8
256  128  2025-06-09 22-17-57  1641.6  14639.3  -1409.1  201.842  14275.8
257  128  2025-06-09 22-17-57  1643.2  14647.4  -1412.94  201.756  14276.9
258  128  2025-06-09 22-17-57  1644.8  14655.5  -1416.78  201.669  14277.9
259  128  2025-06-09 22-17-57  1646.4  14663.6  -1420.63  201.583  14278.9
260  128  2025-06-09 22-17-57  1648  14671.6  -1424.48  201.497  14279.9
261  128  2025-06-09 22-17-57  1649.6  14679.7  -1428.34  201.41  14280.9
262  128  2025-06-09 22-17-57  1651.2  14687.8  -1432.2  201.324  14281.8
263  128  2025-06-09 22-17-57  1652.8  14695.8  -1436.06  201.238  14282.8
264  128  2025-06-09 22-17-57  1654.4  14703.8  -1439.93  201.151  14283.7
265  128  2025-06-09 22-17-57  1656  14711.9  -1443.81  201.065  14284.6
266  128  2025-06-09 22-17-57  1657.6  14719.9  -1447.69  200.979  14285.5
267  128  2025-06-09 22-17-57  1659.2  14727.8  -1451.66  201.036  14296.1
268  128  2025-06-09 22-17-57  1660.8  14735.8  -1455.73  201.094  14306.8
269  128  2025-06-09 22-17-57  1662.4  14743.6  -1459.89  201.151  14317.5
270  128  2025-06-09 22-17-57  1664  14751.5  -1464.15  201.209  14328.3
271  128  2025-06-09 22-17-57  1665.6  14759.3  -1468.51  201.267  14339.2
272  128  2025-06-09 22-17-57  1667.2  14767  -1472.96  201.324  14350.2
273  128  2025-06-09 22-17-57  1668.8  14774.7  -1477.51  201.382  14361.2
274  128  2025-06-09 22-17-57  1670.4  14782.4  -1482.15  201.439  14372.4
275  128  2025-06-09 22-17-57  1672  14790  -1486.89  201.497  14383.6
276  128  2025-06-09 22-17-57  1673.6  14797.5  -1491.72  201.554  14394.8
277  128  2025-06-09 22-17-57  1675.2  14805  -1496.65  201.612  14406
278  128  2025-06-09 22-17-57  1676.8  14812.4  -1501.68  201.669  14417.2
279  128  2025-06-09 22-17-57  1678.4  14819.8  -1506.79  201.727  14428.4
280  128  2025-06-09 22-17-57  1680  14827.1  -1512  201.785  14439.6
281  128  2025-06-09 22-17-57  1681.6  14834.4  -1517.24  201.842  14442.8
282  128  2025-06-09 22-17-57  1683.2  14841.7  -1522.51  201.9  14446
283  128  2025-06-09 22-17-57  1684.8  14848.9  -1527.81  201.957  14449.2
284  128  2025-06-09 22-17-57  1686.4  14856.2  -1533.13  202.015  14452.4
285  128  2025-06-09 22-17-57  1688  14863.4  -1538.49  202.072  14455.6
286  128  2025-06-09 22-17-57  1689.6  14870.7  -1543.87  202.13  14458.8
287  128  2025-06-09 22-17-57  1691.2  14877.9  -1549.28  202.187  14462
288  128  2025-06-09 22-17-57  1692.8  14885.1  -1554.72  202.245  14465.2
289  128  2025-06-09 22-17-57  1694.4  14892.3  -1560.19  202.303  14468.4
290  128  2025-06-09 22-17-57  1696  14899.4  -1565.75  202.216  14481.2
291  128  2025-06-09 22-17-57  1697.6  14906.4  -1571.42  202.274  14494
292  128  2025-06-09 22-17-57  1699.2  14913.5  -1577.05  202.331  14489.1
293  128  2025-06-09 22-17-57  1700.8  14920.6  -1582.65  202.389  14484.1
294  128  2025-06-09 22-17-57  1702.4  14927.7  -1588.21  202.446  14479.1
295  128  2025-06-09 22-17-57  1704  14934.9  -1593.73  202.504  14474
296  128  2025-06-09 22-17-57  1705.6  14942.1  -1599.22  202.562  14468.8
297  128  2025-06-09 22-17-57  1707.2  14949.3  -1604.67  202.619  14463.5
298  128  2025-06-09 22-17-57  1708.8  14956.6  -1610.08  202.677  14458.1
299  128  2025-06-09 22-17-57  1710.4  14963.9  -1615.45  202.734  14452.7
300  128  2025-06-09 22-17-57  1712  14971.2  -1620.78  202.792  14447.2
301  128  2025-06-09 22-17-57  1713.6  14978.6  -1626.07  202.849  14441.6
302  128  2025-06-09 22-17-57  1715.2  14986.1  -1631.32  202.907  14435.9
303  128  2025-06-09 22-17-57  1716.8  14993.5  -1636.52  202.964  14430.1
304  128  2025-06-09 22-17-57  1718.4  15001  -1641.68  203.022  14424.3
305  128  2025-06-09 22-17-57  1720  15008.6  -1646.79  203.08  14418.4
306  128  2025-06-09 22-17-57  1721.6  15016.1  -1651.86  203.137  14412.4
307  128  2025-06-09 22-17-57  1723.2  15023.7  -1656.88  203.195  14406.3
308  128  2025-06-09 22-17-57  1724.8  15031.4  -1661.85  203.252  14400.1
309  128  2025-06-09 22-17-57  1726.4  15039.1  -1666.77  203.31  14393.9
310  128  2025-06-09 22-17-57  1728  15046.8  -1671.64  203.367  14387.6
311  128  2025-06-09 22-17-57  1729.6  15054.6  -1676.46  203.425  14381.2
312  128  2025-06-09 22-17-57  1731.2  15062.4  -1681.23  203.482  14374.7
313  128  2025-06-09 22-17-57  1732.8  15070.2  -1685.95  203.54  14368.1
314  128  2025-06-09 22-17-57  1734.4  15078  -1690.76  203.598  14379.3
315  128  2025-06-09 22-17-57  1736  15085.9  -1695.52  203.655  14372.7
316  128  2025-06-09 22-17-57  1737.6  15093.7  -1700.23  203.713  14366.1
317  128  2025-06-09 22-17-57  1739.2  15101.6  -1705.03  203.77  14377.2
318  128  2025-06-09 22-17-57  1740.8  15109.4  -1709.78  203.828  14370.6
319  128  2025-06-09 22-17-57  1742.4  15117.3  -1714.48  203.885  14363.9
320  128  2025-06-09 22-17-57  1744  15125.2  -1719.28  203.943  14374.9
321  128  2025-06-09 22-17-57  1745.6  15133  -1724.02  204  14368.2
322  128  2025-06-09 22-17-57  1747.2  15141  -1728.7  204.058  14361.5
323  128  2025-06-09 22-17-57  1748.8  15148.8  -1733.48  204.116  14372.4
324  128  2025-06-09 22-17-57  1750.4  15156.7  -1738.21  204.173  14365.7
325  128  2025-06-09 22-17-57  1752  15164.6  -1743.03  204.231  14376.6
326  128  2025-06-09 22-17-57  1753.6  15172.5  -1747.8  204.288  14369.9
327  128  2025-06-09 22-17-57  1755.2  15180.5  -1752.52  204.346  14363.1
328  128  2025-06-09 22-17-57  1756.8  15188.3  -1757.33  204.403  14374
329  128  2025-06-09 22-17-57  1758.4  15196.3  -1762.08  204.461  14367.2
330  128  2025-06-09 22-17-57  1760  15204.2  -1766.78  204.518  14360.4
331  128  2025-06-09 22-17-57  1761.6  15212.2  -1771.58  204.576  14371.2
332  128  2025-06-09 22-17-57  1763.2  15220.1  -1776.32  204.634  14364.3
333  128  2025-06-09 22-17-57  1764.8  15228.1  -1781  204.691  14357.4
334  128  2025-06-09 22-17-57  1766.4  15236.1  -1785.78  204.749  14368.2
335  128  2025-06-09 22-17-57  1768  15244.1  -1790.5  204.806  14361.3
336  128  2025-06-09 22-17-57  1769.6  15252  -1795.32  204.864  14372
337  128  2025-06-09 22-17-57  1771.2  15260  -1800.08  204.921  14365.2
338  128  2025-06-09 22-17-57  1772.8  15268  -1804.78  204.979  14358.2
339  128  2025-06-09 22-17-57  1774.4  15276  -1809.58  205.036  14368.9
340  128  2025-06-09 22-17-57  1776  15284  -1814.32  205.094  14361.9
341  128  2025-06-09 22-17-57  1777.6  15292  -1819  205.152  14354.9
342  128  2025-06-09 22-17-57  1779.2  15300  -1823.78  205.209  14365.6
343  128  2025-06-09 22-17-57  1780.8  15308.1  -1828.5  205.267  14358.5
344  128  2025-06-09 22-17-57  1782.4  15316.1  -1833.32  205.324  14369.2
345  128  2025-06-09 22-17-57  1784  15324.1  -1838.08  205.382  14362.2
346  128  2025-06-09 22-17-57  1785.6  15332.2  -1842.78  205.439  14355.1
347  128  2025-06-09 22-17-57  1787.2  15340.2  -1847.58  205.497  14365.7
348  128  2025-06-09 22-17-57  1788.8  15348.3  -1852.31  205.554  14358.6
349  128  2025-06-09 22-17-57  1790.4  15356.3  -1857.14  205.612  14369.3
350  128  2025-06-09 22-17-57  1792  15364.4  -1861.92  205.67  14362.2
351  128  2025-06-09 22-17-57  1793.6  15372.5  -1866.63  205.727  14355.1
352  128  2025-06-09 22-17-57  1795.2  15380.5  -1871.44  205.785  14365.6
353  128  2025-06-09 22-17-57  1796.8  15388.6  -1876.19  205.842  14358.5
354  128  2025-06-09 22-17-57  1798.4  15396.6  -1881.04  205.9  14369.1
355  128  2025-06-09 22-17-57  1800  15404.7  -1885.82  205.957  14362
356  128  2025-06-09 22-17-57  1801.6  15412.9  -1890.55  206.015  14354.8
357  128  2025-06-09 22-17-57  1803.2  15420.9  -1895.37  206.072  14365.3
358  128  2025-06-09 22-17-57  1804.8  15429.1  -1900.13  206.13  14358.1
359  128  2025-06-09 22-17-57  1806.4  15437.2  -1904.83  206.188  14350.9
360  128  2025-06-09 22-17-57  1808  15445.3  -1909.62  206.245  14361.3
361  128  2025-06-09 22-17-57  1809.6  15453.5  -1914.36  206.303  14354.1
362  128  2025-06-09 22-17-57  1811.2  15461.6  -1919.19  206.36  14364.6
363  128  2025-06-09 22-17-57  1812.8  15469.7  -1923.96  206.418  14357.4
364  128  2025-06-09 22-17-57  1814.4  15477.9  -1928.66  206.475  14350.1
365  128  2025-06-09 22-17-57  1816  15486.1  -1933.47  206.533  14360.5
366  128  2025-06-09 22-17-57  1817.6  15494.3  -1938.21  206.59  14353.2
367  128  2025-06-09 22-17-57  1819.2  15502.4  -1943.04  206.648  14363.6
368  128  2025-06-09 22-17-57  1820.8  15510.6  -1947.82  206.706  14356.3
369  128  2025-06-09 22-17-57  1822.4  15518.8  -1952.53  206.763  14349
370  128  2025-06-09 22-17-57  1824  15527  -1957.33  206.821  14359.3
371  128  2025-06-09 22-17-57  1825.6  15535.2  -1962.08  206.878  14352
372  128  2025-06-09 22-17-57  1827.2  15543.4  -1966.92  206.936  14362.4
373  128  2025-06-09 22-17-57  1828.8  15551.6  -1971.69  206.993  14355.1
374  128  2025-06-09 22-17-57  1830.4  15559.8  -1976.41  207.051  14347.7
375  128  2025-06-09 22-17-57  1832  15568  -1981.22  207.108  14358
376  128  2025-06-09 22-17-57  1833.6  15576.3  -1985.96  207.166  14350.6
377  128  2025-06-09 22-17-57  1835.2  15584.5  -1990.8  207.224  14360.9
378  128  2025-06-09 22-17-57  1836.8  15592.7  -1995.58  207.281  14353.6
379  128  2025-06-09 22-17-57  1838.4  15601  -2000.3  207.339  14346.1
380  128  2025-06-09 22-17-57  1840  15609.2  -2005.11  207.396  14356.4
381  128  2025-06-09 22-17-57  1841.6  15617.5  -2009.85  207.454  14349
382  128  2025-06-09 22-17-57  1843.2  15625.8  -2014.69  207.511  14359.2
383  128  2025-06-09 22-17-57  1844.8  15634  -2019.47  207.569  14351.8
384  128  2025-06-09 22-17-57  1846.4  15642.3  -2024.34  207.626  14362.1
385  128  2025-06-09 22-17-57  1848  15650.5  -2029.15  207.684  14354.7
386  128  2025-06-09 22-17-57  1849.6  15658.9  -2033.89  207.742  14347.2
387  128  2025-06-09 22-17-57  1851.2  15667.1  -2038.73  207.799  14357.5
388  128  2025-06-09 22-17-57  1852.8  15675.4  -2043.51  207.857  14350
389  128  2025-06-09 22-17-57  1854.4  15683.7  -2048.38  207.914  14360.3
390  128  2025-06-09 22-17-57  1856  15692  -2053.18  207.972  14352.8
391  128  2025-06-09 22-17-57  1857.6  15700.4  -2057.92  208.029  14345.3
392  128  2025-06-09 22-17-57  1859.2  15708.7  -2062.76  208.087  14355.5
393  128  2025-06-09 22-17-57  1860.8  15717  -2067.53  208.145  14348
394  128  2025-06-09 22-17-57  1862.4  15725.3  -2072.4  208.202  14358.2
395  128  2025-06-09 22-17-57  1864  15733.6  -2077.2  208.26  14350.7
396  128  2025-06-09 22-17-57  1865.6  15742  -2081.93  208.317  14343.1
397  128  2025-06-09 22-17-57  1867.2  15750.4  -2086.76  208.375  14353.2
398  128  2025-06-09 22-17-57  1868.8  15758.8  -2091.53  208.432  14345.7
399  128  2025-06-09 22-17-57  1870.4  15767.1  -2096.39  208.49  14355.8
400  128  2025-06-09 22-17-57  1872  15775.5  -2101.18  208.547  14348.3
401  128  2025-06-09 22-17-57  1873.6  15783.9  -2105.91  208.605  14340.7
402  128  2025-06-09 22-17-57  1875.2  15792.3  -2110.73  208.663  14350.8
403  128  2025-06-09 22-17-57  1876.8  15800.7  -2115.48  208.72  14343.2
404  128  2025-06-09 22-17-57  1878.4  15809.1  -2120.33  208.778  14353.2
405  128  2025-06-09 22-17-57  1880  15817.5  -2125.12  208.835  14345.7
406  128  2025-06-09 22-17-57  1881.6  15825.9  -2130  208.893  14355.8
407  128  2025-06-09 22-17-57  1883.2  15834.3  -2134.81  208.95  14348.2
408  128  2025-06-09 22-17-57  1884.8  15842.7  -2139.55  209.008  14340.6
409  128  2025-06-09 22-17-57  1886.4  15851.2  -2144.39  209.065  14350.6
410  128  2025-06-09 22-17-57  1888  15859.6  -2149.17  209.123  14343
411  128  2025-06-09 22-17-57  1889.6  15868  -2154.04  209.181  14353
412  128  2025-06-09 22-17-57  1891.2  15876.5  -2158.84  209.238  14345.4
413  128  2025-06-09 22-17-57  1892.8  15885  -2163.57  209.296  14337.7
414  128  2025-06-09 22-17-57  1894.4  15893.4  -2168.4  209.353  14347.7
415  128  2025-06-09 22-17-57  1896  15901.9  -2173.16  209.411  14340
416  128  2025-06-09 22-17-57  1897.6  15910.4  -2178.01  209.468  14350.1
417  128  2025-06-09 22-17-57  1899.2  15918.9  -2182.8  209.526  14342.4
418  128  2025-06-09 22-17-57  1900.8  15927.3  -2187.68  209.583  14352.4
419  128  2025-06-09 22-17-57  1902.4  15935.8  -2192.5  209.641  14344.8
420  128  2025-06-09 22-17-57  1904  15944.4  -2197.25  209.699  14337.1
421  128  2025-06-09 22-17-57  1905.6  15952.9  -2202.09  209.756  14347
422  128  2025-06-09 22-17-57  1907.2  15961.4  -2206.86  209.814  14339.3
423  128  2025-06-09 22-17-57  1908.8  15969.9  -2211.73  209.871  14349.3
424  128  2025-06-09 22-17-57  1910.4  15978.4  -2216.53  209.929  14341.6
425  128  2025-06-09 22-17-57  1912  15986.9  -2221.42  209.986  14351.6
426  128  2025-06-09 22-17-57  1913.6  15995.4  -2226.25  210.044  14343.9
427  128  2025-06-09 22-17-57  1915.2  16004  -2231.01  210.101  14336.2
428  128  2025-06-09 22-17-57  1916.8  16012.6  -2235.86  210.159  14346.1
429  128  2025-06-09 22-17-57  1918.4  16021.1  -2240.65  210.217  14338.4
430  128  2025-06-09 22-17-57  1920  16029.7  -2245.53  210.274  14348.3
431  128  2025-06-09 22-17-57  1921.6  16038.2  -2250.34  210.332  14340.6
432  128  2025-06-09 22-17-57  1923.2  16046.8  -2255.24  210.389  14350.5
433  128  2025-06-09 22-17-57  1924.8  16055.3  -2260.08  210.447  14342.8
434  128  2025-06-09 22-17-57  1926.4  16064  -2264.85  210.504  14335
435  128  2025-06-09 22-17-57  1928  16072.5  -2269.71  210.562  14344.9
436  128  2025-06-09 22-17-57  1929.6  16081.2  -2274.5  210.619  14337.2
437  128  2025-06-09 22-17-57  1931.2  16089.7  -2279.39  210.677  14347.1
438  128  2025-06-09 22-17-57  1932.8  16098.3  -2284.21  210.735  14339.3
439  128  2025-06-09 22-17-57  1934.4  16107  -2288.95  210.792  14331.5
440  128  2025-06-09 22-17-57  1936  16115.6  -2293.8  210.85  14341.3
441  128  2025-06-09 22-17-57  1937.6  16124.3  -2298.57  210.907  14333.5
442  128  2025-06-09 22-17-57  1939.2  16132.9  -2303.43  210.965  14343.4
443  128  2025-06-09 22-17-57  1940.8  16141.6  -2308.23  211.022  14335.6
444  128  2025-06-09 22-17-57  1942.4  16150.2  -2313.12  211.08  14345.5
445  128  2025-06-09 22-17-57  1944  16158.8  -2317.95  211.137  14337.7
446  128  2025-06-09 22-17-57  1945.6  16167.5  -2322.86  211.195  14347.6
447  128  2025-06-09 22-17-57  1947.2  16176.1  -2327.71  211.253  14339.8
448  128  2025-06-09 22-17-57  1948.8  16184.8  -2332.49  211.31  14332
449  128  2025-06-09 22-17-57  1950.4  16193.5  -2337.36  211.368  14341.8
450  128  2025-06-09 22-17-57  1952  16202.2  -2342.16  211.425  14334
451  128  2025-06-09 22-17-57  1953.6  16210.9  -2347.06  211.483  14343.8
452  128  2025-06-09 22-17-57  1955.2  16219.6  -2351.88  211.54  14336
453  128  2025-06-09 22-17-57  1956.8  16228.3  -2356.64  211.598  14328.1
454  128  2025-06-09 22-17-57  1958.4  16237  -2361.49  211.655  14337.9
455  128  2025-06-09 22-17-57  1960  16245.8  -2366.26  211.713  14330
456  128  2025-06-09 22-17-57  1961.6  16254.5  -2371.14  211.771  14339.8
457  128  2025-06-09 22-17-57  1963.2  16263.2  -2375.94  211.828  14331.9
458  128  2025-06-09 22-17-57  1964.8  16271.9  -2380.83  211.886  14341.7
459  128  2025-06-09 22-17-57  1966.4  16280.7  -2385.66  211.943  14333.9
460  128  2025-06-09 22-17-57  1968  16289.4  -2390.58  212.001  14343.7
461  128  2025-06-09 22-17-57  1969.6  16298.1  -2395.43  212.058  14335.9
462  128  2025-06-09 22-17-57  1971.2  16306.9  -2400.21  212.116  14328
463  128  2025-06-09 22-17-57  1972.8  16315.7  -2405.08  212.173  14337.7
464  128  2025-06-09 22-17-57  1974.4  16324.5  -2409.88  212.231  14329.8
465  128  2025-06-09 22-17-57  1976  16333.2  -2414.78  212.289  14339.6
466  128  2025-06-09 22-17-57  1977.6  16342  -2419.6  212.346  14331.7
467  128  2025-06-09 22-17-57  1979.2  16350.8  -2424.52  212.404  14341.6
468  128  2025-06-09 22-17-57  1980.8  16359.6  -2429.37  212.461  14333.7
469  128  2025-06-09 22-17-57  1982.4  16368.3  -2434.32  212.519  14343.5
470  128  2025-06-09 22-17-57  1984  16377.1  -2439.27  212.576  14343.7
471  128  2025-06-09 22-17-57  1985.6  16385.9  -2444.22  212.634  14344
472  128  2025-06-09 22-17-57  1987.2  16394.6  -2449.18  212.691  14344.2
473  128  2025-06-09 22-17-57  1988.8  16403.4  -2454.15  212.749  14344.4
474  128  2025-06-09 22-17-57  1990.4  16412.2  -2459.12  212.807  14344.6
475  128  2025-06-09 22-17-57  1992  16420.9  -2464.09  212.864  14344.8
476  128  2025-06-09 22-17-57  1993.6  16429.7  -2469.07  212.922  14345.1
477  128  2025-06-09 22-17-57  1995.2  16438.5  -2474.13  212.979  14353.4
478  128  2025-06-09 22-17-57  1996.8  16447.1  -2479.28  213.037  14361.8
479  128  2025-06-09 22-17-57  1998.4  16455.8  -2484.51  213.094  14370.2
480  128  2025-06-09 22-17-57  2000  16464.4  -2489.82  213.152  14378.8
481  128  2025-06-09 22-17-57  2001.6  16473  -2495.21  213.209  14387.4
482  128  2025-06-09 22-17-57  2003.2  16481.5  -2500.69  213.267  14396.1
483  128  2025-06-09 22-17-57  2004.8  16490  -2506.25  213.325  14404.9
484  128  2025-06-09 22-17-57  2006.4  16498.4  -2511.9  213.382  14413.7
485  128  2025-06-09 22-17-57  2008  16506.7  -2517.64  213.44  14422.7
486  128  2025-06-09 22-17-57  2009.6  16515.1  -2523.46  213.497  14431.7
487  128  2025-06-09 22-17-57  2011.2  16523.3  -2529.36  213.555  14440.8
488  128  2025-06-09 22-17-57  2012.8  16531.5  -2535.35  213.612  14450
489  128  2025-06-09 22-17-57  2014.4  16539.7  -2541.43  213.67  14459.3
490  128  2025-06-09 22-17-57  2016  16547.8  -2547.59  213.727  14468.6
491  128  2025-06-09 22-17-57  2017.6  16555.9  -2553.75  213.641  14468.3
492  128  2025-06-09 22-17-57  2019.2  16563.9  -2559.89  213.555  14468
493  128  2025-06-09 22-17-57  2020.8  16572  -2566.03  213.468  14467.7
494  128  2025-06-09 22-17-57  2022.4  16580.1  -2572.16  213.382  14467.4
495  128  2025-06-09 22-17-57  2024  16588.2  -2578.29  213.296  14467.1
496  128  2025-06-09 22-17-57  2025.6  16596.2  -2584.4  213.209  14466.7
497  128  2025-06-09 22-17-57  2027.2  16604.3  -2590.51  213.123  14466.4
498  128  2025-06-09 22-17-57  2028.8  16612.4  -2596.62  213.181  14466
499  128  2025-06-09 22-17-57  2030.4  16620.4  -2602.72  213.238  14465.6
500  128  2025-06-09 22-17-57  2032  16628.5  -2608.9  213.296  14473.2
501  128  2025-06-09 22-17-57  2033.6  16636.4  -2615.15  213.353  14481
502  128  2025-06-09 22-17-57  2035.2  16644.5  -2621.34  213.411  14474.2
503  128  2025-06-09 22-17-57  2036.8  16652.6  -2627.48  213.468  14467.4
504  128  2025-06-09 22-17-57  2038.4  16660.7  -2633.56  213.526  14460.5
505  128  2025-06-09 22-17-57  2040  16668.9  -2639.58  213.584  14453.5
506  128  2025-06-09 22-17-57  2041.6  16677.1  -2645.54  213.641  14446.4
507  128  2025-06-09 22-17-57  2043.2  16685.4  -2651.44  213.699  14439.3
508  128  2025-06-09 22-17-57  2044.8  16693.7  -2657.27  213.756  14432
509  128  2025-06-09 22-17-57  2046.4  16702.1  -2663.05  213.814  14424.7
510  128  2025-06-09 22-17-57  2048  16710.5  -2668.75  213.871  14417.3
511  128  2025-06-09 22-17-57  2049.6  16719  -2674.4  213.929  14409.9
512  128  2025-06-09 22-17-57  2051.2  16727.6  -2679.97  213.986  14402.3
513  128  2025-06-09 22-17-57  2052.8  16736.2  -2685.48  214.044  14394.7
514  128  2025-06-09 22-17-57  2054.4  16744.8  -2690.92  214.102  14387
515  128  2025-06-09 22-17-57  2056  16753.5  -2696.29  214.159  14379.2
516  128  2025-06-09 22-17-57  2057.6  16762.2  -2701.58  214.217  14371.3
517  128  2025-06-09 22-17-57  2059.2  16771  -2706.81  214.274  14363.3
518  128  2025-06-09 22-17-57  2060.8  16779.9  -2711.96  214.332  14355.3
519  128  2025-06-09 22-17-57  2062.4  16788.8  -2717.03  214.389  14347.2
520  128  2025-06-09 22-17-57  2064  16797.7  -2722.02  214.447  14339
521  128  2025-06-09 22-17-57  2065.6  16806.7  -2726.94  214.504  14330.7
522  128  2025-06-09 22-17-57  2067.2  16815.8  -2731.78  214.562  14322.4
523  128  2025-06-09 22-17-57  2068.8  16824.8  -2736.54  214.62  14314
524  128  2025-06-09 22-17-57  2070.4  16833.9  -2741.39  214.677  14323.2
525  128  2025-06-09 22-17-57  2072  16843  -2746.16  214.735  14314.8
526  128  2025-06-09 22-17-57  2073.6  16852  -2751.03  214.792  14324.1
527  128  2025-06-09 22-17-57  2075.2  16861.1  -2755.81  214.85  14315.7
528  128  2025-06-09 22-17-57  2076.8  16870.2  -2760.69  214.907  14325
529  128  2025-06-09 22-17-57  2078.4  16879.3  -2765.49  214.965  14316.6
530  128  2025-06-09 22-17-57  2080  16888.5  -2770.21  215.022  14308.1
531  128  2025-06-09 22-17-57  2081.6  16897.6  -2775.03  215.08  14317.4
532  128  2025-06-09 22-17-57  2083.2  16906.8  -2779.76  215.138  14308.9
533  128  2025-06-09 22-17-57  2084.8  16915.9  -2784.58  215.195  14318.2
534  128  2025-06-09 22-17-57  2086.4  16925  -2789.33  215.253  14309.7
535  128  2025-06-09 22-17-57  2088  16934.2  -2794.17  215.31  14319
536  128  2025-06-09 22-17-57  2089.6  16943.4  -2798.93  215.368  14310.6
537  128  2025-06-09 22-17-57  2091.2  16952.5  -2803.78  215.425  14319.9
538  128  2025-06-09 22-17-57  2092.8  16961.7  -2808.56  215.483  14311.5
539  128  2025-06-09 22-17-57  2094.4  16970.8  -2813.42  215.54  14320.8
540  128  2025-06-09 22-17-57  2096  16980  -2818.21  215.598  14312.4
541  128  2025-06-09 22-17-57  2097.6  16989.1  -2823.09  215.656  14321.7
542  128  2025-06-09 22-17-57  2099.2  16998.3  -2827.9  215.713  14313.3
543  128  2025-06-09 22-17-57  2100.8  17007.6  -14032.6  215.771  14304.9
544  128  2025-06-09 22-17-57  2102.4  17016.8  -14037.4  215.828  14314.1
545  128  2025-06-09 22-17-57  2104  17026  -14042.2  215.886  14305.7
546  128  2025-06-09 22-17-57  2105.6  17035.2  -14047  215.943  14314.9
547  128  2025-06-09 22-17-57  2107.2  17044.5  -14051.7  216.001  14306.5
548  128  2025-06-09 22-17-57  2108.8  17053.7  -14056.6  216.058  14315.8
549  128  2025-06-09 22-17-57  2110.4  17062.9  -14061.3  216.116  14307.4
550  128  2025-06-09 22-17-57  2112  17072.2  -14066.2  216.174  14316.7
551  128  2025-06-09 22-17-57  2113.6  17081.4  -14071  216.231  14308.3
552  128  2025-06-09 22-17-57  2115.2  17090.6  -14075.9  216.289  14317.6
553  128  2025-06-09 22-17-57  2116.8  17099.9  -14080.6  216.346  14309.3
554  128  2025-06-09 22-17-57  2118.4  17109.1  -14085.5  216.404  14318.6
555  128  2025-06-09 22-17-57  2120  17118.4  -14090.3  216.461  14310.2
556  128  2025-06-09 22-17-57  2121.6  17127.6  -14095.2  216.519  14319.6
557  128  2025-06-09 22-17-57  2123.2  17136.9  -14100.1  216.576  14311.2
558  128  2025-06-09 22-17-57  2124.8  17146.3  -14104.8  216.634  14302.8
559  128  2025-06-09 22-17-57  2126.4  17155.5  -14109.6  216.692  14312.1
560  128  2025-06-09 22-17-57  2128  17164.9  -14114.4  216.749  14303.7
561  128  2025-06-09 22-17-57  2129.6  17174.2  -14119.2  216.807  14313
562  128  2025-06-09 22-17-57  2131.2  17183.5  -14124  216.864  14304.6
563  128  2025-06-09 22-17-57  2132.8  17192.8  -14128.9  216.922  14313.9
564  128  2025-06-09 22-17-57  2134.4  17202.1  -14133.6  216.979  14305.6
565  128  2025-06-09 22-17-57  2136  17211.4  -14138.5  217.037  14314.9
566  128  2025-06-09 22-17-57  2137.6  17220.8  -14143.3  217.094  14306.5
567  128  2025-06-09 22-17-57  2139.2  17230.1  -14148.2  217.152  14315.9
568  128  2025-06-09 22-17-57  2140.8  17239.5  -14153  217.21  14307.6
569  128  2025-06-09 22-17-57  2142.4  17248.8  -14157.9  217.267  14316.9
570  128  2025-06-09 22-17-57  2144  17258.1  -14162.8  217.325  14308.6
571  128  2025-06-09 22-17-57  2145.6  17267.5  -14167.5  217.382  14300.2
572  128  2025-06-09 22-17-57  2147.2  17276.9  -14172.4  217.44  14309.5
573  128  2025-06-09 22-17-57  2148.8  17286.3  -14177.1  217.497  14301.1
574  128  2025-06-09 22-17-57  2150.4  17295.7  -14182  217.555  14310.4
575  128  2025-06-09 22-17-57  2152  17305.1  -14186.8  217.612  14302
576  128  2025-06-09 22-17-57  2153.6  17314.5  -14191.6  217.67  14311.4
577  128  2025-06-09 22-17-57  2155.2  17323.9  -14196.4  217.728  14303
578  128  2025-06-09 22-17-57  2156.8  17333.3  -14201.3  217.785  14312.4
579  128  2025-06-09 22-17-57  2158.4  17342.7  -14206.1  217.843  14304
580  128  2025-06-09 22-17-57  2160  17352.1  -14211  217.9  14313.4
581  128  2025-06-09 22-17-57  2161.6  17361.5  -14215.8  217.958  14305.1
582  128  2025-06-09 22-17-57  2163.2  17371  -14220.6  218.015  14296.7
583  128  2025-06-09 22-17-57  2164.8  17380.5  -14225.4  218.073  14306
584  128  2025-06-09 22-17-57  2166.4  17390  -14230.2  218.13  14297.6
585  128  2025-06-09 22-17-57  2168  17399.4  -14235  218.188  14306.9
586  128  2025-06-09 22-17-57  2169.6  17408.9  -14239.8  218.246  14298.5
587  128  2025-06-09 22-17-57  2171.2  17418.4  -14244.6  218.303  14307.9
588  128  2025-06-09 22-17-57  2172.8  17427.9  -14249.4  218.361  14299.5
589  128  2025-06-09 22-17-57  2174.4  17437.3  -14254.3  218.418  14308.8
590  128  2025-06-09 22-17-57  2176  17446.8  -14259.1  218.476  14300.5
591  128  2025-06-09 22-17-57  2177.6  17456.3  -14264  218.533  14309.9
592  128  2025-06-09 22-17-57  2179.2  17465.8  -14268.8  218.591  14301.6
593  128  2025-06-09 22-17-57  2180.8  17475.3  -14273.7  218.648  14310.9
594  128  2025-06-09 22-17-57  2182.4  17484.8  -14278.6  218.706  14302.6
595  128  2025-06-09 22-17-57  2184  17494.3  -14283.3  218.764  14294.2
596  128  2025-06-09 22-17-57  2185.6  17503.9  -14288.1  218.821  14303.6
597  128  2025-06-09 22-17-57  2187.2  17513.4  -14292.9  218.879  14295.2
598  128  2025-06-09 22-17-57  2188.8  17522.9  -14297.8  218.936  14304.5
599  128  2025-06-09 22-17-57  2190.4  17532.5  -14302.5  218.994  14296.2
600  128  2025-06-09 22-17-57  2192  17542.1  -14307.4  219.051  14305.5
601  128  2025-06-09 22-17-57  2193.6  17551.6  -14312.2  219.109  14297.2
602  128  2025-06-09 22-17-57  2195.2  17561.2  -14317.1  219.167  14306.5
603  128  2025-06-09 22-17-57  2196.8  17570.8  -14321.9  219.224  14298.2
604  128  2025-06-09 22-17-57  2198.4  17580.3  -14326.8  219.282  14307.6
605  128  2025-06-09 22-17-57  2200  17589.9  -14331.6  219.339  14299.3
606  128  2025-06-09 22-17-57  2201.6  17599.4  -14336.6  219.397  14308.7
607  128  2025-06-09 22-17-57  2203.2  17609  -14341.4  219.454  14300.4
608  128  2025-06-09 22-17-57  2204.8  17618.7  -14346.2  219.512  14292
609  128  2025-06-09 22-17-57  2206.4  17628.3  -14351  219.569  14301.3
610  128  2025-06-09 22-17-57  2208  17637.9  -14355.8  219.627  14293
611  128  2025-06-09 22-17-57  2209.6  17647.5  -14360.7  219.685  14302.3
612  128  2025-06-09 22-17-57  2211.2  17657.2  -14365.4  219.742  14294
613  128  2025-06-09 22-17-57  2212.8  17666.8  -14370.3  219.8  14303.4
614  128  2025-06-09 22-17-57  2214.4  17676.4  -14375.1  219.857  14295
615  128  2025-06-09 22-17-57  2216  17686  -14380  219.915  14304.4
616  128  2025-06-09 22-17-57  2217.6  17695.7  -14384.9  219.972  14296.1
617  128  2025-06-09 22-17-57  2219.2  17705.3  -14389.8  220.03  14305.5
618  128  2025-06-09 22-17-57  2220.8  17715  -14394.6  220.087  14297.2
619  128  2025-06-09 22-17-57  2222.4  17724.6  -14399.6  220.145  14306.6
620  128  2025-06-09 22-17-57  2224  17734.3  -14404.4  220.203  14298.4
621  128  2025-06-09 22-17-57  2225.6  17744  -14409.2  220.26  14290
622  128  2025-06-09 22-17-57  2227.2  17753.7  -14414  220.318  14299.3
623  128  2025-06-09 22-17-57  2228.8  17763.4  -14418.8  220.375  14291
624  128  2025-06-09 22-17-57  2230.4  17773.1  -14423.7  220.433  14300.4
625  128  2025-06-09 22-17-57  2232  17782.8  -14428.5  220.49  14292
626  128  2025-06-09 22-17-57  2233.6  17792.5  -14433.4  220.548  14301.4
627  128  2025-06-09 22-17-57  2235.2  17802.2  -14438.2  220.605  14293.1
628  128  2025-06-09 22-17-57  2236.8  17811.9  -14443.1  220.663  14302.5
629  128  2025-06-09 22-17-57  2238.4  17821.7  -14448  220.721  14294.2
630  128  2025-06-09 22-17-57  2240  17831.4  -14452.9  220.778  14303.6
631  128  2025-06-09 22-17-57  2241.6  17841.1  -14457.8  220.836  14295.4
632  128  2025-06-09 22-17-57  2243.2  17850.9  -14462.5  220.893  14287
633  128  2025-06-09 22-17-57  2244.8  17860.6  -14467.4  220.951  14296.4
634  128  2025-06-09 22-17-57  2246.4  17870.4  -14472.2  221.008  14288
635  128  2025-06-09 22-17-57  2248  17880.2  -14477  221.066  14297.4
636  128  2025-06-09 22-17-57  2249.6  17890  -14481.8  221.123  14289.1
637  128  2025-06-09 22-17-57  2251.2  17899.8  -14486.7  221.181  14298.4
638  128  2025-06-09 22-17-57  2252.8  17909.6  -14491.5  221.239  14290.1
639  128  2025-06-09 22-17-57  2254.4  17919.3  -14496.5  221.296  14299.5
640  128  2025-06-09 22-17-57  2256  17929.1  -14501.3  221.354  14291.2
641  128  2025-06-09 22-17-57  2257.6  17938.9  -14506.2  221.411  14300.6
642  128  2025-06-09 22-17-57  2259.2  17948.7  -14511.1  221.469  14292.4
643  128  2025-06-09 22-17-57  2260.8  17958.6  -14515.8  221.526  14284
644  128  2025-06-09 22-17-57  2262.4  17968.4  -14520.7  221.584  14293.4
645  128  2025-06-09 22-17-57  2264  17978.3  -14525.5  221.641  14285
646  128  2025-06-09 22-17-57  2265.6  17988.1  -14530.3  221.699  14294.4
647  128  2025-06-09 22-17-57  2267.2  17998  -14535.1  221.757  14286.1
648  128  2025-06-09 22-17-57  2268.8  18007.8  -14540  221.814  14295.4
649  128  2025-06-09 22-17-57  2270.4  18017.7  -14544.8  221.872  14287.1
650  128  2025-06-09 22-17-57  2272  18027.5  -14549.7  221.929  14296.5
651  128  2025-06-09 22-17-57  2273.6  18037.4  -14554.6  221.987  14288.2
652  128  2025-06-09 22-17-57  2275.2  18047.2  -14559.5  222.044  14297.6
653  128  2025-06-09 22-17-57  2276.8  18057.1  -14564.3  222.102  14289.4
654  128  2025-06-09 22-17-57  2278.4  18067  -14569.3  222.159  14298.8
655  128  2025-06-09 22-17-57  2280  18076.9  -14574.1  222.217  14290.5
656  128  2025-06-09 22-17-57  2281.6  18086.8  -14578.9  222.275  14282.2
657  128  2025-06-09 22-17-57  2283.2  18096.7  -14583.8  222.332  14291.6
658  128  2025-06-09 22-17-57  2284.8  18106.7  -14588.6  222.39  14283.2
659  128  2025-06-09 22-17-57  2286.4  18116.6  -14593.5  222.447  14292.6
660  128  2025-06-09 22-17-57  2288  18126.5  -14598.3  222.505  14284.3
661  128  2025-06-09 22-17-57  2289.6  18136.4  -14603.2  222.562  14293.7
662  128  2025-06-09 22-17-57  2291.2  18146.4  -14608  222.62  14285.4
663  128  2025-06-09 22-17-57  2292.8  18156.3  -14612.9  222.677  14294.8
664  128  2025-06-09 22-17-57  2294.4  18166.2  -14617.8  222.735  14286.6
665  128  2025-06-09 22-17-57  2296  18176.2  -14622.7  222.793  14296
666  128  2025-06-09 22-17-57  2297.6  18186.1  -14627.6  222.85  14287.7
667  128  2025-06-09 22-17-57  2299.2  18196.1  -14632.3  222.908  14279.4
668  128  2025-06-09 22-17-57  2300.8  18206.1  -14637.2  222.965  14288.8
669  128  2025-06-09 22-17-57  2302.4  18216.1  -14642  223.023  14280.4
670  128  2025-06-09 22-17-57  2304  18226.1  -14646.9  223.08  14289.8
671  128  2025-06-09 22-17-57  2305.6  18236.1  -14651.7  223.138  14281.5
672  128  2025-06-09 22-17-57  2307.2  18246.1  -14656.6  223.195  14290.9
673  128  2025-06-09 22-17-57  2308.8  18256.1  -14661.4  223.253  14282.6
674  128  2025-06-09 22-17-57  2310.4  18266.1  -14666.3  223.311  14292
675  128  2025-06-09 22-17-57  2312  18276.1  -14671.2  223.368  14283.7
676  128  2025-06-09 22-17-57  2313.6  18286.1  -14676.1  223.426  14293.2
677  128  2025-06-09 22-17-57  2315.2  18296.2  -14681  223.483  14284.9
678  128  2025-06-09 22-17-57  2316.8  18306.3  -14685.7  223.541  14276.6
679  128  2025-06-09 22-17-57  2318.4  18316.3  -14690.6  223.598  14285.9
680  128  2025-06-09 22-17-57  2320  18326.4  -14695.4  223.656  14277.6
681  128  2025-06-09 22-17-57  2321.6  18336.4  -14700.3  223.713  14287
682  128  2025-06-09 22-17-57  2323.2  18346.5  -14705.1  223.771  14278.7
683  128  2025-06-09 22-17-57  2324.8  18356.6  -14710  223.829  14288.1
684  128  2025-06-09 22-17-57  2326.4  18366.7  -14714.8  223.886  14279.8
685  128  2025-06-09 22-17-57  2328  18376.7  -14719.7  223.944  14289.2
686  128  2025-06-09 22-17-57  2329.6  18386.8  -14724.5  224.001  14280.9
687  128  2025-06-09 22-17-57  2331.2  18396.9  -14729.5  224.059  14290.4
688  128  2025-06-09 22-17-57  2332.8  18407  -14734.3  224.116  14282.1
689  128  2025-06-09 22-17-57  2334.4  18417.2  -14739.1  224.174  14273.8
690  128  2025-06-09 22-17-57  2336  18427.3  -14743.9  224.231  14283.1
691  128  2025-06-09 22-17-57  2337.6  18437.4  -14748.7  224.289  14274.8
692  128  2025-06-09 22-17-57  2339.2  18447.6  -14753.6  224.347  14284.2
693  128  2025-06-09 22-17-57  2340.8  18457.7  -14758.4  224.404  14275.9
694  128  2025-06-09 22-17-57  2342.4  18467.8  -14763.3  224.462  14285.3
695  128  2025-06-09 22-17-57  2344  18478  -14768.1  224.519  14277
696  128  2025-06-09 22-17-57  2345.6  18488.1  -14773  224.577  14286.4
697  128  2025-06-09 22-17-57  2347.2  18498.3  -14777.8  224.634  14278.1
698  128  2025-06-09 22-17-57  2348.8  18508.4  -14782.8  224.692  14287.5
699  128  2025-06-09 22-17-57  2350.4  18518.6  -14787.6  224.749  14279.3
700  128  2025-06-09 22-17-57  2352  18528.8  -14792.6  224.807  14288.7
701  128  2025-06-09 22-17-57  2353.6  18538.9  -14797.4  224.865  14280.5
702  128  2025-06-09 22-17-57  2355.2  18549.2  -14802.2  224.922  14272.2
703  128  2025-06-09 22-17-57  2356.8  18559.4  -14807.1  224.98  14281.5
704  128  2025-06-09 22-17-57  2358.4  18569.6  -14811.9  225.037  14273.2
705  128  2025-06-09 22-17-57  2360  18579.8  -14816.8  225.095  14282.6
706  128  2025-06-09 22-17-57  2361.6  18590  -14821.6  225.152  14274.3
707  128  2025-06-09 22-17-57  2363.2  18600.2  -14826.5  225.21  14283.7
708  128  2025-06-09 22-17-57  2364.8  18610.5  -14831.3  225.267  14275.5
709  128  2025-06-09 22-17-57  2366.4  18620.7  -14836.3  225.325  14284.9
710  128  2025-06-09 22-17-57  2368  18630.9  -14841.1  225.383  14276.6
711  128  2025-06-09 22-17-57  2369.6  18641.2  -14846.1  225.44  14286.1
712  128  2025-06-09 22-17-57  2371.2  18651.4  -14850.9  225.498  14277.8
713  128  2025-06-09 22-17-57  2372.8  18661.7  -14855.7  225.555  14269.5
714  128  2025-06-09 22-17-57  2374.4  18672  -14860.6  225.613  14278.9
715  128  2025-06-09 22-17-57  2376  18682.3  -14865.4  225.67  14270.6
716  128  2025-06-09 22-17-57  2377.6  18692.5  -14870.3  225.728  14280
717  128  2025-06-09 22-17-57  2379.2  18702.9  -14875.1  225.785  14271.7
718  128  2025-06-09 22-17-57  2380.8  18713.1  -14880  225.843  14281.1
719  128  2025-06-09 22-17-57  2382.4  18723.4  -14884.8  225.901  14272.8
720  128  2025-06-09 22-17-57  2384  18733.7  -14889.7  225.958  14282.3
721  128  2025-06-09 22-17-57  2385.6  18744  -14894.6  226.016  14274
722  128  2025-06-09 22-17-57  2387.2  18754.3  -14899.5  226.073  14283.4
723  128  2025-06-09 22-17-57  2388.8  18764.6  -14904.4  226.131  14275.2
724  128  2025-06-09 22-17-57  2390.4  18775  -14909.2  226.188  14266.9
725  128  2025-06-09 22-17-57  2392  18785.4  -14914  226.246  14276.3
726  128  2025-06-09 22-17-57  2393.6  18795.7  -14918.8  226.303  14268
727  128  2025-06-09 22-17-57  2395.2  18806.1  -14923.7  226.361  14277.3
728  128  2025-06-09 22-17-57  2396.8  18816.5  -14928.5  226.419  14269.1
729  128  2025-06-09 22-17-57  2398.4  18826.8  -14933.4  226.476  14278.5
730  128  2025-06-09 22-17-57  2400  18837.2  -14938.2  226.534  14270.2
731  128  2025-06-09 22-17-57  2401.6  18847.5  -14943.2  226.591  14279.6
732  128  2025-06-09 22-17-57  2403.2  18857.9  -14948  226.649  14271.4
733  128  2025-06-09 22-17-57  2404.8  18868.3  -14953  226.706  14280.8
734  128  2025-06-09 22-17-57  2406.4  18878.7  -14957.8  226.764  14272.6
735  128  2025-06-09 22-17-57  2408  18889.1  -14962.6  226.821  14264.2
736  128  2025-06-09 22-17-57  2409.6  18899.5  -14967.5  226.879  14273.6
737  128  2025-06-09 22-17-57  2411.2  18910  -14972.2  226.937  14265.3
738  128  2025-06-09 22-17-57  2412.8  18920.4  -14977.1  226.994  14274.7
739  128  2025-06-09 22-17-57  2414.4  18930.8  -14981.9  227.052  14266.4
740  128  2025-06-09 22-17-57  2416  18941.3  -14986.8  227.109  14275.8
741  128  2025-06-09 22-17-57  2417.6  18951.7  -14991.6  227.167  14267.6
742  128  2025-06-09 22-17-57  2419.2  18962.1  -14996.6  227.224  14277
743  128  2025-06-09 22-17-57  2420.8  18972.6  -15001.4  227.282  14268.7
744  128  2025-06-09 22-17-57  2422.4  18983  -15006.4  227.339  14278.2
745  128  2025-06-09 22-17-57  2424  18993.5  -15011.2  227.397  14269.9
746  128  2025-06-09 22-17-57  2425.6  19004  -15016  227.455  14261.6
747  128  2025-06-09 22-17-57  2427.2  19014.5  -15020.8  227.512  14271
748  128  2025-06-09 22-17-57  2428.8  19025  -15025.6  227.57  14262.7
749  128  2025-06-09 22-17-57  2430.4  19035.5  -15030.5  227.627  14272.1
750  128  2025-06-09 22-17-57  2432  19046  -15035.3  227.685  14263.8
751  128  2025-06-09 22-17-57  2433.6  19056.5  -15040.2  227.742  14273.2
752  128  2025-06-09 22-17-57  2435.2  19067  -15045  227.8  14264.9
753  128  2025-06-09 22-17-57  2436.8  19077.5  -15049.9  227.857  14274.3
754  128  2025-06-09 22-17-57  2438.4  19088.1  -15054.8  227.915  14266.1
755  128  2025-06-09 22-17-57  2440  19098.5  -15059.7  227.973  14275.5
756  128  2025-06-09 22-17-57  2441.6  19109.1  -15064.6  228.03  14267.3
757  128  2025-06-09 22-17-57  2443.2  19119.6  -15069.5  228.088  14276.7
758  128  2025-06-09 22-17-57  2444.8  19130.1  -15074.4  228.145  14268.5
759  128  2025-06-09 22-17-57  2446.4  19140.7  -15079.2  228.203  14260.2
760  128  2025-06-09 22-17-57  2448  19151.3  -15084  228.26  14269.6
761  128  2025-06-09 22-17-57  2449.6  19161.9  -15088.8  228.318  14261.3
762  128  2025-06-09 22-17-57  2451.2  19172.4  -15093.7  228.375  14270.7
763  128  2025-06-09 22-17-57  2452.8  19183  -15098.6  228.433  14262.4
764  128  2025-06-09 22-17-57  2454.4  19193.6  -15103.5  228.491  14271.9
765  128  2025-06-09 22-17-57  2456  19204.2  -15108.3  228.548  14263.6
766  128  2025-06-09 22-17-57  2457.6  19214.8  -15113.2  228.606  14273.1
767  128  2025-06-09 22-17-57  2459.2  19225.4  -15118.1  228.663  14264.8
768  128  2025-06-09 22-17-57  2460.8  19236  -15122.8  228.721  14256.5
769  128  2025-06-09 22-17-57  2462.4  19246.6  -15127.7  228.778  14265.9
770  128  2025-06-09 22-17-57  2464  19257.3  -15132.5  228.836  14257.6
771  128  2025-06-09 22-17-57  2465.6  19267.9  -15137.4  228.893  14267
772  128  2025-06-09 22-17-57  2467.2  19278.6  -15142.1  228.951  14258.7
773  128  2025-06-09 22-17-57  2468.8  19289.2  -15147  229.009  14268.1
774  128  2025-06-09 22-17-57  2470.4  19299.9  -15151.9  229.066  14259.8
775  128  2025-06-09 22-17-57  2472  19310.5  -15156.8  229.124  14269.2
776  128  2025-06-09 22-17-57  2473.6  19321.2  -15161.6  229.181  14261
777  128  2025-06-09 22-17-57  2475.2  19331.8  -15166.5  229.239  14270.4
778  128  2025-06-09 22-17-57  2476.8  19342.5  -15171.4  229.296  14262.2
779  128  2025-06-09 22-17-57  2478.4  19353.2  -15176.3  229.354  14271.6
780  128  2025-06-09 22-17-57  2480  19363.8  -15181.2  229.411  14263.4
781  128  2025-06-09 22-17-57  2481.6  19374.6  -15186  229.469  14255.1
782  128  2025-06-09 22-17-57  2483.2  19385.3  -15190.8  229.527  14264.5
783  128  2025-06-09 22-17-57  2484.8  19396  -15195.6  229.584  14256.2
784  128  2025-06-09 22-17-57  2486.4  19406.7  -15200.5  229.642  14265.6
785  128  2025-06-09 22-17-57  2488  19417.5  -15205.3  229.699  14257.3
786  128  2025-06-09 22-17-57  2489.6  19428.2  -15210.2  229.757  14266.8
787  128  2025-06-09 22-17-57  2491.2  19438.9  -15215.1  229.814  14258.5
788  128  2025-06-09 22-17-57  2492.8  19449.6  -15220  229.872  14268
789  128  2025-06-09 22-17-57  2494.4  19460.4  -15224.8  229.93  14259.7
790  128  2025-06-09 22-17-57  2496  19471.1  -15229.8  229.987  14269.2
791  128  2025-06-09 22-17-57  2497.6  19481.8  -15234.7  230.045  14260.9
792  128  2025-06-09 22-17-57  2499.2  19492.6  -15239.4  230.102  14252.6
793  128  2025-06-09 22-17-57  2500.8  19503.4  -15244.3  230.16  14262
794  128  2025-06-09 22-17-57  2502.4  19514.2  -15249.1  230.217  14253.7
795  128  2025-06-09 22-17-57  2504  19525  -15254  230.275  14263.2
796  128  2025-06-09 22-17-57  2505.6  19535.8  -15258.8  230.332  14254.9
797  128  2025-06-09 22-17-57  2507.2  19546.6  -15263.7  230.39  14264.3
798  128  2025-06-09 22-17-57  2508.8  19557.4  -15268.5  230.448  14256
799  128  2025-06-09 22-17-57  2510.4  19568.2  -15273.4  230.505  14265.5
800  128  2025-06-09 22-17-57  2512  19579  -15278.3  230.563  14257.2
801  128  2025-06-09 22-17-57  2513.6  19589.8  -15283.2  230.62  14266.7
802  128  2025-06-09 22-17-57  2515.2  19600.6  -15288.1  230.678  14258.5
803  128  2025-06-09 22-17-57  2516.8  19611.5  -15292.8  230.735  14250.2
804  128  2025-06-09 22-17-57  2518.4  19622.3  -15297.7  230.793  14259.6
805  128  2025-06-09 22-17-57  2520  19633.2  -15302.5  230.85  14251.3
806  128  2025-06-09 22-17-57  2521.6  19644  -15307.4  230.908  14260.7
807  128  2025-06-09 22-17-57  2523.2  19654.9  -15312.2  230.966  14252.4
808  128  2025-06-09 22-17-57  2524.8  19665.8  -15317.1  231.023  14261.8
809  128  2025-06-09 22-17-57  2526.4  19676.6  -15321.9  231.081  14253.6
810  128  2025-06-09 22-17-57  2528  19687.5  -15326.8  231.138  14263
811  128  2025-06-09 22-17-57  2529.6  19698.4  -15331.7  231.196  14254.8
812  128  2025-06-09 22-17-57  2531.2  19709.2  -15336.6  231.253  14264.2
813  128  2025-06-09 22-17-57  2532.8  19720.1  -15341.5  231.311  14256
814  128  2025-06-09 22-17-57  2534.4  19731.1  -15346.2  231.368  14247.7
815  128  2025-06-09 22-17-57  2536  19742  -15351.1  231.426  14257.1
816  128  2025-06-09 22-17-57  2537.6  19752.9  -15355.9  231.484  14248.8
817  128  2025-06-09 22-17-57  2539.2  19763.9  -15360.8  231.541  14258.2
818  128  2025-06-09 22-17-57  2540.8  19774.8  -15365.5  231.599  14250
819  128  2025-06-09 22-17-57  2542.4  19785.7  -15370.5  231.656  14259.4
820  128  2025-06-09 22-17-57  2544  19796.7  -15375.3  231.714  14251.1
821  128  2025-06-09 22-17-57  2545.6  19807.6  -15380.2  231.771  14260.6
822  128  2025-06-09 22-17-57  2547.2  19818.6  -15385  231.829  14252.3
823  128  2025-06-09 22-17-57  2548.8  19829.5  -15390  231.886  14261.8
824  128  2025-06-09 22-17-57  2550.4  19840.5  -15394.8  231.944  14253.6
825  128  2025-06-09 22-17-57  2552  19851.5  -15399.6  232.002  14245.2
826  128  2025-06-09 22-17-57  2553.6  19862.5  -15404.4  232.059  14254.6
827  128  2025-06-09 22-17-57  2555.2  19873.5  -15409.2  232.117  14246.4
828  128  2025-06-09 22-17-57  2556.8  19884.5  -15414.1  232.174  14255.8
829  128  2025-06-09 22-17-57  2558.4  19895.5  -15418.9  232.232  14247.5
830  128  2025-06-09 22-17-57  2560  19906.5  -15423.8  232.289  14256.9
831  128  2025-06-09 22-17-57  2561.6  19917.5  -15428.6  232.347  14248.7
832  128  2025-06-09 22-17-57  2563.2  19928.5  -15433.5  232.404  14258.1
833  128  2025-06-09 22-17-57  2564.8  19939.5  -15438.3  232.462  14249.9
834  128  2025-06-09 22-17-57  2566.4  19950.5  -15443.3  232.52  14259.3
835  128  2025-06-09 22-17-57  2568  19961.6  -15448.1  232.577  14251.1
836  128  2025-06-09 22-17-57  2569.6  19972.7  -15452.9  232.635  14242.8
837  128  2025-06-09 22-17-57  2571.2  19983.7  -15457.7  232.692  14252.2
838  128  2025-06-09 22-17-57  2572.8  19994.8  -15462.5  232.75  14243.9
839  128  2025-06-09 22-17-57  2574.4  20005.8  -15467.4  232.807  14253.3
840  128  2025-06-09 22-17-57  2576  20016.9  -15472.2  232.865  14245
841  128  2025-06-09 22-17-57  2577.6  20028  -15477.1  232.922  14254.4
842  128  2025-06-09 22-17-57  2579.2  20039.1  -15481.9  232.98  14246.2
843  128  2025-06-09 22-17-57  2580.8  20050.2  -15486.8  233.038  14255.6
844  128  2025-06-09 22-17-57  2582.4  20061.3  -15491.6  233.095  14247.4
845  128  2025-06-09 22-17-57  2584  20072.3  -15496.5  233.153  14256.9
846  128  2025-06-09 22-17-57  2585.6  20083.5  -15501.4  233.21  14248.6
847  128  2025-06-09 22-17-57  2587.2  20094.6  -15506.1  233.268  14240.3
848  128  2025-06-09 22-17-57  2588.8  20105.7  -15511  233.325  14249.7
849  128  2025-06-09 22-17-57  2590.4  20116.9  -15515.7  233.383  14241.4
850  128  2025-06-09 22-17-57  2592  20128  -15520.6  233.44  14250.8
851  128  2025-06-09 22-17-57  2593.6  20139.2  -15525.4  233.498  14242.6
852  128  2025-06-09 22-17-57  2595.2  20150.3  -15530.3  233.556  14252
853  128  2025-06-09 22-17-57  2596.8  20161.5  -15535.1  233.613  14243.7
854  128  2025-06-09 22-17-57  2598.4  20172.6  -15540  233.671  14253.2
855  128  2025-06-09 22-17-57  2600  20183.8  -15544.8  233.728  14244.9
856  128  2025-06-09 22-17-57  2601.6  20194.9  -15549.8  233.786  14254.4
857  128  2025-06-09 22-17-57  2603.2  20206.1  -15554.6  233.843  14246.2
858  128  2025-06-09 22-17-57  2604.8  20217.3  -15559.3  233.901  14237.9
859  128  2025-06-09 22-17-57  2606.4  20228.5  -15564.2  233.958  14247.3
860  128  2025-06-09 22-17-57  2608  20239.8  -15568.9  234.016  14239
861  128  2025-06-09 22-17-57  2609.6  20251  -15573.8  234.074  14248.4
862  128  2025-06-09 22-17-57  2611.2  20262.2  -15578.6  234.131  14240.1
863  128  2025-06-09 22-17-57  2612.8  20273.4  -15583.5  234.189  14249.5
864  128  2025-06-09 22-17-57  2614.4  20284.7  -15588.3  234.246  14241.3
865  128  2025-06-09 22-17-57  2616  20295.9  -15593.2  234.304  14250.7
866  128  2025-06-09 22-17-57  2617.6  20307.1  -15598  234.361  14242.5
867  128  2025-06-09 22-17-57  2619.2  20318.3  -15602.9  234.419  14251.9
868  128  2025-06-09 22-17-57  2620.8  20329.6  -15607.8  234.476  14243.7
869  128  2025-06-09 22-17-57  2622.4  20340.9  -15612.5  234.534  14235.4
870  128  2025-06-09 22-17-57  2624  20352.1  -15617.3  234.592  14244.8
871  128  2025-06-09 22-17-57  2625.6  20363.4  -15622.1  234.649  14236.5
872  128  2025-06-09 22-17-57  2627.2  20374.7  -15626.9  234.707  14245.9
873  128  2025-06-09 22-17-57  2628.8  20386  -15631.7  234.764  14237.6
874  128  2025-06-09 22-17-57  2630.4  20397.3  -15636.6  234.822  14247.1
875  128  2025-06-09 22-17-57  2632  20408.6  -15641.4  234.879  14238.8
876  128  2025-06-09 22-17-57  2633.6  20419.9  -15646.3  234.937  14248.2
877  128  2025-06-09 22-17-57  2635.2  20431.2  -15651.1  234.994  14240
878  128  2025-06-09 22-17-57  2636.8  20442.5  -15656  235.052  14249.5
879  128  2025-06-09 22-17-57  2638.4  20453.8  -15660.8  235.11  14241.2
880  128  2025-06-09 22-17-57  2640  20465.2  -15665.6  235.167  14232.9
881  128  2025-06-09 22-17-57  2641.6  20476.5  -15670.4  235.225  14242.3
882  128  2025-06-09 22-17-57  2643.2  20487.9  -15675.2  235.282  14234
883  128  2025-06-09 22-17-57  2644.8  20499.2  -15680  235.34  14243.4
884  128  2025-06-09 22-17-57  2646.4  20510.6  -15684.8  235.397  14235.2
885  128  2025-06-09 22-17-57  2648  20521.9  -15689.7  235.455  14244.6
886  128  2025-06-09 22-17-57  2649.6  20533.3  -15694.4  235.512  14236.3
887  128  2025-06-09 22-17-57  2651.2  20544.7  -15699.3  235.57  14245.8
888  128  2025-06-09 22-17-57  2652.8  20556.1  -15704.1  235.628  14237.5
889  128  2025-06-09 22-17-57  2654.4  20567.4  -15709.1  235.685  14247
890  128  2025-06-09 22-17-57  2656  20578.8  -15713.9  235.743  14238.8
891  128  2025-06-09 22-17-57  2657.6  20590.2  -15718.8  235.8  14248.2
892  128  2025-06-09 22-17-57  2659.2  20601.6  -15723.7  235.858  14240
893  128  2025-06-09 22-17-57  2660.8  20613  -15728.4  235.915  14231.7
894  128  2025-06-09 22-17-57  2662.4  20624.4  -15733.3  235.973  14241.2
895  128  2025-06-09 22-17-57  2664  20635.9  -15738  236.03  14232.9
896  128  2025-06-09 22-17-57  2665.6  20647.3  -15742.9  236.088  14242.3
897  128  2025-06-09 22-17-57  2667.2  20658.7  -15747.7  236.146  14234.1
898  128  2025-06-09 22-17-57  2668.8  20670.2  -15752.6  236.203  14243.5
899  128  2025-06-09 22-17-57  2670.4  20681.6  -15757.4  236.261  14235.3
900  128  2025-06-09 22-17-57  2672  20693  -15762.3  236.318  14244.7
901  128  2025-06-09 22-17-57  2673.6  20704.5  -15767.1  236.376  14236.5
902  128  2025-06-09 22-17-57  2675.2  20716  -15771.8  236.433  14228.2
903  128  2025-06-09 22-17-57  2676.8  20727.5  -15776.6  236.491  14237.6
904  128  2025-06-09 22-17-57  2678.4  20739  -15781.4  236.548  14229.3
905  128  2025-06-09 22-17-57  2680  20750.5  -15786.2  236.606  14238.7
906  128  2025-06-09 22-17-57  2681.6  20762  -15791  236.664  14230.4
907  128  2025-06-09 22-17-57  2683.2  20773.5  -15795.8  236.721  14239.8
908  128  2025-06-09 22-17-57  2684.8  20785  -15800.6  236.779  14231.6
909  128  2025-06-09 22-17-57  2686.4  20796.5  -15805.5  236.836  14241
910  128  2025-06-09 22-17-57  2688  20808  -15810.3  236.894  14232.8
911  128  2025-06-09 22-17-57  2689.6  20819.5  -15815.2  236.951  14242.2
912  128  2025-06-09 22-17-57  2691.2  20831.1  -15820  237.009  14234
913  128  2025-06-09 22-17-57  2692.8  20842.7  -15824.7  237.066  14225.7
914  128  2025-06-09 22-17-57  2694.4  20854.2  -15829.6  237.124  14235.1
915  128  2025-06-09 22-17-57  2696  20865.8  -15834.3  237.182  14226.8
916  128  2025-06-09 22-17-57  2697.6  20877.3  -15839.1  237.239  14236.2
917  128  2025-06-09 22-17-57  2699.2  20888.9  -15843.9  237.297  14228
918  128  2025-06-09 22-17-57  2700.8  20900.5  -15848.7  237.354  14237.4
919  128  2025-06-09 22-17-57  2702.4  20912.1  -15853.5  237.412  14229.1
920  128  2025-06-09 22-17-57  2704  20923.7  -15858.4  237.469  14238.6
921  128  2025-06-09 22-17-57  2705.6  20935.3  -15863.2  237.527  14230.3
922  128  2025-06-09 22-17-57  2707.2  20946.8  -15868.1  237.584  14239.8
923  128  2025-06-09 22-17-57  2708.8  20958.4  -15872.9  237.642  14231.6
924  128  2025-06-09 22-17-57  2710.4  20970  -15877.8  237.7  14241
925  128  2025-06-09 22-17-57  2712  20981.6  -15882.6  237.757  14232.8
926  128  2025-06-09 22-17-57  2713.6  20993.3  -15887.3  237.815  14224.5
927  128  2025-06-09 22-17-57  2715.2  21004.9  -15892.2  237.872  14233.9
928  128  2025-06-09 22-17-57  2716.8  21016.6  -15896.9  237.93  14225.7
929  128  2025-06-09 22-17-57  2718.4  21028.2  -15901.8  237.987  14235.1
930  128  2025-06-09 22-17-57  2720  21039.9  -15906.5  238.045  14226.8
931  128  2025-06-09 22-17-57  2721.6  21051.5  -15911.4  238.102  14236.3
932  128  2025-06-09 22-17-57  2723.2  21063.2  -15916.2  238.16  14228
933  128  2025-06-09 22-17-57  2724.8  21074.8  -15921.1  238.218  14237.5
934  128  2025-06-09 22-17-57  2726.4  21086.5  -15925.9  238.275  14229.3
935  128  2025-06-09 22-17-57  2728  21098.1  -15930.8  238.333  14238.7
936  128  2025-06-09 22-17-57  2729.6  21109.8  -15935.6  238.39  14230.5
937  128  2025-06-09 22-17-57  2731.2  21121.5  -15940.3  238.448  14222.2
938  128  2025-06-09 22-17-57  2732.8  21133.2  -15945.2  238.505  14231.7
939  128  2025-06-09 22-17-57  2734.4  21145  -15949.9  238.563  14223.4
940  128  2025-06-09 22-17-57  2736  21156.6  -15954.8  238.62  14232.8
941  128  2025-06-09 22-17-57  2737.6  21168.4  -15959.5  238.678  14224.5
942  128  2025-06-09 22-17-57  2739.2  21180.1  -15964.4  238.736  14234
943  128  2025-06-09 22-17-57  2740.8  21191.8  -15969.2  238.793  14225.7
944  128  2025-06-09 22-17-57  2742.4  21203.5  -15974.1  238.851  14235.2
945  128  2025-06-09 22-17-57  2744  21215.3  -15978.9  238.908  14227
946  128  2025-06-09 22-17-57  2745.6  21227  -15983.8  238.966  14236.5
947  128  2025-06-09 22-17-57  2747.2  21238.8  -15988.6  239.023  14228.2
948  128  2025-06-09 22-17-57  2748.8  21250.6  -15993.3  239.081  14220
949  128  2025-06-09 22-17-57  2750.4  21262.3  -15998.1  239.138  14229.4
950  128  2025-06-09 22-17-57  2752  21274.1  -16002.9  239.196  14221.1
951  128  2025-06-09 22-17-57  2753.6  21285.9  -16007.7  239.254  14230.5
952  128  2025-06-09 22-17-57  2755.2  21297.7  -16012.4  239.311  14222.3
953  128  2025-06-09 22-17-57  2756.8  21309.5  -16017.3  239.369  14231.7
954  128  2025-06-09 22-17-57  2758.4  21321.3  -16022.1  239.426  14223.5
955  128  2025-06-09 22-17-57  2760  21333.1  -16027  239.484  14232.9
956  128  2025-06-09 22-17-57  2761.6  21344.9  -16031.8  239.541  14224.7
957  128  2025-06-09 22-17-57  2763.2  21356.7  -16036.7  239.599  14234.2
958  128  2025-06-09 22-17-57  2764.8  21368.5  -16041.5  239.656  14226
959  128  2025-06-09 22-17-57  2766.4  21380.4  -16046.1  239.743  14210
960  128  2025-06-09 22-17-57  2768  21392.4  -16050.5  239.829  14194
961  128  2025-06-09 22-17-57  2769.6  21404.5  -16054.7  239.915  14178
962  128  2025-06-09 22-17-57  2771.2  21416.7  -16058.7  240.002  14162
963  128  2025-06-09 22-17-57  2772.8  21428.9  -16062.4  240.088  14146
964  128  2025-06-09 22-17-57  2774.4  21441.2  -16066  240.174  14130
965  128  2025-06-09 22-17-57  2776  21453.5  -16069.5  240.261  14128.3
966  128  2025-06-09 22-17-57  2777.6  21465.9  -16073  240.347  14126.6
967  128  2025-06-09 22-17-57  2779.2  21478.2  -16076.5  240.434  14125
968  128  2025-06-09 22-17-57  2780.8  21490.6  -16080  240.52  14123.3
969  128  2025-06-09 22-17-57  2782.4  21503  -16083.5  240.606  14121.7
970  128  2025-06-09 22-17-57  2784  21515.4  -16086.9  240.693  14120
971  128  2025-06-09 22-17-57  2785.6  21527.8  -16090.3  240.779  14118.4
972  128  2025-06-09 22-17-57  2787.2  21540.2  -16093.7  240.865  14116.7
973  128  2025-06-09 22-17-57  2788.8  21552.7  -16097.1  240.952  14115.1
974  128  2025-06-09 22-17-57  2790.4  21565.1  -16100.5  241.038  14113.4
975  128  2025-06-09 22-17-57  2792  21577.6  -16103.8  241.124  14111.8
976  128  2025-06-09 22-17-57  2793.6  21590.1  -16107.1  241.211  14110.1
977  128  2025-06-09 22-17-57  2795.2  21602.6  -16110.4  241.297  14108.4
978  128  2025-06-09 22-17-57  2796.8  21615.1  -16113.7  241.383  14106.8
979  128  2025-06-09 22-17-57  2798.4  21627.7  -16117  241.47  14105.1
980  128  2025-06-09 22-17-57  2800  21640.2  -16120.2  241.556  14103.5
981  128  2025-06-09 22-17-57  2801.6  21652.8  -16123.4  241.642  14101.8
982  128  2025-06-09 22-17-57  2803.2  21665.3  -16126.6  241.729  14100.2
983  128  2025-06-09 22-17-57  2804.8  21677.9  -16129.8  241.815  14098.5
984  128  2025-06-09 22-17-57  2806.4  21690.5  -16132.9  241.901  14096.9
