SN    USVID    CurTime    simTime    CurX    CurY    CurVel      CurYaw   
0  128  2025-06-09 22-12-01  0  8  4.89843e-16  192  2672
1  128  2025-06-09 22-12-01  1.6  128.006  9.80038e-16  192.058  2672
2  128  2025-06-09 22-12-01  3.2  136.017  1.47058e-15  192.115  2672
3  128  2025-06-09 22-12-01  4.8  144.035  1.96148e-15  192.173  2672
4  128  2025-06-09 22-12-01  6.4  152.058  2.45274e-15  192.23  2672
5  128  2025-06-09 22-12-01  8  160.086  2.94434e-15  192.288  2672
6  128  2025-06-09 22-12-01  9.6  168.121  3.4363e-15  192.345  2672
7  128  2025-06-09 22-12-01  11.2  176.161  3.92861e-15  192.403  2672
8  128  2025-06-09 22-12-01  12.8  184.207  4.42127e-15  192.46  2672
9  128  2025-06-09 22-12-01  14.4  192.259  4.91428e-15  192.518  2672
10  128  2025-06-09 22-12-01  128  200.317  5.40765e-15  192.576  2672
11  128  2025-06-09 22-12-01  129.6  208.38  5.90137e-15  192.633  2672
12  128  2025-06-09 22-12-01  131.2  216.449  6.39544e-15  192.691  2672
13  128  2025-06-09 22-12-01  132.8  224.524  6.88987e-15  192.748  2672
14  128  2025-06-09 22-12-01  134.4  232.604  7.38464e-15  192.806  2672
15  128  2025-06-09 22-12-01  136  240.691  7.87977e-15  192.863  2672
16  128  2025-06-09 22-12-01  137.6  248.783  8.37525e-15  192.921  2672
17  128  2025-06-09 22-12-01  139.2  256.881  8.87109e-15  192.978  2672
18  128  2025-06-09 22-12-01  140.8  264.984  9.36727e-15  193.036  2672
19  128  2025-06-09 22-12-01  142.4  1393.09  9.86381e-15  193.094  2672
20  128  2025-06-09 22-12-01  144  1401.21  1.03607e-14  193.151  2672
21  128  2025-06-09 22-12-01  145.6  1409.33  1.08579e-14  193.209  2672
22  128  2025-06-09 22-12-01  147.2  1417.46  1.13555e-14  193.266  2672
23  128  2025-06-09 22-12-01  148.8  1425.59  1.18535e-14  193.324  2672
24  128  2025-06-09 22-12-01  150.4  1433.73  1.23518e-14  193.381  2672
25  128  2025-06-09 22-12-01  152  1441.87  1.28504e-14  193.439  2672
26  128  2025-06-09 22-12-01  153.6  1450.02  1.33494e-14  193.496  2672
27  128  2025-06-09 22-12-01  155.2  1458.18  1.38488e-14  193.554  2672
28  128  2025-06-09 22-12-01  156.8  1466.34  1.43485e-14  193.612  2672
29  128  2025-06-09 22-12-01  158.4  1474.5  1.48486e-14  193.669  2672
30  128  2025-06-09 22-12-01  160  1482.68  1.5349e-14  193.727  2672
31  128  2025-06-09 22-12-01  161.6  1490.85  1.58498e-14  193.784  2672
32  128  2025-06-09 22-12-01  163.2  1499.04  1.63509e-14  193.842  2672
33  128  2025-06-09 22-12-01  164.8  1507.23  1.68524e-14  193.899  2672
34  128  2025-06-09 22-12-01  166.4  1515.42  1.73542e-14  193.957  2672
35  128  2025-06-09 22-12-01  168  1523.63  1.78564e-14  194.014  2672
36  128  2025-06-09 22-12-01  169.6  1531.83  1.83589e-14  194.072  2672
37  128  2025-06-09 22-12-01  171.2  1540.05  1.88618e-14  194.13  2672
38  128  2025-06-09 22-12-01  172.8  1548.26  1.9365e-14  194.187  2672
39  128  2025-06-09 22-12-01  174.4  1556.49  1.98686e-14  194.245  2672
40  128  2025-06-09 22-12-01  176  1564.72  2.03725e-14  194.302  2672
41  128  2025-06-09 22-12-01  177.6  1572.96  2.08768e-14  194.36  2672
42  128  2025-06-09 22-12-01  179.2  1581.2  2.13815e-14  194.417  2672
43  128  2025-06-09 22-12-01  180.8  1589.44  2.18865e-14  194.475  2672
44  128  2025-06-09 22-12-01  182.4  1597.7  2.23918e-14  194.532  2672
45  128  2025-06-09 22-12-01  184  1605.96  2.28975e-14  194.59  2672
46  128  2025-06-09 22-12-01  185.6  1614.22  2.34036e-14  194.648  2672
47  128  2025-06-09 22-12-01  187.2  1622.49  2.391e-14  194.705  2672
48  128  2025-06-09 22-12-01  188.8  1630.77  2.44167e-14  194.763  2672
49  128  2025-06-09 22-12-01  190.4  1639.05  2.49238e-14  194.82  2672
50  128  2025-06-09 22-12-01  192  1647.34  2.54313e-14  194.878  2672
51  128  2025-06-09 22-12-01  193.6  1655.63  2.59391e-14  194.935  2672
52  128  2025-06-09 22-12-01  195.2  1663.93  2.64473e-14  194.993  2672
53  128  2025-06-09 22-12-01  196.8  1672.24  2.69558e-14  195.05  2672
54  128  2025-06-09 22-12-01  198.4  1680.55  2.74647e-14  195.108  2672
55  128  2025-06-09 22-12-01  200  1688.86  2.79739e-14  195.166  2672
56  128  2025-06-09 22-12-01  201.6  1697.19  2.84835e-14  195.223  2672
57  128  2025-06-09 22-12-01  203.2  1705.51  2.89934e-14  195.281  2672
58  128  2025-06-09 22-12-01  204.8  1713.85  2.95037e-14  195.338  2672
59  128  2025-06-09 22-12-01  206.4  1722.19  3.00143e-14  195.396  2672
60  128  2025-06-09 22-12-01  208  1730.53  3.05253e-14  195.453  2672
61  128  2025-06-09 22-12-01  209.6  1738.88  3.10367e-14  195.511  2672
62  128  2025-06-09 22-12-01  211.2  1747.24  3.15484e-14  195.568  2672
63  128  2025-06-09 22-12-01  212.8  1755.6  3.20604e-14  195.626  2672
64  128  2025-06-09 22-12-01  214.4  1763.97  3.25728e-14  195.684  2672
65  128  2025-06-09 22-12-01  216  1772.35  3.30855e-14  195.741  2672
66  128  2025-06-09 22-12-01  217.6  1780.73  3.35986e-14  195.799  2672
67  128  2025-06-09 22-12-01  219.2  1789.11  3.41121e-14  195.856  2672
68  128  2025-06-09 22-12-01  220.8  1797.5  3.46259e-14  195.914  2672
69  128  2025-06-09 22-12-01  222.4  1805.9  3.51401e-14  195.971  2672
70  128  2025-06-09 22-12-01  224  1814.3  3.56546e-14  196.029  2672
71  128  2025-06-09 22-12-01  225.6  1822.71  3.61694e-14  196.086  2672
72  128  2025-06-09 22-12-01  227.2  1831.13  3.66847e-14  196.144  2672
73  128  2025-06-09 22-12-01  228.8  1839.55  3.72002e-14  196.202  2672
74  128  2025-06-09 22-12-01  230.4  1847.97  3.77162e-14  196.259  2672
75  128  2025-06-09 22-12-01  232  1856.4  3.82324e-14  196.317  2672
76  128  2025-06-09 22-12-01  233.6  1864.84  3.87491e-14  196.374  2672
77  128  2025-06-09 22-12-01  235.2  1873.28  3.9266e-14  196.432  2672
78  128  2025-06-09 22-12-01  236.8  1881.73  3.97834e-14  196.489  2672
79  128  2025-06-09 22-12-01  238.4  1890.19  4.0301e-14  196.547  2672
80  128  2025-06-09 22-12-01  240  1898.65  4.08191e-14  196.604  2672
81  128  2025-06-09 22-12-01  241.6  1907.11  4.13375e-14  196.662  2672
82  128  2025-06-09 22-12-01  243.2  1915.59  4.18562e-14  196.72  2672
83  128  2025-06-09 22-12-01  244.8  1924.06  4.23753e-14  196.777  2672
84  128  2025-06-09 22-12-01  246.4  1932.55  4.28947e-14  196.835  2672
85  128  2025-06-09 22-12-01  248  1941.04  4.34145e-14  196.892  2672
86  128  2025-06-09 22-12-01  249.6  1949.53  4.39347e-14  196.95  2672
87  128  2025-06-09 22-12-01  251.2  1958.03  4.44552e-14  197.007  2672
88  128  2025-06-09 22-12-01  252.8  1966.54  4.49761e-14  197.065  2672
89  128  2025-06-09 22-12-01  254.4  1975.05  4.54973e-14  197.122  2672
90  128  2025-06-09 22-12-01  256  1983.57  4.60188e-14  197.18  2672
91  128  2025-06-09 22-12-01  257.6  1992.09  4.65407e-14  197.238  2672
92  128  2025-06-09 22-12-01  259.2  2000.62  4.7063e-14  197.295  2672
93  128  2025-06-09 22-12-01  260.8  2009.16  4.75856e-14  197.353  2672
94  128  2025-06-09 22-12-01  262.4  2017.7  4.81086e-14  197.41  2672
95  128  2025-06-09 22-12-01  264  2026.25  4.86319e-14  197.468  2672
96  128  2025-06-09 22-12-01  265.6  2034.8  4.91556e-14  197.525  2672
97  128  2025-06-09 22-12-01  267.2  2043.36  4.96796e-14  197.583  2672
98  128  2025-06-09 22-12-01  268.8  2051.92  5.0204e-14  197.641  2672
99  128  2025-06-09 22-12-01  270.4  2060.49  5.07287e-14  197.698  2672
100  128  2025-06-09 22-12-01  1392  2069.07  5.12538e-14  197.756  2672
101  128  2025-06-09 22-12-01  1393.6  2077.63  5.17784e-14  197.669  2672
102  128  2025-06-09 22-12-01  1395.2  2086.21  -0.0755575  197.727  2680.08
103  128  2025-06-09 22-12-01  1396.8  2094.78  -0.227517  197.784  2688.24
104  128  2025-06-09 22-12-01  1398.4  2103.36  -0.456718  197.842  2696.48
105  128  2025-06-09 22-12-01  1400  2111.95  -0.763994  197.9  2704.8
106  128  2025-06-09 22-12-01  1401.6  2120.53  -1.15017  197.957  2713.2
107  128  2025-06-09 22-12-01  1403.2  2129.12  -1.61608  198.015  2721.68
108  128  2025-06-09 22-12-01  1404.8  2137.71  -2.16253  198.072  2730.24
109  128  2025-06-09 22-12-01  1406.4  2146.3  -2.79033  198.13  2738.88
110  128  2025-06-09 22-12-01  1408  2154.89  -3.50028  198.187  2747.6
111  128  2025-06-09 22-12-01  1409.6  2163.48  -4.29318  198.245  2756.4
112  128  2025-06-09 22-12-01  1411.2  2172.07  -5.16982  198.302  2765.28
113  128  2025-06-09 22-12-01  1412.8  2180.65  -6.13097  198.36  2774.24
114  128  2025-06-09 22-12-01  1414.4  2189.23  -7.17739  198.418  2783.28
115  128  2025-06-09 22-12-01  1416  2197.8  -8.30986  198.475  2792.4
116  128  2025-06-09 22-12-01  1417.6  2206.37  -9.52912  198.533  2801.6
117  128  2025-06-09 22-12-01  1419.2  2214.93  -10.8359  198.59  2810.88
118  128  2025-06-09 22-12-01  1420.8  2223.48  -12.2309  198.648  2820.24
119  128  2025-06-09 22-12-01  1422.4  2232.02  -13.7149  198.705  2829.68
120  128  2025-06-09 22-12-01  1424  2240.55  -15.2886  198.763  14039.2
121  128  2025-06-09 22-12-01  1425.6  2249.07  -128.953  198.82  14048.8
122  128  2025-06-09 22-12-01  1427.2  2257.58  -130.708  198.878  14058.5
123  128  2025-06-09 22-12-01  1428.8  2266.08  -132.555  198.936  14068.2
124  128  2025-06-09 22-12-01  1430.4  2274.56  -134.494  198.993  14078.1
125  128  2025-06-09 22-12-01  1432  2283.02  -136.526  199.051  14088
126  128  2025-06-09 22-12-01  1433.6  2291.47  -138.652  199.108  14098
127  128  2025-06-09 22-12-01  1435.2  2299.9  -140.872  199.166  14108.1
128  128  2025-06-09 22-12-01  1436.8  2308.31  -143.186  199.223  14118.2
129  128  2025-06-09 22-12-01  1438.4  2316.7  -145.597  199.281  14128.5
130  128  2025-06-09 22-12-01  1440  2325.06  -148.103  199.338  14138.8
131  128  2025-06-09 22-12-01  1441.6  2333.41  -150.705  199.396  14149.2
132  128  2025-06-09 22-12-01  1443.2  2341.73  -153.405  199.454  14159.7
133  128  2025-06-09 22-12-01  1444.8  2350.02  -156.202  199.511  14170.2
134  128  2025-06-09 22-12-01  1446.4  2358.28  -159.097  199.569  14180.9
135  128  2025-06-09 22-12-01  1448  2366.52  -162.09  199.626  14191.6
136  128  2025-06-09 22-12-01  1449.6  2374.72  -165.183  199.684  14202.4
137  128  2025-06-09 22-12-01  1451.2  2382.91  -168.297  199.597  14205.2
138  128  2025-06-09 22-12-01  1452.8  2391.09  -171.438  199.655  14208
139  128  2025-06-09 22-12-01  1454.4  2399.27  -174.606  199.713  14210.8
140  128  2025-06-09 22-12-01  1456  2407.45  -177.802  199.77  14213.6
141  128  2025-06-09 22-12-01  1457.6  2415.62  -181.024  199.828  14216.4
142  128  2025-06-09 22-12-01  1459.2  2423.78  -184.274  199.885  14219.2
143  128  2025-06-09 22-12-01  1460.8  2431.94  -187.55  199.943  14222
144  128  2025-06-09 22-12-01  1462.4  2440.1  -190.854  200  14224.8
145  128  2025-06-09 22-12-01  1464  2448.25  -194.185  200.058  14227.6
146  128  2025-06-09 22-12-01  1465.6  2456.4  -197.543  200.115  14230.4
147  128  2025-06-09 22-12-01  1467.2  2464.54  -200.927  200.173  14233.2
148  128  2025-06-09 22-12-01  1468.8  2472.68  -204.339  200.231  14236
149  128  2025-06-09 22-12-01  1470.4  2480.81  -207.779  200.288  14238.8
150  128  2025-06-09 22-12-01  1472  2488.94  -211.245  200.346  14241.6
151  128  2025-06-09 22-12-01  1473.6  2497.06  -214.738  200.403  14244.4
152  128  2025-06-09 22-12-01  1475.2  2505.17  -218.258  200.461  14247.2
153  128  2025-06-09 22-12-01  1476.8  2513.28  -221.806  200.518  14250
154  128  2025-06-09 22-12-01  1478.4  2521.35  -225.465  200.576  14262.5
155  128  2025-06-09 22-12-01  1480  2529.37  -229.238  200.633  14275.1
156  128  2025-06-09 22-12-01  1481.6  2537.34  -233.124  200.691  14287.8
157  128  2025-06-09 22-12-01  1483.2  2545.26  -237.124  200.749  14300.6
158  128  2025-06-09 22-12-01  1484.8  2553.13  -241.236  200.806  14313.4
159  128  2025-06-09 22-12-01  1486.4  2560.95  -245.461  200.864  14326.2
160  128  2025-06-09 22-12-01  1488  2568.72  -249.797  200.921  14339
161  128  2025-06-09 22-12-01  1489.6  2576.42  -254.244  200.979  14351.8
162  128  2025-06-09 22-12-01  1491.2  2584.07  -258.801  201.036  14364.6
163  128  2025-06-09 22-12-01  1492.8  2591.66  -263.467  201.094  14377.4
164  128  2025-06-09 22-12-01  1494.4  2599.19  -268.242  201.151  14390.2
165  128  2025-06-09 22-12-01  1496  2606.75  -1392.98  201.209  14385.3
166  128  2025-06-09 22-12-01  1497.6  2614.34  -1397.68  201.267  14380.3
167  128  2025-06-09 22-12-01  1499.2  2621.87  -1402.49  201.324  14393.1
168  128  2025-06-09 22-12-01  1500.8  2629.42  -1407.26  201.382  14388.1
169  128  2025-06-09 22-12-01  1502.4  2637.01  -1411.99  201.439  14383.1
170  128  2025-06-09 22-12-01  1504  2644.63  -1416.68  201.497  14378
171  128  2025-06-09 22-12-01  1505.6  2652.19  -1421.48  201.554  14390.6
172  128  2025-06-09 22-12-01  1507.2  2659.79  -1426.24  201.612  14385.5
173  128  2025-06-09 22-12-01  1508.8  2667.41  -1430.97  201.669  14380.3
174  128  2025-06-09 22-12-01  1510.4  2674.97  -1435.79  201.727  14392.8
175  128  2025-06-09 22-12-01  1512  2682.57  -1440.58  201.785  14387.7
176  128  2025-06-09 22-12-01  1513.6  2690.19  -1445.33  201.842  14382.5
177  128  2025-06-09 22-12-01  1515.2  2697.85  -1450.04  201.9  14377.2
178  128  2025-06-09 22-12-01  1516.8  2705.45  -1454.85  201.957  14389.5
179  128  2025-06-09 22-12-01  1518.4  2713.09  -1459.62  202.015  14384.2
180  128  2025-06-09 22-12-01  1520  2720.75  -1464.35  202.072  14378.9
181  128  2025-06-09 22-12-01  1521.6  2728.36  -1469.19  202.13  14391.2
182  128  2025-06-09 22-12-01  1523.2  2736  -1473.98  202.187  14385.8
183  128  2025-06-09 22-12-01  1524.8  2743.67  -1478.73  202.245  14380.4
184  128  2025-06-09 22-12-01  1526.4  2751.37  -1483.44  202.303  14374.9
185  128  2025-06-09 22-12-01  1528  2759.02  -1488.26  202.36  14387
186  128  2025-06-09 22-12-01  1529.6  2766.7  -1493.03  202.418  14381.5
187  128  2025-06-09 22-12-01  1531.2  2774.42  -1497.76  202.475  14376
188  128  2025-06-09 22-12-01  1532.8  2782.07  -1502.59  202.533  14388.1
189  128  2025-06-09 22-12-01  1534.4  2789.76  -1507.37  202.59  14382.5
190  128  2025-06-09 22-12-01  1536  2797.49  -1512.12  202.648  14376.8
191  128  2025-06-09 22-12-01  1537.6  2805.15  -1516.97  202.705  14388.9
192  128  2025-06-09 22-12-01  1539.2  2812.85  -1521.77  202.763  14383.3
193  128  2025-06-09 22-12-01  1540.8  2820.59  -1526.53  202.821  14377.6
194  128  2025-06-09 22-12-01  1542.4  2828.36  -1531.24  202.878  14371.8
195  128  2025-06-09 22-12-01  1544  14036.1  -1536.06  202.936  14383.7
196  128  2025-06-09 22-12-01  1545.6  14043.8  -1540.83  202.993  14377.9
197  128  2025-06-09 22-12-01  1547.2  14051.6  -1545.55  203.051  14372
198  128  2025-06-09 22-12-01  1548.8  14059.3  -1550.38  203.108  14383.9
199  128  2025-06-09 22-12-01  1550.4  14067.1  -1555.16  203.166  14378
200  128  2025-06-09 22-12-01  1552  14074.9  -1559.89  203.223  14372.1
201  128  2025-06-09 22-12-01  1553.6  14082.6  -1564.73  203.281  14383.9
202  128  2025-06-09 22-12-01  1555.2  14090.4  -1569.52  203.339  14378
203  128  2025-06-09 22-12-01  1556.8  14098.2  -1574.26  203.396  14372
204  128  2025-06-09 22-12-01  1558.4  14106  -1579.1  203.454  14383.7
205  128  2025-06-09 22-12-01  1560  14113.8  -1583.9  203.511  14377.7
206  128  2025-06-09 22-12-01  1561.6  14121.6  -1588.65  203.569  14371.7
207  128  2025-06-09 22-12-01  1563.2  14129.4  -1593.5  203.626  14383.3
208  128  2025-06-09 22-12-01  1564.8  14137.2  -1598.3  203.684  14377.3
209  128  2025-06-09 22-12-01  1566.4  14145  -1603.05  203.741  14371.2
210  128  2025-06-09 22-12-01  1568  14152.8  -1607.9  203.799  14382.8
211  128  2025-06-09 22-12-01  1569.6  14160.7  -1612.71  203.857  14376.7
212  128  2025-06-09 22-12-01  1571.2  14168.5  -1617.47  203.914  14370.5
213  128  2025-06-09 22-12-01  1572.8  14176.3  -1622.32  203.972  14382
214  128  2025-06-09 22-12-01  1574.4  14184.2  -1627.13  204.029  14375.9
215  128  2025-06-09 22-12-01  1576  14192.1  -1631.89  204.087  14369.6
216  128  2025-06-09 22-12-01  1577.6  14199.9  -1636.74  204.144  14381.1
217  128  2025-06-09 22-12-01  1579.2  14207.8  -1641.55  204.202  14374.9
218  128  2025-06-09 22-12-01  1580.8  14215.7  -1646.31  204.259  14368.6
219  128  2025-06-09 22-12-01  1582.4  14223.5  -1651.17  204.317  14380
220  128  2025-06-09 22-12-01  1584  14231.4  -1655.97  204.375  14373.7
221  128  2025-06-09 22-12-01  1585.6  14239.3  -1660.73  204.432  14367.3
222  128  2025-06-09 22-12-01  1587.2  14247.2  -1665.58  204.49  14378.6
223  128  2025-06-09 22-12-01  1588.8  14255.1  -1670.39  204.547  14372.3
224  128  2025-06-09 22-12-01  1590.4  14263.1  -1675.14  204.605  14365.8
225  128  2025-06-09 22-12-01  1592  14271  -1679.99  204.662  14377.1
226  128  2025-06-09 22-12-01  1593.6  14278.9  -1684.79  204.72  14370.7
227  128  2025-06-09 22-12-01  1595.2  14286.9  -1689.53  204.777  14364.2
228  128  2025-06-09 22-12-01  1596.8  14294.8  -1694.38  204.835  14375.4
229  128  2025-06-09 22-12-01  1598.4  14302.7  -1699.17  204.893  14368.9
230  128  2025-06-09 22-12-01  1600  14310.7  -1703.91  204.95  14362.4
231  128  2025-06-09 22-12-01  1601.6  14318.7  -1708.75  205.008  14373.5
232  128  2025-06-09 22-12-01  1603.2  14326.7  -1713.53  205.065  14366.9
233  128  2025-06-09 22-12-01  1604.8  14334.7  -1718.26  205.123  14360.3
234  128  2025-06-09 22-12-01  1606.4  14342.7  -1723.09  205.18  14371.4
235  128  2025-06-09 22-12-01  1608  14350.7  -1727.86  205.238  14364.8
236  128  2025-06-09 22-12-01  1609.6  14358.6  -1732.74  205.295  14375.9
237  128  2025-06-09 22-12-01  1611.2  14366.6  -1737.55  205.353  14369.3
238  128  2025-06-09 22-12-01  1612.8  14374.7  -1742.32  205.411  14362.6
239  128  2025-06-09 22-12-01  1614.4  14382.7  -1747.03  205.468  14355.9
240  128  2025-06-09 22-12-01  1616  14390.8  -1751.68  205.526  14349
241  128  2025-06-09 22-12-01  1617.6  14399  -1756.26  205.439  14342.1
242  128  2025-06-09 22-12-01  1619.2  14407.2  -1760.78  205.353  14335.1
243  128  2025-06-09 22-12-01  1620.8  14415.3  -1765.32  205.411  14337.7
244  128  2025-06-09 22-12-01  1622.4  14423.5  -1769.89  205.468  14340.4
245  128  2025-06-09 22-12-01  1624  14431.6  -1774.49  205.526  14343
246  128  2025-06-09 22-12-01  1625.6  14439.7  -1779.11  205.583  14345.7
247  128  2025-06-09 22-12-01  1627.2  14447.9  -1783.76  205.641  14348.4
248  128  2025-06-09 22-12-01  1628.8  14456  -1788.44  205.698  14351.1
249  128  2025-06-09 22-12-01  1630.4  14464.1  -1793.14  205.756  14353.8
250  128  2025-06-09 22-12-01  1632  14472.2  -1797.88  205.813  14356.6
251  128  2025-06-09 22-12-01  1633.6  14480.3  -1802.63  205.871  14359.3
252  128  2025-06-09 22-12-01  1635.2  14488.4  -1807.42  205.929  14362.1
253  128  2025-06-09 22-12-01  1636.8  14496.5  -1812.23  205.986  14364.9
254  128  2025-06-09 22-12-01  1638.4  14504.6  -1817  206.044  14359.6
255  128  2025-06-09 22-12-01  1640  14512.7  -1821.73  206.101  14354.2
256  128  2025-06-09 22-12-01  1641.6  14520.9  -1826.41  206.159  14348.8
257  128  2025-06-09 22-12-01  1643.2  14529.1  -1831.04  206.216  14343.4
258  128  2025-06-09 22-12-01  1644.8  14537.3  -1835.63  206.274  14337.8
259  128  2025-06-09 22-12-01  1646.4  14545.6  -1840.17  206.331  14332.2
260  128  2025-06-09 22-12-01  1648  14553.9  -1844.66  206.389  14326.6
261  128  2025-06-09 22-12-01  1649.6  14562.2  -1849.1  206.447  14320.8
262  128  2025-06-09 22-12-01  1651.2  14570.6  -1853.49  206.504  14315
263  128  2025-06-09 22-12-01  1652.8  14579  -1857.83  206.562  14309.2
264  128  2025-06-09 22-12-01  1654.4  14587.4  -1862.12  206.619  14303.3
265  128  2025-06-09 22-12-01  1656  14595.9  -1866.36  206.677  14297.3
266  128  2025-06-09 22-12-01  1657.6  14604.4  -1870.54  206.734  14291.2
267  128  2025-06-09 22-12-01  1659.2  14612.9  -1874.67  206.792  14285.1
268  128  2025-06-09 22-12-01  1660.8  14621.5  -1878.74  206.849  14278.9
269  128  2025-06-09 22-12-01  1662.4  14630.1  -1882.76  206.907  14272.7
270  128  2025-06-09 22-12-01  1664  14638.7  -1886.72  206.965  14266.4
271  128  2025-06-09 22-12-01  1665.6  14647.4  -1890.62  207.022  14260
272  128  2025-06-09 22-12-01  1667.2  14656  -1894.55  206.936  14263.3
273  128  2025-06-09 22-12-01  1668.8  14664.6  -1898.51  206.849  14266.6
274  128  2025-06-09 22-12-01  1670.4  14673.2  -1902.5  206.763  14269.9
275  128  2025-06-09 22-12-01  1672  14681.8  -1906.51  206.677  14273.3
276  128  2025-06-09 22-12-01  1673.6  14690.4  -1910.55  206.59  14276.7
277  128  2025-06-09 22-12-01  1675.2  14698.9  -1914.62  206.504  14280.1
278  128  2025-06-09 22-12-01  1676.8  14707.4  -1918.72  206.418  14283.6
279  128  2025-06-09 22-12-01  1678.4  14715.9  -1922.85  206.475  14287
280  128  2025-06-09 22-12-01  1680  14724.4  -1927.02  206.533  14290.6
281  128  2025-06-09 22-12-01  1681.6  14732.9  -1931.22  206.59  14294.1
282  128  2025-06-09 22-12-01  1683.2  14741.4  -1935.39  206.648  14289.6
283  128  2025-06-09 22-12-01  1684.8  14749.9  -1939.51  206.706  14285.1
284  128  2025-06-09 22-12-01  1686.4  14758.4  -1943.73  206.763  14295
285  128  2025-06-09 22-12-01  1688  14766.8  -1948.04  206.821  14305.1
286  128  2025-06-09 22-12-01  1689.6  14775.2  -1952.45  206.878  14315.2
287  128  2025-06-09 22-12-01  1691.2  14783.6  -1956.96  206.936  14325.5
288  128  2025-06-09 22-12-01  1692.8  14791.9  -1961.56  206.993  14335.8
289  128  2025-06-09 22-12-01  1694.4  14800.1  -1966.27  207.051  14346.2
290  128  2025-06-09 22-12-01  1696  14808.3  -1971.06  207.108  14356.8
291  128  2025-06-09 22-12-01  1697.6  14816.6  -1975.8  207.166  14349.6
292  128  2025-06-09 22-12-01  1699.2  14824.8  -1980.63  207.224  14360.1
293  128  2025-06-09 22-12-01  1700.8  14833  -1985.41  207.281  14353
294  128  2025-06-09 22-12-01  1702.4  14841.3  -1990.12  207.339  14345.8
295  128  2025-06-09 22-12-01  1704  14849.6  -1994.93  207.396  14356.3
296  128  2025-06-09 22-12-01  1705.6  14857.9  -1999.67  207.454  14349.1
297  128  2025-06-09 22-12-01  1707.2  14866.1  -2004.52  207.511  14359.6
298  128  2025-06-09 22-12-01  1708.8  14874.4  -2009.3  207.569  14352.4
299  128  2025-06-09 22-12-01  1710.4  14882.7  -2014.02  207.626  14345.1
300  128  2025-06-09 22-12-01  1712  14891  -2018.83  207.684  14355.6
301  128  2025-06-09 22-12-01  1713.6  14899.3  -2023.59  207.742  14348.3
302  128  2025-06-09 22-12-01  1715.2  14907.5  -2028.44  207.799  14358.8
303  128  2025-06-09 22-12-01  1716.8  14915.8  -2033.23  207.857  14351.5
304  128  2025-06-09 22-12-01  1718.4  14924.2  -2037.95  207.914  14344.2
305  128  2025-06-09 22-12-01  1720  14932.5  -2042.77  207.972  14354.6
306  128  2025-06-09 22-12-01  1721.6  14940.8  -2047.53  208.029  14347.3
307  128  2025-06-09 22-12-01  1723.2  14949.1  -2052.39  208.087  14357.7
308  128  2025-06-09 22-12-01  1724.8  14957.4  -2057.18  208.145  14350.4
309  128  2025-06-09 22-12-01  1726.4  14965.8  -2061.91  208.202  14343.1
310  128  2025-06-09 22-12-01  1728  14974.1  -2066.74  208.26  14353.4
311  128  2025-06-09 22-12-01  1729.6  14982.5  -2071.5  208.317  14346
312  128  2025-06-09 22-12-01  1731.2  14990.8  -2076.36  208.375  14356.4
313  128  2025-06-09 22-12-01  1732.8  14999.2  -2081.15  208.432  14349.1
314  128  2025-06-09 22-12-01  1734.4  15007.6  -2085.88  208.49  14341.7
315  128  2025-06-09 22-12-01  1736  15016  -2090.71  208.547  14352
316  128  2025-06-09 22-12-01  1737.6  15024.4  -2095.47  208.605  14344.6
317  128  2025-06-09 22-12-01  1739.2  15032.7  -2100.33  208.663  14354.9
318  128  2025-06-09 22-12-01  1740.8  15041.1  -2105.12  208.72  14347.5
319  128  2025-06-09 22-12-01  1742.4  15049.6  -2109.85  208.778  14340
320  128  2025-06-09 22-12-01  1744  15058  -2114.68  208.835  14350.3
321  128  2025-06-09 22-12-01  1745.6  15066.4  -2119.44  208.893  14342.8
322  128  2025-06-09 22-12-01  1747.2  15074.8  -2124.3  208.95  14353.1
323  128  2025-06-09 22-12-01  1748.8  15083.2  -2129.09  209.008  14345.7
324  128  2025-06-09 22-12-01  1750.4  15091.7  -2133.82  209.065  14338.2
325  128  2025-06-09 22-12-01  1752  15100.2  -2138.64  209.123  14348.4
326  128  2025-06-09 22-12-01  1753.6  15108.6  -2143.39  209.181  14340.9
327  128  2025-06-09 22-12-01  1755.2  15117.1  -2148.25  209.238  14351.1
328  128  2025-06-09 22-12-01  1756.8  15125.5  -2153.04  209.296  14343.6
329  128  2025-06-09 22-12-01  1758.4  15133.9  -2157.92  209.353  14353.8
330  128  2025-06-09 22-12-01  1760  15142.4  -2162.74  209.411  14346.4
331  128  2025-06-09 22-12-01  1761.6  15150.9  -2167.49  209.468  14338.8
332  128  2025-06-09 22-12-01  1763.2  15159.4  -2172.34  209.526  14349
333  128  2025-06-09 22-12-01  1764.8  15167.9  -2177.12  209.583  14341.5
334  128  2025-06-09 22-12-01  1766.4  15176.3  -2182  209.641  14351.6
335  128  2025-06-09 22-12-01  1768  15184.8  -2186.81  209.699  14344.1
336  128  2025-06-09 22-12-01  1769.6  15193.4  -2191.56  209.756  14336.6
337  128  2025-06-09 22-12-01  1771.2  15201.9  -2196.4  209.814  14346.7
338  128  2025-06-09 22-12-01  1772.8  15210.4  -2201.17  209.871  14339.1
339  128  2025-06-09 22-12-01  1774.4  15218.9  -2206.04  209.929  14349.2
340  128  2025-06-09 22-12-01  1776  15227.5  -2210.85  209.986  14341.7
341  128  2025-06-09 22-12-01  1777.6  15236.1  -2215.58  210.044  14334
342  128  2025-06-09 22-12-01  1779.2  15244.6  -2220.41  210.101  14344.1
343  128  2025-06-09 22-12-01  1780.8  15253.2  -2225.18  210.159  14336.5
344  128  2025-06-09 22-12-01  1782.4  15261.7  -2230.04  210.217  14346.6
345  128  2025-06-09 22-12-01  1784  15270.3  -2234.83  210.274  14339
346  128  2025-06-09 22-12-01  1785.6  15278.8  -2239.72  210.332  14349.1
347  128  2025-06-09 22-12-01  1787.2  15287.4  -2244.54  210.389  14341.5
348  128  2025-06-09 22-12-01  1788.8  15296  -2249.29  210.447  14333.8
349  128  2025-06-09 22-12-01  1790.4  15304.6  -2254.14  210.504  14343.9
350  128  2025-06-09 22-12-01  1792  15313.2  -2258.92  210.562  14336.2
351  128  2025-06-09 22-12-01  1793.6  15321.8  -2263.8  210.619  14346.3
352  128  2025-06-09 22-12-01  1795.2  15330.4  -2268.61  210.677  14338.6
353  128  2025-06-09 22-12-01  1796.8  15339  -2273.51  210.735  14348.7
354  128  2025-06-09 22-12-01  1798.4  15347.6  -2278.35  210.792  14341.1
355  128  2025-06-09 22-12-01  1800  15356.2  -2283.12  210.85  14333.4
356  128  2025-06-09 22-12-01  1801.6  15364.9  -2287.98  210.907  14343.4
357  128  2025-06-09 22-12-01  1803.2  15373.5  -2292.78  210.965  14335.7
358  128  2025-06-09 22-12-01  1804.8  15382.1  -2297.67  211.022  14345.7
359  128  2025-06-09 22-12-01  1806.4  15390.8  -2302.49  211.08  14338
360  128  2025-06-09 22-12-01  1808  15399.5  -2307.24  211.137  14330.3
361  128  2025-06-09 22-12-01  1809.6  15408.1  -2312.09  211.195  14340.3
362  128  2025-06-09 22-12-01  1811.2  15416.8  -2316.87  211.253  14332.5
363  128  2025-06-09 22-12-01  1812.8  15425.5  -2321.75  211.31  14342.5
364  128  2025-06-09 22-12-01  1814.4  15434.2  -2326.56  211.368  14334.8
365  128  2025-06-09 22-12-01  1816  15442.8  -2331.46  211.425  14344.8
366  128  2025-06-09 22-12-01  1817.6  15451.5  -2336.29  211.483  14337.1
367  128  2025-06-09 22-12-01  1819.2  15460.3  -2341.05  211.54  14329.3
368  128  2025-06-09 22-12-01  1820.8  15469  -2345.91  211.598  14339.2
369  128  2025-06-09 22-12-01  1822.4  15477.7  -2350.7  211.655  14331.5
370  128  2025-06-09 22-12-01  1824  15486.4  -2355.59  211.713  14341.4
371  128  2025-06-09 22-12-01  1825.6  15495.1  -2360.4  211.771  14333.6
372  128  2025-06-09 22-12-01  1827.2  15503.8  -2365.31  211.828  14343.6
373  128  2025-06-09 22-12-01  1828.8  15512.6  -2370.15  211.886  14335.9
374  128  2025-06-09 22-12-01  1830.4  15521.3  -2374.92  211.943  14328.1
375  128  2025-06-09 22-12-01  1832  15530.1  -2379.79  212.001  14338
376  128  2025-06-09 22-12-01  1833.6  15538.9  -2384.59  212.058  14330.2
377  128  2025-06-09 22-12-01  1835.2  15547.6  -2389.48  212.116  14340.1
378  128  2025-06-09 22-12-01  1836.8  15556.4  -2394.3  212.173  14332.3
379  128  2025-06-09 22-12-01  1838.4  15565.1  -2399.22  212.231  14342.2
380  128  2025-06-09 22-12-01  1840  15573.9  -2404.06  212.289  14334.4
381  128  2025-06-09 22-12-01  1841.6  15582.7  -2408.84  212.346  14326.6
382  128  2025-06-09 22-12-01  1843.2  15591.5  -2413.71  212.404  14336.5
383  128  2025-06-09 22-12-01  1844.8  15600.3  -2418.51  212.461  14328.6
384  128  2025-06-09 22-12-01  1846.4  15609.1  -2423.41  212.519  14338.5
385  128  2025-06-09 22-12-01  1848  15617.9  -2428.23  212.576  14330.7
386  128  2025-06-09 22-12-01  1849.6  15626.7  -2433.16  212.634  14340.6
387  128  2025-06-09 22-12-01  1851.2  15635.5  -2438.01  212.691  14332.8
388  128  2025-06-09 22-12-01  1852.8  15644.4  -2442.79  212.749  14324.9
389  128  2025-06-09 22-12-01  1854.4  15653.2  -2447.66  212.807  14334.8
390  128  2025-06-09 22-12-01  1856  15662.1  -2452.46  212.864  14326.9
391  128  2025-06-09 22-12-01  1857.6  15670.9  -2457.36  212.922  14336.7
392  128  2025-06-09 22-12-01  1859.2  15679.8  -2462.19  212.979  14328.9
393  128  2025-06-09 22-12-01  1860.8  15688.6  -2467.11  213.037  14338.8
394  128  2025-06-09 22-12-01  1862.4  15697.5  -2471.97  213.094  14330.9
395  128  2025-06-09 22-12-01  1864  15706.4  -2476.75  213.152  14323
396  128  2025-06-09 22-12-01  1865.6  15715.3  -2481.62  213.209  14332.8
397  128  2025-06-09 22-12-01  1867.2  15724.2  -2486.42  213.267  14324.9
398  128  2025-06-09 22-12-01  1868.8  15733  -2491.32  213.325  14334.7
399  128  2025-06-09 22-12-01  1870.4  15742  -2496.15  213.382  14326.9
400  128  2025-06-09 22-12-01  1872  15750.8  -2501.07  213.44  14336.7
401  128  2025-06-09 22-12-01  1873.6  15759.7  -2505.93  213.497  14328.8
402  128  2025-06-09 22-12-01  1875.2  15768.7  -2510.7  213.555  14320.9
403  128  2025-06-09 22-12-01  1876.8  15777.6  -2515.58  213.612  14330.7
404  128  2025-06-09 22-12-01  1878.4  15786.6  -2520.38  213.67  14322.7
405  128  2025-06-09 22-12-01  1880  15795.5  -2525.27  213.727  14332.5
406  128  2025-06-09 22-12-01  1881.6  15804.5  -2530.1  213.785  14324.6
407  128  2025-06-09 22-12-01  1883.2  15813.4  -2535.02  213.843  14334.4
408  128  2025-06-09 22-12-01  1884.8  15822.3  -2539.87  213.9  14326.5
409  128  2025-06-09 22-12-01  1886.4  15831.3  -2544.64  213.958  14318.5
410  128  2025-06-09 22-12-01  1888  15840.3  -2549.51  214.015  14328.3
411  128  2025-06-09 22-12-01  1889.6  15849.3  -2554.31  214.073  14320.3
412  128  2025-06-09 22-12-01  1891.2  15858.3  -2559.2  214.13  14330.1
413  128  2025-06-09 22-12-01  1892.8  15867.3  -2564.02  214.188  14322.1
414  128  2025-06-09 22-12-01  1894.4  15876.3  -2568.93  214.245  14331.9
415  128  2025-06-09 22-12-01  1896  15885.3  -2573.78  214.303  14324
416  128  2025-06-09 22-12-01  1897.6  15894.2  -2578.72  214.361  14333.7
417  128  2025-06-09 22-12-01  1899.2  15903.2  -2583.58  214.418  14325.8
418  128  2025-06-09 22-12-01  1900.8  15912.3  -2588.37  214.476  14317.9
419  128  2025-06-09 22-12-01  1902.4  15921.3  -2593.26  214.533  14327.6
420  128  2025-06-09 22-12-01  1904  15930.4  -2598.07  214.591  14319.6
421  128  2025-06-09 22-12-01  1905.6  15939.4  -2602.98  214.648  14329.3
422  128  2025-06-09 22-12-01  1907.2  15948.5  -2607.82  214.706  14321.4
423  128  2025-06-09 22-12-01  1908.8  15957.5  -2612.75  214.763  14331.1
424  128  2025-06-09 22-12-01  1910.4  15966.5  -2617.61  214.821  14323.2
425  128  2025-06-09 22-12-01  1912  15975.6  -2622.39  214.879  14315.2
426  128  2025-06-09 22-12-01  1913.6  15984.7  -2627.27  214.936  14324.8
427  128  2025-06-09 22-12-01  1915.2  15993.8  -2632.08  214.994  14316.8
428  128  2025-06-09 22-12-01  1916.8  16002.9  -2636.98  215.051  14326.5
429  128  2025-06-09 22-12-01  1918.4  16012  -2641.81  215.109  14318.6
430  128  2025-06-09 22-12-01  1920  16021.1  -2646.73  215.166  14328.3
431  128  2025-06-09 22-12-01  1921.6  16030.2  -2651.58  215.224  14320.3
432  128  2025-06-09 22-12-01  1923.2  16039.2  -2656.53  215.281  14330
433  128  2025-06-09 22-12-01  1924.8  16048.3  -2661.4  215.339  14322.1
434  128  2025-06-09 22-12-01  1926.4  16057.5  -2666.2  215.397  14314.1
435  128  2025-06-09 22-12-01  1928  16066.6  -2671.09  215.454  14323.7
436  128  2025-06-09 22-12-01  1929.6  16075.8  -2675.91  215.512  14315.7
437  128  2025-06-09 22-12-01  1931.2  16084.9  -2680.82  215.569  14325.4
438  128  2025-06-09 22-12-01  1932.8  16094.1  -2685.66  215.627  14317.4
439  128  2025-06-09 22-12-01  1934.4  16103.2  -2690.6  215.684  14327.1
440  128  2025-06-09 22-12-01  1936  16112.3  -2695.46  215.742  14319.1
441  128  2025-06-09 22-12-01  1937.6  16121.6  -2700.25  215.799  14311
442  128  2025-06-09 22-12-01  1939.2  16130.7  -2705.13  215.857  14320.7
443  128  2025-06-09 22-12-01  1940.8  16139.9  -2709.93  215.915  14312.6
444  128  2025-06-09 22-12-01  1942.4  16149.1  -2714.84  215.972  14322.3
445  128  2025-06-09 22-12-01  1944  16158.3  -2719.66  216.03  14314.2
446  128  2025-06-09 22-12-01  1945.6  16167.5  -2724.59  216.087  14323.9
447  128  2025-06-09 22-12-01  1947.2  16176.7  -2729.44  216.145  14315.9
448  128  2025-06-09 22-12-01  1948.8  16185.9  -2734.38  216.202  14325.6
449  128  2025-06-09 22-12-01  1950.4  16195.1  -2739.25  216.26  14317.6
450  128  2025-06-09 22-12-01  1952  16204.4  -2744.04  216.317  14309.5
451  128  2025-06-09 22-12-01  1953.6  16213.6  -2748.94  216.375  14319.1
452  128  2025-06-09 22-12-01  1955.2  16222.9  -2753.75  216.433  14311
453  128  2025-06-09 22-12-01  1956.8  16232.1  -2758.66  216.49  14320.7
454  128  2025-06-09 22-12-01  1958.4  16241.3  -2763.49  216.548  14312.6
455  128  2025-06-09 22-12-01  1960  16250.6  -2768.43  216.605  14322.3
456  128  2025-06-09 22-12-01  1961.6  16259.8  -2773.28  216.663  14314.2
457  128  2025-06-09 22-12-01  1963.2  16269.1  -2778.24  216.72  14323.9
458  128  2025-06-09 22-12-01  1964.8  16278.3  -2783.12  216.778  14315.9
459  128  2025-06-09 22-12-01  1966.4  16287.7  -2787.91  216.835  14307.8
460  128  2025-06-09 22-12-01  1968  16296.9  -2792.81  216.893  14317.4
461  128  2025-06-09 22-12-01  1969.6  16306.3  -2797.63  216.951  14309.3
462  128  2025-06-09 22-12-01  1971.2  16315.5  -2802.55  217.008  14318.9
463  128  2025-06-09 22-12-01  1972.8  16324.9  -2807.39  217.066  14310.9
464  128  2025-06-09 22-12-01  1974.4  16334.1  -2812.33  217.123  14320.5
465  128  2025-06-09 22-12-01  1976  16343.5  -2817.19  217.181  14312.4
466  128  2025-06-09 22-12-01  1977.6  16352.8  -2822.15  217.238  14322.1
467  128  2025-06-09 22-12-01  1979.2  16362.1  -2827.03  217.296  14314.1
468  128  2025-06-09 22-12-01  1980.8  16371.5  -2831.84  217.353  14305.9
469  128  2025-06-09 22-12-01  1982.4  16380.8  -14036.7  217.411  14315.5
470  128  2025-06-09 22-12-01  1984  16390.2  -14041.6  217.469  14307.4
471  128  2025-06-09 22-12-01  1985.6  16399.5  -14046.5  217.526  14317
472  128  2025-06-09 22-12-01  1987.2  16408.9  -14051.3  217.584  14308.9
473  128  2025-06-09 22-12-01  1988.8  16418.2  -14056.3  217.641  14318.6
474  128  2025-06-09 22-12-01  1990.4  16427.6  -14061.1  217.699  14310.5
475  128  2025-06-09 22-12-01  1992  16437  -14065.9  217.756  14302.4
476  128  2025-06-09 22-12-01  1993.6  16446.4  -14070.8  217.814  14311.9
477  128  2025-06-09 22-12-01  1995.2  16455.9  -14075.6  217.871  14303.8
478  128  2025-06-09 22-12-01  1996.8  16465.2  -14080.5  217.929  14313.3
479  128  2025-06-09 22-12-01  1998.4  16474.7  -14085.3  217.987  14305.2
480  128  2025-06-09 22-12-01  2000  16484.1  -14090.3  218.044  14314.8
481  128  2025-06-09 22-12-01  2001.6  16493.5  -14095.1  218.102  14306.7
482  128  2025-06-09 22-12-01  2003.2  16502.9  -14100.1  218.159  14316.3
483  128  2025-06-09 22-12-01  2004.8  16512.3  -14104.9  218.217  14308.2
484  128  2025-06-09 22-12-01  2006.4  16521.7  -14109.9  218.274  14317.9
485  128  2025-06-09 22-12-01  2008  16531.2  -14114.8  218.332  14309.8
486  128  2025-06-09 22-12-01  2009.6  16540.7  -14119.6  218.389  14301.6
487  128  2025-06-09 22-12-01  2011.2  16550.1  -14124.5  218.447  14311.2
488  128  2025-06-09 22-12-01  2012.8  16559.6  -14129.3  218.505  14303.1
489  128  2025-06-09 22-12-01  2014.4  16569.1  -14134.2  218.562  14312.6
490  128  2025-06-09 22-12-01  2016  16578.6  -14139.1  218.62  14304.5
491  128  2025-06-09 22-12-01  2017.6  16588  -14144  218.677  14314.1
492  128  2025-06-09 22-12-01  2019.2  16597.5  -14148.9  218.735  14306
493  128  2025-06-09 22-12-01  2020.8  16607  -14153.9  218.792  14315.6
494  128  2025-06-09 22-12-01  2022.4  16616.5  -14158.8  218.85  14307.5
495  128  2025-06-09 22-12-01  2024  16626  -14163.6  218.908  14299.4
496  128  2025-06-09 22-12-01  2025.6  16635.5  -14168.5  218.965  14308.9
497  128  2025-06-09 22-12-01  2027.2  16645.1  -14173.3  219.023  14300.8
498  128  2025-06-09 22-12-01  2028.8  16654.6  -14178.2  219.08  14310.3
499  128  2025-06-09 22-12-01  2030.4  16664.1  -14183.1  219.138  14302.2
500  128  2025-06-09 22-12-01  2032  16673.6  -14188  219.195  14311.8
501  128  2025-06-09 22-12-01  2033.6  16683.2  -14192.9  219.253  14303.6
502  128  2025-06-09 22-12-01  2035.2  16692.7  -14197.9  219.31  14313.2
503  128  2025-06-09 22-12-01  2036.8  16702.3  -14202.7  219.368  14305.1
504  128  2025-06-09 22-12-01  2038.4  16711.9  -14207.5  219.426  14297
505  128  2025-06-09 22-12-01  2040  16721.5  -14212.4  219.483  14306.5
506  128  2025-06-09 22-12-01  2041.6  16731.1  -14217.3  219.541  14298.3
507  128  2025-06-09 22-12-01  2043.2  16740.6  -14222.2  219.598  14307.9
508  128  2025-06-09 22-12-01  2044.8  16750.2  -14227  219.656  14299.7
509  128  2025-06-09 22-12-01  2046.4  16759.8  -14232  219.713  14309.3
510  128  2025-06-09 22-12-01  2048  16769.4  -14236.8  219.771  14301.1
511  128  2025-06-09 22-12-01  2049.6  16779  -14241.8  219.828  14310.7
512  128  2025-06-09 22-12-01  2051.2  16788.6  -14246.7  219.886  14302.6
513  128  2025-06-09 22-12-01  2052.8  16798.3  -14251.5  219.944  14294.4
514  128  2025-06-09 22-12-01  2054.4  16807.9  -14256.4  220.001  14303.9
515  128  2025-06-09 22-12-01  2056  16817.6  -14261.2  220.059  14295.7
516  128  2025-06-09 22-12-01  2057.6  16827.2  -14266.1  220.116  14305.2
517  128  2025-06-09 22-12-01  2059.2  16836.8  -14271.2  220.03  14314.9
518  128  2025-06-09 22-12-01  2060.8  16846.4  -14276.2  220.087  14314.9
519  128  2025-06-09 22-12-01  2062.4  16855.9  -14281.2  220.145  14314.9
520  128  2025-06-09 22-12-01  2064  16865.5  -14286.2  220.203  14314.9
521  128  2025-06-09 22-12-01  2065.6  16875.1  -14291.3  220.26  14314.9
522  128  2025-06-09 22-12-01  2067.2  16884.7  -14296.3  220.318  14314.9
523  128  2025-06-09 22-12-01  2068.8  16894.3  -14301.3  220.375  14315
524  128  2025-06-09 22-12-01  2070.4  16903.9  -14306.4  220.433  14315
525  128  2025-06-09 22-12-01  2072  16913.5  -14311.5  220.49  14323.1
526  128  2025-06-09 22-12-01  2073.6  16923  -14316.7  220.548  14331.2
527  128  2025-06-09 22-12-01  2075.2  16932.4  -14322  220.605  14339.5
528  128  2025-06-09 22-12-01  2076.8  16941.9  -14327.4  220.663  14347.8
529  128  2025-06-09 22-12-01  2078.4  16951.3  -14332.9  220.721  14356.3
530  128  2025-06-09 22-12-01  2080  16960.6  -14338.4  220.778  14364.8
531  128  2025-06-09 22-12-01  2081.6  16969.9  -14344.1  220.836  14373.3
532  128  2025-06-09 22-12-01  2083.2  16979.2  -14349.9  220.893  14382
533  128  2025-06-09 22-12-01  2084.8  16988.4  -14355.7  220.951  14390.7
534  128  2025-06-09 22-12-01  2086.4  16997.5  -14361.6  221.008  14399.5
535  128  2025-06-09 22-12-01  2088  17006.6  -14367.6  221.066  14408.4
536  128  2025-06-09 22-12-01  2089.6  17015.6  -14373.8  221.123  14417.4
537  128  2025-06-09 22-12-01  2091.2  17024.6  -14380  221.181  14426.5
538  128  2025-06-09 22-12-01  2092.8  17033.5  -14386.3  221.239  14435.6
539  128  2025-06-09 22-12-01  2094.4  17042.5  -14392.6  221.152  14435.1
540  128  2025-06-09 22-12-01  2096  17051.4  -14398.8  221.066  14434.6
541  128  2025-06-09 22-12-01  2097.6  17060.3  -14405.1  220.98  14434.1
542  128  2025-06-09 22-12-01  2099.2  17069.2  -14411.4  220.893  14433.6
543  128  2025-06-09 22-12-01  2100.8  17078.1  -14417.6  220.807  14433
544  128  2025-06-09 22-12-01  2102.4  17087  -14423.9  220.721  14432.5
545  128  2025-06-09 22-12-01  2104  17095.9  -14430.1  220.778  14431.9
546  128  2025-06-09 22-12-01  2105.6  17104.8  -14436.3  220.836  14431.3
547  128  2025-06-09 22-12-01  2107.2  17113.7  -14442.7  220.893  14438.8
548  128  2025-06-09 22-12-01  2108.8  17122.6  -14448.9  220.951  14431.8
549  128  2025-06-09 22-12-01  2110.4  17131.6  -14455.1  221.008  14424.7
550  128  2025-06-09 22-12-01  2112  17140.6  -14461.2  221.066  14417.5
551  128  2025-06-09 22-12-01  2113.6  17149.7  -14467.2  221.123  14410.3
552  128  2025-06-09 22-12-01  2115.2  17158.9  -14473.2  221.181  14402.9
553  128  2025-06-09 22-12-01  2116.8  17168.1  -14479.1  221.239  14395.5
554  128  2025-06-09 22-12-01  2118.4  17177.3  -14485  221.296  14388
555  128  2025-06-09 22-12-01  2120  17186.6  -14490.7  221.354  14380.5
556  128  2025-06-09 22-12-01  2121.6  17195.9  -14496.4  221.411  14372.8
557  128  2025-06-09 22-12-01  2123.2  17205.3  -14502  221.469  14365.1
558  128  2025-06-09 22-12-01  2124.8  17214.8  -14507.5  221.526  14357.3
559  128  2025-06-09 22-12-01  2126.4  17224.3  -14513  221.584  14349.4
560  128  2025-06-09 22-12-01  2128  17233.9  -14518.4  221.641  14341.4
561  128  2025-06-09 22-12-01  2129.6  17243.5  -14523.7  221.699  14333.4
562  128  2025-06-09 22-12-01  2131.2  17253.1  -14528.9  221.757  14325.3
563  128  2025-06-09 22-12-01  2132.8  17262.8  -14534  221.814  14317.1
564  128  2025-06-09 22-12-01  2134.4  17272.6  -14539  221.872  14308.8
565  128  2025-06-09 22-12-01  2136  17282.4  -14544  221.929  14300.4
566  128  2025-06-09 22-12-01  2137.6  17292.3  -14548.8  221.987  14292
567  128  2025-06-09 22-12-01  2139.2  17302.2  -14553.6  222.044  14283.4
568  128  2025-06-09 22-12-01  2140.8  17312.1  -14558.5  222.102  14292.6
569  128  2025-06-09 22-12-01  2142.4  17322  -14563.3  222.159  14284.1
570  128  2025-06-09 22-12-01  2144  17331.9  -14568.2  222.217  14293.3
571  128  2025-06-09 22-12-01  2145.6  17341.8  -14573  222.275  14284.8
572  128  2025-06-09 22-12-01  2147.2  17351.7  -14577.9  222.332  14294
573  128  2025-06-09 22-12-01  2148.8  17361.6  -14582.7  222.39  14285.5
574  128  2025-06-09 22-12-01  2150.4  17371.5  -14587.6  222.447  14294.7
575  128  2025-06-09 22-12-01  2152  17381.5  -14592.4  222.505  14286.2
576  128  2025-06-09 22-12-01  2153.6  17391.4  -14597.2  222.562  14277.7
577  128  2025-06-09 22-12-01  2155.2  17401.4  -14602  222.62  14286.8
578  128  2025-06-09 22-12-01  2156.8  17411.4  -14606.7  222.677  14278.3
579  128  2025-06-09 22-12-01  2158.4  17421.4  -14611.6  222.735  14287.5
580  128  2025-06-09 22-12-01  2160  17431.4  -14616.3  222.793  14279
581  128  2025-06-09 22-12-01  2161.6  17441.3  -14621.2  222.85  14288.2
582  128  2025-06-09 22-12-01  2163.2  17451.3  -14626  222.908  14279.7
583  128  2025-06-09 22-12-01  2164.8  17461.3  -14630.9  222.965  14288.9
584  128  2025-06-09 22-12-01  2166.4  17471.3  -14635.6  223.023  14280.4
585  128  2025-06-09 22-12-01  2168  17481.3  -14640.5  223.08  14289.6
586  128  2025-06-09 22-12-01  2169.6  17491.3  -14645.3  223.138  14281.1
587  128  2025-06-09 22-12-01  2171.2  17501.3  -14650.2  223.195  14290.4
588  128  2025-06-09 22-12-01  2172.8  17511.3  -14655  223.253  14281.9
589  128  2025-06-09 22-12-01  2174.4  17521.3  -14659.9  223.311  14291.2
590  128  2025-06-09 22-12-01  2176  17531.4  -14664.8  223.368  14282.7
591  128  2025-06-09 22-12-01  2177.6  17541.4  -14669.5  223.426  14274.2
592  128  2025-06-09 22-12-01  2179.2  17551.5  -14674.3  223.483  14283.4
593  128  2025-06-09 22-12-01  2180.8  17561.6  -14679.1  223.541  14274.9
594  128  2025-06-09 22-12-01  2182.4  17571.6  -14683.9  223.598  14284.1
595  128  2025-06-09 22-12-01  2184  17581.7  -14688.7  223.656  14275.6
596  128  2025-06-09 22-12-01  2185.6  17591.8  -14693.6  223.713  14284.8
597  128  2025-06-09 22-12-01  2187.2  17601.9  -14698.3  223.771  14276.4
598  128  2025-06-09 22-12-01  2188.8  17612  -14703.2  223.829  14285.6
599  128  2025-06-09 22-12-01  2190.4  17622.1  -14708  223.886  14277.2
600  128  2025-06-09 22-12-01  2192  17632.1  -14712.9  223.944  14286.4
601  128  2025-06-09 22-12-01  2193.6  17642.3  -14717.7  224.001  14278
602  128  2025-06-09 22-12-01  2195.2  17652.3  -14722.6  224.059  14287.2
603  128  2025-06-09 22-12-01  2196.8  17662.5  -14727.4  224.116  14278.8
604  128  2025-06-09 22-12-01  2198.4  17672.5  -14732.3  224.174  14288.1
605  128  2025-06-09 22-12-01  2200  17682.7  -14737.1  224.231  14279.7
606  128  2025-06-09 22-12-01  2201.6  17692.9  -14741.9  224.289  14271.2
607  128  2025-06-09 22-12-01  2203.2  17703  -14746.7  224.347  14280.4
608  128  2025-06-09 22-12-01  2204.8  17713.2  -14751.5  224.404  14272
609  128  2025-06-09 22-12-01  2206.4  17723.3  -14756.3  224.462  14281.2
610  128  2025-06-09 22-12-01  2208  17733.5  -14761.1  224.519  14272.8
611  128  2025-06-09 22-12-01  2209.6  17743.7  -14766  224.577  14282
612  128  2025-06-09 22-12-01  2211.2  17753.9  -14770.7  224.634  14273.6
613  128  2025-06-09 22-12-01  2212.8  17764  -14775.6  224.692  14282.8
614  128  2025-06-09 22-12-01  2214.4  17774.2  -14780.4  224.749  14274.4
615  128  2025-06-09 22-12-01  2216  17784.4  -14785.3  224.807  14283.7
616  128  2025-06-09 22-12-01  2217.6  17794.6  -14790.1  224.865  14275.3
617  128  2025-06-09 22-12-01  2219.2  17804.8  -14795  224.922  14284.6
618  128  2025-06-09 22-12-01  2220.8  17815  -14799.9  224.98  14276.2
619  128  2025-06-09 22-12-01  2222.4  17825.2  -14804.8  225.037  14285.5
620  128  2025-06-09 22-12-01  2224  17835.4  -14809.6  225.095  14277.2
621  128  2025-06-09 22-12-01  2225.6  17845.7  -14814.4  225.152  14268.7
622  128  2025-06-09 22-12-01  2227.2  17855.9  -14819.2  225.21  14278
623  128  2025-06-09 22-12-01  2228.8  17866.2  -14824  225.267  14269.5
624  128  2025-06-09 22-12-01  2230.4  17876.4  -14828.8  225.325  14278.8
625  128  2025-06-09 22-12-01  2232  17886.7  -14833.6  225.383  14270.4
626  128  2025-06-09 22-12-01  2233.6  17896.9  -14838.5  225.44  14279.7
627  128  2025-06-09 22-12-01  2235.2  17907.2  -14843.3  225.498  14271.3
628  128  2025-06-09 22-12-01  2236.8  17917.5  -14848.2  225.555  14280.6
629  128  2025-06-09 22-12-01  2238.4  17927.8  -14853  225.613  14272.2
630  128  2025-06-09 22-12-01  2240  17938  -14857.9  225.67  14281.5
631  128  2025-06-09 22-12-01  2241.6  17948.3  -14862.7  225.728  14273.1
632  128  2025-06-09 22-12-01  2243.2  17958.6  -14867.6  225.785  14282.4
633  128  2025-06-09 22-12-01  2244.8  17968.9  -14872.5  225.843  14274.1
634  128  2025-06-09 22-12-01  2246.4  17979.2  -14877.2  225.901  14265.7
635  128  2025-06-09 22-12-01  2248  17989.5  -14882.1  225.958  14274.9
636  128  2025-06-09 22-12-01  2249.6  17999.9  -14886.8  226.016  14266.5
637  128  2025-06-09 22-12-01  2251.2  18010.2  -14891.7  226.073  14275.8
638  128  2025-06-09 22-12-01  2252.8  18020.6  -14896.5  226.131  14267.4
639  128  2025-06-09 22-12-01  2254.4  18030.9  -14901.3  226.188  14276.7
640  128  2025-06-09 22-12-01  2256  18041.3  -14906.1  226.246  14268.3
641  128  2025-06-09 22-12-01  2257.6  18051.6  -14911  226.303  14277.6
642  128  2025-06-09 22-12-01  2259.2  18062  -14915.8  226.361  14269.2
643  128  2025-06-09 22-12-01  2260.8  18072.3  -14920.7  226.419  14278.6
644  128  2025-06-09 22-12-01  2262.4  18082.7  -14925.5  226.476  14270.2
645  128  2025-06-09 22-12-01  2264  18093.1  -14930.5  226.534  14279.6
646  128  2025-06-09 22-12-01  2265.6  18103.5  -14935.3  226.591  14271.2
647  128  2025-06-09 22-12-01  2267.2  18113.9  -14940  226.649  14262.8
648  128  2025-06-09 22-12-01  2268.8  18124.3  -14944.9  226.706  14272.1
649  128  2025-06-09 22-12-01  2270.4  18134.7  -14949.6  226.764  14263.7
650  128  2025-06-09 22-12-01  2272  18145.1  -14954.5  226.821  14273
651  128  2025-06-09 22-12-01  2273.6  18155.6  -14959.3  226.879  14264.6
652  128  2025-06-09 22-12-01  2275.2  18166  -14964.2  226.937  14273.9
653  128  2025-06-09 22-12-01  2276.8  18176.4  -14969  226.994  14265.6
654  128  2025-06-09 22-12-01  2278.4  18186.9  -14973.8  227.052  14274.9
655  128  2025-06-09 22-12-01  2280  18197.3  -14978.6  227.109  14266.5
656  128  2025-06-09 22-12-01  2281.6  18207.7  -14983.6  227.167  14275.9
657  128  2025-06-09 22-12-01  2283.2  18218.2  -14988.4  227.224  14267.5
658  128  2025-06-09 22-12-01  2284.8  18228.6  -14993.3  227.282  14276.9
659  128  2025-06-09 22-12-01  2286.4  18239.1  -14998.1  227.339  14268.6
660  128  2025-06-09 22-12-01  2288  18249.6  -15002.9  227.397  14260.2
661  128  2025-06-09 22-12-01  2289.6  18260.1  -15007.7  227.455  14269.5
662  128  2025-06-09 22-12-01  2291.2  18270.6  -15012.5  227.512  14261.1
663  128  2025-06-09 22-12-01  2292.8  18281.1  -15017.4  227.57  14270.4
664  128  2025-06-09 22-12-01  2294.4  18291.6  -15022.1  227.627  14262
665  128  2025-06-09 22-12-01  2296  18302.1  -15027  227.685  14271.4
666  128  2025-06-09 22-12-01  2297.6  18312.7  -15031.8  227.742  14263
667  128  2025-06-09 22-12-01  2299.2  18323.2  -15036.7  227.8  14272.4
668  128  2025-06-09 22-12-01  2300.8  18333.7  -15041.5  227.857  14264
669  128  2025-06-09 22-12-01  2302.4  18344.2  -15046.4  227.915  14273.4
670  128  2025-06-09 22-12-01  2304  18354.7  -15051.2  227.973  14265.1
671  128  2025-06-09 22-12-01  2305.6  18365.2  -15056.2  228.03  14274.4
672  128  2025-06-09 22-12-01  2307.2  18375.8  -15061  228.088  14266.1
673  128  2025-06-09 22-12-01  2308.8  18386.4  -15065.8  228.145  14257.7
674  128  2025-06-09 22-12-01  2310.4  18397  -15070.6  228.203  14267.1
675  128  2025-06-09 22-12-01  2312  18407.6  -15075.4  228.26  14258.7
676  128  2025-06-09 22-12-01  2313.6  18418.1  -15080.2  228.318  14268
677  128  2025-06-09 22-12-01  2315.2  18428.7  -15085  228.375  14259.7
678  128  2025-06-09 22-12-01  2316.8  18439.3  -15089.9  228.433  14269
679  128  2025-06-09 22-12-01  2318.4  18449.9  -15094.7  228.491  14260.7
680  128  2025-06-09 22-12-01  2320  18460.5  -15099.6  228.548  14270
681  128  2025-06-09 22-12-01  2321.6  18471.1  -15104.4  228.606  14261.7
682  128  2025-06-09 22-12-01  2323.2  18481.7  -15109.3  228.663  14271.1
683  128  2025-06-09 22-12-01  2324.8  18492.3  -15114.1  228.721  14262.8
684  128  2025-06-09 22-12-01  2326.4  18502.9  -15119.1  228.778  14272.2
685  128  2025-06-09 22-12-01  2328  18513.5  -15123.9  228.836  14263.9
686  128  2025-06-09 22-12-01  2329.6  18524.2  -15128.7  228.893  14255.5
687  128  2025-06-09 22-12-01  2331.2  18534.9  -15133.5  228.951  14264.8
688  128  2025-06-09 22-12-01  2332.8  18545.5  -15138.3  229.009  14256.5
689  128  2025-06-09 22-12-01  2334.4  18556.2  -15143.2  229.066  14265.8
690  128  2025-06-09 22-12-01  2336  18566.9  -15148  229.124  14257.5
691  128  2025-06-09 22-12-01  2337.6  18577.5  -15152.9  229.181  14266.9
692  128  2025-06-09 22-12-01  2339.2  18588.2  -15157.7  229.239  14258.5
693  128  2025-06-09 22-12-01  2340.8  18598.9  -15162.6  229.296  14267.9
694  128  2025-06-09 22-12-01  2342.4  18609.6  -15167.4  229.354  14259.6
695  128  2025-06-09 22-12-01  2344  18620.2  -15172.3  229.411  14269
696  128  2025-06-09 22-12-01  2345.6  18630.9  -15177.1  229.469  14260.7
697  128  2025-06-09 22-12-01  2347.2  18641.7  -15181.9  229.527  14252.4
698  128  2025-06-09 22-12-01  2348.8  18652.4  -15186.7  229.584  14261.7
699  128  2025-06-09 22-12-01  2350.4  18663.2  -15191.5  229.642  14253.3
700  128  2025-06-09 22-12-01  2352  18673.9  -15196.3  229.699  14262.7
701  128  2025-06-09 22-12-01  2353.6  18684.7  -15201.1  229.757  14254.3
702  128  2025-06-09 22-12-01  2355.2  18695.4  -15206  229.814  14263.7
703  128  2025-06-09 22-12-01  2356.8  18706.1  -15210.8  229.872  14255.4
704  128  2025-06-09 22-12-01  2358.4  18716.9  -15215.7  229.93  14264.8
705  128  2025-06-09 22-12-01  2360  18727.7  -15220.5  229.987  14256.4
706  128  2025-06-09 22-12-01  2361.6  18738.4  -15225.4  230.045  14265.8
707  128  2025-06-09 22-12-01  2363.2  18749.2  -15230.2  230.102  14257.6
708  128  2025-06-09 22-12-01  2364.8  18760  -15234.9  230.16  14249.2
709  128  2025-06-09 22-12-01  2366.4  18770.8  -15239.8  230.217  14258.5
710  128  2025-06-09 22-12-01  2368  18781.6  -15244.5  230.275  14250.2
711  128  2025-06-09 22-12-01  2369.6  18792.4  -15249.4  230.332  14259.5
712  128  2025-06-09 22-12-01  2371.2  18803.2  -15254.1  230.39  14251.2
713  128  2025-06-09 22-12-01  2372.8  18814  -15259  230.448  14260.5
714  128  2025-06-09 22-12-01  2374.4  18824.9  -15263.8  230.505  14252.2
715  128  2025-06-09 22-12-01  2376  18835.7  -15268.7  230.563  14261.6
716  128  2025-06-09 22-12-01  2377.6  18846.5  -15273.5  230.62  14253.3
717  128  2025-06-09 22-12-01  2379.2  18857.3  -15278.4  230.678  14262.7
718  128  2025-06-09 22-12-01  2380.8  18868.2  -15283.2  230.735  14254.4
719  128  2025-06-09 22-12-01  2382.4  18879  -15288.1  230.793  14263.8
720  128  2025-06-09 22-12-01  2384  18889.9  -15292.9  230.85  14255.5
721  128  2025-06-09 22-12-01  2385.6  18900.8  -15297.7  230.908  14247.2
722  128  2025-06-09 22-12-01  2387.2  18911.7  -15302.5  230.966  14256.5
723  128  2025-06-09 22-12-01  2388.8  18922.6  -15307.3  231.023  14248.2
724  128  2025-06-09 22-12-01  2390.4  18933.4  -15312.1  231.081  14257.5
725  128  2025-06-09 22-12-01  2392  18944.4  -15316.9  231.138  14249.2
726  128  2025-06-09 22-12-01  2393.6  18955.2  -15321.8  231.196  14258.6
727  128  2025-06-09 22-12-01  2395.2  18966.2  -15326.5  231.253  14250.3
728  128  2025-06-09 22-12-01  2396.8  18977  -15331.4  231.311  14259.7
729  128  2025-06-09 22-12-01  2398.4  18988  -15336.2  231.368  14251.4
730  128  2025-06-09 22-12-01  2400  18998.8  -15341.2  231.426  14260.8
731  128  2025-06-09 22-12-01  2401.6  19009.8  -15346  231.484  14252.5
732  128  2025-06-09 22-12-01  2403.2  19020.8  -15350.7  231.541  14244.2
733  128  2025-06-09 22-12-01  2404.8  19031.7  -15355.5  231.599  14253.5
734  128  2025-06-09 22-12-01  2406.4  19042.7  -15360.3  231.656  14245.2
735  128  2025-06-09 22-12-01  2408  19053.6  -15365.1  231.714  14254.5
736  128  2025-06-09 22-12-01  2409.6  19064.6  -15369.9  231.771  14246.2
737  128  2025-06-09 22-12-01  2411.2  19075.6  -15374.7  231.829  14255.6
738  128  2025-06-09 22-12-01  2412.8  19086.6  -15379.5  231.886  14247.3
739  128  2025-06-09 22-12-01  2414.4  19097.5  -15384.4  231.944  14256.7
740  128  2025-06-09 22-12-01  2416  19108.5  -15389.2  232.002  14248.4
741  128  2025-06-09 22-12-01  2417.6  19119.5  -15394.1  232.059  14257.8
742  128  2025-06-09 22-12-01  2419.2  19130.5  -15398.9  232.117  14249.5
743  128  2025-06-09 22-12-01  2420.8  19141.5  -15403.8  232.174  14259
744  128  2025-06-09 22-12-01  2422.4  19152.5  -15408.7  232.232  14250.7
745  128  2025-06-09 22-12-01  2424  19163.5  -15413.4  232.289  14242.4
746  128  2025-06-09 22-12-01  2425.6  19174.5  -15418.2  232.347  14251.7
747  128  2025-06-09 22-12-01  2427.2  19185.6  -15423  232.404  14243.4
748  128  2025-06-09 22-12-01  2428.8  19196.6  -15427.8  232.462  14252.8
749  128  2025-06-09 22-12-01  2430.4  19207.7  -15432.6  232.52  14244.5
750  128  2025-06-09 22-12-01  2432  19218.7  -15437.5  232.577  14253.9
751  128  2025-06-09 22-12-01  2433.6  19229.8  -15442.3  232.635  14245.6
752  128  2025-06-09 22-12-01  2435.2  19240.8  -15447.2  232.692  14255
753  128  2025-06-09 22-12-01  2436.8  19251.9  -15452  232.75  14246.7
754  128  2025-06-09 22-12-01  2438.4  19263  -15456.9  232.807  14256.1
755  128  2025-06-09 22-12-01  2440  19274  -15461.7  232.865  14247.9
756  128  2025-06-09 22-12-01  2441.6  19285.2  -15466.4  232.922  14239.6
757  128  2025-06-09 22-12-01  2443.2  19296.3  -15471.2  232.98  14248.9
758  128  2025-06-09 22-12-01  2444.8  19307.4  -15476  233.038  14240.6
759  128  2025-06-09 22-12-01  2446.4  19318.5  -15480.8  233.095  14250
760  128  2025-06-09 22-12-01  2448  19329.6  -15485.6  233.153  14241.7
761  128  2025-06-09 22-12-01  2449.6  19340.7  -15490.5  233.21  14251.1
762  128  2025-06-09 22-12-01  2451.2  19351.9  -15495.2  233.268  14242.8
763  128  2025-06-09 22-12-01  2452.8  19363  -15500.1  233.325  14252.2
764  128  2025-06-09 22-12-01  2454.4  19374.1  -15504.9  233.383  14243.9
765  128  2025-06-09 22-12-01  2456  19385.3  -15509.8  233.44  14253.3
766  128  2025-06-09 22-12-01  2457.6  19396.4  -15514.6  233.498  14245.1
767  128  2025-06-09 22-12-01  2459.2  19407.6  -15519.3  233.556  14236.7
768  128  2025-06-09 22-12-01  2460.8  19418.8  -15524.2  233.613  14246.1
769  128  2025-06-09 22-12-01  2462.4  19430  -15528.9  233.671  14237.8
770  128  2025-06-09 22-12-01  2464  19441.2  -15533.7  233.728  14247.2
771  128  2025-06-09 22-12-01  2465.6  19452.4  -15538.5  233.786  14238.8
772  128  2025-06-09 22-12-01  2467.2  19463.5  -15543.3  233.843  14248.2
773  128  2025-06-09 22-12-01  2468.8  19474.8  -15548.1  233.901  14240
774  128  2025-06-09 22-12-01  2470.4  19485.9  -15553  233.958  14249.4
775  128  2025-06-09 22-12-01  2472  19497.2  -15557.8  234.016  14241.1
776  128  2025-06-09 22-12-01  2473.6  19508.4  -15562.7  234.074  14250.5
777  128  2025-06-09 22-12-01  2475.2  19519.6  -15567.5  234.131  14242.3
778  128  2025-06-09 22-12-01  2476.8  19530.8  -15572.4  234.189  14251.7
779  128  2025-06-09 22-12-01  2478.4  19542  -15577.2  234.246  14243.5
780  128  2025-06-09 22-12-01  2480  19553.3  -15581.9  234.304  14235.1
781  128  2025-06-09 22-12-01  2481.6  19564.5  -15586.8  234.361  14244.5
782  128  2025-06-09 22-12-01  2483.2  19575.8  -15591.5  234.419  14236.2
783  128  2025-06-09 22-12-01  2484.8  19587.1  -15596.3  234.476  14245.6
784  128  2025-06-09 22-12-01  2486.4  19598.4  -15601.1  234.534  14237.3
785  128  2025-06-09 22-12-01  2488  19609.6  -15606  234.592  14246.7
786  128  2025-06-09 22-12-01  2489.6  19620.9  -15610.7  234.649  14238.4
787  128  2025-06-09 22-12-01  2491.2  19632.2  -15615.6  234.707  14247.9
788  128  2025-06-09 22-12-01  2492.8  19643.5  -15620.4  234.764  14239.6
789  128  2025-06-09 22-12-01  2494.4  19654.7  -15625.3  234.822  14249.1
790  128  2025-06-09 22-12-01  2496  19666  -15630.1  234.879  14240.8
791  128  2025-06-09 22-12-01  2497.6  19677.4  -15634.9  234.937  14232.5
792  128  2025-06-09 22-12-01  2499.2  19688.7  -15639.7  234.994  14241.9
793  128  2025-06-09 22-12-01  2500.8  19700  -15644.4  235.052  14233.6
794  128  2025-06-09 22-12-01  2502.4  19711.4  -15649.3  235.11  14243
795  128  2025-06-09 22-12-01  2504  19722.7  -15654  235.167  14234.7
796  128  2025-06-09 22-12-01  2505.6  19734.1  -15658.9  235.225  14244.1
797  128  2025-06-09 22-12-01  2507.2  19745.4  -15663.6  235.282  14235.8
798  128  2025-06-09 22-12-01  2508.8  19756.7  -15668.5  235.34  14245.2
799  128  2025-06-09 22-12-01  2510.4  19768.1  -15673.3  235.397  14237
800  128  2025-06-09 22-12-01  2512  19779.5  -15678.2  235.455  14246.4
801  128  2025-06-09 22-12-01  2513.6  19790.8  -15683  235.512  14238.2
802  128  2025-06-09 22-12-01  2515.2  19802.3  -15687.7  235.57  14229.9
803  128  2025-06-09 22-12-01  2516.8  19813.6  -15692.5  235.628  14239.2
804  128  2025-06-09 22-12-01  2518.4  19825.1  -15697.3  235.685  14230.9
805  128  2025-06-09 22-12-01  2520  19836.5  -15702.1  235.743  14240.3
806  128  2025-06-09 22-12-01  2521.6  19847.9  -15706.8  235.8  14232
807  128  2025-06-09 22-12-01  2523.2  19859.3  -15711.7  235.858  14241.4
808  128  2025-06-09 22-12-01  2524.8  19870.7  -15716.4  235.915  14233.2
809  128  2025-06-09 22-12-01  2526.4  19882.1  -15721.3  235.973  14242.6
810  128  2025-06-09 22-12-01  2528  19893.6  -15726.1  236.03  14234.3
811  128  2025-06-09 22-12-01  2529.6  19905  -15731  236.088  14243.8
812  128  2025-06-09 22-12-01  2531.2  19916.4  -15735.8  236.146  14235.5
813  128  2025-06-09 22-12-01  2532.8  19927.9  -15740.5  236.203  14227.2
814  128  2025-06-09 22-12-01  2534.4  19939.4  -15745.3  236.261  14236.6
815  128  2025-06-09 22-12-01  2536  19950.9  -15750  236.318  14228.3
816  128  2025-06-09 22-12-01  2537.6  19962.4  -15754.8  236.376  14237.7
817  128  2025-06-09 22-12-01  2539.2  19973.9  -15759.6  236.433  14229.4
818  128  2025-06-09 22-12-01  2540.8  19985.3  -15764.4  236.491  14238.8
819  128  2025-06-09 22-12-01  2542.4  19996.8  -15769.2  236.548  14230.5
820  128  2025-06-09 22-12-01  2544  20008.3  -15774  236.606  14240
821  128  2025-06-09 22-12-01  2545.6  20019.8  -15778.8  236.664  14231.7
822  128  2025-06-09 22-12-01  2547.2  20031.3  -15783.7  236.721  14241.1
823  128  2025-06-09 22-12-01  2548.8  20042.8  -15788.5  236.779  14232.9
824  128  2025-06-09 22-12-01  2550.4  20054.4  -15793.2  236.836  14224.6
825  128  2025-06-09 22-12-01  2552  20065.9  -15798  236.894  14234
826  128  2025-06-09 22-12-01  2553.6  20077.5  -15802.7  236.951  14225.6
827  128  2025-06-09 22-12-01  2555.2  20089  -15807.5  237.009  14235
828  128  2025-06-09 22-12-01  2556.8  20100.6  -15812.2  237.066  14226.8
829  128  2025-06-09 22-12-01  2558.4  20112.2  -15817  237.124  14236.2
830  128  2025-06-09 22-12-01  2560  20123.8  -15821.8  237.182  14227.9
831  128  2025-06-09 22-12-01  2561.6  20135.3  -15826.6  237.239  14237.3
832  128  2025-06-09 22-12-01  2563.2  20146.9  -15831.4  237.297  14229.1
833  128  2025-06-09 22-12-01  2564.8  20158.4  -15836.3  237.354  14238.5
834  128  2025-06-09 22-12-01  2566.4  20170  -15841.1  237.412  14230.3
835  128  2025-06-09 22-12-01  2568  20181.6  -15846  237.469  14239.7
836  128  2025-06-09 22-12-01  2569.6  20193.2  -15850.8  237.527  14231.5
837  128  2025-06-09 22-12-01  2571.2  20204.8  -15855.4  237.584  14223.2
838  128  2025-06-09 22-12-01  2572.8  20216.4  -15860.3  237.642  14232.6
839  128  2025-06-09 22-12-01  2574.4  20228.1  -15865  237.7  14224.3
840  128  2025-06-09 22-12-01  2576  20239.7  -15869.8  237.757  14233.7
841  128  2025-06-09 22-12-01  2577.6  20251.4  -15874.5  237.815  14225.4
842  128  2025-06-09 22-12-01  2579.2  20263  -15879.4  237.872  14234.8
843  128  2025-06-09 22-12-01  2580.8  20274.6  -15884.1  237.93  14226.6
844  128  2025-06-09 22-12-01  2582.4  20286.2  -15889  237.987  14236
845  128  2025-06-09 22-12-01  2584  20297.9  -15893.8  238.045  14227.8
846  128  2025-06-09 22-12-01  2585.6  20309.5  -15898.7  238.102  14237.2
847  128  2025-06-09 22-12-01  2587.2  20321.2  -15903.5  238.16  14229
848  128  2025-06-09 22-12-01  2588.8  20332.9  -15908.2  238.218  14220.7
849  128  2025-06-09 22-12-01  2590.4  20344.6  -15913  238.275  14230.1
850  128  2025-06-09 22-12-01  2592  20356.3  -15917.7  238.333  14221.8
851  128  2025-06-09 22-12-01  2593.6  20368  -15922.5  238.39  14231.2
852  128  2025-06-09 22-12-01  2595.2  20379.7  -15927.2  238.448  14223
853  128  2025-06-09 22-12-01  2596.8  20391.4  -15932.1  238.505  14232.4
854  128  2025-06-09 22-12-01  2598.4  20403.2  -15936.8  238.563  14224.1
855  128  2025-06-09 22-12-01  2600  20414.8  -15941.7  238.62  14233.6
856  128  2025-06-09 22-12-01  2601.6  20426.6  -15946.4  238.678  14225.3
857  128  2025-06-09 22-12-01  2603.2  20438.3  -15951.3  238.736  14234.8
858  128  2025-06-09 22-12-01  2604.8  20450  -15956.1  238.793  14226.6
859  128  2025-06-09 22-12-01  2606.4  20461.8  -15960.8  238.851  14218.3
860  128  2025-06-09 22-12-01  2608  20473.6  -15965.6  238.908  14227.6
861  128  2025-06-09 22-12-01  2609.6  20485.4  -15970.3  238.966  14219.4
862  128  2025-06-09 22-12-01  2611.2  20497.1  -15975.1  239.023  14228.8
863  128  2025-06-09 22-12-01  2612.8  20508.9  -15979.8  239.081  14220.5
864  128  2025-06-09 22-12-01  2614.4  20520.7  -15984.7  239.138  14229.9
865  128  2025-06-09 22-12-01  2616  20532.5  -15989.4  239.196  14221.7
866  128  2025-06-09 22-12-01  2617.6  20544.2  -15994.2  239.254  14231.1
867  128  2025-06-09 22-12-01  2619.2  20556  -15999  239.311  14222.9
868  128  2025-06-09 22-12-01  2620.8  20567.8  -16003.9  239.369  14232.3
869  128  2025-06-09 22-12-01  2622.4  20579.6  -16008.7  239.426  14224.1
870  128  2025-06-09 22-12-01  2624  20591.5  -16013.3  239.484  14215.8
871  128  2025-06-09 22-12-01  2625.6  20603.3  -16018.1  239.541  14225.2
872  128  2025-06-09 22-12-01  2627.2  20615.2  -16022.8  239.599  14216.9
873  128  2025-06-09 22-12-01  2628.8  20627  -16027.6  239.656  14226.3
874  128  2025-06-09 22-12-01  2630.4  20638.9  -16032.3  239.714  14218
875  128  2025-06-09 22-12-01  2632  20650.7  -16037.2  239.772  14227.5
876  128  2025-06-09 22-12-01  2633.6  20662.6  -16041.9  239.829  14219.2
877  128  2025-06-09 22-12-01  2635.2  20674.4  -16046.7  239.887  14228.6
878  128  2025-06-09 22-12-01  2636.8  20686.3  -16051.5  239.944  14220.4
879  128  2025-06-09 22-12-01  2638.4  20698.1  -16056.4  240.002  14229.9
880  128  2025-06-09 22-12-01  2640  20710  -16061.1  240.059  14221.6
881  128  2025-06-09 22-12-01  2641.6  20721.9  -16065.8  240.117  14213.3
882  128  2025-06-09 22-12-01  2643.2  20733.8  -16070.6  240.174  14222.7
883  128  2025-06-09 22-12-01  2644.8  20745.8  -16075.2  240.232  14214.4
884  128  2025-06-09 22-12-01  2646.4  20757.7  -16080  240.29  14223.8
885  128  2025-06-09 22-12-01  2648  20769.6  -16084.7  240.347  14215.6
886  128  2025-06-09 22-12-01  2649.6  20781.5  -16089.6  240.405  14225
887  128  2025-06-09 22-12-01  2651.2  20793.5  -16094.3  240.462  14216.7
888  128  2025-06-09 22-12-01  2652.8  20805.4  -16099.1  240.52  14226.2
889  128  2025-06-09 22-12-01  2654.4  20817.3  -16103.9  240.577  14217.9
890  128  2025-06-09 22-12-01  2656  20829.2  -16108.7  240.635  14227.4
891  128  2025-06-09 22-12-01  2657.6  20841.2  -16113.5  240.693  14219.2
892  128  2025-06-09 22-12-01  2659.2  20853.2  -16118.1  240.75  14210.9
893  128  2025-06-09 22-12-01  2660.8  20865.2  -16122.9  240.808  14220.3
894  128  2025-06-09 22-12-01  2662.4  20877.2  -16127.6  240.865  14212
895  128  2025-06-09 22-12-01  2664  20889.1  -16132.4  240.923  14221.4
896  128  2025-06-09 22-12-01  2665.6  20901.2  -16137.1  240.98  14213.1
897  128  2025-06-09 22-12-01  2667.2  20913.1  -16141.9  241.038  14222.5
898  128  2025-06-09 22-12-01  2668.8  20925.1  -16146.6  241.095  14214.3
899  128  2025-06-09 22-12-01  2670.4  20937.1  -16151.4  241.153  14223.7
900  128  2025-06-09 22-12-01  2672  20949.1  -16156.2  241.211  14215.5
901  128  2025-06-09 22-12-01  2673.6  20961.1  -16161  241.268  14224.9
902  128  2025-06-09 22-12-01  2675.2  20973.2  -16165.8  241.326  14216.7
903  128  2025-06-09 22-12-01  2676.8  20985.2  -16170.4  241.383  14208.4
904  128  2025-06-09 22-12-01  2678.4  20997.3  -16175.2  241.441  14217.8
905  128  2025-06-09 22-12-01  2680  21009.3  -16179.8  241.498  14209.5
906  128  2025-06-09 22-12-01  2681.6  21021.4  -16184.6  241.556  14218.9
907  128  2025-06-09 22-12-01  2683.2  21033.5  -16189.3  241.613  14210.6
908  128  2025-06-09 22-12-01  2684.8  21045.5  -16194.1  241.671  14220.1
909  128  2025-06-09 22-12-01  2686.4  21057.6  -16198.8  241.729  14211.8
910  128  2025-06-09 22-12-01  2688  21069.7  -16203.6  241.786  14221.2
911  128  2025-06-09 22-12-01  2689.6  21081.8  -16208.3  241.844  14213
912  128  2025-06-09 22-12-01  2691.2  21093.8  -16213.2  241.901  14222.5
913  128  2025-06-09 22-12-01  2692.8  21105.9  -16217.9  241.959  14214.2
914  128  2025-06-09 22-12-01  2694.4  21118.1  -16222.6  242.016  14205.9
915  128  2025-06-09 22-12-01  2696  21130.2  -16227.3  242.074  14215.3
916  128  2025-06-09 22-12-01  2697.6  21142.3  -16232  242.131  14207
917  128  2025-06-09 22-12-01  2699.2  21154.4  -16236.8  242.189  14216.4
918  128  2025-06-09 22-12-01  2700.8  21166.6  -16241.4  242.247  14208.2
919  128  2025-06-09 22-12-01  2702.4  21178.7  -16246.2  242.304  14217.6
920  128  2025-06-09 22-12-01  2704  21190.9  -16250.9  242.362  14209.3
921  128  2025-06-09 22-12-01  2705.6  21203  -16255.7  242.419  14218.8
922  128  2025-06-09 22-12-01  2707.2  21215.2  -16260.4  242.477  14210.5
923  128  2025-06-09 22-12-01  2708.8  21227.3  -16265.3  242.534  14220
924  128  2025-06-09 22-12-01  2710.4  21239.4  -16270  242.592  14211.8
925  128  2025-06-09 22-12-01  2712  21251.7  -16274.6  242.649  14203.5
926  128  2025-06-09 22-12-01  2713.6  21263.8  -16279.4  242.707  14212.9
927  128  2025-06-09 22-12-01  2715.2  21276.1  -16284  242.765  14204.6
928  128  2025-06-09 22-12-01  2716.8  21288.3  -16288.8  242.822  14214
929  128  2025-06-09 22-12-01  2718.4  21300.5  -16293.4  242.88  14205.7
930  128  2025-06-09 22-12-01  2720  21312.7  -16298.2  242.937  14215.1
931  128  2025-06-09 22-12-01  2721.6  21324.9  -16302.9  242.995  14206.9
932  128  2025-06-09 22-12-01  2723.2  21337.1  -16307.7  243.052  14216.3
933  128  2025-06-09 22-12-01  2724.8  21349.3  -16312.4  243.11  14208.1
934  128  2025-06-09 22-12-01  2726.4  21361.5  -16317.2  243.167  14217.5
935  128  2025-06-09 22-12-01  2728  21373.8  -16322  243.225  14209.3
936  128  2025-06-09 22-12-01  2729.6  21386.1  -16326.6  243.283  14201
937  128  2025-06-09 22-12-01  2731.2  21398.3  -16331.3  243.34  14210.4
938  128  2025-06-09 22-12-01  2732.8  21410.6  -16335.9  243.398  14202.1
939  128  2025-06-09 22-12-01  2734.4  21422.9  -16340.7  243.455  14211.5
940  128  2025-06-09 22-12-01  2736  21435.2  -16345.3  243.513  14203.2
941  128  2025-06-09 22-12-01  2737.6  21447.4  -16350.1  243.57  14212.7
942  128  2025-06-09 22-12-01  2739.2  21459.7  -16354.8  243.628  14204.4
943  128  2025-06-09 22-12-01  2740.8  21472  -16359.6  243.685  14213.9
944  128  2025-06-09 22-12-01  2742.4  21484.3  -16364.3  243.743  14205.6
945  128  2025-06-09 22-12-01  2744  21496.6  -16369.1  243.801  14215.1
946  128  2025-06-09 22-12-01  2745.6  21508.9  -16373.8  243.858  14206.8
947  128  2025-06-09 22-12-01  2747.2  21521.3  -16378.4  243.916  14198.5
948  128  2025-06-09 22-12-01  2748.8  21533.6  -16383.1  243.973  14207.9
949  128  2025-06-09 22-12-01  2750.4  21545.9  -16387.8  244.031  14199.6
950  128  2025-06-09 22-12-01  2752  21558.3  -16392.5  244.088  14209.1
951  128  2025-06-09 22-12-01  2753.6  21570.6  -16397.1  244.146  14200.8
952  128  2025-06-09 22-12-01  2755.2  21583  -16401.8  244.203  14205.4
953  128  2025-06-09 22-12-01  2756.8  21595.3  -16406.6  244.261  14210
954  128  2025-06-09 22-12-01  2758.4  21607.7  -16411.4  244.319  14214.7
955  128  2025-06-09 22-12-01  2760  21619.9  -16416.3  244.232  14219.4
956  128  2025-06-09 22-12-01  2761.6  21632.2  -16421.3  244.146  14224.1
957  128  2025-06-09 22-12-01  2763.2  21644.4  -16426.3  244.06  14229
958  128  2025-06-09 22-12-01  2764.8  21656.6  -16431.4  243.973  14233.8
959  128  2025-06-09 22-12-01  2766.4  21668.7  -16436.5  243.887  14238.7
960  128  2025-06-09 22-12-01  2768  21680.9  -16441.7  243.801  14243.7
961  128  2025-06-09 22-12-01  2769.6  21692.9  -16447  243.714  14248.7
962  128  2025-06-09 22-12-01  2771.2  21705  -16452.3  243.772  14255.4
963  128  2025-06-09 22-12-01  2772.8  21717  -16457.8  243.685  14262.1
964  128  2025-06-09 22-12-01  2774.4  21729  -16463.1  243.743  14257.6
965  128  2025-06-09 22-12-01  2776  21741  -16468.5  243.657  14253
966  128  2025-06-09 22-12-01  2777.6  21753.1  -16473.7  243.57  14248.4
967  128  2025-06-09 22-12-01  2779.2  21765.2  -16478.9  243.484  14243.8
968  128  2025-06-09 22-12-01  2780.8  21777.3  -16484  243.398  14239.1
969  128  2025-06-09 22-12-01  2782.4  21789.4  -16489.1  243.311  14234.3
970  128  2025-06-09 22-12-01  2784  21801.5  -16494.1  243.225  14229.5
971  128  2025-06-09 22-12-01  2785.6  21813.7  -16499  243.139  14224.7
972  128  2025-06-09 22-12-01  2787.2  21825.9  -16503.8  243.052  14219.8
973  128  2025-06-09 22-12-01  2788.8  21838.1  -16508.6  242.966  14214.8
974  128  2025-06-09 22-12-01  2790.4  21850.3  -16513.2  243.052  14198.8
975  128  2025-06-09 22-12-01  2792  21862.7  -16517.6  243.139  14182.8
976  128  2025-06-09 22-12-01  2793.6  21875.2  -16521.7  243.225  14166.8
977  128  2025-06-09 22-12-01  2795.2  21887.7  -16525.6  243.311  14150.8
978  128  2025-06-09 22-12-01  2796.8  21900.3  -16529.4  243.398  14134.8
979  128  2025-06-09 22-12-01  2798.4  21913  -16532.9  243.484  14118.8
980  128  2025-06-09 22-12-01  2800  21925.7  -16536.3  243.57  14117.2
981  128  2025-06-09 22-12-01  2801.6  21938.4  -16539.8  243.657  14115.6
982  128  2025-06-09 22-12-01  2803.2  21951.1  -16543.2  243.743  14113.9
983  128  2025-06-09 22-12-01  2804.8  21963.8  -16546.6  243.829  14112.3
984  128  2025-06-09 22-12-01  2806.4  21976.6  -16550  243.916  14110.7
985  128  2025-06-09 22-12-01  2808  21989.3  -16553.4  244.002  14109.1
986  128  2025-06-09 22-12-01  2809.6  22002.1  -16556.8  244.088  14107.4
