SN    USVID    CurTime    simTime    CurX    CurY    CurVel      CurYaw   
0  176  2025-06-09 22-12-45  0  16040  14512  192  2672
1  176  2025-06-09 22-12-45  1.6  16048  14512  192.058  2672
2  176  2025-06-09 22-12-45  3.2  16056  14512  192.115  2672
3  176  2025-06-09 22-12-45  4.8  16064  14512  192.173  2672
4  176  2025-06-09 22-12-45  6.4  16072.1  14512  192.23  2672
5  176  2025-06-09 22-12-45  8  16080.1  14512  192.288  2672
6  176  2025-06-09 22-12-45  9.6  16088.1  14512  192.345  2672
7  176  2025-06-09 22-12-45  11.2  16096.2  14512  192.403  2672
8  176  2025-06-09 22-12-45  12.8  16104.2  14512  192.46  2672
9  176  2025-06-09 22-12-45  14.4  16112.3  14512  192.518  2672
10  176  2025-06-09 22-12-45  128  16120.3  14512  192.576  2672
11  176  2025-06-09 22-12-45  129.6  16128.4  14512  192.633  2672
12  176  2025-06-09 22-12-45  131.2  16136.4  14512  192.691  2672
13  176  2025-06-09 22-12-45  132.8  16144.5  14512  192.748  2672
14  176  2025-06-09 22-12-45  134.4  16152.6  14512  192.806  2672
15  176  2025-06-09 22-12-45  136  16160.7  14512  192.863  2672
16  176  2025-06-09 22-12-45  137.6  16168.8  14512  192.921  2672
17  176  2025-06-09 22-12-45  139.2  16176.9  14512  192.978  2672
18  176  2025-06-09 22-12-45  140.8  16185  14512  193.036  2672
19  176  2025-06-09 22-12-45  142.4  16193.1  14512  193.094  2672
20  176  2025-06-09 22-12-45  144  16201.2  14512  193.151  2672
21  176  2025-06-09 22-12-45  145.6  16209.3  14512  193.209  2672
22  176  2025-06-09 22-12-45  147.2  16217.5  14512  193.266  2672
23  176  2025-06-09 22-12-45  148.8  16225.6  14512  193.324  2672
24  176  2025-06-09 22-12-45  150.4  16233.7  14512  193.381  2672
25  176  2025-06-09 22-12-45  152  16241.9  14512  193.439  2672
26  176  2025-06-09 22-12-45  153.6  16250  14512  193.496  2672
27  176  2025-06-09 22-12-45  155.2  16258.2  14512  193.554  2672
28  176  2025-06-09 22-12-45  156.8  16266.3  14512  193.612  2672
29  176  2025-06-09 22-12-45  158.4  16274.5  14512  193.669  2672
30  176  2025-06-09 22-12-45  160  16282.7  14512  193.727  2672
31  176  2025-06-09 22-12-45  161.6  16290.9  14512  193.784  2672
32  176  2025-06-09 22-12-45  163.2  16299  14512  193.842  2672
33  176  2025-06-09 22-12-45  164.8  16307.2  14512  193.899  2672
34  176  2025-06-09 22-12-45  166.4  16315.4  14512  193.957  2672
35  176  2025-06-09 22-12-45  168  16323.6  14512  194.014  2672
36  176  2025-06-09 22-12-45  169.6  16331.8  14512  194.072  2672
37  176  2025-06-09 22-12-45  171.2  16340  14512  194.13  2672
38  176  2025-06-09 22-12-45  172.8  16348.3  14512  194.187  2672
39  176  2025-06-09 22-12-45  174.4  16356.5  14512  194.245  2672
40  176  2025-06-09 22-12-45  176  16364.7  14512  194.302  2672
41  176  2025-06-09 22-12-45  177.6  16373  14512  194.36  2672
42  176  2025-06-09 22-12-45  179.2  16381.2  14512  194.417  2672
43  176  2025-06-09 22-12-45  180.8  16389.4  14512  194.475  2672
44  176  2025-06-09 22-12-45  182.4  16397.7  14512  194.532  2672
45  176  2025-06-09 22-12-45  184  16406  14512  194.59  2672
46  176  2025-06-09 22-12-45  185.6  16414.2  14512  194.648  2672
47  176  2025-06-09 22-12-45  187.2  16422.5  14512  194.705  2672
48  176  2025-06-09 22-12-45  188.8  16430.8  14512  194.763  2672
49  176  2025-06-09 22-12-45  190.4  16439.1  14512  194.82  2672
50  176  2025-06-09 22-12-45  192  16447.3  14512  194.878  2672
51  176  2025-06-09 22-12-45  193.6  16455.6  14512  194.935  2672
52  176  2025-06-09 22-12-45  195.2  16463.9  14512  194.993  2672
53  176  2025-06-09 22-12-45  196.8  16472.2  14512  195.05  2672
54  176  2025-06-09 22-12-45  198.4  16480.5  14512  195.108  2672
55  176  2025-06-09 22-12-45  200  16488.9  14512  195.166  2672
56  176  2025-06-09 22-12-45  201.6  16497.2  14512  195.223  2672
57  176  2025-06-09 22-12-45  203.2  16505.5  14512  195.281  2672
58  176  2025-06-09 22-12-45  204.8  16513.8  14512  195.338  2672
59  176  2025-06-09 22-12-45  206.4  16522.2  14512  195.396  2672
60  176  2025-06-09 22-12-45  208  16530.5  14512  195.453  2672
61  176  2025-06-09 22-12-45  209.6  16538.9  14512  195.511  2672
62  176  2025-06-09 22-12-45  211.2  16547.2  14512  195.568  2672
63  176  2025-06-09 22-12-45  212.8  16555.6  14512  195.626  2672
64  176  2025-06-09 22-12-45  214.4  16564  14512  195.684  2672
65  176  2025-06-09 22-12-45  216  16572.3  14512  195.741  2672
66  176  2025-06-09 22-12-45  217.6  16580.7  14512  195.799  2672
67  176  2025-06-09 22-12-45  219.2  16589.1  14512  195.856  2672
68  176  2025-06-09 22-12-45  220.8  16597.5  14512  195.914  2672
69  176  2025-06-09 22-12-45  222.4  16605.9  14512  195.971  2672
70  176  2025-06-09 22-12-45  224  16614.3  14512  196.029  2672
71  176  2025-06-09 22-12-45  225.6  16622.7  14512  196.086  2672
72  176  2025-06-09 22-12-45  227.2  16631.1  14512  196.144  2672
73  176  2025-06-09 22-12-45  228.8  16639.5  14512  196.202  2672
74  176  2025-06-09 22-12-45  230.4  16648  14512  196.259  2672
75  176  2025-06-09 22-12-45  232  16656.4  14512  196.317  2672
76  176  2025-06-09 22-12-45  233.6  16664.8  14512  196.374  2672
77  176  2025-06-09 22-12-45  235.2  16673.3  14512  196.432  2672
78  176  2025-06-09 22-12-45  236.8  16681.7  14512  196.489  2672
79  176  2025-06-09 22-12-45  238.4  16690.2  14512  196.547  2672
80  176  2025-06-09 22-12-45  240  16698.6  14512  196.604  2672
81  176  2025-06-09 22-12-45  241.6  16707.1  14512  196.662  2672
82  176  2025-06-09 22-12-45  243.2  16715.6  14512  196.72  2672
83  176  2025-06-09 22-12-45  244.8  16724.1  14512  196.777  2672
84  176  2025-06-09 22-12-45  246.4  16732.5  14512  196.835  2672
85  176  2025-06-09 22-12-45  248  16741  14512  196.892  2672
86  176  2025-06-09 22-12-45  249.6  16749.5  14512  196.95  2672
87  176  2025-06-09 22-12-45  251.2  16758  14512  197.007  2672
88  176  2025-06-09 22-12-45  252.8  16766.5  14512  197.065  2672
89  176  2025-06-09 22-12-45  254.4  16775.1  14512  197.122  2672
90  176  2025-06-09 22-12-45  256  16783.6  14512  197.18  2672
91  176  2025-06-09 22-12-45  257.6  16792.1  14512  197.238  2672
92  176  2025-06-09 22-12-45  259.2  16800.6  14512  197.295  2672
93  176  2025-06-09 22-12-45  260.8  16809.2  14512  197.353  2672
94  176  2025-06-09 22-12-45  262.4  16817.7  14512  197.41  2672
95  176  2025-06-09 22-12-45  264  16826.2  14512  197.468  2672
96  176  2025-06-09 22-12-45  265.6  16834.8  14512  197.525  2672
97  176  2025-06-09 22-12-45  267.2  16843.4  14512  197.583  2672
98  176  2025-06-09 22-12-45  268.8  16851.9  14512  197.641  2672
99  176  2025-06-09 22-12-45  270.4  16860.5  14512  197.698  2672
100  176  2025-06-09 22-12-45  1392  16869.1  14512  197.756  2672
101  176  2025-06-09 22-12-45  1393.6  16877.6  14512  197.813  2672
102  176  2025-06-09 22-12-45  1395.2  16886.2  14512  197.871  2672
103  176  2025-06-09 22-12-45  1396.8  16894.8  14512  197.928  2672
104  176  2025-06-09 22-12-45  1398.4  16903.4  14512  197.986  2672
105  176  2025-06-09 22-12-45  1400  16912  14512  198.043  2672
106  176  2025-06-09 22-12-45  1401.6  16920.6  14512  198.101  2672
107  176  2025-06-09 22-12-45  1403.2  16929.3  14512  198.159  2672
108  176  2025-06-09 22-12-45  1404.8  16937.9  14512  198.216  2672
109  176  2025-06-09 22-12-45  1406.4  16946.5  14512  198.274  2672
110  176  2025-06-09 22-12-45  1408  16955.1  14512  198.331  2672
111  176  2025-06-09 22-12-45  1409.6  16963.8  14512  198.389  2672
112  176  2025-06-09 22-12-45  1411.2  16972.4  14512  198.446  2672
113  176  2025-06-09 22-12-45  1412.8  16981.1  14512  198.504  2672
114  176  2025-06-09 22-12-45  1414.4  16989.7  14512  198.561  2672
115  176  2025-06-09 22-12-45  1416  16998.4  14512  198.619  2672
116  176  2025-06-09 22-12-45  1417.6  17007.1  14512  198.677  2672
117  176  2025-06-09 22-12-45  1419.2  17015.7  14512  198.734  2672
118  176  2025-06-09 22-12-45  1420.8  17024.4  14512  198.792  2672
119  176  2025-06-09 22-12-45  1422.4  17033.1  14512  198.849  2672
120  176  2025-06-09 22-12-45  1424  17041.8  14512  198.907  2672
121  176  2025-06-09 22-12-45  1425.6  17050.5  14512  198.964  2672
122  176  2025-06-09 22-12-45  1427.2  17059.2  14512  199.022  2672
123  176  2025-06-09 22-12-45  1428.8  17067.9  14512  199.079  2672
124  176  2025-06-09 22-12-45  1430.4  17076.6  14512  199.137  2672
125  176  2025-06-09 22-12-45  1432  17085.3  14512  199.195  2672
126  176  2025-06-09 22-12-45  1433.6  17094.1  14512  199.252  2672
127  176  2025-06-09 22-12-45  1435.2  17102.8  14512  199.31  2672
128  176  2025-06-09 22-12-45  1436.8  17111.5  14512  199.367  2672
129  176  2025-06-09 22-12-45  1438.4  17120.3  14512  199.425  2672
130  176  2025-06-09 22-12-45  1440  17129  14512  199.482  2672
131  176  2025-06-09 22-12-45  1441.6  17137.8  14512  199.54  2672
132  176  2025-06-09 22-12-45  1443.2  17146.5  14512  199.597  2672
133  176  2025-06-09 22-12-45  1444.8  17155.3  14512  199.655  2672
134  176  2025-06-09 22-12-45  1446.4  17164.1  14512  199.713  2672
135  176  2025-06-09 22-12-45  1448  17172.8  14512  199.77  2672
136  176  2025-06-09 22-12-45  1449.6  17181.6  14512  199.828  2672
137  176  2025-06-09 22-12-45  1451.2  17190.4  14512  199.885  2672
138  176  2025-06-09 22-12-45  1452.8  17199.2  14512  199.943  2672
139  176  2025-06-09 22-12-45  1454.4  17208  14512  200  2672
140  176  2025-06-09 22-12-45  1456  17216.8  14512  200.058  2672
141  176  2025-06-09 22-12-45  1457.6  17225.6  14512  200.115  2672
142  176  2025-06-09 22-12-45  1459.2  17234.4  14512  200.173  2672
143  176  2025-06-09 22-12-45  1460.8  17243.3  14512  200.231  2672
144  176  2025-06-09 22-12-45  1462.4  17252.1  14512  200.288  2672
145  176  2025-06-09 22-12-45  1464  17260.9  14512  200.346  2672
146  176  2025-06-09 22-12-45  1465.6  17269.8  14512  200.403  2672
147  176  2025-06-09 22-12-45  1467.2  17278.6  14512  200.461  2672
148  176  2025-06-09 22-12-45  1468.8  17287.5  14512  200.518  2672
149  176  2025-06-09 22-12-45  1470.4  17296.3  14512  200.576  2672
150  176  2025-06-09 22-12-45  1472  17305.2  14512  200.633  2672
151  176  2025-06-09 22-12-45  1473.6  17314.1  14512  200.691  2672
152  176  2025-06-09 22-12-45  1475.2  17322.9  14512  200.749  2672
153  176  2025-06-09 22-12-45  1476.8  17331.8  14512  200.806  2672
154  176  2025-06-09 22-12-45  1478.4  17340.7  14512  200.864  2672
155  176  2025-06-09 22-12-45  1480  17349.6  14512  200.921  2672
156  176  2025-06-09 22-12-45  1481.6  17358.5  14512  200.979  2672
157  176  2025-06-09 22-12-45  1483.2  17367.4  14512  201.036  2672
158  176  2025-06-09 22-12-45  1484.8  17376.3  14512  201.094  2672
159  176  2025-06-09 22-12-45  1486.4  17385.2  14512  201.151  2672
160  176  2025-06-09 22-12-45  1488  17394.1  14512  201.209  2672
161  176  2025-06-09 22-12-45  1489.6  17403.1  14512  201.267  2672
162  176  2025-06-09 22-12-45  1491.2  17412  14512  201.324  2672
163  176  2025-06-09 22-12-45  1492.8  17420.9  14512  201.382  2672
164  176  2025-06-09 22-12-45  1494.4  17429.9  14512  201.439  2672
165  176  2025-06-09 22-12-45  1496  17438.8  14512  201.497  2672
166  176  2025-06-09 22-12-45  1497.6  17447.8  14512  201.554  2672
167  176  2025-06-09 22-12-45  1499.2  17456.7  14512  201.612  2672
168  176  2025-06-09 22-12-45  1500.8  17465.7  14512  201.669  2672
169  176  2025-06-09 22-12-45  1502.4  17474.7  14512  201.727  2672
170  176  2025-06-09 22-12-45  1504  17483.7  14512  201.785  2672
171  176  2025-06-09 22-12-45  1505.6  17492.6  14512  201.842  2672
172  176  2025-06-09 22-12-45  1507.2  17501.6  14512  201.9  2672
173  176  2025-06-09 22-12-45  1508.8  17510.6  14512  201.957  2672
174  176  2025-06-09 22-12-45  1510.4  17519.6  14512  202.015  2672
175  176  2025-06-09 22-12-45  1512  17528.6  14512  202.072  2672
176  176  2025-06-09 22-12-45  1513.6  17537.6  14512  202.13  2672
177  176  2025-06-09 22-12-45  1515.2  17546.7  14512  202.187  2672
178  176  2025-06-09 22-12-45  1516.8  17555.7  14512  202.245  2672
179  176  2025-06-09 22-12-45  1518.4  17564.7  14512  202.303  2672
180  176  2025-06-09 22-12-45  1520  17573.8  14512  202.36  2672
181  176  2025-06-09 22-12-45  1521.6  17582.8  14512  202.418  2672
182  176  2025-06-09 22-12-45  1523.2  17591.8  14512  202.475  2672
183  176  2025-06-09 22-12-45  1524.8  17600.9  14512  202.533  2672
184  176  2025-06-09 22-12-45  1526.4  17610  14512  202.59  2672
185  176  2025-06-09 22-12-45  1528  17619  14512  202.648  2672
186  176  2025-06-09 22-12-45  1529.6  17628.1  14512  202.705  2672
187  176  2025-06-09 22-12-45  1531.2  17637.2  14512  202.763  2672
188  176  2025-06-09 22-12-45  1532.8  17646.3  14512  202.821  2672
189  176  2025-06-09 22-12-45  1534.4  17655.3  14512  202.878  2672
190  176  2025-06-09 22-12-45  1536  17664.4  14512  202.936  2672
191  176  2025-06-09 22-12-45  1537.6  17673.5  14512  202.993  2672
192  176  2025-06-09 22-12-45  1539.2  17682.6  14512  203.051  2672
193  176  2025-06-09 22-12-45  1540.8  17691.8  14512  203.108  2672
194  176  2025-06-09 22-12-45  1542.4  17700.9  14512  203.166  2672
195  176  2025-06-09 22-12-45  1544  17710  14512  203.223  2672
196  176  2025-06-09 22-12-45  1545.6  17719.1  14512  203.281  2672
197  176  2025-06-09 22-12-45  1547.2  17728.3  14512  203.339  2672
198  176  2025-06-09 22-12-45  1548.8  17737.4  14512  203.396  2672
199  176  2025-06-09 22-12-45  1550.4  17746.5  14512  203.454  2672
200  176  2025-06-09 22-12-45  1552  17755.7  14512  203.511  2672
201  176  2025-06-09 22-12-45  1553.6  17764.8  14512  203.569  2672
202  176  2025-06-09 22-12-45  1555.2  17774  14512  203.626  2672
203  176  2025-06-09 22-12-45  1556.8  17783.2  14512  203.684  2672
204  176  2025-06-09 22-12-45  1558.4  17792.3  14512  203.741  2672
205  176  2025-06-09 22-12-45  1560  17801.5  14512  203.799  2672
206  176  2025-06-09 22-12-45  1561.6  17810.7  14512  203.857  2672
207  176  2025-06-09 22-12-45  1563.2  17819.9  14512  203.914  2672
208  176  2025-06-09 22-12-45  1564.8  17829.1  14512  203.972  2672
209  176  2025-06-09 22-12-45  1566.4  17838.3  14512  204.029  2672
210  176  2025-06-09 22-12-45  1568  17847.5  14512  204.087  2672
211  176  2025-06-09 22-12-45  1569.6  17856.7  14512  204.144  2672
212  176  2025-06-09 22-12-45  1571.2  17866  14512  204.202  2672
213  176  2025-06-09 22-12-45  1572.8  17875.2  14512  204.259  2672
214  176  2025-06-09 22-12-45  1574.4  17884.4  14512  204.317  2672
215  176  2025-06-09 22-12-45  1576  17893.6  14512  204.375  2672
216  176  2025-06-09 22-12-45  1577.6  17902.9  14512  204.432  2672
217  176  2025-06-09 22-12-45  1579.2  17912.1  14512  204.49  2672
218  176  2025-06-09 22-12-45  1580.8  17921.4  14512  204.547  2672
219  176  2025-06-09 22-12-45  1582.4  17930.7  14512  204.605  2672
220  176  2025-06-09 22-12-45  1584  17939.9  14512  204.662  2672
221  176  2025-06-09 22-12-45  1585.6  17949.2  14512  204.72  2672
222  176  2025-06-09 22-12-45  1587.2  17958.5  14512  204.777  2672
223  176  2025-06-09 22-12-45  1588.8  17967.8  14512  204.835  2672
224  176  2025-06-09 22-12-45  1590.4  17977  14512  204.893  2672
225  176  2025-06-09 22-12-45  1592  17986.3  14512  204.95  2672
226  176  2025-06-09 22-12-45  1593.6  17995.6  14512  205.008  2672
227  176  2025-06-09 22-12-45  1595.2  18004.9  14512  205.065  2672
228  176  2025-06-09 22-12-45  1596.8  18014.3  14512  205.123  2672
229  176  2025-06-09 22-12-45  1598.4  18023.6  14512  205.18  2672
230  176  2025-06-09 22-12-45  1600  18032.9  14512  205.238  2672
231  176  2025-06-09 22-12-45  1601.6  18042.2  14512  205.295  2672
232  176  2025-06-09 22-12-45  1603.2  18051.6  14512  205.353  2672
233  176  2025-06-09 22-12-45  1604.8  18060.9  14512  205.411  2672
234  176  2025-06-09 22-12-45  1606.4  18070.3  14512  205.468  2672
235  176  2025-06-09 22-12-45  1608  18079.6  14512  205.526  2672
236  176  2025-06-09 22-12-45  1609.6  18089  14512  205.583  2672
237  176  2025-06-09 22-12-45  1611.2  18098.3  14512  205.641  2672
238  176  2025-06-09 22-12-45  1612.8  18107.7  14512  205.698  2672
239  176  2025-06-09 22-12-45  1614.4  18117.1  14512  205.756  2672
240  176  2025-06-09 22-12-45  1616  18126.5  14512  205.813  2672
241  176  2025-06-09 22-12-45  1617.6  18135.8  14512  205.871  2672
242  176  2025-06-09 22-12-45  1619.2  18145.2  14512  205.929  2672
243  176  2025-06-09 22-12-45  1620.8  18154.6  14512  205.986  2672
244  176  2025-06-09 22-12-45  1622.4  18164  14512  206.044  2672
245  176  2025-06-09 22-12-45  1624  18173.4  14512  206.101  2672
246  176  2025-06-09 22-12-45  1625.6  18182.9  14512  206.159  2672
247  176  2025-06-09 22-12-45  1627.2  18192.3  14512  206.216  2672
248  176  2025-06-09 22-12-45  1628.8  18201.7  14512  206.274  2672
249  176  2025-06-09 22-12-45  1630.4  18211.1  14512  206.331  2672
250  176  2025-06-09 22-12-45  1632  18220.6  14512  206.389  2672
251  176  2025-06-09 22-12-45  1633.6  18230  14512  206.447  2672
252  176  2025-06-09 22-12-45  1635.2  18239.5  14512  206.504  2672
253  176  2025-06-09 22-12-45  1636.8  18248.9  14512  206.562  2672
254  176  2025-06-09 22-12-45  1638.4  18258.4  14512  206.619  2672
255  176  2025-06-09 22-12-45  1640  18267.9  14512  206.677  2672
256  176  2025-06-09 22-12-45  1641.6  18277.3  14512  206.734  2672
257  176  2025-06-09 22-12-45  1643.2  18286.8  14512  206.792  2672
258  176  2025-06-09 22-12-45  1644.8  18296.3  14512  206.849  2672
259  176  2025-06-09 22-12-45  1646.4  18305.8  14512  206.907  2672
260  176  2025-06-09 22-12-45  1648  18315.3  14512  206.965  2672
261  176  2025-06-09 22-12-45  1649.6  18324.8  14512  207.022  2672
262  176  2025-06-09 22-12-45  1651.2  18334.3  14512  207.08  2672
263  176  2025-06-09 22-12-45  1652.8  18343.8  14512  207.137  2672
264  176  2025-06-09 22-12-45  1654.4  18353.3  14512  207.195  2672
265  176  2025-06-09 22-12-45  1656  18362.9  14512  207.252  2672
266  176  2025-06-09 22-12-45  1657.6  18372.4  14512  207.31  2672
267  176  2025-06-09 22-12-45  1659.2  18381.9  14512  207.367  2672
268  176  2025-06-09 22-12-45  1660.8  18391.5  14512  207.425  2672
269  176  2025-06-09 22-12-45  1662.4  18401  14512  207.483  2672
270  176  2025-06-09 22-12-45  1664  18410.6  14512  207.54  2672
271  176  2025-06-09 22-12-45  1665.6  18420.1  14512  207.598  2672
272  176  2025-06-09 22-12-45  1667.2  18429.7  14512  207.655  2672
273  176  2025-06-09 22-12-45  1668.8  18439.3  14512  207.713  2672
274  176  2025-06-09 22-12-45  1670.4  18448.8  14512  207.77  2672
275  176  2025-06-09 22-12-45  1672  18458.4  14512  207.828  2672
276  176  2025-06-09 22-12-45  1673.6  18468  14512  207.885  2672
277  176  2025-06-09 22-12-45  1675.2  18477.6  14512  207.943  2672
278  176  2025-06-09 22-12-45  1676.8  18487.2  14512  208.001  2672
279  176  2025-06-09 22-12-45  1678.4  18496.8  14512  208.058  2672
280  176  2025-06-09 22-12-45  1680  18506.4  14512  208.116  2672
281  176  2025-06-09 22-12-45  1681.6  18516  14512  208.173  2672
282  176  2025-06-09 22-12-45  1683.2  18525.7  14512  208.231  2672
283  176  2025-06-09 22-12-45  1684.8  18535.3  14512  208.288  2672
284  176  2025-06-09 22-12-45  1686.4  18544.9  14512  208.346  2672
285  176  2025-06-09 22-12-45  1688  18554.6  14512  208.404  2672
286  176  2025-06-09 22-12-45  1689.6  18564.2  14512  208.461  2672
287  176  2025-06-09 22-12-45  1691.2  18573.9  14512  208.519  2672
288  176  2025-06-09 22-12-45  1692.8  18583.5  14512  208.576  2672
289  176  2025-06-09 22-12-45  1694.4  18593.2  14512  208.634  2672
290  176  2025-06-09 22-12-45  1696  18602.9  14512  208.691  2672
291  176  2025-06-09 22-12-45  1697.6  18612.5  14512  208.749  2672
292  176  2025-06-09 22-12-45  1699.2  18622.2  14512  208.806  2672
293  176  2025-06-09 22-12-45  1700.8  18631.9  14512  208.864  2672
294  176  2025-06-09 22-12-45  1702.4  18641.6  14512  208.922  2672
295  176  2025-06-09 22-12-45  1704  18651.3  14512  208.979  2672
296  176  2025-06-09 22-12-45  1705.6  18661  14512  209.037  2672
297  176  2025-06-09 22-12-45  1707.2  18670.7  14512  209.094  2672
298  176  2025-06-09 22-12-45  1708.8  18680.4  14512  209.152  2672
299  176  2025-06-09 22-12-45  1710.4  18690.1  14512  209.209  2672
300  176  2025-06-09 22-12-45  1712  18699.9  14512  209.267  2672
301  176  2025-06-09 22-12-45  1713.6  18709.6  14512  209.324  2672
302  176  2025-06-09 22-12-45  1715.2  18719.3  14512  209.382  2672
303  176  2025-06-09 22-12-45  1716.8  18729.1  14512  209.44  2672
304  176  2025-06-09 22-12-45  1718.4  18738.8  14512  209.497  2672
305  176  2025-06-09 22-12-45  1720  18748.6  14512  209.555  2672
306  176  2025-06-09 22-12-45  1721.6  18758.3  14512  209.612  2672
307  176  2025-06-09 22-12-45  1723.2  18768.1  14512  209.67  2672
308  176  2025-06-09 22-12-45  1724.8  18777.9  14512  209.727  2672
309  176  2025-06-09 22-12-45  1726.4  18787.7  14512  209.785  2672
310  176  2025-06-09 22-12-45  1728  18797.4  14512  209.842  2672
311  176  2025-06-09 22-12-45  1729.6  18807.2  14512  209.9  2672
312  176  2025-06-09 22-12-45  1731.2  18817  14512  209.958  2672
313  176  2025-06-09 22-12-45  1732.8  18826.8  14512  210.015  2672
314  176  2025-06-09 22-12-45  1734.4  18836.6  14512  210.073  2672
315  176  2025-06-09 22-12-45  1736  18846.5  14512  210.13  2672
316  176  2025-06-09 22-12-45  1737.6  18856.3  14512  210.188  2672
317  176  2025-06-09 22-12-45  1739.2  18866.1  14512  210.245  2672
318  176  2025-06-09 22-12-45  1740.8  18875.9  14512  210.303  2672
319  176  2025-06-09 22-12-45  1742.4  18885.8  14512  210.36  2672
320  176  2025-06-09 22-12-45  1744  18895.6  14512  210.418  2672
321  176  2025-06-09 22-12-45  1745.6  18905.5  14512  210.476  2672
322  176  2025-06-09 22-12-45  1747.2  18915.3  14512  210.533  2672
323  176  2025-06-09 22-12-45  1748.8  18925.2  14512  210.591  2672
324  176  2025-06-09 22-12-45  1750.4  18935  14512  210.648  2672
325  176  2025-06-09 22-12-45  1752  18944.9  14512  210.706  2672
326  176  2025-06-09 22-12-45  1753.6  18954.8  14512  210.763  2672
327  176  2025-06-09 22-12-45  1755.2  18964.7  14512  210.821  2672
328  176  2025-06-09 22-12-45  1756.8  18974.6  14512  210.878  2672
329  176  2025-06-09 22-12-45  1758.4  18984.4  14512  210.936  2672
330  176  2025-06-09 22-12-45  1760  18994.3  14512  210.994  2672
331  176  2025-06-09 22-12-45  1761.6  19004.2  14512  211.051  2672
332  176  2025-06-09 22-12-45  1763.2  19014.2  14512  211.109  2672
333  176  2025-06-09 22-12-45  1764.8  19024.1  14512  211.166  2672
334  176  2025-06-09 22-12-45  1766.4  19034  14512  211.224  2672
335  176  2025-06-09 22-12-45  1768  19043.9  14512  211.281  2672
336  176  2025-06-09 22-12-45  1769.6  19053.9  14512  211.339  2672
337  176  2025-06-09 22-12-45  1771.2  19063.8  14512  211.396  2672
338  176  2025-06-09 22-12-45  1772.8  19073.7  14512  211.454  2672
339  176  2025-06-09 22-12-45  1774.4  19083.7  14512  211.512  2672
340  176  2025-06-09 22-12-45  1776  19093.7  14512  211.569  2672
341  176  2025-06-09 22-12-45  1777.6  19103.6  14512  211.627  2672
342  176  2025-06-09 22-12-45  1779.2  19113.6  14512  211.684  2672
343  176  2025-06-09 22-12-45  1780.8  19123.6  14512  211.742  2672
344  176  2025-06-09 22-12-45  1782.4  19133.5  14512  211.799  2672
345  176  2025-06-09 22-12-45  1784  19143.5  14512  211.857  2672
346  176  2025-06-09 22-12-45  1785.6  19153.5  14512  211.914  2672
347  176  2025-06-09 22-12-45  1787.2  19163.5  14512  211.972  2672
348  176  2025-06-09 22-12-45  1788.8  19173.5  14512  212.03  2672
349  176  2025-06-09 22-12-45  1790.4  19183.5  14512  212.087  2672
350  176  2025-06-09 22-12-45  1792  19193.5  14512  212.145  2672
351  176  2025-06-09 22-12-45  1793.6  19203.6  14512  212.202  2672
352  176  2025-06-09 22-12-45  1795.2  19213.6  14512  212.26  2672
353  176  2025-06-09 22-12-45  1796.8  19223.6  14512  212.317  2672
354  176  2025-06-09 22-12-45  1798.4  19233.7  14512  212.375  2672
355  176  2025-06-09 22-12-45  1800  19243.7  14512  212.432  2672
356  176  2025-06-09 22-12-45  1801.6  19253.7  14512  212.49  2672
357  176  2025-06-09 22-12-45  1803.2  19263.8  14512  212.548  2672
358  176  2025-06-09 22-12-45  1804.8  19273.9  14512  212.605  2672
359  176  2025-06-09 22-12-45  1806.4  19283.9  14512  212.663  2672
360  176  2025-06-09 22-12-45  1808  19294  14512  212.72  2672
361  176  2025-06-09 22-12-45  1809.6  19304.1  14512  212.778  2672
362  176  2025-06-09 22-12-45  1811.2  19314.2  14512  212.835  2672
363  176  2025-06-09 22-12-45  1812.8  19324.3  14512  212.893  2672
364  176  2025-06-09 22-12-45  1814.4  19334.3  14512  212.95  2672
365  176  2025-06-09 22-12-45  1816  19344.4  14512  213.008  2672
366  176  2025-06-09 22-12-45  1817.6  19354.6  14512  213.066  2672
367  176  2025-06-09 22-12-45  1819.2  19364.7  14512  213.123  2672
368  176  2025-06-09 22-12-45  1820.8  19374.8  14512  213.181  2672
369  176  2025-06-09 22-12-45  1822.4  19384.9  14512  213.238  2672
370  176  2025-06-09 22-12-45  1824  19395  14512  213.296  2672
371  176  2025-06-09 22-12-45  1825.6  19405.2  14512  213.353  2672
372  176  2025-06-09 22-12-45  1827.2  19415.3  14512  213.411  2672
373  176  2025-06-09 22-12-45  1828.8  19425.5  14512  213.468  2672
374  176  2025-06-09 22-12-45  1830.4  19435.6  14512  213.526  2672
375  176  2025-06-09 22-12-45  1832  19445.8  14512  213.584  2672
376  176  2025-06-09 22-12-45  1833.6  19455.9  14512  213.641  2672
377  176  2025-06-09 22-12-45  1835.2  19466.1  14512  213.699  2672
378  176  2025-06-09 22-12-45  1836.8  19476.3  14512  213.756  2672
379  176  2025-06-09 22-12-45  1838.4  19486.5  14512  213.814  2672
380  176  2025-06-09 22-12-45  1840  19496.6  14512  213.871  2672
381  176  2025-06-09 22-12-45  1841.6  19506.8  14512  213.929  2672
382  176  2025-06-09 22-12-45  1843.2  19517  14512  213.986  2672
383  176  2025-06-09 22-12-45  1844.8  19527.2  14512  214.044  2672
384  176  2025-06-09 22-12-45  1846.4  19537.5  14512  214.102  2672
385  176  2025-06-09 22-12-45  1848  19547.7  14512  214.159  2672
386  176  2025-06-09 22-12-45  1849.6  19557.9  14512  214.217  2672
387  176  2025-06-09 22-12-45  1851.2  19568.1  14512  214.274  2672
388  176  2025-06-09 22-12-45  1852.8  19578.4  14512  214.332  2672
389  176  2025-06-09 22-12-45  1854.4  19588.6  14512  214.389  2672
390  176  2025-06-09 22-12-45  1856  19598.8  14512  214.447  2672
391  176  2025-06-09 22-12-45  1857.6  19609.1  14512  214.504  2672
392  176  2025-06-09 22-12-45  1859.2  19619.3  14512  214.562  2672
393  176  2025-06-09 22-12-45  1860.8  19629.6  14512  214.62  2672
394  176  2025-06-09 22-12-45  1862.4  19639.9  14512  214.677  2672
395  176  2025-06-09 22-12-45  1864  19650.1  14512  214.735  2672
396  176  2025-06-09 22-12-45  1865.6  19660.4  14512  214.792  2672
397  176  2025-06-09 22-12-45  1867.2  19670.7  14512  214.85  2672
398  176  2025-06-09 22-12-45  1868.8  19681  14512  214.907  2672
399  176  2025-06-09 22-12-45  1870.4  19691.3  14512  214.965  2672
400  176  2025-06-09 22-12-45  1872  19701.6  14512  215.022  2672
401  176  2025-06-09 22-12-45  1873.6  19711.9  14512  215.08  2672
402  176  2025-06-09 22-12-45  1875.2  19722.2  14512  215.138  2672
403  176  2025-06-09 22-12-45  1876.8  19732.5  14512  215.195  2672
404  176  2025-06-09 22-12-45  1878.4  19742.9  14512  215.253  2672
405  176  2025-06-09 22-12-45  1880  19753.2  14512  215.31  2672
406  176  2025-06-09 22-12-45  1881.6  19763.5  14512  215.368  2672
407  176  2025-06-09 22-12-45  1883.2  19773.9  14512  215.425  2672
408  176  2025-06-09 22-12-45  1884.8  19784.2  14512  215.483  2672
409  176  2025-06-09 22-12-45  1886.4  19794.6  14512  215.54  2672
410  176  2025-06-09 22-12-45  1888  19804.9  14512  215.598  2672
411  176  2025-06-09 22-12-45  1889.6  19815.3  14512  215.656  2672
412  176  2025-06-09 22-12-45  1891.2  19825.7  14512  215.713  2672
413  176  2025-06-09 22-12-45  1892.8  19836.1  14512  215.771  2672
414  176  2025-06-09 22-12-45  1894.4  19846.4  14512  215.828  2672
415  176  2025-06-09 22-12-45  1896  19856.8  14512  215.886  2672
416  176  2025-06-09 22-12-45  1897.6  19867.2  14512  215.943  2672
417  176  2025-06-09 22-12-45  1899.2  19877.6  14512  216.001  2672
418  176  2025-06-09 22-12-45  1900.8  19888  14512  216.058  2672
419  176  2025-06-09 22-12-45  1902.4  19898.4  14512  216.116  2672
420  176  2025-06-09 22-12-45  1904  19908.9  14512  216.174  2672
421  176  2025-06-09 22-12-45  1905.6  19919.3  14512  216.231  2672
422  176  2025-06-09 22-12-45  1907.2  19929.7  14512  216.289  2672
423  176  2025-06-09 22-12-45  1908.8  19940.1  14512  216.346  2672
424  176  2025-06-09 22-12-45  1910.4  19950.6  14512  216.404  2672
425  176  2025-06-09 22-12-45  1912  19961  14512  216.461  2672
426  176  2025-06-09 22-12-45  1913.6  19971.5  14512  216.519  2672
427  176  2025-06-09 22-12-45  1915.2  19981.9  14512  216.576  2672
428  176  2025-06-09 22-12-45  1916.8  19992.4  14512  216.634  2672
429  176  2025-06-09 22-12-45  1918.4  20002.9  14512  216.692  2672
430  176  2025-06-09 22-12-45  1920  20013.3  14512  216.749  2672
431  176  2025-06-09 22-12-45  1921.6  20023.8  14512  216.807  2672
432  176  2025-06-09 22-12-45  1923.2  20034.3  14512  216.864  2672
433  176  2025-06-09 22-12-45  1924.8  20044.8  14512  216.922  2672
434  176  2025-06-09 22-12-45  1926.4  20055.3  14512  216.979  2672
435  176  2025-06-09 22-12-45  1928  20065.8  14512  217.037  2672
436  176  2025-06-09 22-12-45  1929.6  20076.3  14512  217.094  2672
437  176  2025-06-09 22-12-45  1931.2  20086.8  14512  217.152  2672
438  176  2025-06-09 22-12-45  1932.8  20097.4  14512  217.21  2672
439  176  2025-06-09 22-12-45  1934.4  20107.9  14512  217.267  2672
440  176  2025-06-09 22-12-45  1936  20118.4  14512  217.325  2672
441  176  2025-06-09 22-12-45  1937.6  20128.9  14512  217.382  2672
442  176  2025-06-09 22-12-45  1939.2  20139.5  14512  217.44  2672
443  176  2025-06-09 22-12-45  1940.8  20150  14512  217.497  2672
444  176  2025-06-09 22-12-45  1942.4  20160.6  14512  217.555  2672
445  176  2025-06-09 22-12-45  1944  20171.2  14512  217.612  2672
446  176  2025-06-09 22-12-45  1945.6  20181.7  14512  217.67  2672
447  176  2025-06-09 22-12-45  1947.2  20192.3  14512  217.728  2672
448  176  2025-06-09 22-12-45  1948.8  20202.9  14512  217.785  2672
449  176  2025-06-09 22-12-45  1950.4  20213.5  14512  217.843  2672
450  176  2025-06-09 22-12-45  1952  20224.1  14512  217.9  2672
451  176  2025-06-09 22-12-45  1953.6  20234.6  14512  217.958  2672
452  176  2025-06-09 22-12-45  1955.2  20245.2  14512  218.015  2672
453  176  2025-06-09 22-12-45  1956.8  20255.9  14512  218.073  2672
454  176  2025-06-09 22-12-45  1958.4  20266.5  14512  218.13  2672
455  176  2025-06-09 22-12-45  1960  20277.1  14512  218.188  2672
456  176  2025-06-09 22-12-45  1961.6  20287.7  14512  218.246  2672
457  176  2025-06-09 22-12-45  1963.2  20298.3  14512  218.303  2672
458  176  2025-06-09 22-12-45  1964.8  20309  14512  218.361  2672
459  176  2025-06-09 22-12-45  1966.4  20319.6  14512  218.418  2672
460  176  2025-06-09 22-12-45  1968  20330.3  14512  218.476  2672
461  176  2025-06-09 22-12-45  1969.6  20340.9  14512  218.533  2672
462  176  2025-06-09 22-12-45  1971.2  20351.6  14512  218.591  2672
463  176  2025-06-09 22-12-45  1972.8  20362.2  14512  218.648  2672
464  176  2025-06-09 22-12-45  1974.4  20372.9  14512  218.706  2672
465  176  2025-06-09 22-12-45  1976  20383.6  14512  218.764  2672
466  176  2025-06-09 22-12-45  1977.6  20394.3  14512  218.821  2672
467  176  2025-06-09 22-12-45  1979.2  20405  14512  218.879  2672
468  176  2025-06-09 22-12-45  1980.8  20415.7  14512  218.936  2672
469  176  2025-06-09 22-12-45  1982.4  20426.4  14512  218.994  2672
470  176  2025-06-09 22-12-45  1984  20437.1  14512  219.051  2672
471  176  2025-06-09 22-12-45  1985.6  20447.8  14512  219.109  2672
472  176  2025-06-09 22-12-45  1987.2  20458.5  14512  219.167  2672
473  176  2025-06-09 22-12-45  1988.8  20469.2  14512  219.224  2672
474  176  2025-06-09 22-12-45  1990.4  20479.9  14512  219.282  2672
475  176  2025-06-09 22-12-45  1992  20490.7  14512  219.339  2672
476  176  2025-06-09 22-12-45  1993.6  20501.4  14512  219.397  2672
477  176  2025-06-09 22-12-45  1995.2  20512.2  14512  219.454  2672
478  176  2025-06-09 22-12-45  1996.8  20522.9  14512  219.512  2672
479  176  2025-06-09 22-12-45  1998.4  20533.7  14512  219.569  2672
480  176  2025-06-09 22-12-45  2000  20544.4  14512  219.627  2672
481  176  2025-06-09 22-12-45  2001.6  20555.2  14512  219.685  2672
482  176  2025-06-09 22-12-45  2003.2  20566  14512  219.742  2672
483  176  2025-06-09 22-12-45  2004.8  20576.8  14512  219.8  2672
484  176  2025-06-09 22-12-45  2006.4  20587.5  14512  219.857  2672
485  176  2025-06-09 22-12-45  2008  20598.3  14512  219.915  2672
486  176  2025-06-09 22-12-45  2009.6  20609.1  14512  219.972  2672
487  176  2025-06-09 22-12-45  2011.2  20619.9  14512  220.03  2672
488  176  2025-06-09 22-12-45  2012.8  20630.7  14512  220.087  2672
489  176  2025-06-09 22-12-45  2014.4  20641.6  14512  220.145  2672
490  176  2025-06-09 22-12-45  2016  20652.4  14512  220.203  2672
491  176  2025-06-09 22-12-45  2017.6  20663.2  14512  220.26  2672
492  176  2025-06-09 22-12-45  2019.2  20674  14512  220.318  2672
493  176  2025-06-09 22-12-45  2020.8  20684.9  14512  220.375  2672
494  176  2025-06-09 22-12-45  2022.4  20695.7  14512  220.433  2672
495  176  2025-06-09 22-12-45  2024  20706.6  14512  220.49  2672
496  176  2025-06-09 22-12-45  2025.6  20717.4  14512  220.548  2672
497  176  2025-06-09 22-12-45  2027.2  20728.3  14512  220.605  2672
498  176  2025-06-09 22-12-45  2028.8  20739.1  14512  220.663  2672
499  176  2025-06-09 22-12-45  2030.4  20750  14512  220.721  2672
500  176  2025-06-09 22-12-45  2032  20760.9  14512  220.778  2672
501  176  2025-06-09 22-12-45  2033.6  20771.8  14512  220.836  2672
502  176  2025-06-09 22-12-45  2035.2  20782.7  14512  220.893  2672
503  176  2025-06-09 22-12-45  2036.8  20793.6  14512  220.951  2672
504  176  2025-06-09 22-12-45  2038.4  20804.5  14512  221.008  2672
505  176  2025-06-09 22-12-45  2040  20815.4  14512  221.066  2672
506  176  2025-06-09 22-12-45  2041.6  20826.3  14512  221.123  2672
507  176  2025-06-09 22-12-45  2043.2  20837.2  14512  221.181  2672
508  176  2025-06-09 22-12-45  2044.8  20848.1  14512  221.239  2672
509  176  2025-06-09 22-12-45  2046.4  20859.1  14512  221.296  2672
510  176  2025-06-09 22-12-45  2048  20870  14512  221.354  2672
511  176  2025-06-09 22-12-45  2049.6  20880.9  14512  221.411  2672
512  176  2025-06-09 22-12-45  2051.2  20891.9  14512  221.469  2672
513  176  2025-06-09 22-12-45  2052.8  20902.8  14512  221.526  2672
514  176  2025-06-09 22-12-45  2054.4  20913.8  14512  221.584  2672
515  176  2025-06-09 22-12-45  2056  20924.7  14512  221.641  2672
516  176  2025-06-09 22-12-45  2057.6  20935.7  14512  221.699  2672
517  176  2025-06-09 22-12-45  2059.2  20946.7  14512  221.757  2672
518  176  2025-06-09 22-12-45  2060.8  20957.7  14512  221.814  2672
519  176  2025-06-09 22-12-45  2062.4  20968.7  14512  221.872  2672
520  176  2025-06-09 22-12-45  2064  20979.7  14512  221.929  2672
521  176  2025-06-09 22-12-45  2065.6  20990.7  14512  221.987  2672
522  176  2025-06-09 22-12-45  2067.2  21001.7  14512  222.044  2672
523  176  2025-06-09 22-12-45  2068.8  21012.7  14512  222.102  2672
524  176  2025-06-09 22-12-45  2070.4  21023.7  14512  222.159  2672
525  176  2025-06-09 22-12-45  2072  21034.7  14512  222.217  2672
526  176  2025-06-09 22-12-45  2073.6  21045.7  14512  222.275  2672
527  176  2025-06-09 22-12-45  2075.2  21056.8  14512  222.332  2672
528  176  2025-06-09 22-12-45  2076.8  21067.8  14512  222.39  2672
529  176  2025-06-09 22-12-45  2078.4  21078.9  14512  222.447  2672
530  176  2025-06-09 22-12-45  2080  21089.9  14512  222.505  2672
531  176  2025-06-09 22-12-45  2081.6  21101  14512  222.562  2672
532  176  2025-06-09 22-12-45  2083.2  21112  14512  222.62  2672
533  176  2025-06-09 22-12-45  2084.8  21123.1  14512  222.677  2672
534  176  2025-06-09 22-12-45  2086.4  21134.2  14512  222.735  2672
535  176  2025-06-09 22-12-45  2088  21145.2  14512  222.793  2672
536  176  2025-06-09 22-12-45  2089.6  21156.3  14512  222.85  2672
537  176  2025-06-09 22-12-45  2091.2  21167.4  14512  222.908  2672
538  176  2025-06-09 22-12-45  2092.8  21178.5  14512  222.965  2672
539  176  2025-06-09 22-12-45  2094.4  21189.6  14512  223.023  2672
540  176  2025-06-09 22-12-45  2096  21200.7  14512  223.08  2672
541  176  2025-06-09 22-12-45  2097.6  21211.8  14512  223.138  2672
542  176  2025-06-09 22-12-45  2099.2  21223  14512  223.195  2672
543  176  2025-06-09 22-12-45  2100.8  21234.1  14512  223.253  2672
544  176  2025-06-09 22-12-45  2102.4  21245.2  14512  223.311  2672
545  176  2025-06-09 22-12-45  2104  21256.3  14512  223.368  2672
546  176  2025-06-09 22-12-45  2105.6  21267.5  14512  223.426  2672
547  176  2025-06-09 22-12-45  2107.2  21278.6  14512  223.483  2672
548  176  2025-06-09 22-12-45  2108.8  21289.8  14512  223.541  2672
549  176  2025-06-09 22-12-45  2110.4  21301  14512  223.598  2672
550  176  2025-06-09 22-12-45  2112  21312.1  14512  223.656  2672
551  176  2025-06-09 22-12-45  2113.6  21323.3  14512  223.713  2672
552  176  2025-06-09 22-12-45  2115.2  21334.5  14512  223.771  2672
553  176  2025-06-09 22-12-45  2116.8  21345.7  14512  223.829  2672
554  176  2025-06-09 22-12-45  2118.4  21356.8  14512  223.886  2672
555  176  2025-06-09 22-12-45  2120  21368  14512  223.944  2672
556  176  2025-06-09 22-12-45  2121.6  21379.2  14512  224.001  2672
557  176  2025-06-09 22-12-45  2123.2  21390.4  14512  224.059  2672
558  176  2025-06-09 22-12-45  2124.8  21401.7  14512  224.116  2672
559  176  2025-06-09 22-12-45  2126.4  21412.9  14512  224.174  2672
560  176  2025-06-09 22-12-45  2128  21424.1  14512  224.231  2672
561  176  2025-06-09 22-12-45  2129.6  21435.3  14512  224.289  2672
562  176  2025-06-09 22-12-45  2131.2  21446.6  14512  224.347  2672
563  176  2025-06-09 22-12-45  2132.8  21457.8  14512  224.404  2672
564  176  2025-06-09 22-12-45  2134.4  21469  14512  224.462  2672
565  176  2025-06-09 22-12-45  2136  21480.3  14512  224.519  2672
566  176  2025-06-09 22-12-45  2137.6  21491.6  14512  224.577  2672
567  176  2025-06-09 22-12-45  2139.2  21502.8  14512  224.634  2672
568  176  2025-06-09 22-12-45  2140.8  21514.1  14512  224.692  2672
569  176  2025-06-09 22-12-45  2142.4  21525.4  14512  224.749  2672
570  176  2025-06-09 22-12-45  2144  21536.6  14512  224.807  2672
571  176  2025-06-09 22-12-45  2145.6  21547.9  14512  224.865  2672
572  176  2025-06-09 22-12-45  2147.2  21559.2  14512  224.922  2672
573  176  2025-06-09 22-12-45  2148.8  21570.5  14512  224.98  2672
574  176  2025-06-09 22-12-45  2150.4  21581.8  14512  225.037  2672
575  176  2025-06-09 22-12-45  2152  21593.1  14512  225.095  2672
576  176  2025-06-09 22-12-45  2153.6  21604.4  14512  225.152  2672
577  176  2025-06-09 22-12-45  2155.2  21615.8  14512  225.21  2672
578  176  2025-06-09 22-12-45  2156.8  21627.1  14512  225.267  2672
579  176  2025-06-09 22-12-45  2158.4  21638.4  14512  225.325  2672
580  176  2025-06-09 22-12-45  2160  21649.8  14512  225.383  2672
581  176  2025-06-09 22-12-45  2161.6  21661.1  14512  225.44  2672
582  176  2025-06-09 22-12-45  2163.2  21672.5  14512  225.498  2672
583  176  2025-06-09 22-12-45  2164.8  21683.8  14512  225.555  2672
584  176  2025-06-09 22-12-45  2166.4  21695.2  14512  225.613  2672
585  176  2025-06-09 22-12-45  2168  21706.5  14512  225.67  2672
586  176  2025-06-09 22-12-45  2169.6  21717.9  14512  225.728  2672
587  176  2025-06-09 22-12-45  2171.2  21729.3  14512  225.785  2672
588  176  2025-06-09 22-12-45  2172.8  21740.7  14512  225.843  2672
589  176  2025-06-09 22-12-45  2174.4  21752.1  14512  225.901  2672
590  176  2025-06-09 22-12-45  2176  21763.5  14512  225.958  2672
591  176  2025-06-09 22-12-45  2177.6  21774.9  14512  226.016  2672
592  176  2025-06-09 22-12-45  2179.2  21786.3  14512  226.073  2672
593  176  2025-06-09 22-12-45  2180.8  21797.7  14512  226.131  2672
594  176  2025-06-09 22-12-45  2182.4  21809.1  14512  226.188  2672
595  176  2025-06-09 22-12-45  2184  21820.5  14512  226.246  2672
596  176  2025-06-09 22-12-45  2185.6  21832  14512  226.303  2672
597  176  2025-06-09 22-12-45  2187.2  21843.4  14512  226.361  2672
598  176  2025-06-09 22-12-45  2188.8  21854.8  14512  226.419  2672
599  176  2025-06-09 22-12-45  2190.4  21866.3  14512  226.476  2672
600  176  2025-06-09 22-12-45  2192  21877.7  14512  226.534  2672
601  176  2025-06-09 22-12-45  2193.6  21889.2  14512  226.591  2672
602  176  2025-06-09 22-12-45  2195.2  21900.7  14512  226.649  2672
603  176  2025-06-09 22-12-45  2196.8  21912.1  14512  226.706  2672
604  176  2025-06-09 22-12-45  2198.4  21923.6  14512  226.764  2672
605  176  2025-06-09 22-12-45  2200  21935.1  14512  226.821  2672
606  176  2025-06-09 22-12-45  2201.6  21946.6  14512  226.879  2672
607  176  2025-06-09 22-12-45  2203.2  21958.1  14512  226.937  2672
608  176  2025-06-09 22-12-45  2204.8  21969.6  14512  226.994  2672
609  176  2025-06-09 22-12-45  2206.4  21981.1  14512  227.052  2672
610  176  2025-06-09 22-12-45  2208  21992.6  14512  227.109  2672
611  176  2025-06-09 22-12-45  2209.6  22004.1  14512  227.167  2672
612  176  2025-06-09 22-12-45  2211.2  22015.6  14512  227.224  2672
613  176  2025-06-09 22-12-45  2212.8  22027.2  14512  227.282  2672
614  176  2025-06-09 22-12-45  2214.4  22038.7  14512  227.339  2672
615  176  2025-06-09 22-12-45  2216  22050.2  14512  227.397  2672
616  176  2025-06-09 22-12-45  2217.6  22061.8  14512  227.455  2672
617  176  2025-06-09 22-12-45  2219.2  22073.3  14512  227.512  2672
618  176  2025-06-09 22-12-45  2220.8  22084.9  14512  227.57  2672
619  176  2025-06-09 22-12-45  2222.4  22096.4  14512  227.627  2672
620  176  2025-06-09 22-12-45  2224  22108  14512  227.685  2672
621  176  2025-06-09 22-12-45  2225.6  22119.6  14512  227.742  2672
622  176  2025-06-09 22-12-45  2227.2  22131.2  14512  227.8  2672
623  176  2025-06-09 22-12-45  2228.8  22142.8  14512  227.857  2672
624  176  2025-06-09 22-12-45  2230.4  22154.3  14512  227.915  2672
625  176  2025-06-09 22-12-45  2232  22165.9  14512  227.973  2672
626  176  2025-06-09 22-12-45  2233.6  22177.5  14512  228.03  2672
627  176  2025-06-09 22-12-45  2235.2  22189.2  14512  228.088  2672
628  176  2025-06-09 22-12-45  2236.8  22200.8  14512  228.145  2672
629  176  2025-06-09 22-12-45  2238.4  22212.4  14512  228.203  2672
630  176  2025-06-09 22-12-45  2240  22224  14512  228.26  2672
631  176  2025-06-09 22-12-45  2241.6  22235.6  14512  228.318  2672
632  176  2025-06-09 22-12-45  2243.2  22247.3  14512  228.375  2672
633  176  2025-06-09 22-12-45  2244.8  22258.9  14512  228.433  2672
634  176  2025-06-09 22-12-45  2246.4  22270.6  14512  228.491  2672
635  176  2025-06-09 22-12-45  2248  22282.2  14512  228.548  2672
636  176  2025-06-09 22-12-45  2249.6  22293.9  14512  228.606  2672
637  176  2025-06-09 22-12-45  2251.2  22305.6  14512  228.663  2672
638  176  2025-06-09 22-12-45  2252.8  22317.2  14512  228.721  2672
639  176  2025-06-09 22-12-45  2254.4  22328.9  14512  228.778  2672
640  176  2025-06-09 22-12-45  2256  22340.6  14512  228.836  2672
641  176  2025-06-09 22-12-45  2257.6  22352.3  14512  228.893  2672
642  176  2025-06-09 22-12-45  2259.2  22364  14512  228.951  2672
643  176  2025-06-09 22-12-45  2260.8  22375.7  14512  229.009  2672
644  176  2025-06-09 22-12-45  2262.4  22387.4  14512  229.066  2672
645  176  2025-06-09 22-12-45  2264  22399.1  14512  229.124  2672
646  176  2025-06-09 22-12-45  2265.6  22410.8  14512  229.181  2672
647  176  2025-06-09 22-12-45  2267.2  22422.5  14512  229.239  2672
648  176  2025-06-09 22-12-45  2268.8  22434.3  14512  229.296  2672
649  176  2025-06-09 22-12-45  2270.4  22446  14512  229.354  2672
650  176  2025-06-09 22-12-45  2272  22457.7  14512  229.411  2672
651  176  2025-06-09 22-12-45  2273.6  22469.5  14512  229.469  2672
652  176  2025-06-09 22-12-45  2275.2  22481.2  14512  229.527  2672
653  176  2025-06-09 22-12-45  2276.8  22493  14512  229.584  2672
654  176  2025-06-09 22-12-45  2278.4  22504.8  14512  229.642  2672
655  176  2025-06-09 22-12-45  2280  22516.5  14512  229.699  2672
656  176  2025-06-09 22-12-45  2281.6  22528.3  14512  229.757  2672
657  176  2025-06-09 22-12-45  2283.2  22540.1  14512  229.814  2672
658  176  2025-06-09 22-12-45  2284.8  22551.9  14512  229.872  2672
659  176  2025-06-09 22-12-45  2286.4  22563.7  14512  229.93  2672
660  176  2025-06-09 22-12-45  2288  22575.5  14512  229.987  2672
661  176  2025-06-09 22-12-45  2289.6  22587.3  14512  230.045  2672
662  176  2025-06-09 22-12-45  2291.2  22599.1  14512  230.102  2672
663  176  2025-06-09 22-12-45  2292.8  22610.9  14512  230.16  2672
664  176  2025-06-09 22-12-45  2294.4  22622.7  14512  230.217  2672
665  176  2025-06-09 22-12-45  2296  22634.6  14512  230.275  2672
666  176  2025-06-09 22-12-45  2297.6  22646.4  14512  230.332  2672
667  176  2025-06-09 22-12-45  2299.2  22658.2  14512  230.39  2672
668  176  2025-06-09 22-12-45  2300.8  22670.1  14512  230.448  2672
669  176  2025-06-09 22-12-45  2302.4  22681.9  14512  230.505  2672
670  176  2025-06-09 22-12-45  2304  22693.8  14512  230.563  2672
671  176  2025-06-09 22-12-45  2305.6  22705.6  14512  230.62  2672
672  176  2025-06-09 22-12-45  2307.2  22717.5  14512  230.678  2672
673  176  2025-06-09 22-12-45  2308.8  22729.4  14512  230.735  2672
674  176  2025-06-09 22-12-45  2310.4  22741.3  14512  230.793  2672
675  176  2025-06-09 22-12-45  2312  22753.1  14512  230.85  2672
676  176  2025-06-09 22-12-45  2313.6  22765  14512  230.908  2672
677  176  2025-06-09 22-12-45  2315.2  22776.9  14512  230.966  2672
678  176  2025-06-09 22-12-45  2316.8  22788.8  14512  231.023  2672
679  176  2025-06-09 22-12-45  2318.4  22800.7  14512  231.081  2672
680  176  2025-06-09 22-12-45  2320  22812.7  14512  231.138  2672
681  176  2025-06-09 22-12-45  2321.6  22824.6  14512  231.196  2672
682  176  2025-06-09 22-12-45  2323.2  22836.5  14512  231.253  2672
683  176  2025-06-09 22-12-45  2324.8  22848.4  14512  231.311  2672
684  176  2025-06-09 22-12-45  2326.4  22860.4  14512  231.368  2672
685  176  2025-06-09 22-12-45  2328  22872.3  14512  231.426  2672
686  176  2025-06-09 22-12-45  2329.6  22884.3  14512  231.484  2672
687  176  2025-06-09 22-12-45  2331.2  22896.2  14512  231.541  2672
688  176  2025-06-09 22-12-45  2332.8  22908.2  14512  231.599  2672
689  176  2025-06-09 22-12-45  2334.4  22920.1  14512  231.656  2672
690  176  2025-06-09 22-12-45  2336  22932.1  14512  231.714  2672
691  176  2025-06-09 22-12-45  2337.6  22944.1  14512  231.771  2672
692  176  2025-06-09 22-12-45  2339.2  22956.1  14512  231.829  2672
693  176  2025-06-09 22-12-45  2340.8  22968.1  14512  231.886  2672
694  176  2025-06-09 22-12-45  2342.4  22980.1  14512  231.944  2672
695  176  2025-06-09 22-12-45  2344  22992.1  14512  232.002  2672
696  176  2025-06-09 22-12-45  2345.6  23004.1  14512  232.059  2672
697  176  2025-06-09 22-12-45  2347.2  23016.1  14512  232.117  2672
698  176  2025-06-09 22-12-45  2348.8  23028.1  14512  232.174  2672
699  176  2025-06-09 22-12-45  2350.4  23040.1  14512  232.232  2672
700  176  2025-06-09 22-12-45  2352  23052.1  14512  232.289  2672
701  176  2025-06-09 22-12-45  2353.6  23064.2  14512  232.347  2672
702  176  2025-06-09 22-12-45  2355.2  23076.2  14512  232.404  2672
703  176  2025-06-09 22-12-45  2356.8  23088.3  14512  232.462  2672
704  176  2025-06-09 22-12-45  2358.4  23100.3  14512  232.52  2672
705  176  2025-06-09 22-12-45  2360  23112.4  14512  232.577  2672
706  176  2025-06-09 22-12-45  2361.6  23124.4  14512  232.635  2672
707  176  2025-06-09 22-12-45  2363.2  23136.5  14512  232.692  2672
708  176  2025-06-09 22-12-45  2364.8  23148.6  14512  232.75  2672
709  176  2025-06-09 22-12-45  2366.4  23160.7  14512  232.807  2672
710  176  2025-06-09 22-12-45  2368  23172.7  14512  232.865  2672
711  176  2025-06-09 22-12-45  2369.6  23184.8  14512  232.922  2672
712  176  2025-06-09 22-12-45  2371.2  23196.9  14512  232.98  2672
713  176  2025-06-09 22-12-45  2372.8  23209  14512  233.038  2672
714  176  2025-06-09 22-12-45  2374.4  23221.1  14512  233.095  2672
715  176  2025-06-09 22-12-45  2376  23233.3  14512  233.153  2672
716  176  2025-06-09 22-12-45  2377.6  23245.4  14512  233.21  2672
717  176  2025-06-09 22-12-45  2379.2  23257.5  14512  233.268  2672
718  176  2025-06-09 22-12-45  2380.8  23269.6  14512  233.325  2672
719  176  2025-06-09 22-12-45  2382.4  23281.8  14512  233.383  2672
720  176  2025-06-09 22-12-45  2384  23293.9  14512  233.44  2672
721  176  2025-06-09 22-12-45  2385.6  23306.1  14512  233.498  2672
722  176  2025-06-09 22-12-45  2387.2  23318.2  14512  233.556  2672
723  176  2025-06-09 22-12-45  2388.8  23330.4  14512  233.613  2672
724  176  2025-06-09 22-12-45  2390.4  23342.6  14512  233.671  2672
725  176  2025-06-09 22-12-45  2392  23354.7  14512  233.728  2672
726  176  2025-06-09 22-12-45  2393.6  23366.9  14512  233.786  2672
727  176  2025-06-09 22-12-45  2395.2  23379.1  14512  233.843  2672
728  176  2025-06-09 22-12-45  2396.8  23391.3  14512  233.901  2672
729  176  2025-06-09 22-12-45  2398.4  23403.5  14512  233.958  2672
730  176  2025-06-09 22-12-45  2400  23415.7  14512  234.016  2672
731  176  2025-06-09 22-12-45  2401.6  23427.9  14512  234.074  2672
732  176  2025-06-09 22-12-45  2403.2  23440.1  14512  234.131  2672
733  176  2025-06-09 22-12-45  2404.8  23452.3  14512  234.189  2672
734  176  2025-06-09 22-12-45  2406.4  23464.5  14512  234.246  2672
735  176  2025-06-09 22-12-45  2408  23476.8  14512  234.304  2672
736  176  2025-06-09 22-12-45  2409.6  23489  14512  234.361  2672
737  176  2025-06-09 22-12-45  2411.2  23501.3  14512  234.419  2672
738  176  2025-06-09 22-12-45  2412.8  23513.5  14512  234.476  2672
739  176  2025-06-09 22-12-45  2414.4  23525.8  14512  234.534  2672
740  176  2025-06-09 22-12-45  2416  23538  14512  234.592  2672
741  176  2025-06-09 22-12-45  2417.6  23550.3  14512  234.649  2672
742  176  2025-06-09 22-12-45  2419.2  23562.6  14512  234.707  2672
743  176  2025-06-09 22-12-45  2420.8  23574.8  14512  234.764  2672
744  176  2025-06-09 22-12-45  2422.4  23587.1  14512  234.822  2672
