SN    USVID    CurTime    simTime    CurX    CurY    CurVel      CurYaw   
0  128  2025-06-09 22-07-16  0  8  4.89843e-16  192  2672
1  128  2025-06-09 22-07-16  1.6  128.006  9.80038e-16  192.058  2672
2  128  2025-06-09 22-07-16  3.2  136.017  1.47058e-15  192.115  2672
3  128  2025-06-09 22-07-16  4.8  144.035  1.96148e-15  192.173  2672
4  128  2025-06-09 22-07-16  6.4  152.058  2.45274e-15  192.23  2672
5  128  2025-06-09 22-07-16  8  160.086  2.94434e-15  192.288  2672
6  128  2025-06-09 22-07-16  9.6  168.121  3.4363e-15  192.345  2672
7  128  2025-06-09 22-07-16  11.2  176.161  3.92861e-15  192.403  2672
8  128  2025-06-09 22-07-16  12.8  184.207  4.42127e-15  192.46  2672
9  128  2025-06-09 22-07-16  14.4  192.259  4.91428e-15  192.518  2672
10  128  2025-06-09 22-07-16  128  200.317  5.40765e-15  192.576  2672
11  128  2025-06-09 22-07-16  129.6  208.38  5.90137e-15  192.633  2672
12  128  2025-06-09 22-07-16  131.2  216.449  6.39544e-15  192.691  2672
13  128  2025-06-09 22-07-16  132.8  224.524  6.88987e-15  192.748  2672
14  128  2025-06-09 22-07-16  134.4  232.604  7.38464e-15  192.806  2672
15  128  2025-06-09 22-07-16  136  240.691  7.87977e-15  192.863  2672
16  128  2025-06-09 22-07-16  137.6  248.783  8.37525e-15  192.921  2672
17  128  2025-06-09 22-07-16  139.2  256.881  8.87109e-15  192.978  2672
18  128  2025-06-09 22-07-16  140.8  264.984  9.36727e-15  193.036  2672
19  128  2025-06-09 22-07-16  142.4  1393.09  9.86381e-15  193.094  2672
20  128  2025-06-09 22-07-16  144  1401.21  1.03607e-14  193.151  2672
21  128  2025-06-09 22-07-16  145.6  1409.33  1.08579e-14  193.209  2672
22  128  2025-06-09 22-07-16  147.2  1417.46  1.13555e-14  193.266  2672
23  128  2025-06-09 22-07-16  148.8  1425.59  1.18535e-14  193.324  2672
24  128  2025-06-09 22-07-16  150.4  1433.73  1.23518e-14  193.381  2672
25  128  2025-06-09 22-07-16  152  1441.87  1.28504e-14  193.439  2672
26  128  2025-06-09 22-07-16  153.6  1450.02  1.33494e-14  193.496  2672
27  128  2025-06-09 22-07-16  155.2  1458.18  1.38488e-14  193.554  2672
28  128  2025-06-09 22-07-16  156.8  1466.34  -0.0287731  193.612  2675.23
29  128  2025-06-09 22-07-16  158.4  1474.5  -0.0866445  193.669  2678.5
30  128  2025-06-09 22-07-16  160  1482.68  -0.087501  193.727  2672.1
31  128  2025-06-09 22-07-16  161.6  1490.85  -0.0306915  193.784  2665.63
32  128  2025-06-09 22-07-16  163.2  1499.04  0.0844334  193.842  2659.1
33  128  2025-06-09 22-07-16  164.8  1507.21  0.258216  193.755  2652.51
34  128  2025-06-09 22-07-16  166.4  1515.37  0.491093  193.669  2645.86
35  128  2025-06-09 22-07-16  168  1523.53  0.783497  193.583  2639.14
36  128  2025-06-09 22-07-16  169.6  1531.67  1.13585  193.496  2632.35
37  128  2025-06-09 22-07-16  171.2  1539.8  1.54858  193.41  2625.5
38  128  2025-06-09 22-07-16  172.8  1547.92  2.0221  193.324  2618.59
39  128  2025-06-09 22-07-16  174.4  1556.03  2.55681  193.237  2611.62
40  128  2025-06-09 22-07-16  176  1564.14  3.0827  193.295  2612.66
41  128  2025-06-09 22-07-16  177.6  1572.26  3.59961  193.353  2613.71
42  128  2025-06-09 22-07-16  179.2  1580.38  4.10738  193.41  2614.78
43  128  2025-06-09 22-07-16  180.8  1588.51  4.60586  193.468  2615.87
44  128  2025-06-09 22-07-16  182.4  1596.65  5.0949  193.525  2616.98
45  128  2025-06-09 22-07-16  184  1604.8  5.57433  193.583  2618.1
46  128  2025-06-09 22-07-16  185.6  1612.95  6.044  193.64  2619.23
47  128  2025-06-09 22-07-16  187.2  1621.1  6.50375  193.698  2620.38
48  128  2025-06-09 22-07-16  188.8  1629.27  6.95342  193.755  2621.55
49  128  2025-06-09 22-07-16  190.4  1637.44  7.39286  193.813  2622.74
50  128  2025-06-09 22-07-16  192  1645.61  7.82191  193.871  2623.94
51  128  2025-06-09 22-07-16  193.6  1653.79  8.24041  193.928  2625.15
52  128  2025-06-09 22-07-16  195.2  1661.98  8.64819  193.986  2626.38
53  128  2025-06-09 22-07-16  196.8  1670.17  9.13176  194.043  2617.94
54  128  2025-06-09 22-07-16  198.4  1678.36  9.69189  194.101  2609.41
55  128  2025-06-09 22-07-16  200  1686.56  10.1704  194.158  2618.58
56  128  2025-06-09 22-07-16  201.6  1694.78  10.5663  194.216  2627.84
57  128  2025-06-09 22-07-16  203.2  1703  10.8785  194.273  2637.2
58  128  2025-06-09 22-07-16  204.8  1711.23  11.1061  194.331  2646.66
59  128  2025-06-09 22-07-16  206.4  1719.47  11.248  194.389  2656.21
60  128  2025-06-09 22-07-16  208  1727.71  11.3033  194.446  2665.86
61  128  2025-06-09 22-07-16  209.6  1735.96  11.2709  194.504  2675.6
62  128  2025-06-09 22-07-16  211.2  1744.22  11.1499  194.561  2685.44
63  128  2025-06-09 22-07-16  212.8  1752.47  10.9392  194.619  2695.38
64  128  2025-06-09 22-07-16  214.4  1760.74  10.638  194.676  2705.41
65  128  2025-06-09 22-07-16  216  1769  10.2452  194.734  2715.54
66  128  2025-06-09 22-07-16  217.6  1777.27  9.75998  194.791  2725.76
67  128  2025-06-09 22-07-16  219.2  1785.53  9.18133  194.849  2736.08
68  128  2025-06-09 22-07-16  220.8  1793.79  8.50835  194.907  2746.5
69  128  2025-06-09 22-07-16  222.4  1802.05  7.74013  194.964  2757.01
70  128  2025-06-09 22-07-16  224  1810.31  6.87578  195.022  2767.62
71  128  2025-06-09 22-07-16  225.6  1818.56  5.91441  195.079  2778.32
72  128  2025-06-09 22-07-16  227.2  1826.81  4.85515  195.137  2789.12
73  128  2025-06-09 22-07-16  228.8  1835.05  3.69716  195.194  2800.02
74  128  2025-06-09 22-07-16  230.4  1843.28  2.43961  195.252  2811.01
75  128  2025-06-09 22-07-16  232  1851.5  1.08168  195.309  2822.1
76  128  2025-06-09 22-07-16  233.6  1859.71  -0.377439  195.367  14033.3
77  128  2025-06-09 22-07-16  235.2  1867.9  -1.93851  195.425  14044.6
78  128  2025-06-09 22-07-16  236.8  1876.08  -3.60231  195.482  14055.9
79  128  2025-06-09 22-07-16  238.4  1884.25  -5.36956  195.54  14067.4
80  128  2025-06-09 22-07-16  240  1892.39  -7.24099  195.597  14079
81  128  2025-06-09 22-07-16  241.6  1900.52  -9.2173  195.655  14090.6
82  128  2025-06-09 22-07-16  243.2  1908.63  -11.2991  195.712  14102.4
83  128  2025-06-09 22-07-16  244.8  1916.72  -13.4872  195.77  14114.3
84  128  2025-06-09 22-07-16  246.4  1924.78  -15.782  195.827  14126.2
85  128  2025-06-09 22-07-16  248  1932.86  -130.028  195.885  14120.5
86  128  2025-06-09 22-07-16  249.6  1940.96  -132.224  195.943  14114.7
87  128  2025-06-09 22-07-16  251.2  1949.08  -134.37  196  14108.8
88  128  2025-06-09 22-07-16  252.8  1957.23  -136.464  196.058  14102.8
89  128  2025-06-09 22-07-16  254.4  1965.39  -138.506  196.115  14096.8
90  128  2025-06-09 22-07-16  256  1973.56  -140.494  196.173  14090.6
91  128  2025-06-09 22-07-16  257.6  1981.76  -142.429  196.23  14084.4
92  128  2025-06-09 22-07-16  259.2  1989.98  -144.308  196.288  14078.1
93  128  2025-06-09 22-07-16  260.8  1998.21  -146.132  196.345  14071.8
94  128  2025-06-09 22-07-16  262.4  2006.47  -147.898  196.403  14065.3
95  128  2025-06-09 22-07-16  264  2014.74  -149.608  196.461  14058.8
96  128  2025-06-09 22-07-16  265.6  2023.03  -151.258  196.518  14052.2
97  128  2025-06-09 22-07-16  267.2  2031.33  -152.849  196.576  14045.5
98  128  2025-06-09 22-07-16  268.8  2039.66  -154.38  196.633  14038.7
99  128  2025-06-09 22-07-16  270.4  2048  -155.85  196.691  2831.89
100  128  2025-06-09 22-07-16  1392  2056.36  -157.257  196.748  2824.96
101  128  2025-06-09 22-07-16  1393.6  2064.73  -158.602  196.806  2817.95
102  128  2025-06-09 22-07-16  1395.2  2073.12  -159.882  196.863  2810.86
103  128  2025-06-09 22-07-16  1396.8  2081.52  -161.098  196.921  2803.7
104  128  2025-06-09 22-07-16  1398.4  2089.92  -162.411  196.979  2814.22
105  128  2025-06-09 22-07-16  1400  2098.33  -163.66  197.036  2807.07
106  128  2025-06-09 22-07-16  1401.6  2106.73  -165.006  197.094  2817.62
107  128  2025-06-09 22-07-16  1403.2  2115.15  -166.287  197.151  2810.48
108  128  2025-06-09 22-07-16  1404.8  2123.56  -167.666  197.209  2821.04
109  128  2025-06-09 22-07-16  1406.4  2131.98  -168.981  197.266  2813.92
110  128  2025-06-09 22-07-16  1408  2140.4  -170.394  197.324  2824.5
111  128  2025-06-09 22-07-16  1409.6  2148.83  -171.742  197.382  2817.39
112  128  2025-06-09 22-07-16  1411.2  2157.25  -173.189  197.439  2827.98
113  128  2025-06-09 22-07-16  1412.8  2165.69  -174.572  197.497  2820.9
114  128  2025-06-09 22-07-16  1414.4  2174.14  -175.889  197.554  2813.73
115  128  2025-06-09 22-07-16  1416  2182.58  -177.304  197.612  2824.26
116  128  2025-06-09 22-07-16  1417.6  2191.04  -178.655  197.669  2817.1
117  128  2025-06-09 22-07-16  1419.2  2199.49  -180.103  197.727  2827.65
118  128  2025-06-09 22-07-16  1420.8  2207.96  -181.487  197.784  2820.51
119  128  2025-06-09 22-07-16  1422.4  2216.41  -182.969  197.842  2831.07
120  128  2025-06-09 22-07-16  1424  2224.89  -184.386  197.9  2823.95
121  128  2025-06-09 22-07-16  1425.6  2233.38  -185.738  197.957  2816.75
122  128  2025-06-09 22-07-16  1427.2  2241.85  -187.188  198.015  2827.25
123  128  2025-06-09 22-07-16  1428.8  2250.35  -188.572  198.072  2820.06
124  128  2025-06-09 22-07-16  1430.4  2258.83  -190.054  198.13  2830.58
125  128  2025-06-09 22-07-16  1432  2267.33  -191.471  198.187  2823.41
126  128  2025-06-09 22-07-16  1433.6  2275.83  -192.987  198.245  14033.9
127  128  2025-06-09 22-07-16  1435.2  2284.33  -194.437  198.302  2826.78
128  128  2025-06-09 22-07-16  1436.8  2292.86  -195.821  198.36  2819.55
129  128  2025-06-09 22-07-16  1438.4  2301.37  -197.303  198.418  2830.02
130  128  2025-06-09 22-07-16  1440  2309.9  -198.719  198.475  2822.8
131  128  2025-06-09 22-07-16  1441.6  2318.42  -200.234  198.533  14033.3
132  128  2025-06-09 22-07-16  1443.2  2326.96  -201.682  198.59  2826.08
133  128  2025-06-09 22-07-16  1444.8  2335.51  -203.064  198.648  2818.8
134  128  2025-06-09 22-07-16  1446.4  2344.06  -204.544  198.705  2829.22
135  128  2025-06-09 22-07-16  1448  2352.62  -205.956  198.763  2821.95
136  128  2025-06-09 22-07-16  1449.6  2361.17  -207.468  198.82  14032.4
137  128  2025-06-09 22-07-16  1451.2  2369.73  -208.912  198.878  2825.14
138  128  2025-06-09 22-07-16  1452.8  2378.32  -210.289  198.936  2817.81
139  128  2025-06-09 22-07-16  1454.4  2386.89  -211.764  198.993  2828.18
140  128  2025-06-09 22-07-16  1456  2395.48  -213.171  199.051  2820.86
141  128  2025-06-09 22-07-16  1457.6  2404.06  -214.677  199.108  2831.25
142  128  2025-06-09 22-07-16  1459.2  2412.66  -216.115  199.166  2823.95
143  128  2025-06-09 22-07-16  1460.8  2421.27  -217.485  199.223  2816.58
144  128  2025-06-09 22-07-16  1462.4  2429.87  -218.953  199.281  2826.9
145  128  2025-06-09 22-07-16  1464  2438.5  -220.352  199.338  2819.54
146  128  2025-06-09 22-07-16  1465.6  2447.11  -221.85  199.396  2829.87
147  128  2025-06-09 22-07-16  1467.2  2455.73  -223.279  199.454  2822.53
148  128  2025-06-09 22-07-16  1468.8  2464.35  -224.807  199.511  14032.9
149  128  2025-06-09 22-07-16  1470.4  2472.98  -226.267  199.569  2825.55
150  128  2025-06-09 22-07-16  1472  2481.61  -227.826  199.626  14035.9
151  128  2025-06-09 22-07-16  1473.6  2490.25  -229.316  199.684  2828.61
152  128  2025-06-09 22-07-16  1475.2  2498.91  -230.738  199.741  2821.22
153  128  2025-06-09 22-07-16  1476.8  2507.55  -232.258  199.799  2831.52
154  128  2025-06-09 22-07-16  1478.4  2516.22  -233.71  199.856  2824.14
155  128  2025-06-09 22-07-16  1480  2524.87  -235.26  199.914  14034.5
156  128  2025-06-09 22-07-16  1481.6  2533.54  -236.741  199.972  2827.1
157  128  2025-06-09 22-07-16  1483.2  2542.23  -238.153  200.029  2819.66
158  128  2025-06-09 22-07-16  1484.8  2550.91  -239.663  200.087  2829.92
159  128  2025-06-09 22-07-16  1486.4  2559.61  -241.103  200.144  2822.5
160  128  2025-06-09 22-07-16  1488  2568.29  -242.642  200.202  14032.8
161  128  2025-06-09 22-07-16  1489.6  2576.99  -244.112  200.259  2825.36
162  128  2025-06-09 22-07-16  1491.2  2585.72  -245.511  200.317  2817.87
163  128  2025-06-09 22-07-16  1492.8  2594.42  -247.009  200.374  2828.08
164  128  2025-06-09 22-07-16  1494.4  2603.15  -248.436  200.432  2820.61
165  128  2025-06-09 22-07-16  1496  2611.87  -249.961  200.49  2830.83
166  128  2025-06-09 22-07-16  1497.6  2620.6  -251.417  200.547  2823.38
167  128  2025-06-09 22-07-16  1499.2  2629.35  -252.801  200.605  2815.84
168  128  2025-06-09 22-07-16  1500.8  2638.1  -254.284  200.662  2826
169  128  2025-06-09 22-07-16  1502.4  2646.85  -255.695  200.72  2818.48
170  128  2025-06-09 22-07-16  1504  2655.6  -257.205  200.777  2828.66
171  128  2025-06-09 22-07-16  1505.6  2664.37  -258.644  200.835  2821.15
172  128  2025-06-09 22-07-16  1507.2  2673.12  -260.181  200.892  2831.34
173  128  2025-06-09 22-07-16  1508.8  2681.9  -261.648  200.95  2823.86
174  128  2025-06-09 22-07-16  1510.4  2690.66  -263.213  201.008  14034.1
175  128  2025-06-09 22-07-16  1512  2699.44  -264.708  201.065  2826.59
176  128  2025-06-09 22-07-16  1513.6  2708.24  -266.132  201.123  2819.04
177  128  2025-06-09 22-07-16  1515.2  2717.03  -267.653  201.18  2829.18
178  128  2025-06-09 22-07-16  1516.8  2725.83  -269.103  201.238  2821.65
179  128  2025-06-09 22-07-16  1518.4  2734.62  -270.652  201.295  2831.81
180  128  2025-06-09 22-07-16  1520  2743.44  -1392.13  201.353  2824.29
181  128  2025-06-09 22-07-16  1521.6  2752.24  -1393.71  201.41  14034.5
182  128  2025-06-09 22-07-16  1523.2  2761.06  -1395.21  201.468  2826.96
183  128  2025-06-09 22-07-16  1524.8  2769.89  -1396.64  201.526  2819.38
184  128  2025-06-09 22-07-16  1526.4  2778.72  -1398.18  201.583  2829.49
185  128  2025-06-09 22-07-16  1528  2787.57  -1399.64  201.641  2821.92
186  128  2025-06-09 22-07-16  1529.6  2796.4  -1401.19  201.698  14032
187  128  2025-06-09 22-07-16  1531.2  2805.25  -1402.68  201.756  2824.5
188  128  2025-06-09 22-07-16  1532.8  2814.09  -1404.26  201.813  14034.6
189  128  2025-06-09 22-07-16  1534.4  2822.95  -1405.78  201.871  2827.1
190  128  2025-06-09 22-07-16  1536  2831.83  -1407.22  201.928  2819.49
191  128  2025-06-09 22-07-16  1537.6  14040.7  -1408.76  201.986  2829.57
192  128  2025-06-09 22-07-16  1539.2  14049.6  -1410.22  202.044  2821.97
193  128  2025-06-09 22-07-16  1540.8  14058.4  -1411.79  202.101  14032.1
194  128  2025-06-09 22-07-16  1542.4  14067.3  -1413.28  202.159  2824.48
195  128  2025-06-09 22-07-16  1544  14076.2  -1414.87  202.216  14034.6
196  128  2025-06-09 22-07-16  1545.6  14085.1  -1416.39  202.274  2827.02
197  128  2025-06-09 22-07-16  1547.2  14094  -1417.84  202.331  2819.38
198  128  2025-06-09 22-07-16  1548.8  14102.9  -1419.38  202.389  2829.42
199  128  2025-06-09 22-07-16  1550.4  14111.9  -1420.85  202.446  2821.79
200  128  2025-06-09 22-07-16  1552  14120.8  -1422.42  202.504  2831.86
201  128  2025-06-09 22-07-16  1553.6  14129.7  -1423.92  202.562  2824.24
202  128  2025-06-09 22-07-16  1555.2  14138.6  -1425.52  202.619  14034.3
203  128  2025-06-09 22-07-16  1556.8  14147.6  -1427.04  202.677  2826.72
204  128  2025-06-09 22-07-16  1558.4  14156.5  -1428.49  202.734  2819.04
205  128  2025-06-09 22-07-16  1560  14165.5  -1430.04  202.792  2829.06
206  128  2025-06-09 22-07-16  1561.6  14174.4  -1431.51  202.849  2821.39
207  128  2025-06-09 22-07-16  1563.2  14183.4  -1433.08  202.907  2831.42
208  128  2025-06-09 22-07-16  1564.8  14192.4  -1434.58  202.964  2823.78
209  128  2025-06-09 22-07-16  1566.4  14201.3  -1436.18  203.022  14033.8
210  128  2025-06-09 22-07-16  1568  14210.3  -1437.71  203.08  2826.19
211  128  2025-06-09 22-07-16  1569.6  14219.3  -1439.16  203.137  2818.48
212  128  2025-06-09 22-07-16  1571.2  14228.3  -1440.71  203.195  2828.46
213  128  2025-06-09 22-07-16  1572.8  14237.3  -1442.18  203.252  2820.77
214  128  2025-06-09 22-07-16  1574.4  14246.3  -1443.75  203.31  2830.77
215  128  2025-06-09 22-07-16  1576  14255.3  -1445.25  203.367  2823.09
216  128  2025-06-09 22-07-16  1577.6  14264.3  -1446.85  203.425  14033.1
217  128  2025-06-09 22-07-16  1579.2  14273.3  -1448.38  203.482  2825.44
218  128  2025-06-09 22-07-16  1580.8  14282.3  -1450  203.54  14035.5
219  128  2025-06-09 22-07-16  1582.4  14291.4  -1451.55  203.598  2827.82
220  128  2025-06-09 22-07-16  1584  14300.4  -1453.02  203.655  2820.1
221  128  2025-06-09 22-07-16  1585.6  14309.4  -1454.6  203.713  2830.06
222  128  2025-06-09 22-07-16  1587.2  14318.5  -1456.09  203.77  2822.35
223  128  2025-06-09 22-07-16  1588.8  14327.5  -1457.69  203.828  14032.3
224  128  2025-06-09 22-07-16  1590.4  14336.6  -1459.22  203.885  2824.64
225  128  2025-06-09 22-07-16  1592  14345.7  -1460.66  203.943  2816.86
226  128  2025-06-09 22-07-16  1593.6  14354.7  -1462.21  204  2826.78
227  128  2025-06-09 22-07-16  1595.2  14363.8  -1463.68  204.058  2819.02
228  128  2025-06-09 22-07-16  1596.8  14372.9  -1465.25  204.116  2828.96
229  128  2025-06-09 22-07-16  1598.4  14382  -1466.74  204.173  2821.22
230  128  2025-06-09 22-07-16  1600  14391.1  -1468.33  204.231  2831.17
231  128  2025-06-09 22-07-16  1601.6  14400.2  -1469.85  204.288  2823.44
232  128  2025-06-09 22-07-16  1603.2  14409.3  -1471.47  204.346  14033.4
233  128  2025-06-09 22-07-16  1604.8  14418.4  -1473.01  204.403  2825.7
234  128  2025-06-09 22-07-16  1606.4  14427.5  -1474.65  204.461  14035.7
235  128  2025-06-09 22-07-16  1608  14436.6  -1476.22  204.518  2827.98
236  128  2025-06-09 22-07-16  1609.6  14445.8  -1477.71  204.576  2820.21
237  128  2025-06-09 22-07-16  1611.2  14454.9  -1479.3  204.634  2830.13
238  128  2025-06-09 22-07-16  1612.8  14464  -1480.81  204.691  2822.37
239  128  2025-06-09 22-07-16  1614.4  14473.2  -1482.43  204.749  14032.3
240  128  2025-06-09 22-07-16  1616  14482.3  -1483.97  204.806  2824.56
241  128  2025-06-09 22-07-16  1617.6  14491.4  -1485.6  204.864  14034.5
242  128  2025-06-09 22-07-16  1619.2  14500.6  -1487.16  204.921  2826.78
243  128  2025-06-09 22-07-16  1620.8  14509.8  -1488.65  204.979  2818.98
244  128  2025-06-09 22-07-16  1622.4  14519  -1490.23  205.036  2828.86
245  128  2025-06-09 22-07-16  1624  14528.1  -1491.74  205.094  2821.07
246  128  2025-06-09 22-07-16  1625.6  14537.3  -1493.35  205.152  2830.98
247  128  2025-06-09 22-07-16  1627.2  14546.5  -1494.88  205.209  2823.2
248  128  2025-06-09 22-07-16  1628.8  14555.7  -1496.51  205.267  14033.1
249  128  2025-06-09 22-07-16  1630.4  14564.9  -1498.06  205.324  2825.36
250  128  2025-06-09 22-07-16  1632  14574.1  -1499.72  205.382  14035.3
251  128  2025-06-09 22-07-16  1633.6  14583.3  -1501.3  205.439  2827.55
252  128  2025-06-09 22-07-16  1635.2  14592.5  -1502.8  205.497  2819.73
253  128  2025-06-09 22-07-16  1636.8  14601.7  -1504.4  205.554  2829.6
254  128  2025-06-09 22-07-16  1638.4  14611  -1505.92  205.612  2821.79
255  128  2025-06-09 22-07-16  1640  14620.2  -1507.54  205.67  2831.68
256  128  2025-06-09 22-07-16  1641.6  14629.4  -1509.09  205.727  2823.89
257  128  2025-06-09 22-07-16  1643.2  14638.7  -1510.73  205.785  14033.8
258  128  2025-06-09 22-07-16  1644.8  14647.9  -1512.3  205.842  2826.02
259  128  2025-06-09 22-07-16  1646.4  14657.2  -1513.79  205.9  2818.16
260  128  2025-06-09 22-07-16  1648  14666.5  -1515.39  205.957  2828
261  128  2025-06-09 22-07-16  1649.6  14675.7  -1516.9  206.015  2820.16
262  128  2025-06-09 22-07-16  1651.2  14685  -1518.51  206.072  2830.02
263  128  2025-06-09 22-07-16  1652.8  14694.3  -1520.05  206.13  2822.19
264  128  2025-06-09 22-07-16  1654.4  14703.6  -1521.68  206.188  14032.1
265  128  2025-06-09 22-07-16  1656  14712.9  -1523.24  206.245  2824.26
266  128  2025-06-09 22-07-16  1657.6  14722.2  -1524.9  206.303  14034.1
267  128  2025-06-09 22-07-16  1659.2  14731.5  -1526.48  206.36  2826.35
268  128  2025-06-09 22-07-16  1660.8  14740.8  -1527.98  206.418  2818.48
269  128  2025-06-09 22-07-16  1662.4  14750.1  -1529.59  206.475  2828.3
270  128  2025-06-09 22-07-16  1664  14759.4  -1531.11  206.533  2820.45
271  128  2025-06-09 22-07-16  1665.6  14768.7  -1532.74  206.59  2830.29
272  128  2025-06-09 22-07-16  1667.2  14778.1  -1534.28  206.648  2822.45
273  128  2025-06-09 22-07-16  1668.8  14787.4  -1535.93  206.706  14032.3
274  128  2025-06-09 22-07-16  1670.4  14796.7  -1537.5  206.763  2824.48
275  128  2025-06-09 22-07-16  1672  14806.1  -1538.99  206.821  2816.58
276  128  2025-06-09 22-07-16  1673.6  14815.5  -1540.58  206.878  2826.37
277  128  2025-06-09 22-07-16  1675.2  14824.8  -1542.09  206.936  2818.48
278  128  2025-06-09 22-07-16  1676.8  14834.2  -1543.7  206.993  2828.29
279  128  2025-06-09 22-07-16  1678.4  14843.5  -1545.41  207.051  14038.2
280  128  2025-06-09 22-07-16  1680  14852.9  -1547.05  207.108  2830.42
281  128  2025-06-09 22-07-16  1681.6  14862.3  -1548.61  207.166  2822.56
282  128  2025-06-09 22-07-16  1683.2  14871.7  -1550.26  207.224  14032.4
283  128  2025-06-09 22-07-16  1684.8  14881.1  -1551.84  207.281  2824.56
284  128  2025-06-09 22-07-16  1686.4  14890.5  -1553.34  207.339  2816.64
285  128  2025-06-09 22-07-16  1688  14899.9  -1554.94  207.396  2826.42
286  128  2025-06-09 22-07-16  1689.6  14909.3  -1556.64  207.454  14036.3
287  128  2025-06-09 22-07-16  1691.2  14918.7  -1558.26  207.511  2828.48
288  128  2025-06-09 22-07-16  1692.8  14928.1  -1559.81  207.569  2820.59
289  128  2025-06-09 22-07-16  1694.4  14937.6  -1561.45  207.626  2830.4
290  128  2025-06-09 22-07-16  1696  14947  -1563.01  207.684  2822.53
291  128  2025-06-09 22-07-16  1697.6  14956.4  -1564.68  207.742  14032.4
292  128  2025-06-09 22-07-16  1699.2  14965.9  -1566.27  207.799  2824.5
293  128  2025-06-09 22-07-16  1700.8  14975.3  -1567.77  207.857  2816.56
294  128  2025-06-09 22-07-16  1702.4  14984.8  -1569.38  207.914  2826.32
295  128  2025-06-09 22-07-16  1704  14994.3  -1570.9  207.972  2818.4
296  128  2025-06-09 22-07-16  1705.6  15003.7  -1572.53  208.029  2828.18
297  128  2025-06-09 22-07-16  1707.2  15013.2  -1574.26  208.087  14038
298  128  2025-06-09 22-07-16  1708.8  15022.7  -1575.91  208.145  2830.24
299  128  2025-06-09 22-07-16  1710.4  15032.1  -1577.49  208.202  2822.35
300  128  2025-06-09 22-07-16  1712  15041.6  -1579.16  208.26  14032.2
301  128  2025-06-09 22-07-16  1713.6  15051.1  -1580.75  208.317  2824.29
302  128  2025-06-09 22-07-16  1715.2  15060.6  -1582.26  208.375  2816.34
303  128  2025-06-09 22-07-16  1716.8  15070.2  -1583.88  208.432  2826.08
304  128  2025-06-09 22-07-16  1718.4  15079.7  -1585.41  208.49  2818.14
305  128  2025-06-09 22-07-16  1720  15089.2  -1587.04  208.547  2827.9
306  128  2025-06-09 22-07-16  1721.6  15098.7  -1588.59  208.605  2819.98
307  128  2025-06-09 22-07-16  1723.2  15108.3  -1590.25  208.663  2829.76
308  128  2025-06-09 22-07-16  1724.8  15117.8  -1591.82  208.72  2821.86
309  128  2025-06-09 22-07-16  1726.4  15127.3  -1593.5  208.778  2831.65
310  128  2025-06-09 22-07-16  1728  15136.9  -1595.1  208.835  2823.76
311  128  2025-06-09 22-07-16  1729.6  15146.4  -1596.79  208.893  14033.6
312  128  2025-06-09 22-07-16  1731.2  15156  -1598.41  208.95  2825.7
313  128  2025-06-09 22-07-16  1732.8  15165.6  -1599.95  209.008  2817.74
314  128  2025-06-09 22-07-16  1734.4  15175.1  -1601.59  209.065  2827.49
315  128  2025-06-09 22-07-16  1736  15184.7  -1603.14  209.123  2819.55
316  128  2025-06-09 22-07-16  1737.6  15194.3  -1604.8  209.181  2829.31
317  128  2025-06-09 22-07-16  1739.2  15203.9  -1606.38  209.238  2821.39
318  128  2025-06-09 22-07-16  1740.8  15213.5  -1608.06  209.296  2831.17
319  128  2025-06-09 22-07-16  1742.4  15223.1  -1609.66  209.353  2823.26
320  128  2025-06-09 22-07-16  1744  15232.7  -1611.36  209.411  14033.1
321  128  2025-06-09 22-07-16  1745.6  15242.3  -1612.98  209.468  2825.17
322  128  2025-06-09 22-07-16  1747.2  15251.9  -1614.71  209.526  14035
323  128  2025-06-09 22-07-16  1748.8  15261.5  -1616.35  209.583  2827.1
324  128  2025-06-09 22-07-16  1750.4  15271.1  -1617.91  209.641  2819.15
325  128  2025-06-09 22-07-16  1752  15280.7  -1619.58  209.699  2828.9
326  128  2025-06-09 22-07-16  1753.6  15290.4  -1621.16  209.756  2820.96
327  128  2025-06-09 22-07-16  1755.2  15300  -1622.84  209.814  2830.72
328  128  2025-06-09 22-07-16  1756.8  15309.7  -1624.45  209.871  2822.8
329  128  2025-06-09 22-07-16  1758.4  15319.3  -1626.15  209.929  14032.6
330  128  2025-06-09 22-07-16  1760  15329  -1627.78  209.986  2824.67
331  128  2025-06-09 22-07-16  1761.6  15338.6  -1629.5  210.044  14034.5
332  128  2025-06-09 22-07-16  1763.2  15348.3  -1631.15  210.101  2826.58
333  128  2025-06-09 22-07-16  1764.8  15358  -1632.71  210.159  2818.61
334  128  2025-06-09 22-07-16  1766.4  15367.7  -1634.38  210.217  2828.34
335  128  2025-06-09 22-07-16  1768  15377.4  -1635.96  210.274  2820.38
336  128  2025-06-09 22-07-16  1769.6  15387.1  -1637.65  210.332  2830.13
337  128  2025-06-09 22-07-16  1771.2  15396.8  -1639.26  210.389  2822.19
338  128  2025-06-09 22-07-16  1772.8  15406.5  -1640.97  210.447  2831.95
339  128  2025-06-09 22-07-16  1774.4  15416.2  -1642.59  210.504  2824.03
340  128  2025-06-09 22-07-16  1776  15425.9  -1644.13  210.562  2816.03
341  128  2025-06-09 22-07-16  1777.6  15435.6  -1645.78  210.619  2825.73
342  128  2025-06-09 22-07-16  1779.2  15445.4  -1647.34  210.677  2817.74
343  128  2025-06-09 22-07-16  1780.8  15455.1  -1649.01  210.735  2827.46
344  128  2025-06-09 22-07-16  1782.4  15464.9  -1650.59  210.792  2819.49
345  128  2025-06-09 22-07-16  1784  15474.6  -1652.28  210.85  2829.22
346  128  2025-06-09 22-07-16  1785.6  15484.4  -1653.88  210.907  2821.26
347  128  2025-06-09 22-07-16  1787.2  15494.1  -1655.59  210.965  2831.01
348  128  2025-06-09 22-07-16  1788.8  15503.9  -1657.21  211.022  2823.07
349  128  2025-06-09 22-07-16  1790.4  15513.6  -1658.94  211.08  14032.8
350  128  2025-06-09 22-07-16  1792  15523.4  -1660.59  211.137  2824.91
351  128  2025-06-09 22-07-16  1793.6  15533.2  -1662.15  211.195  2816.91
352  128  2025-06-09 22-07-16  1795.2  15543  -1663.82  211.253  2826.61
353  128  2025-06-09 22-07-16  1796.8  15552.8  -1665.4  211.31  2818.62
354  128  2025-06-09 22-07-16  1798.4  15562.6  -1667.08  211.368  2828.34
355  128  2025-06-09 22-07-16  1800  15572.4  -1668.69  211.425  2820.37
356  128  2025-06-09 22-07-16  1801.6  15582.2  -1670.39  211.483  2830.1
357  128  2025-06-09 22-07-16  1803.2  15592  -1672.02  211.54  2822.14
358  128  2025-06-09 22-07-16  1804.8  15601.8  -1673.75  211.598  2831.89
359  128  2025-06-09 22-07-16  1806.4  15611.7  -1675.39  211.655  2823.95
360  128  2025-06-09 22-07-16  1808  15621.5  -1677.14  211.713  14033.7
361  128  2025-06-09 22-07-16  1809.6  15631.3  -1678.81  211.771  2825.79
362  128  2025-06-09 22-07-16  1811.2  15641.2  -1680.39  211.828  2817.79
363  128  2025-06-09 22-07-16  1812.8  15651  -1682.07  211.886  2827.49
364  128  2025-06-09 22-07-16  1814.4  15660.9  -1683.67  211.943  2819.5
365  128  2025-06-09 22-07-16  1816  15670.7  -1685.38  212.001  2829.22
366  128  2025-06-09 22-07-16  1817.6  15680.6  -1687  212.058  2821.25
367  128  2025-06-09 22-07-16  1819.2  15690.5  -1688.73  212.116  2830.98
368  128  2025-06-09 22-07-16  1820.8  15700.4  -1690.37  212.173  2823.02
369  128  2025-06-09 22-07-16  1822.4  15710.2  -1692.12  212.231  14032.8
370  128  2025-06-09 22-07-16  1824  15720.1  -1693.79  212.289  2824.83
371  128  2025-06-09 22-07-16  1825.6  15730  -1695.36  212.346  2816.82
372  128  2025-06-09 22-07-16  1827.2  15739.9  -1697.05  212.404  2826.5
373  128  2025-06-09 22-07-16  1828.8  15749.8  -1698.65  212.461  2818.5
374  128  2025-06-09 22-07-16  1830.4  15759.8  -1700.35  212.519  2828.19
375  128  2025-06-09 22-07-16  1832  15769.7  -1701.97  212.576  2820.21
376  128  2025-06-09 22-07-16  1833.6  15779.6  -1703.69  212.634  2829.92
377  128  2025-06-09 22-07-16  1835.2  15789.5  -1705.33  212.691  2821.95
378  128  2025-06-09 22-07-16  1836.8  15799.5  -1707.08  212.749  2831.68
379  128  2025-06-09 22-07-16  1838.4  15809.4  -1708.74  212.807  2823.73
380  128  2025-06-09 22-07-16  1840  15819.4  -1710.32  212.864  2815.7
381  128  2025-06-09 22-07-16  1841.6  15829.3  -1712  212.922  2825.36
382  128  2025-06-09 22-07-16  1843.2  15839.3  -1713.59  212.979  2817.34
383  128  2025-06-09 22-07-16  1844.8  15849.2  -1715.29  213.037  2827.02
384  128  2025-06-09 22-07-16  1846.4  15859.2  -1716.91  213.094  2819.02
385  128  2025-06-09 22-07-16  1848  15869.2  -1718.63  213.152  2828.72
386  128  2025-06-09 22-07-16  1849.6  15879.2  -1720.26  213.209  2820.74
387  128  2025-06-09 22-07-16  1851.2  15889.1  -1722  213.267  2830.45
388  128  2025-06-09 22-07-16  1852.8  15899.1  -1723.66  213.325  2822.48
389  128  2025-06-09 22-07-16  1854.4  15909.1  -1725.42  213.382  14032.2
390  128  2025-06-09 22-07-16  1856  15919.1  -1727.1  213.44  2824.26
391  128  2025-06-09 22-07-16  1857.6  15929.2  -1728.69  213.497  2816.22
392  128  2025-06-09 22-07-16  1859.2  15939.2  -1730.39  213.555  2825.89
393  128  2025-06-09 22-07-16  1860.8  15949.2  -1732  213.612  2817.87
394  128  2025-06-09 22-07-16  1862.4  15959.2  -1733.71  213.67  2827.55
395  128  2025-06-09 22-07-16  1864  15969.3  -1735.34  213.727  2819.55
396  128  2025-06-09 22-07-16  1865.6  15979.3  -1737.08  213.785  2829.25
397  128  2025-06-09 22-07-16  1867.2  15989.3  -1738.73  213.843  2821.26
398  128  2025-06-09 22-07-16  1868.8  15999.4  -1740.49  213.9  2830.98
399  128  2025-06-09 22-07-16  1870.4  16009.4  -1742.16  213.958  2823.01
400  128  2025-06-09 22-07-16  1872  16019.5  -1743.75  214.015  2814.96
401  128  2025-06-09 22-07-16  1873.6  16029.6  -1745.44  214.073  2824.61
402  128  2025-06-09 22-07-16  1875.2  16039.7  -1747.04  214.13  2816.58
403  128  2025-06-09 22-07-16  1876.8  16049.7  -1748.75  214.188  2826.24
404  128  2025-06-09 22-07-16  1878.4  16059.8  -1750.38  214.245  2818.22
405  128  2025-06-09 22-07-16  1880  16069.9  -1752.11  214.303  2827.9
406  128  2025-06-09 22-07-16  1881.6  16080  -1753.75  214.361  2819.9
407  128  2025-06-09 22-07-16  1883.2  16090.1  -1755.5  214.418  2829.6
408  128  2025-06-09 22-07-16  1884.8  16100.2  -1757.17  214.476  2821.62
409  128  2025-06-09 22-07-16  1886.4  16110.3  -1758.94  214.533  2831.33
410  128  2025-06-09 22-07-16  1888  16120.4  -1760.63  214.591  2823.36
411  128  2025-06-09 22-07-16  1889.6  16130.6  -1762.42  214.648  14033.1
412  128  2025-06-09 22-07-16  1891.2  16140.7  -1764.13  214.706  2825.14
413  128  2025-06-09 22-07-16  1892.8  16150.8  -1765.75  214.763  2817.1
414  128  2025-06-09 22-07-16  1894.4  16161  -1767.48  214.821  2826.77
415  128  2025-06-09 22-07-16  1896  16171.1  -1769.12  214.879  2818.75
416  128  2025-06-09 22-07-16  1897.6  16181.3  -1770.87  214.936  2828.43
417  128  2025-06-09 22-07-16  1899.2  16191.4  -1772.53  214.994  2820.43
418  128  2025-06-09 22-07-16  1900.8  16201.6  -1774.29  215.051  2830.13
419  128  2025-06-09 22-07-16  1902.4  16211.8  -1775.98  215.109  2822.14
420  128  2025-06-09 22-07-16  1904  16221.9  -1777.77  215.166  2831.86
421  128  2025-06-09 22-07-16  1905.6  16232.1  -1779.47  215.224  2823.89
422  128  2025-06-09 22-07-16  1907.2  16242.3  -1781.08  215.281  2815.84
423  128  2025-06-09 22-07-16  1908.8  16252.5  -1782.8  215.339  2825.49
424  128  2025-06-09 22-07-16  1910.4  16262.7  -1784.44  215.397  2817.46
425  128  2025-06-09 22-07-16  1912  16272.9  -1786.18  215.454  2827.12
426  128  2025-06-09 22-07-16  1913.6  16283.1  -1787.83  215.512  2819.1
427  128  2025-06-09 22-07-16  1915.2  16293.3  -1789.6  215.569  2828.78
428  128  2025-06-09 22-07-16  1916.8  16303.5  -1791.27  215.627  2820.78
429  128  2025-06-09 22-07-16  1918.4  16313.8  -1793.05  215.684  2830.48
430  128  2025-06-09 22-07-16  1920  16324  -1794.75  215.742  2822.5
431  128  2025-06-09 22-07-16  1921.6  16334.2  -1796.36  215.799  2814.43
432  128  2025-06-09 22-07-16  1923.2  16344.5  -1798.07  215.857  2824.06
433  128  2025-06-09 22-07-16  1924.8  16354.8  -1799.7  215.915  2816.02
434  128  2025-06-09 22-07-16  1926.4  16365  -1801.43  215.972  2825.66
435  128  2025-06-09 22-07-16  1928  16375.3  -1803.08  216.03  2817.63
436  128  2025-06-09 22-07-16  1929.6  16385.5  -1804.83  216.087  2827.3
437  128  2025-06-09 22-07-16  1931.2  16395.8  -1806.5  216.145  2819.28
438  128  2025-06-09 22-07-16  1932.8  16406.1  -1808.27  216.202  2828.96
439  128  2025-06-09 22-07-16  1934.4  16416.4  -1809.96  216.26  2820.96
440  128  2025-06-09 22-07-16  1936  16426.6  -1811.76  216.317  2830.66
441  128  2025-06-09 22-07-16  1937.6  16436.9  -1813.46  216.375  2822.67
442  128  2025-06-09 22-07-16  1939.2  16447.3  -1815.08  216.433  2814.61
443  128  2025-06-09 22-07-16  1940.8  16457.6  -1816.6  216.519  2805.83
444  128  2025-06-09 22-07-16  1942.4  16468  -1818.03  216.605  2797.4
445  128  2025-06-09 22-07-16  1944  16478.4  -1819.37  216.692  2789.31
446  128  2025-06-09 22-07-16  1945.6  16488.7  -1820.7  216.765  2789
447  128  2025-06-09 22-07-16  1947.2  16499.1  -1822.03  216.837  2788.69
448  128  2025-06-09 22-07-16  1948.8  16509.5  -1823.36  216.91  2788.38
449  128  2025-06-09 22-07-16  1950.4  16520  -1824.68  216.982  2788.07
