SN    USVID    CurTime    simTime    CurX    CurY    CurVel      CurYaw   
0  176  2025-06-11 21-50-58  0  16040  14512  192  2672
1  176  2025-06-11 21-50-58  1.6  16048  14511.9  192.086  2688
2  176  2025-06-11 21-50-58  3.2  16056  14511.6  192.173  2704
3  176  2025-06-11 21-50-58  4.8  16064  14511.2  192.259  2719.21
4  176  2025-06-11 21-50-58  6.4  16072.1  14510.6  192.345  2733.64
5  176  2025-06-11 21-50-58  8  16080.1  14510  192.432  2747.33
6  176  2025-06-11 21-50-58  9.6  16088.1  14509.2  192.518  2760.3
7  176  2025-06-11 21-50-58  11.2  16096.1  14508.3  192.604  2772.6
8  176  2025-06-11 21-50-58  12.8  16104.1  14507.3  192.691  2784.25
9  176  2025-06-11 21-50-58  14.4  16112.1  14506.2  192.777  2795.3
10  176  2025-06-11 21-50-58  128  16120.1  14505.1  192.863  2805.76
11  176  2025-06-11 21-50-58  129.6  16128.1  14503.8  192.95  2815.66
12  176  2025-06-11 21-50-58  131.2  16136.1  14502.5  193.036  2825.04
13  176  2025-06-11 21-50-58  132.8  16144.1  14501  193.122  14033.9
14  176  2025-06-11 21-50-58  134.4  16152.1  14499.5  193.209  14042.3
15  176  2025-06-11 21-50-58  136  16160  14498  193.295  14050.2
16  176  2025-06-11 21-50-58  137.6  16168  14496.3  193.381  14057.8
17  176  2025-06-11 21-50-58  139.2  16176  14494.6  193.468  14064.9
18  176  2025-06-11 21-50-58  140.8  16183.9  14492.9  193.554  14071.6
19  176  2025-06-11 21-50-58  142.4  16191.9  14491  193.64  14077.9
20  176  2025-06-11 21-50-58  144  16199.9  14489.2  193.727  14083.9
21  176  2025-06-11 21-50-58  145.6  16207.8  14487.2  193.813  14089.5
22  176  2025-06-11 21-50-58  147.2  16215.8  14485.3  193.899  14094.8
23  176  2025-06-11 21-50-58  148.8  16223.7  14483.3  193.986  14099.8
24  176  2025-06-11 21-50-58  150.4  16231.6  14481.2  194.072  14104.6
25  176  2025-06-11 21-50-58  152  16239.6  14479.1  194.158  14109
26  176  2025-06-11 21-50-58  153.6  16247.5  14477  194.245  14113.2
27  176  2025-06-11 21-50-58  155.2  16255.5  14474.8  194.331  14117.1
28  176  2025-06-11 21-50-58  156.8  16263.4  14472.6  194.417  14120.8
29  176  2025-06-11 21-50-58  158.4  16271.4  14470.3  194.504  14124.3
30  176  2025-06-11 21-50-58  160  16279.3  14468.1  194.59  14127.5
31  176  2025-06-11 21-50-58  161.6  16287.2  14465.8  194.676  14130.6
32  176  2025-06-11 21-50-58  163.2  16295.2  14463.4  194.763  14133.5
33  176  2025-06-11 21-50-58  164.8  16303.1  14461.1  194.849  14136.1
34  176  2025-06-11 21-50-58  166.4  16311.1  14458.7  194.935  14138.6
35  176  2025-06-11 21-50-58  168  16319  14456.3  195.022  14141
36  176  2025-06-11 21-50-58  169.6  16327  14453.9  195.108  14143.1
37  176  2025-06-11 21-50-58  171.2  16334.9  14451.4  195.194  14145.2
38  176  2025-06-11 21-50-58  172.8  16342.9  14449  195.281  14147
39  176  2025-06-11 21-50-58  174.4  16350.8  14446.5  195.367  14148.8
40  176  2025-06-11 21-50-58  176  16358.8  14444  195.453  14150.4
41  176  2025-06-11 21-50-58  177.6  16366.8  14441.5  195.54  14151.9
42  176  2025-06-11 21-50-58  179.2  16374.7  14439  195.626  14153.3
43  176  2025-06-11 21-50-58  180.8  16382.7  14436.4  195.712  14154.6
44  176  2025-06-11 21-50-58  182.4  16390.7  14433.9  195.799  14155.7
45  176  2025-06-11 21-50-58  184  16398.7  14431.3  195.885  14156.8
46  176  2025-06-11 21-50-58  185.6  16406.7  14428.7  195.971  14157.8
47  176  2025-06-11 21-50-58  187.2  16414.7  14426.1  196.058  14158.7
48  176  2025-06-11 21-50-58  188.8  16422.7  14423.5  196.144  14159.5
49  176  2025-06-11 21-50-58  190.4  16430.7  14420.9  196.23  14160.2
50  176  2025-06-11 21-50-58  192  16438.7  14418.3  196.317  14160.8
51  176  2025-06-11 21-50-58  193.6  16446.7  14415.7  196.403  14161.4
52  176  2025-06-11 21-50-58  195.2  16454.8  14413.1  196.489  14161.9
53  176  2025-06-11 21-50-58  196.8  16462.8  14410.4  196.576  14162.3
54  176  2025-06-11 21-50-58  198.4  16470.8  14407.8  196.662  14162.7
55  176  2025-06-11 21-50-58  200  16478.9  14405.2  196.748  14163
56  176  2025-06-11 21-50-58  201.6  16486.9  14402.5  196.835  14163.3
57  176  2025-06-11 21-50-58  203.2  16495  14399.9  196.921  14163.5
58  176  2025-06-11 21-50-58  204.8  16503.1  14397.2  197.007  14163.7
59  176  2025-06-11 21-50-58  206.4  16511.2  14394.5  197.094  14163.8
60  176  2025-06-11 21-50-58  208  16519.3  14391.9  197.18  14163.8
61  176  2025-06-11 21-50-58  209.6  16527.4  14389.2  197.266  14163.9
62  176  2025-06-11 21-50-58  211.2  16535.5  14386.5  197.353  14163.9
63  176  2025-06-11 21-50-58  212.8  16543.6  14383.9  197.439  14163.8
64  176  2025-06-11 21-50-58  214.4  16551.7  14381.2  197.525  14163.7
65  176  2025-06-11 21-50-58  216  16559.8  14378.5  197.612  14163.6
66  176  2025-06-11 21-50-58  217.6  16568  14375.8  197.698  14163.5
67  176  2025-06-11 21-50-58  219.2  16576.1  14373.1  197.784  14163.3
68  176  2025-06-11 21-50-58  220.8  16584.3  14370.5  197.871  14163.1
69  176  2025-06-11 21-50-58  222.4  16592.4  14367.8  197.957  14162.9
70  176  2025-06-11 21-50-58  224  16600.6  14365.1  198.043  14162.6
71  176  2025-06-11 21-50-58  225.6  16608.8  14362.4  198.13  14162.4
72  176  2025-06-11 21-50-58  227.2  16617  14359.7  198.216  14162.1
73  176  2025-06-11 21-50-58  228.8  16625.2  14357  198.302  14161.7
74  176  2025-06-11 21-50-58  230.4  16633.4  14354.4  198.389  14161.4
75  176  2025-06-11 21-50-58  232  16641.6  14351.7  198.475  14161.1
76  176  2025-06-11 21-50-58  233.6  16649.9  14349  198.561  14160.7
77  176  2025-06-11 21-50-58  235.2  16658.1  14346.3  198.648  14160.3
78  176  2025-06-11 21-50-58  236.8  16666.4  14343.6  198.734  14159.9
79  176  2025-06-11 21-50-58  238.4  16674.6  14341  198.82  14159.5
80  176  2025-06-11 21-50-58  240  16682.9  14338.3  198.907  14159
81  176  2025-06-11 21-50-58  241.6  16691.2  14335.6  198.993  14158.6
82  176  2025-06-11 21-50-58  243.2  16699.4  14332.9  199.079  14158.2
83  176  2025-06-11 21-50-58  244.8  16707.7  14330.3  199.166  14157.7
84  176  2025-06-11 21-50-58  246.4  16716  14327.6  199.252  14157.2
85  176  2025-06-11 21-50-58  248  16724.4  14324.9  199.338  14156.7
86  176  2025-06-11 21-50-58  249.6  16732.7  14322.3  199.425  14156.3
87  176  2025-06-11 21-50-58  251.2  16741  14319.6  199.511  14155.8
88  176  2025-06-11 21-50-58  252.8  16749.4  14316.9  199.597  14155.3
89  176  2025-06-11 21-50-58  254.4  16757.7  14314.3  199.684  14154.7
90  176  2025-06-11 21-50-58  256  16766.1  14311.6  199.77  14154.2
91  176  2025-06-11 21-50-58  257.6  16774.5  14308.9  199.856  14153.7
92  176  2025-06-11 21-50-58  259.2  16782.8  14306.3  199.943  14153.2
93  176  2025-06-11 21-50-58  260.8  16791.2  14303.6  200.029  14152.7
94  176  2025-06-11 21-50-58  262.4  16799.6  14301  200.115  14152.1
95  176  2025-06-11 21-50-58  264  16808.1  14298.3  200.202  14151.6
96  176  2025-06-11 21-50-58  265.6  16816.5  14295.7  200.288  14151
97  176  2025-06-11 21-50-58  267.2  16824.9  14293.1  200.374  14150.5
98  176  2025-06-11 21-50-58  268.8  16833.4  14290.4  200.461  14150
99  176  2025-06-11 21-50-58  270.4  16841.8  14287.8  200.547  14149.4
100  176  2025-06-11 21-50-58  1392  16850.3  14285.1  200.633  14148.9
101  176  2025-06-11 21-50-58  1393.6  16858.7  14282.5  200.72  14148.3
102  176  2025-06-11 21-50-58  1395.2  16867.2  14279.9  200.806  14147.8
103  176  2025-06-11 21-50-58  1396.8  16875.7  14277.2  200.892  14147.2
104  176  2025-06-11 21-50-58  1398.4  16884.2  14274.6  200.979  14146.6
105  176  2025-06-11 21-50-58  1400  16892.7  14272  201.065  14146.1
106  176  2025-06-11 21-50-58  1401.6  16901.2  14269.4  201.151  14145.5
107  176  2025-06-11 21-50-58  1403.2  16909.8  14266.8  201.238  14145
108  176  2025-06-11 21-50-58  1404.8  16918.3  14264.1  201.324  14144.4
109  176  2025-06-11 21-50-58  1406.4  16926.9  14261.5  201.41  14143.9
110  176  2025-06-11 21-50-58  1408  16935.4  14258.9  201.497  14143.3
111  176  2025-06-11 21-50-58  1409.6  16944  14256.3  201.583  14142.8
112  176  2025-06-11 21-50-58  1411.2  16952.6  14253.7  201.669  14142.2
113  176  2025-06-11 21-50-58  1412.8  16961.2  14251.1  201.756  14141.7
114  176  2025-06-11 21-50-58  1414.4  16969.8  14248.5  201.842  14141.1
115  176  2025-06-11 21-50-58  1416  16978.4  14245.9  201.928  14140.6
116  176  2025-06-11 21-50-58  1417.6  16987  14243.3  202.015  14140
117  176  2025-06-11 21-50-58  1419.2  16995.6  14240.7  202.101  14139.5
118  176  2025-06-11 21-50-58  1420.8  17004.3  14238.1  202.187  14138.9
119  176  2025-06-11 21-50-58  1422.4  17012.9  14235.5  202.274  14138.4
120  176  2025-06-11 21-50-58  1424  17021.6  14233  202.36  14137.8
121  176  2025-06-11 21-50-58  1425.6  17030.2  14230.4  202.446  14137.3
122  176  2025-06-11 21-50-58  1427.2  17038.9  14227.8  202.533  14136.8
123  176  2025-06-11 21-50-58  1428.8  17047.6  14225.2  202.619  14136.2
124  176  2025-06-11 21-50-58  1430.4  17056.3  14222.6  202.705  14135.7
125  176  2025-06-11 21-50-58  1432  17065  14220.1  202.792  14135.2
126  176  2025-06-11 21-50-58  1433.6  17073.7  14217.5  202.878  14134.6
127  176  2025-06-11 21-50-58  1435.2  17082.5  14214.9  202.964  14134.1
128  176  2025-06-11 21-50-58  1436.8  17091.2  14212.4  203.051  14133.6
129  176  2025-06-11 21-50-58  1438.4  17099.9  14209.8  203.137  14133
130  176  2025-06-11 21-50-58  1440  17108.7  14207.3  203.223  14132.5
131  176  2025-06-11 21-50-58  1441.6  17117.5  14204.7  203.31  14132
132  176  2025-06-11 21-50-58  1443.2  17126.2  14202.2  203.396  14131.5
133  176  2025-06-11 21-50-58  1444.8  17135  14199.6  203.482  14131
134  176  2025-06-11 21-50-58  1446.4  17143.8  14197.1  203.569  14130.5
135  176  2025-06-11 21-50-58  1448  17152.6  14194.5  203.655  14130
136  176  2025-06-11 21-50-58  1449.6  17161.4  14192  203.741  14129.5
137  176  2025-06-11 21-50-58  1451.2  17170.3  14189.4  203.828  14128.9
138  176  2025-06-11 21-50-58  1452.8  17179.1  14186.9  203.914  14128.4
139  176  2025-06-11 21-50-58  1454.4  17187.9  14184.4  204  14127.9
140  176  2025-06-11 21-50-58  1456  17196.8  14181.8  204.087  14127.5
141  176  2025-06-11 21-50-58  1457.6  17205.7  14179.3  204.173  14127
142  176  2025-06-11 21-50-58  1459.2  17214.5  14176.8  204.259  14126.5
143  176  2025-06-11 21-50-58  1460.8  17223.4  14174.2  204.346  14126
144  176  2025-06-11 21-50-58  1462.4  17232.3  14171.7  204.432  14125.5
145  176  2025-06-11 21-50-58  1464  17241.2  14169.2  204.518  14125
146  176  2025-06-11 21-50-58  1465.6  17250.1  14166.7  204.605  14124.5
147  176  2025-06-11 21-50-58  1467.2  17259  14164.2  204.691  14124.1
148  176  2025-06-11 21-50-58  1468.8  17268  14161.6  204.777  14123.6
149  176  2025-06-11 21-50-58  1470.4  17276.9  14159.1  204.864  14123.1
150  176  2025-06-11 21-50-58  1472  17285.9  14156.6  204.95  14122.6
151  176  2025-06-11 21-50-58  1473.6  17294.8  14154.1  205.036  14122.2
152  176  2025-06-11 21-50-58  1475.2  17303.8  14151.6  205.123  14121.7
153  176  2025-06-11 21-50-58  1476.8  17312.8  14149.1  205.209  14121.2
154  176  2025-06-11 21-50-58  1478.4  17321.8  14146.6  205.295  14120.8
155  176  2025-06-11 21-50-58  1480  17330.8  14144.1  205.382  14120.3
156  176  2025-06-11 21-50-58  1481.6  17339.8  14141.6  205.468  14119.9
157  176  2025-06-11 21-50-58  1483.2  17348.8  14139.1  205.554  14119.4
158  176  2025-06-11 21-50-58  1484.8  17357.8  14136.6  205.641  14119
159  176  2025-06-11 21-50-58  1486.4  17366.8  14134.1  205.727  14118.5
160  176  2025-06-11 21-50-58  1488  17375.9  14131.6  205.813  14118.1
161  176  2025-06-11 21-50-58  1489.6  17384.9  14129.2  205.9  14117.6
162  176  2025-06-11 21-50-58  1491.2  17394  14126.7  205.986  14117.2
163  176  2025-06-11 21-50-58  1492.8  17403.1  14124.2  206.072  14116.8
164  176  2025-06-11 21-50-58  1494.4  17412.2  14121.7  206.159  14116.3
165  176  2025-06-11 21-50-58  1496  17421.3  14119.2  206.245  14115.9
166  176  2025-06-11 21-50-58  1497.6  17430.4  14116.8  206.331  14115.5
167  176  2025-06-11 21-50-58  1499.2  17439.5  14114.3  206.418  14115
168  176  2025-06-11 21-50-58  1500.8  17448.6  14111.8  206.504  14114.6
169  176  2025-06-11 21-50-58  1502.4  17457.7  14109.3  206.59  14114.2
170  176  2025-06-11 21-50-58  1504  17466.9  14106.9  206.677  14113.8
171  176  2025-06-11 21-50-58  1505.6  17476  14104.4  206.763  14113.3
172  176  2025-06-11 21-50-58  1507.2  17485.2  14101.9  206.849  14112.9
173  176  2025-06-11 21-50-58  1508.8  17494.3  14099.5  206.936  14112.5
174  176  2025-06-11 21-50-58  1510.4  17503.5  14097  207.022  14112.1
175  176  2025-06-11 21-50-58  1512  17512.7  14094.6  207.108  14111.7
176  176  2025-06-11 21-50-58  1513.6  17521.9  14092.1  207.195  14111.3
177  176  2025-06-11 21-50-58  1515.2  17531.1  14089.7  207.281  14110.9
178  176  2025-06-11 21-50-58  1516.8  17540.3  14087.2  207.367  14110.5
179  176  2025-06-11 21-50-58  1518.4  17549.6  14084.8  207.454  14110.1
180  176  2025-06-11 21-50-58  1520  17558.8  14082.3  207.54  14109.7
181  176  2025-06-11 21-50-58  1521.6  17568  14079.9  207.626  14109.3
182  176  2025-06-11 21-50-58  1523.2  17577.3  14077.4  207.713  14108.9
183  176  2025-06-11 21-50-58  1524.8  17586.6  14075  207.799  14108.5
184  176  2025-06-11 21-50-58  1526.4  17595.8  14072.5  207.885  14108.1
185  176  2025-06-11 21-50-58  1528  17605.1  14070.1  207.972  14107.7
186  176  2025-06-11 21-50-58  1529.6  17614.4  14067.6  208.058  14107.3
187  176  2025-06-11 21-50-58  1531.2  17623.7  14065.2  208.145  14107
188  176  2025-06-11 21-50-58  1532.8  17633  14062.8  208.231  14106.6
189  176  2025-06-11 21-50-58  1534.4  17642.3  14060.3  208.317  14106.2
190  176  2025-06-11 21-50-58  1536  17651.7  14057.9  208.404  14105.8
191  176  2025-06-11 21-50-58  1537.6  17661  14055.5  208.49  14105.4
192  176  2025-06-11 21-50-58  1539.2  17670.3  14053  208.576  14105.1
193  176  2025-06-11 21-50-58  1540.8  17679.7  14050.6  208.663  14104.7
194  176  2025-06-11 21-50-58  1542.4  17689.1  14048.2  208.749  14104.3
195  176  2025-06-11 21-50-58  1544  17698.4  14045.8  208.835  14104
196  176  2025-06-11 21-50-58  1545.6  17707.8  14043.3  208.922  14103.6
197  176  2025-06-11 21-50-58  1547.2  17717.2  14040.9  209.008  14103.2
198  176  2025-06-11 21-50-58  1548.8  17726.6  14038.5  209.094  14102.9
199  176  2025-06-11 21-50-58  1550.4  17736  14036.1  209.181  14102.5
200  176  2025-06-11 21-50-58  1552  17745.5  14033.7  209.267  14102.2
201  176  2025-06-11 21-50-58  1553.6  17754.9  2831.25  209.353  14101.8
202  176  2025-06-11 21-50-58  1555.2  17764.3  2828.84  209.44  14101.4
203  176  2025-06-11 21-50-58  1556.8  17773.8  2826.43  209.526  14101.1
204  176  2025-06-11 21-50-58  1558.4  17783.2  2824.02  209.612  14100.7
205  176  2025-06-11 21-50-58  1560  17792.7  2821.61  209.699  14100.4
206  176  2025-06-11 21-50-58  1561.6  17802.2  2819.2  209.785  14100
207  176  2025-06-11 21-50-58  1563.2  17811.7  2816.79  209.871  14099.7
208  176  2025-06-11 21-50-58  1564.8  17821.2  2814.39  209.958  14099.4
209  176  2025-06-11 21-50-58  1566.4  17830.7  2811.99  210.044  14099
210  176  2025-06-11 21-50-58  1568  17840.2  2809.58  210.13  14098.7
211  176  2025-06-11 21-50-58  1569.6  17849.7  2807.18  210.217  14098.3
212  176  2025-06-11 21-50-58  1571.2  17859.2  2804.79  210.303  14098
213  176  2025-06-11 21-50-58  1572.8  17868.8  2802.39  210.389  14097.7
214  176  2025-06-11 21-50-58  1574.4  17878.3  2799.99  210.476  14097.3
215  176  2025-06-11 21-50-58  1576  17887.9  2797.6  210.562  14097
216  176  2025-06-11 21-50-58  1577.6  17897.5  2795.2  210.648  14096.7
217  176  2025-06-11 21-50-58  1579.2  17907  2792.81  210.735  14096.3
218  176  2025-06-11 21-50-58  1580.8  17916.6  2790.42  210.821  14096
219  176  2025-06-11 21-50-58  1582.4  17926.2  2788.03  210.907  14095.7
220  176  2025-06-11 21-50-58  1584  17935.8  2785.64  210.994  14095.3
221  176  2025-06-11 21-50-58  1585.6  17945.5  2783.26  211.08  14095
222  176  2025-06-11 21-50-58  1587.2  17955.1  2780.87  211.166  14094.7
223  176  2025-06-11 21-50-58  1588.8  17964.7  2778.49  211.253  14094.4
224  176  2025-06-11 21-50-58  1590.4  17974.4  2776.1  211.339  14094.1
225  176  2025-06-11 21-50-58  1592  17984  2773.72  211.425  14093.7
226  176  2025-06-11 21-50-58  1593.6  17993.7  2771.34  211.512  14093.4
227  176  2025-06-11 21-50-58  1595.2  18003.3  2768.96  211.598  14093.1
228  176  2025-06-11 21-50-58  1596.8  18013  2766.59  211.684  14092.8
229  176  2025-06-11 21-50-58  1598.4  18022.7  2764.21  211.771  14092.5
230  176  2025-06-11 21-50-58  1600  18032.4  2761.83  211.857  14092.2
231  176  2025-06-11 21-50-58  1601.6  18042.1  2759.46  211.943  14091.9
232  176  2025-06-11 21-50-58  1603.2  18051.8  2757.09  212.03  14091.5
233  176  2025-06-11 21-50-58  1604.8  18061.6  2754.72  212.116  14091.2
234  176  2025-06-11 21-50-58  1606.4  18071.3  2752.35  212.202  14090.9
235  176  2025-06-11 21-50-58  1608  18081  2749.98  212.289  14090.6
236  176  2025-06-11 21-50-58  1609.6  18090.8  2747.61  212.375  14090.3
237  176  2025-06-11 21-50-58  1611.2  18100.6  2745.24  212.461  14090
238  176  2025-06-11 21-50-58  1612.8  18110.3  2742.88  212.548  14089.7
239  176  2025-06-11 21-50-58  1614.4  18120.1  2740.51  212.634  14089.4
240  176  2025-06-11 21-50-58  1616  18129.9  2738.15  212.72  14089.1
241  176  2025-06-11 21-50-58  1617.6  18139.7  2735.79  212.807  14088.8
242  176  2025-06-11 21-50-58  1619.2  18149.5  2733.43  212.893  14088.5
243  176  2025-06-11 21-50-58  1620.8  18159.3  2731.07  212.979  14088.2
244  176  2025-06-11 21-50-58  1622.4  18169.2  2728.71  213.066  14087.9
245  176  2025-06-11 21-50-58  1624  18179  2726.35  213.152  14087.6
246  176  2025-06-11 21-50-58  1625.6  18188.8  2723.99  213.238  14087.3
247  176  2025-06-11 21-50-58  1627.2  18198.7  2721.64  213.325  14087.1
248  176  2025-06-11 21-50-58  1628.8  18208.6  2719.28  213.411  14086.8
249  176  2025-06-11 21-50-58  1630.4  18218.4  2716.93  213.497  14086.5
250  176  2025-06-11 21-50-58  1632  18228.3  2714.58  213.584  14086.2
251  176  2025-06-11 21-50-58  1633.6  18238.2  2712.23  213.67  14085.9
252  176  2025-06-11 21-50-58  1635.2  18248.1  2709.88  213.756  14085.6
253  176  2025-06-11 21-50-58  1636.8  18258  2707.53  213.843  14085.3
254  176  2025-06-11 21-50-58  1638.4  18267.9  2705.18  213.929  14085.1
255  176  2025-06-11 21-50-58  1640  18277.9  2702.84  214.015  14084.8
256  176  2025-06-11 21-50-58  1641.6  18287.8  2700.49  214.102  14084.5
257  176  2025-06-11 21-50-58  1643.2  18297.8  2698.15  214.188  14084.2
258  176  2025-06-11 21-50-58  1644.8  18307.7  2695.8  214.274  14083.9
259  176  2025-06-11 21-50-58  1646.4  18317.7  2693.46  214.361  14083.7
260  176  2025-06-11 21-50-58  1648  18327.6  2691.12  214.447  14083.4
261  176  2025-06-11 21-50-58  1649.6  18337.6  2688.78  214.533  14083.1
262  176  2025-06-11 21-50-58  1651.2  18347.6  2686.44  214.62  14082.8
263  176  2025-06-11 21-50-58  1652.8  18357.6  2684.1  214.706  14082.5
264  176  2025-06-11 21-50-58  1654.4  18367.6  2681.76  214.792  14082.3
265  176  2025-06-11 21-50-58  1656  18377.6  2679.43  214.879  14082
266  176  2025-06-11 21-50-58  1657.6  18387.7  2677.09  214.965  14081.7
267  176  2025-06-11 21-50-58  1659.2  18397.7  2674.76  215.051  14081.5
268  176  2025-06-11 21-50-58  1660.8  18407.8  2672.43  215.138  14081.2
269  176  2025-06-11 21-50-58  1662.4  18417.8  2670.09  215.224  14080.9
270  176  2025-06-11 21-50-58  1664  18427.9  2667.76  215.31  14080.7
271  176  2025-06-11 21-50-58  1665.6  18438  2665.43  215.397  14080.4
272  176  2025-06-11 21-50-58  1667.2  18448  2663.1  215.483  14080.1
273  176  2025-06-11 21-50-58  1668.8  18458.1  2660.78  215.569  14079.9
274  176  2025-06-11 21-50-58  1670.4  18468.2  2658.45  215.656  14079.6
275  176  2025-06-11 21-50-58  1672  18478.3  2656.12  215.742  14079.3
276  176  2025-06-11 21-50-58  1673.6  18488.5  2653.8  215.828  14079.1
277  176  2025-06-11 21-50-58  1675.2  18498.6  2651.47  215.915  14078.8
278  176  2025-06-11 21-50-58  1676.8  18508.7  2649.15  216.001  14078.5
279  176  2025-06-11 21-50-58  1678.4  18518.9  2646.83  216.087  14078.3
280  176  2025-06-11 21-50-58  1680  18529  2644.51  216.174  14078
281  176  2025-06-11 21-50-58  1681.6  18539.2  2642.18  216.26  14077.8
282  176  2025-06-11 21-50-58  1683.2  18549.4  2639.86  216.346  14077.5
283  176  2025-06-11 21-50-58  1684.8  18559.5  2637.55  216.433  14077.2
284  176  2025-06-11 21-50-58  1686.4  18569.7  2635.23  216.519  14077
285  176  2025-06-11 21-50-58  1688  18579.9  2632.91  216.605  14076.7
286  176  2025-06-11 21-50-58  1689.6  18590.1  2630.6  216.692  14076.5
287  176  2025-06-11 21-50-58  1691.2  18600.4  2628.28  216.778  14076.2
288  176  2025-06-11 21-50-58  1692.8  18610.6  2625.97  216.864  14076
289  176  2025-06-11 21-50-58  1694.4  18620.8  2623.65  216.951  14075.7
290  176  2025-06-11 21-50-58  1696  18631.1  2621.34  217.037  14075.5
291  176  2025-06-11 21-50-58  1697.6  18641.3  2619.03  217.123  14075.2
292  176  2025-06-11 21-50-58  1699.2  18651.6  2616.72  217.21  14075
293  176  2025-06-11 21-50-58  1700.8  18661.9  2614.41  217.296  14074.7
294  176  2025-06-11 21-50-58  1702.4  18672.2  2612.1  217.382  14074.5
295  176  2025-06-11 21-50-58  1704  18682.4  2609.79  217.469  14074.2
296  176  2025-06-11 21-50-58  1705.6  18692.7  2607.49  217.555  14074
297  176  2025-06-11 21-50-58  1707.2  18703.1  2605.18  217.641  14073.7
298  176  2025-06-11 21-50-58  1708.8  18713.4  2602.88  217.728  14073.5
299  176  2025-06-11 21-50-58  1710.4  18723.7  2600.57  217.814  14073.2
300  176  2025-06-11 21-50-58  1712  18734  2598.27  217.9  14073
301  176  2025-06-11 21-50-58  1713.6  18744.4  2595.97  217.987  14072.8
302  176  2025-06-11 21-50-58  1715.2  18754.7  2593.66  218.073  14072.5
303  176  2025-06-11 21-50-58  1716.8  18765.1  2591.36  218.159  14072.3
304  176  2025-06-11 21-50-58  1718.4  18775.5  2589.06  218.246  14072
305  176  2025-06-11 21-50-58  1720  18785.9  2586.76  218.332  14071.8
306  176  2025-06-11 21-50-58  1721.6  18796.2  2584.47  218.418  14071.5
307  176  2025-06-11 21-50-58  1723.2  18806.6  2582.17  218.505  14071.3
308  176  2025-06-11 21-50-58  1724.8  18817.1  2579.87  218.591  14071.1
309  176  2025-06-11 21-50-58  1726.4  18827.5  2577.58  218.677  14070.8
310  176  2025-06-11 21-50-58  1728  18837.9  2575.28  218.764  14070.6
311  176  2025-06-11 21-50-58  1729.6  18848.3  2572.99  218.85  14070.4
312  176  2025-06-11 21-50-58  1731.2  18858.8  2570.69  218.936  14070.1
313  176  2025-06-11 21-50-58  1732.8  18869.2  2568.4  219.023  14069.9
314  176  2025-06-11 21-50-58  1734.4  18879.7  2566.11  219.109  14069.6
315  176  2025-06-11 21-50-58  1736  18890.2  2563.82  219.195  14069.4
316  176  2025-06-11 21-50-58  1737.6  18900.6  2561.53  219.282  14069.2
317  176  2025-06-11 21-50-58  1739.2  18911.1  2559.24  219.368  14068.9
318  176  2025-06-11 21-50-58  1740.8  18921.6  2556.95  219.454  14068.7
319  176  2025-06-11 21-50-58  1742.4  18932.1  2554.67  219.541  14068.5
320  176  2025-06-11 21-50-58  1744  18942.7  2552.38  219.627  14068.2
321  176  2025-06-11 21-50-58  1745.6  18953.2  2550.09  219.713  14068
322  176  2025-06-11 21-50-58  1747.2  18963.7  2547.81  219.8  14067.8
323  176  2025-06-11 21-50-58  1748.8  18974.3  2545.53  219.886  14067.6
324  176  2025-06-11 21-50-58  1750.4  18984.8  2543.24  219.972  14067.3
325  176  2025-06-11 21-50-58  1752  18995.4  2540.96  220.059  14067.1
326  176  2025-06-11 21-50-58  1753.6  19006  2538.68  220.145  14066.9
327  176  2025-06-11 21-50-58  1755.2  19016.5  2536.4  220.231  14066.6
328  176  2025-06-11 21-50-58  1756.8  19027.1  2534.12  220.318  14066.4
329  176  2025-06-11 21-50-58  1758.4  19037.7  2531.84  220.404  14066.2
330  176  2025-06-11 21-50-58  1760  19048.3  2529.56  220.49  14066
331  176  2025-06-11 21-50-58  1761.6  19058.9  2527.28  220.577  14065.7
332  176  2025-06-11 21-50-58  1763.2  19069.6  2525.01  220.663  14065.5
333  176  2025-06-11 21-50-58  1764.8  19080.2  2522.73  220.749  14065.3
334  176  2025-06-11 21-50-58  1766.4  19090.8  2520.45  220.836  14065.1
335  176  2025-06-11 21-50-58  1768  19101.5  2518.18  220.922  14064.8
336  176  2025-06-11 21-50-58  1769.6  19112.2  2515.91  221.008  14064.6
337  176  2025-06-11 21-50-58  1771.2  19122.8  2513.63  221.095  14064.4
338  176  2025-06-11 21-50-58  1772.8  19133.5  2511.36  221.181  14064.2
339  176  2025-06-11 21-50-58  1774.4  19144.2  2509.09  221.267  14063.9
340  176  2025-06-11 21-50-58  1776  19154.9  2506.82  221.354  14063.7
341  176  2025-06-11 21-50-58  1777.6  19165.6  2504.55  221.44  14063.5
342  176  2025-06-11 21-50-58  1779.2  19176.3  2502.28  221.526  14063.3
343  176  2025-06-11 21-50-58  1780.8  19187  2500.01  221.613  14063.1
344  176  2025-06-11 21-50-58  1782.4  19197.8  2497.75  221.699  14062.8
345  176  2025-06-11 21-50-58  1784  19208.5  2495.48  221.785  14062.6
346  176  2025-06-11 21-50-58  1785.6  19219.3  2493.21  221.872  14062.4
347  176  2025-06-11 21-50-58  1787.2  19230  2490.95  221.958  14062.2
348  176  2025-06-11 21-50-58  1788.8  19240.8  2488.69  222.044  14062
349  176  2025-06-11 21-50-58  1790.4  19251.6  2486.42  222.131  14061.8
350  176  2025-06-11 21-50-58  1792  19262.4  2484.16  222.217  14061.5
351  176  2025-06-11 21-50-58  1793.6  19273.2  2481.9  222.303  14061.3
352  176  2025-06-11 21-50-58  1795.2  19284  2479.64  222.39  14061.1
353  176  2025-06-11 21-50-58  1796.8  19294.8  2477.38  222.476  14060.9
354  176  2025-06-11 21-50-58  1798.4  19305.6  2475.12  222.562  14060.7
355  176  2025-06-11 21-50-58  1800  19316.4  2472.86  222.649  14060.5
356  176  2025-06-11 21-50-58  1801.6  19327.3  2470.6  222.735  14060.3
357  176  2025-06-11 21-50-58  1803.2  19338.1  2468.34  222.821  14060
358  176  2025-06-11 21-50-58  1804.8  19349  2466.09  222.908  14059.8
359  176  2025-06-11 21-50-58  1806.4  19359.8  2463.83  222.994  14059.6
360  176  2025-06-11 21-50-58  1808  19370.7  2461.57  223.08  14059.4
361  176  2025-06-11 21-50-58  1809.6  19381.6  2459.32  223.167  14059.2
362  176  2025-06-11 21-50-58  1811.2  19392.5  2457.07  223.253  14059
363  176  2025-06-11 21-50-58  1812.8  19403.4  2454.81  223.339  14058.8
364  176  2025-06-11 21-50-58  1814.4  19414.3  2452.56  223.426  14058.6
365  176  2025-06-11 21-50-58  1816  19425.2  2450.31  223.512  14058.4
366  176  2025-06-11 21-50-58  1817.6  19436.2  2448.06  223.598  14058.1
367  176  2025-06-11 21-50-58  1819.2  19447.1  2445.81  223.685  14057.9
368  176  2025-06-11 21-50-58  1820.8  19458.1  2443.56  223.771  14057.7
369  176  2025-06-11 21-50-58  1822.4  19469  2441.31  223.857  14057.5
370  176  2025-06-11 21-50-58  1824  19480  2439.07  223.944  14057.3
371  176  2025-06-11 21-50-58  1825.6  19491  2436.82  224.03  14057.1
372  176  2025-06-11 21-50-58  1827.2  19501.9  2434.57  224.116  14056.9
373  176  2025-06-11 21-50-58  1828.8  19512.9  2432.33  224.203  14056.7
374  176  2025-06-11 21-50-58  1830.4  19523.9  2430.08  224.289  14056.5
375  176  2025-06-11 21-50-58  1832  19535  2427.84  224.375  14056.3
376  176  2025-06-11 21-50-58  1833.6  19546  2425.6  224.462  14056.1
377  176  2025-06-11 21-50-58  1835.2  19557  2423.35  224.548  14055.9
378  176  2025-06-11 21-50-58  1836.8  19568  2421.11  224.634  14055.7
379  176  2025-06-11 21-50-58  1838.4  19579.1  2418.87  224.721  14055.5
380  176  2025-06-11 21-50-58  1840  19590.1  2416.63  224.807  14055.3
381  176  2025-06-11 21-50-58  1841.6  19601.2  2414.39  224.893  14055.1
382  176  2025-06-11 21-50-58  1843.2  19612.3  2412.15  224.98  14054.8
383  176  2025-06-11 21-50-58  1844.8  19623.4  2409.92  225.066  14054.6
384  176  2025-06-11 21-50-58  1846.4  19634.5  2407.68  225.152  14054.4
385  176  2025-06-11 21-50-58  1848  19645.6  2405.44  225.239  14054.2
386  176  2025-06-11 21-50-58  1849.6  19656.7  2403.21  225.325  14054
387  176  2025-06-11 21-50-58  1851.2  19667.8  2400.97  225.411  14053.8
388  176  2025-06-11 21-50-58  1852.8  19678.9  2398.74  225.498  14053.6
389  176  2025-06-11 21-50-58  1854.4  19690  2396.51  225.584  14053.4
390  176  2025-06-11 21-50-58  1856  19701.2  2394.27  225.67  14053.2
391  176  2025-06-11 21-50-58  1857.6  19712.3  2392.04  225.757  14053
392  176  2025-06-11 21-50-58  1859.2  19723.5  2389.81  225.843  14052.8
393  176  2025-06-11 21-50-58  1860.8  19734.7  2387.58  225.929  14052.6
394  176  2025-06-11 21-50-58  1862.4  19745.9  2385.35  226.016  14052.4
395  176  2025-06-11 21-50-58  1864  19757.1  2383.12  226.102  14052.2
396  176  2025-06-11 21-50-58  1865.6  19768.3  2380.89  226.188  14052
397  176  2025-06-11 21-50-58  1867.2  19779.5  2378.67  226.275  14051.8
398  176  2025-06-11 21-50-58  1868.8  19790.7  2376.44  226.361  14051.6
399  176  2025-06-11 21-50-58  1870.4  19801.9  2374.21  226.447  14051.4
400  176  2025-06-11 21-50-58  1872  19813.1  2371.99  226.534  14051.3
401  176  2025-06-11 21-50-58  1873.6  19824.4  2369.76  226.62  14051.1
402  176  2025-06-11 21-50-58  1875.2  19835.6  2367.54  226.706  14050.9
403  176  2025-06-11 21-50-58  1876.8  19846.9  2365.32  226.793  14050.7
404  176  2025-06-11 21-50-58  1878.4  19858.2  2363.09  226.879  14050.5
405  176  2025-06-11 21-50-58  1880  19869.5  2360.87  226.965  14050.3
406  176  2025-06-11 21-50-58  1881.6  19880.7  2358.65  227.052  14050.1
407  176  2025-06-11 21-50-58  1883.2  19892  2356.43  227.138  14049.9
408  176  2025-06-11 21-50-58  1884.8  19903.3  2354.21  227.224  14049.7
409  176  2025-06-11 21-50-58  1886.4  19914.7  2351.99  227.311  14049.5
410  176  2025-06-11 21-50-58  1888  19926  2349.78  227.397  14049.3
411  176  2025-06-11 21-50-58  1889.6  19937.3  2347.56  227.483  14049.1
412  176  2025-06-11 21-50-58  1891.2  19948.7  2345.34  227.57  14048.9
413  176  2025-06-11 21-50-58  1892.8  19960  2343.13  227.656  14048.7
414  176  2025-06-11 21-50-58  1894.4  19971.4  2340.91  227.742  14048.5
415  176  2025-06-11 21-50-58  1896  19982.7  2338.7  227.829  14048.3
416  176  2025-06-11 21-50-58  1897.6  19994.1  2336.48  227.915  14048.1
417  176  2025-06-11 21-50-58  1899.2  20005.5  2334.27  228.001  14048
418  176  2025-06-11 21-50-58  1900.8  20016.9  2332.06  228.088  14047.8
419  176  2025-06-11 21-50-58  1902.4  20028.3  2329.85  228.174  14047.6
420  176  2025-06-11 21-50-58  1904  20039.7  2327.64  228.26  14047.4
421  176  2025-06-11 21-50-58  1905.6  20051.1  2325.43  228.347  14047.2
422  176  2025-06-11 21-50-58  1907.2  20062.6  2323.22  228.433  14047
423  176  2025-06-11 21-50-58  1908.8  20074  2321.01  228.519  14046.8
424  176  2025-06-11 21-50-58  1910.4  20085.5  2318.8  228.606  14046.6
425  176  2025-06-11 21-50-58  1912  20096.9  2316.59  228.692  14046.4
426  176  2025-06-11 21-50-58  1913.6  20108.4  2314.39  228.778  14046.2
427  176  2025-06-11 21-50-58  1915.2  20119.9  2312.18  228.865  14046.1
428  176  2025-06-11 21-50-58  1916.8  20131.4  2309.98  228.951  14045.9
429  176  2025-06-11 21-50-58  1918.4  20142.9  2307.77  229.037  14045.7
430  176  2025-06-11 21-50-58  1920  20154.4  2305.57  229.124  14045.5
431  176  2025-06-11 21-50-58  1921.6  20165.9  2303.37  229.21  14045.3
432  176  2025-06-11 21-50-58  1923.2  20177.4  2301.17  229.296  14045.1
433  176  2025-06-11 21-50-58  1924.8  20188.9  2298.96  229.383  14044.9
434  176  2025-06-11 21-50-58  1926.4  20200.5  2296.76  229.44  14044.7
435  176  2025-06-11 21-50-58  1928  20212  2294.57  229.498  14044.6
436  176  2025-06-11 21-50-58  1929.6  20223.5  2292.37  229.555  14044.4
437  176  2025-06-11 21-50-58  1931.2  20235.1  2290.17  229.613  14044.2
438  176  2025-06-11 21-50-58  1932.8  20246.7  2287.98  229.671  14044
439  176  2025-06-11 21-50-58  1934.4  20258.2  2285.78  229.728  14043.8
440  176  2025-06-11 21-50-58  1936  20269.8  2283.59  229.786  14043.6
441  176  2025-06-11 21-50-58  1937.6  20281.4  2281.4  229.843  14043.4
442  176  2025-06-11 21-50-58  1939.2  20293  2279.21  229.901  14043.3
443  176  2025-06-11 21-50-58  1940.8  20304.6  2277.02  229.958  14043.1
444  176  2025-06-11 21-50-58  1942.4  20316.2  2274.83  230.016  14042.9
445  176  2025-06-11 21-50-58  1944  20327.8  2272.65  230.073  14042.7
446  176  2025-06-11 21-50-58  1945.6  20339.4  2270.46  230.131  14042.5
447  176  2025-06-11 21-50-58  1947.2  20351  2268.28  230.189  14042.3
448  176  2025-06-11 21-50-58  1948.8  20362.6  2266.1  230.246  14042.2
449  176  2025-06-11 21-50-58  1950.4  20374.2  2263.92  230.304  14042
450  176  2025-06-11 21-50-58  1952  20385.9  2261.74  230.361  14041.8
451  176  2025-06-11 21-50-58  1953.6  20397.5  2259.56  230.419  14041.6
452  176  2025-06-11 21-50-58  1955.2  20409.1  2257.38  230.476  14041.4
453  176  2025-06-11 21-50-58  1956.8  20420.8  2255.21  230.534  14041.2
454  176  2025-06-11 21-50-58  1958.4  20432.5  2253.03  230.591  14041
455  176  2025-06-11 21-50-58  1960  20444.1  2250.86  230.649  14040.9
456  176  2025-06-11 21-50-58  1961.6  20455.8  2248.69  230.707  14040.7
457  176  2025-06-11 21-50-58  1963.2  20467.5  2246.52  230.764  14040.5
458  176  2025-06-11 21-50-58  1964.8  20479.1  2244.35  230.822  14040.3
459  176  2025-06-11 21-50-58  1966.4  20490.8  2242.18  230.879  14040.1
460  176  2025-06-11 21-50-58  1968  20502.5  2240.01  230.937  14039.9
461  176  2025-06-11 21-50-58  1969.6  20514.2  2237.85  230.994  14039.7
462  176  2025-06-11 21-50-58  1971.2  20525.9  2235.68  231.052  14039.6
463  176  2025-06-11 21-50-58  1972.8  20537.7  2233.52  231.109  14039.4
464  176  2025-06-11 21-50-58  1974.4  20549.4  2231.36  231.167  14039.2
465  176  2025-06-11 21-50-58  1976  20561.1  2229.2  231.225  14039
466  176  2025-06-11 21-50-58  1977.6  20572.8  2227.04  231.282  14038.8
467  176  2025-06-11 21-50-58  1979.2  20584.6  2224.88  231.34  14038.6
468  176  2025-06-11 21-50-58  1980.8  20596.3  2222.73  231.397  14038.5
469  176  2025-06-11 21-50-58  1982.4  20608.1  2220.57  231.455  14038.3
470  176  2025-06-11 21-50-58  1984  20619.8  2218.42  231.512  14038.1
471  176  2025-06-11 21-50-58  1985.6  20631.6  2216.27  231.57  14037.9
472  176  2025-06-11 21-50-58  1987.2  20643.3  2214.12  231.627  14037.7
473  176  2025-06-11 21-50-58  1988.8  20655.1  2211.97  231.685  14037.5
474  176  2025-06-11 21-50-58  1990.4  20666.9  2209.82  231.743  14037.3
475  176  2025-06-11 21-50-58  1992  20678.7  2207.67  231.8  14037.2
476  176  2025-06-11 21-50-58  1993.6  20690.5  2205.53  231.858  14037
477  176  2025-06-11 21-50-58  1995.2  20702.3  2203.38  231.915  14036.8
478  176  2025-06-11 21-50-58  1996.8  20714.1  2201.24  231.973  14036.6
479  176  2025-06-11 21-50-58  1998.4  20725.9  2199.1  232.03  14036.4
480  176  2025-06-11 21-50-58  2000  20737.7  2196.96  232.088  14036.2
481  176  2025-06-11 21-50-58  2001.6  20749.5  2194.82  232.145  14036.1
482  176  2025-06-11 21-50-58  2003.2  20761.4  2192.68  232.203  14035.9
483  176  2025-06-11 21-50-58  2004.8  20773.2  2190.55  232.261  14035.7
484  176  2025-06-11 21-50-58  2006.4  20785  2188.41  232.318  14035.5
485  176  2025-06-11 21-50-58  2008  20796.9  2186.28  232.376  14035.3
486  176  2025-06-11 21-50-58  2009.6  20808.7  2184.15  232.433  14035.1
487  176  2025-06-11 21-50-58  2011.2  20820.6  2182.02  232.491  14034.9
488  176  2025-06-11 21-50-58  2012.8  20832.5  2179.89  232.548  14034.8
489  176  2025-06-11 21-50-58  2014.4  20844.3  2177.76  232.606  14034.6
490  176  2025-06-11 21-50-58  2016  20856.2  2175.63  232.663  14034.4
491  176  2025-06-11 21-50-58  2017.6  20868.1  2173.51  232.721  14034.2
492  176  2025-06-11 21-50-58  2019.2  20880  2171.39  232.779  14034
493  176  2025-06-11 21-50-58  2020.8  20891.9  2169.26  232.836  14033.8
494  176  2025-06-11 21-50-58  2022.4  20903.8  2167.14  232.894  14033.6
495  176  2025-06-11 21-50-58  2024  20915.7  2165.02  232.951  14033.5
496  176  2025-06-11 21-50-58  2025.6  20927.6  2162.91  233.009  14033.3
497  176  2025-06-11 21-50-58  2027.2  20939.5  2160.79  233.066  14033.1
498  176  2025-06-11 21-50-58  2028.8  20951.4  2158.68  233.124  14032.9
499  176  2025-06-11 21-50-58  2030.4  20963.4  2156.56  233.181  14032.7
500  176  2025-06-11 21-50-58  2032  20975.3  2154.45  233.239  14032.5
501  176  2025-06-11 21-50-58  2033.6  20987.3  2152.34  233.297  14032.4
502  176  2025-06-11 21-50-58  2035.2  20999.2  2150.23  233.354  14032.2
503  176  2025-06-11 21-50-58  2036.8  21011.2  2148.12  233.412  2831.98
504  176  2025-06-11 21-50-58  2038.4  21023.1  2146.01  233.469  2831.8
505  176  2025-06-11 21-50-58  2040  21035.1  2143.91  233.527  2831.61
506  176  2025-06-11 21-50-58  2041.6  21047.1  2141.8  233.584  2831.43
507  176  2025-06-11 21-50-58  2043.2  21059.1  2139.7  233.642  2831.24
508  176  2025-06-11 21-50-58  2044.8  21071  2137.6  233.699  2831.06
509  176  2025-06-11 21-50-58  2046.4  21083  2135.5  233.757  2830.87
510  176  2025-06-11 21-50-58  2048  21095  2133.4  233.815  2830.69
511  176  2025-06-11 21-50-58  2049.6  21107  2131.31  233.872  2830.5
512  176  2025-06-11 21-50-58  2051.2  21119.1  2129.21  233.93  2830.32
513  176  2025-06-11 21-50-58  2052.8  21131.1  2127.12  233.987  2830.13
514  176  2025-06-11 21-50-58  2054.4  21143.1  2125.03  234.045  2829.95
515  176  2025-06-11 21-50-58  2056  21155.1  2122.93  234.102  2829.76
516  176  2025-06-11 21-50-58  2057.6  21167.2  2120.85  234.16  2829.58
517  176  2025-06-11 21-50-58  2059.2  21179.2  2118.76  234.217  2829.39
518  176  2025-06-11 21-50-58  2060.8  21191.3  2116.67  234.275  2829.21
519  176  2025-06-11 21-50-58  2062.4  21203.3  2114.59  234.333  2829.02
520  176  2025-06-11 21-50-58  2064  21215.4  2112.5  234.39  2828.84
521  176  2025-06-11 21-50-58  2065.6  21227.4  2110.42  234.448  2828.65
522  176  2025-06-11 21-50-58  2067.2  21239.5  2108.34  234.505  2828.47
523  176  2025-06-11 21-50-58  2068.8  21251.6  2106.26  234.563  2828.28
524  176  2025-06-11 21-50-58  2070.4  21263.7  2104.18  234.62  2828.1
525  176  2025-06-11 21-50-58  2072  21275.8  2102.11  234.678  2827.91
526  176  2025-06-11 21-50-58  2073.6  21287.9  2100.03  234.735  2827.73
527  176  2025-06-11 21-50-58  2075.2  21300  2097.96  234.793  2827.54
528  176  2025-06-11 21-50-58  2076.8  21312.1  2095.88  234.851  2827.36
529  176  2025-06-11 21-50-58  2078.4  21324.2  2093.81  234.908  2827.17
530  176  2025-06-11 21-50-58  2080  21336.3  2091.75  234.966  2826.99
531  176  2025-06-11 21-50-58  2081.6  21348.4  2089.68  235.023  2826.8
532  176  2025-06-11 21-50-58  2083.2  21360.6  2087.61  235.081  2826.62
533  176  2025-06-11 21-50-58  2084.8  21372.7  2085.55  235.138  2826.43
534  176  2025-06-11 21-50-58  2086.4  21384.9  2083.48  235.196  2826.25
535  176  2025-06-11 21-50-58  2088  21397  2081.42  235.253  2826.06
536  176  2025-06-11 21-50-58  2089.6  21409.2  2079.36  235.311  2825.88
537  176  2025-06-11 21-50-58  2091.2  21421.3  2077.3  235.369  2825.69
538  176  2025-06-11 21-50-58  2092.8  21433.5  2075.25  235.426  2825.51
539  176  2025-06-11 21-50-58  2094.4  21445.7  2073.19  235.484  2825.32
540  176  2025-06-11 21-50-58  2096  21457.9  2071.14  235.541  2825.14
541  176  2025-06-11 21-50-58  2097.6  21470  2069.08  235.599  2824.95
542  176  2025-06-11 21-50-58  2099.2  21482.2  2067.03  235.656  2824.77
543  176  2025-06-11 21-50-58  2100.8  21494.4  2064.98  235.714  2824.59
544  176  2025-06-11 21-50-58  2102.4  21506.6  2062.93  235.771  2824.4
545  176  2025-06-11 21-50-58  2104  21518.9  2060.89  235.829  2824.22
546  176  2025-06-11 21-50-58  2105.6  21531.1  2058.84  235.887  2824.03
547  176  2025-06-11 21-50-58  2107.2  21543.3  2056.8  235.944  2823.85
548  176  2025-06-11 21-50-58  2108.8  21555.5  2054.76  236.002  2823.66
549  176  2025-06-11 21-50-58  2110.4  21567.8  2052.72  236.059  2823.48
550  176  2025-06-11 21-50-58  2112  21580  2050.68  236.117  2823.29
551  176  2025-06-11 21-50-58  2113.6  21592.3  2048.64  236.174  2823.11
552  176  2025-06-11 21-50-58  2115.2  21604.5  2046.6  236.232  2822.92
553  176  2025-06-11 21-50-58  2116.8  21616.8  2044.57  236.289  2822.74
554  176  2025-06-11 21-50-58  2118.4  21629  2042.54  236.347  2822.55
555  176  2025-06-11 21-50-58  2120  21641.3  2040.51  236.405  2822.37
556  176  2025-06-11 21-50-58  2121.6  21653.6  2038.48  236.462  2822.18
557  176  2025-06-11 21-50-58  2123.2  21665.9  2036.45  236.52  2822
558  176  2025-06-11 21-50-58  2124.8  21678.2  2034.42  236.577  2821.81
559  176  2025-06-11 21-50-58  2126.4  21690.5  2032.4  236.635  2821.63
560  176  2025-06-11 21-50-58  2128  21702.8  2030.37  236.692  2821.44
561  176  2025-06-11 21-50-58  2129.6  21715.1  2028.35  236.75  2821.26
562  176  2025-06-11 21-50-58  2131.2  21727.4  2026.33  236.807  2821.07
563  176  2025-06-11 21-50-58  2132.8  21739.7  2024.31  236.865  2820.89
564  176  2025-06-11 21-50-58  2134.4  21752.1  2022.29  236.923  2820.7
565  176  2025-06-11 21-50-58  2136  21764.4  2020.28  236.98  2820.52
566  176  2025-06-11 21-50-58  2137.6  21776.7  2018.26  237.038  2820.33
567  176  2025-06-11 21-50-58  2139.2  21789.1  2016.25  237.095  2820.15
568  176  2025-06-11 21-50-58  2140.8  21801.4  2014.24  237.153  2819.96
569  176  2025-06-11 21-50-58  2142.4  21813.8  2012.23  237.21  2819.78
570  176  2025-06-11 21-50-58  2144  21826.1  2010.22  237.268  2819.59
571  176  2025-06-11 21-50-58  2145.6  21838.5  2008.21  237.325  2819.41
572  176  2025-06-11 21-50-58  2147.2  21850.9  2006.21  237.383  2819.22
573  176  2025-06-11 21-50-58  2148.8  21863.3  2004.21  237.441  2819.04
574  176  2025-06-11 21-50-58  2150.4  21875.7  2002.2  237.498  2818.85
575  176  2025-06-11 21-50-58  2152  21888.1  2000.2  237.556  2818.67
576  176  2025-06-11 21-50-58  2153.6  21900.5  1998.2  237.613  2818.48
577  176  2025-06-11 21-50-58  2155.2  21912.9  1996.21  237.671  2818.3
578  176  2025-06-11 21-50-58  2156.8  21925.3  1994.21  237.728  2818.11
579  176  2025-06-11 21-50-58  2158.4  21937.7  1992.22  237.786  2817.93
580  176  2025-06-11 21-50-58  2160  21950.1  1990.23  237.843  2817.74
581  176  2025-06-11 21-50-58  2161.6  21962.6  1988.24  237.901  2817.56
582  176  2025-06-11 21-50-58  2163.2  21975  1986.25  237.959  2817.37
583  176  2025-06-11 21-50-58  2164.8  21987.4  1984.26  238.016  2817.19
584  176  2025-06-11 21-50-58  2166.4  21999.9  1982.27  238.074  2817
585  176  2025-06-11 21-50-58  2168  22012.4  1980.29  238.131  2816.82
586  176  2025-06-11 21-50-58  2169.6  22024.8  1978.31  238.189  2816.63
587  176  2025-06-11 21-50-58  2171.2  22037.3  1976.33  238.246  2816.45
588  176  2025-06-11 21-50-58  2172.8  22049.8  1974.35  238.304  2816.26
589  176  2025-06-11 21-50-58  2174.4  22062.2  1972.37  238.361  2816.08
590  176  2025-06-11 21-50-58  2176  22074.7  1970.39  238.419  2815.89
591  176  2025-06-11 21-50-58  2177.6  22087.2  1968.42  238.477  2815.71
592  176  2025-06-11 21-50-58  2179.2  22099.7  1966.44  238.534  2815.52
593  176  2025-06-11 21-50-58  2180.8  22112.2  1964.47  238.592  2815.34
594  176  2025-06-11 21-50-58  2182.4  22124.7  1962.5  238.649  2815.15
595  176  2025-06-11 21-50-58  2184  22137.2  1960.54  238.707  2814.97
596  176  2025-06-11 21-50-58  2185.6  22149.8  1958.57  238.764  2814.78
597  176  2025-06-11 21-50-58  2187.2  22162.3  1956.6  238.822  2814.6
598  176  2025-06-11 21-50-58  2188.8  22174.8  1954.64  238.879  2814.41
599  176  2025-06-11 21-50-58  2190.4  22187.4  1952.68  238.937  2814.23
600  176  2025-06-11 21-50-58  2192  22199.9  1950.72  238.995  2814.04
601  176  2025-06-11 21-50-58  2193.6  22212.5  1948.76  239.052  2813.86
602  176  2025-06-11 21-50-58  2195.2  22225  1946.81  239.11  2813.67
603  176  2025-06-11 21-50-58  2196.8  22237.6  1944.85  239.167  2813.49
604  176  2025-06-11 21-50-58  2198.4  22250.2  1942.9  239.225  2813.3
605  176  2025-06-11 21-50-58  2200  22262.7  1940.95  239.282  2813.12
606  176  2025-06-11 21-50-58  2201.6  22275.3  1939  239.34  2812.93
607  176  2025-06-11 21-50-58  2203.2  22287.9  1937.05  239.397  2812.75
608  176  2025-06-11 21-50-58  2204.8  22300.5  1935.1  239.455  2812.56
609  176  2025-06-11 21-50-58  2206.4  22313.1  1933.16  239.513  2812.38
610  176  2025-06-11 21-50-58  2208  22325.7  1931.21  239.57  2812.19
611  176  2025-06-11 21-50-58  2209.6  22338.3  1929.27  239.628  2812.01
612  176  2025-06-11 21-50-58  2211.2  22351  1927.33  239.685  2811.82
613  176  2025-06-11 21-50-58  2212.8  22363.6  1925.39  239.743  2811.64
614  176  2025-06-11 21-50-58  2214.4  22376.2  1923.46  239.8  2811.45
615  176  2025-06-11 21-50-58  2216  22388.9  1921.52  239.858  2811.27
616  176  2025-06-11 21-50-58  2217.6  22401.5  1919.59  239.915  2811.08
617  176  2025-06-11 21-50-58  2219.2  22414.2  1917.66  239.973  2810.9
618  176  2025-06-11 21-50-58  2220.8  22426.8  1915.73  240.031  2810.71
619  176  2025-06-11 21-50-58  2222.4  22439.5  1913.8  240.088  2810.53
620  176  2025-06-11 21-50-58  2224  22452.1  1911.87  240.146  2810.34
621  176  2025-06-11 21-50-58  2225.6  22464.8  1909.95  240.203  2810.16
622  176  2025-06-11 21-50-58  2227.2  22477.5  1908.02  240.261  2809.98
623  176  2025-06-11 21-50-58  2228.8  22490.2  1906.1  240.318  2809.79
624  176  2025-06-11 21-50-58  2230.4  22502.9  1904.18  240.376  2809.61
625  176  2025-06-11 21-50-58  2232  22515.6  1902.26  240.434  2809.42
626  176  2025-06-11 21-50-58  2233.6  22528.3  1900.35  240.491  2809.24
627  176  2025-06-11 21-50-58  2235.2  22541  1898.43  240.549  2809.05
628  176  2025-06-11 21-50-58  2236.8  22553.7  1896.52  240.606  2808.87
629  176  2025-06-11 21-50-58  2238.4  22566.4  1894.61  240.664  2808.68
630  176  2025-06-11 21-50-58  2240  22579.2  1892.7  240.721  2808.5
631  176  2025-06-11 21-50-58  2241.6  22591.9  1890.79  240.779  2808.31
632  176  2025-06-11 21-50-58  2243.2  22604.6  1888.89  240.836  2808.13
633  176  2025-06-11 21-50-58  2244.8  22617.4  1886.98  240.894  2807.94
634  176  2025-06-11 21-50-58  2246.4  22630.1  1885.08  240.952  2807.76
635  176  2025-06-11 21-50-58  2248  22642.9  1883.18  241.009  2807.57
636  176  2025-06-11 21-50-58  2249.6  22655.7  1881.28  241.067  2807.39
637  176  2025-06-11 21-50-58  2251.2  22668.4  1879.38  241.124  2807.2
638  176  2025-06-11 21-50-58  2252.8  22681.2  1877.49  241.182  2807.02
639  176  2025-06-11 21-50-58  2254.4  22694  1875.59  241.239  2806.83
640  176  2025-06-11 21-50-58  2256  22706.8  1873.7  241.297  2806.65
641  176  2025-06-11 21-50-58  2257.6  22719.6  1871.81  241.354  2806.46
642  176  2025-06-11 21-50-58  2259.2  22732.4  1869.92  241.412  2806.28
643  176  2025-06-11 21-50-58  2260.8  22745.2  1868.03  241.47  2806.09
644  176  2025-06-11 21-50-58  2262.4  22758  1866.15  241.527  2805.91
645  176  2025-06-11 21-50-58  2264  22770.8  1864.26  241.585  2805.72
646  176  2025-06-11 21-50-58  2265.6  22783.7  1862.38  241.642  2805.54
647  176  2025-06-11 21-50-58  2267.2  22796.5  1860.5  241.7  2805.35
648  176  2025-06-11 21-50-58  2268.8  22809.3  1858.62  241.757  2805.17
649  176  2025-06-11 21-50-58  2270.4  22822.2  1856.75  241.815  2804.98
650  176  2025-06-11 21-50-58  2272  22835  1854.87  241.872  2804.8
651  176  2025-06-11 21-50-58  2273.6  22847.9  1853  241.93  2804.61
652  176  2025-06-11 21-50-58  2275.2  22860.8  1851.13  241.988  2804.43
653  176  2025-06-11 21-50-58  2276.8  22873.6  1849.26  242.045  2804.24
654  176  2025-06-11 21-50-58  2278.4  22886.5  1847.39  242.103  2804.06
655  176  2025-06-11 21-50-58  2280  22899.4  1845.53  242.16  2803.87
656  176  2025-06-11 21-50-58  2281.6  22912.3  1843.66  242.218  2803.69
657  176  2025-06-11 21-50-58  2283.2  22925.2  1841.8  242.275  2803.5
658  176  2025-06-11 21-50-58  2284.8  22938.1  1839.94  242.333  2803.32
659  176  2025-06-11 21-50-58  2286.4  22951  1838.08  242.39  2803.13
660  176  2025-06-11 21-50-58  2288  22963.9  1836.22  242.448  2802.95
661  176  2025-06-11 21-50-58  2289.6  22976.8  1834.37  242.506  2802.76
662  176  2025-06-11 21-50-58  2291.2  22989.7  1832.51  242.563  2802.58
663  176  2025-06-11 21-50-58  2292.8  23002.7  1830.66  242.621  2802.39
664  176  2025-06-11 21-50-58  2294.4  23015.6  1828.81  242.678  2802.21
665  176  2025-06-11 21-50-58  2296  23028.5  1826.96  242.736  2802.02
666  176  2025-06-11 21-50-58  2297.6  23041.5  1825.12  242.793  2801.84
667  176  2025-06-11 21-50-58  2299.2  23054.4  1823.27  242.851  2801.65
668  176  2025-06-11 21-50-58  2300.8  23067.4  1821.43  242.908  2801.47
669  176  2025-06-11 21-50-58  2302.4  23080.4  1819.59  242.966  2801.28
670  176  2025-06-11 21-50-58  2304  23093.3  1817.75  243.024  2801.1
671  176  2025-06-11 21-50-58  2305.6  23106.3  1815.91  243.081  2800.91
672  176  2025-06-11 21-50-58  2307.2  23119.3  1814.08  243.139  2800.73
673  176  2025-06-11 21-50-58  2308.8  23132.3  1812.24  243.196  2800.54
674  176  2025-06-11 21-50-58  2310.4  23145.3  1810.41  243.254  2800.36
675  176  2025-06-11 21-50-58  2312  23158.3  1808.58  243.311  2800.17
676  176  2025-06-11 21-50-58  2313.6  23171.3  1806.75  243.369  2799.99
677  176  2025-06-11 21-50-58  2315.2  23184.3  1804.93  243.426  2799.8
678  176  2025-06-11 21-50-58  2316.8  23197.3  1803.1  243.484  2799.62
679  176  2025-06-11 21-50-58  2318.4  23210.4  1801.28  243.542  2799.43
680  176  2025-06-11 21-50-58  2320  23223.4  1799.46  243.599  2799.25
681  176  2025-06-11 21-50-58  2321.6  23236.4  1797.64  243.657  2799.06
682  176  2025-06-11 21-50-58  2323.2  23249.5  1795.82  243.714  2798.88
683  176  2025-06-11 21-50-58  2324.8  23262.5  1794.01  243.772  2798.69
684  176  2025-06-11 21-50-58  2326.4  23275.6  1792.2  243.829  2798.51
685  176  2025-06-11 21-50-58  2328  23288.7  1790.38  243.887  2798.32
686  176  2025-06-11 21-50-58  2329.6  23301.7  1788.57  243.944  2798.14
687  176  2025-06-11 21-50-58  2331.2  23314.8  1786.77  244.002  2797.95
688  176  2025-06-11 21-50-58  2332.8  23327.9  1784.96  244.06  2797.77
689  176  2025-06-11 21-50-58  2334.4  23341  1783.16  244.117  2797.58
690  176  2025-06-11 21-50-58  2336  23354.1  1781.35  244.175  2797.4
691  176  2025-06-11 21-50-58  2337.6  23367.2  1779.55  244.232  2797.21
692  176  2025-06-11 21-50-58  2339.2  23380.3  1777.75  244.29  2797.03
693  176  2025-06-11 21-50-58  2340.8  23393.4  1775.96  244.347  2796.84
694  176  2025-06-11 21-50-58  2342.4  23406.5  1774.16  244.405  2796.66
695  176  2025-06-11 21-50-58  2344  23419.6  1772.37  244.462  2796.47
696  176  2025-06-11 21-50-58  2345.6  23432.8  1770.58  244.52  2796.29
697  176  2025-06-11 21-50-58  2347.2  23445.9  1768.79  244.578  2796.1
698  176  2025-06-11 21-50-58  2348.8  23459  1767  244.635  2795.92
699  176  2025-06-11 21-50-58  2350.4  23472.2  1765.22  244.693  2795.73
700  176  2025-06-11 21-50-58  2352  23485.3  1763.43  244.75  2795.55
701  176  2025-06-11 21-50-58  2353.6  23498.5  1761.65  244.808  2795.37
702  176  2025-06-11 21-50-58  2355.2  23511.7  1759.87  244.865  2795.18
703  176  2025-06-11 21-50-58  2356.8  23524.8  1758.09  244.923  2795
704  176  2025-06-11 21-50-58  2358.4  23538  1756.32  244.98  2794.81
705  176  2025-06-11 21-50-58  2360  23551.2  1754.54  245.038  2794.63
706  176  2025-06-11 21-50-58  2361.6  23564.4  1752.77  245.096  2794.44
707  176  2025-06-11 21-50-58  2363.2  23577.6  1751  245.009  2794.26
708  176  2025-06-11 21-50-58  2364.8  23590.8  1749.24  244.923  2794.07
709  176  2025-06-11 21-50-58  2366.4  23603.9  1747.48  244.837  2793.89
710  176  2025-06-11 21-50-58  2368  23617.1  1745.72  244.75  2793.7
711  176  2025-06-11 21-50-58  2369.6  23630.2  1743.97  244.664  2793.52
712  176  2025-06-11 21-50-58  2371.2  23643.4  1742.22  244.578  2793.33
713  176  2025-06-11 21-50-58  2372.8  23656.5  1740.47  244.491  2793.15
714  176  2025-06-11 21-50-58  2374.4  23669.6  1738.73  244.405  2792.96
715  176  2025-06-11 21-50-58  2376  23682.7  1736.99  244.319  2792.78
716  176  2025-06-11 21-50-58  2377.6  23695.9  1735.26  244.232  2792.59
717  176  2025-06-11 21-50-58  2379.2  23709  1733.52  244.146  2792.41
718  176  2025-06-11 21-50-58  2380.8  23722  1731.8  244.06  2792.22
719  176  2025-06-11 21-50-58  2382.4  23735.1  1730.07  243.973  2792.04
720  176  2025-06-11 21-50-58  2384  23748.2  1728.36  243.887  2791.85
721  176  2025-06-11 21-50-58  2385.6  23761.3  1726.64  243.801  2791.67
722  176  2025-06-11 21-50-58  2387.2  23774.3  1724.93  243.714  2791.48
723  176  2025-06-11 21-50-58  2388.8  23787.4  1723.22  243.628  2791.3
724  176  2025-06-11 21-50-58  2390.4  23800.4  1721.52  243.542  2791.11
725  176  2025-06-11 21-50-58  2392  23813.5  1719.81  243.455  2790.93
726  176  2025-06-11 21-50-58  2393.6  23826.5  1718.12  243.369  2790.74
727  176  2025-06-11 21-50-58  2395.2  23839.5  1716.42  243.283  2790.56
728  176  2025-06-11 21-50-58  2396.8  23852.5  1714.74  243.196  2790.37
729  176  2025-06-11 21-50-58  2398.4  23865.5  1713.05  243.11  2790.19
730  176  2025-06-11 21-50-58  2400  23878.5  1711.37  243.024  2790
731  176  2025-06-11 21-50-58  2401.6  23891.5  1709.78  242.937  2783.35
732  176  2025-06-11 21-50-58  2403.2  23904.5  1708.29  242.851  2776.64
733  176  2025-06-11 21-50-58  2404.8  23917.5  1706.9  242.765  2769.86
734  176  2025-06-11 21-50-58  2406.4  23930.5  1705.6  242.678  2763.02
735  176  2025-06-11 21-50-58  2408  23943.5  1704.41  242.592  2756.12
736  176  2025-06-11 21-50-58  2409.6  23956.5  1703.31  242.506  2749.15
737  176  2025-06-11 21-50-58  2411.2  23969.5  1702.31  242.419  2742.12
738  176  2025-06-11 21-50-58  2412.8  23982.5  1701.42  242.333  2735.02
739  176  2025-06-11 21-50-58  2414.4  23995.5  1700.62  242.247  2727.86
740  176  2025-06-11 21-50-58  2416  24008.5  1699.93  242.16  2720.63
741  176  2025-06-11 21-50-58  2417.6  24021.5  1699.35  242.074  2713.34
742  176  2025-06-11 21-50-58  2419.2  24034.5  1698.87  241.988  2705.99
743  176  2025-06-11 21-50-58  2420.8  24047.5  1698.49  241.901  2698.57
744  176  2025-06-11 21-50-58  2422.4  24060.5  1698.22  241.815  2691.09
745  176  2025-06-11 21-50-58  2424  24073.5  1698.06  241.729  2683.55
746  176  2025-06-11 21-50-58  2425.6  24086.4  1698  241.642  2675.94
747  176  2025-06-11 21-50-58  2427.2  24099.4  1698.05  241.556  2668.27
748  176  2025-06-11 21-50-58  2428.8  24112.3  1698.03  241.47  2673.46
749  176  2025-06-11 21-50-58  2430.4  24125.3  1697.94  241.383  2678.71
750  176  2025-06-11 21-50-58  2432  24138.2  1697.95  241.297  2671.1
751  176  2025-06-11 21-50-58  2433.6  24151.1  1697.89  241.211  2676.36
752  176  2025-06-11 21-50-58  2435.2  24164  1697.75  241.124  2681.68
753  176  2025-06-11 21-50-58  2436.8  24176.9  1697.72  241.038  2674.13
754  176  2025-06-11 21-50-58  2438.4  24189.8  1697.62  240.952  2679.45
755  176  2025-06-11 21-50-58  2440  24202.7  1697.62  240.865  2671.91
756  176  2025-06-11 21-50-58  2441.6  24215.6  1697.54  240.779  2677.23
757  176  2025-06-11 21-50-58  2443.2  24228.4  1697.4  240.693  2682.61
758  176  2025-06-11 21-50-58  2444.8  24241.3  1697.35  240.606  2675.13
759  176  2025-06-11 21-50-58  2446.4  24254.2  1697.23  240.52  2680.51
760  176  2025-06-11 21-50-58  2448  24267  1697.04  240.434  2685.96
761  176  2025-06-11 21-50-58  2449.6  24279.8  1696.95  240.347  2678.54
762  176  2025-06-11 21-50-58  2451.2  24292.7  1696.78  240.261  2683.99
763  176  2025-06-11 21-50-58  2452.8  24305.5  1696.71  240.174  2676.57
764  176  2025-06-11 21-50-58  2454.4  24318.3  1696.57  240.088  2682.02
765  176  2025-06-11 21-50-58  2456  24331.1  1696.36  240.002  2687.53
766  176  2025-06-11 21-50-58  2457.6  24343.9  1696.24  239.915  2680.18
767  176  2025-06-11 21-50-58  2459.2  24356.7  1696.05  239.829  2685.69
768  176  2025-06-11 21-50-58  2460.8  24369.4  1695.96  239.743  2678.34
769  176  2025-06-11 21-50-58  2462.4  24382.2  1695.8  239.656  2683.85
770  176  2025-06-11 21-50-58  2464  24395  1695.56  239.57  2689.42
771  176  2025-06-11 21-50-58  2465.6  24407.7  1695.42  239.484  2682.13
772  176  2025-06-11 21-50-58  2467.2  24420.4  1695.2  239.397  2687.71
773  176  2025-06-11 21-50-58  2468.8  24433.2  1695.08  239.311  2680.42
774  176  2025-06-11 21-50-58  2470.4  24445.9  1694.89  239.225  2685.99
775  176  2025-06-11 21-50-58  2472  24458.6  1694.61  239.138  2691.63
776  176  2025-06-11 21-50-58  2473.6  24471.3  1694.44  239.052  2684.41
777  176  2025-06-11 21-50-58  2475.2  24484  1694.19  238.966  2690.05
778  176  2025-06-11 21-50-58  2476.8  24496.7  1694.04  238.879  2682.82
779  176  2025-06-11 21-50-58  2478.4  24509.4  1693.81  238.793  2688.46
780  176  2025-06-11 21-50-58  2480  24522  1693.51  238.707  2694.16
781  176  2025-06-11 21-50-58  2481.6  24534.7  1693.3  238.62  2687
782  176  2025-06-11 21-50-58  2483.2  24547.3  1693.02  238.534  2692.71
783  176  2025-06-11 21-50-58  2484.8  24560  1692.83  238.448  2685.55
784  176  2025-06-11 21-50-58  2486.4  24572.6  1692.56  238.361  2691.25
785  176  2025-06-11 21-50-58  2488  24585.2  1692.22  238.275  2697.02
786  176  2025-06-11 21-50-58  2489.6  24597.9  1691.97  238.189  2689.92
787  176  2025-06-11 21-50-58  2491.2  24610.5  1691.65  238.102  2695.69
788  176  2025-06-11 21-50-58  2492.8  24623.1  1691.42  238.016  2688.59
789  176  2025-06-11 21-50-58  2494.4  24635.7  1691.11  237.93  2694.36
790  176  2025-06-11 21-50-58  2496  24648.2  1690.72  237.843  2700.19
791  176  2025-06-11 21-50-58  2497.6  24660.8  1690.43  237.757  2693.15
792  176  2025-06-11 21-50-58  2499.2  24673.4  1690.06  237.671  2698.99
793  176  2025-06-11 21-50-58  2500.8  24685.9  1689.79  237.584  2691.95
794  176  2025-06-11 21-50-58  2502.4  24698.5  1689.44  237.498  2697.78
795  176  2025-06-11 21-50-58  2504  24711  1689.18  237.412  2690.75
796  176  2025-06-11 21-50-58  2505.6  24723.5  1688.85  237.325  2696.58
797  176  2025-06-11 21-50-58  2507.2  24736  1688.43  237.239  2702.48
798  176  2025-06-11 21-50-58  2508.8  24748.6  1688.11  237.153  2695.51
799  176  2025-06-11 21-50-58  2510.4  24761.1  1687.71  237.066  2701.4
800  176  2025-06-11 21-50-58  2512  24773.6  1687.4  236.98  2694.43
801  176  2025-06-11 21-50-58  2513.6  24786  1687.02  236.894  2700.33
802  176  2025-06-11 21-50-58  2515.2  24798.5  1686.72  236.807  2693.36
803  176  2025-06-11 21-50-58  2516.8  24811  1686.35  236.721  2699.26
804  176  2025-06-11 21-50-58  2518.4  24823.4  1685.9  236.635  2705.21
805  176  2025-06-11 21-50-58  2520  24835.9  1685.55  236.548  2698.31
806  176  2025-06-11 21-50-58  2521.6  24848.3  1685.11  236.462  2704.27
807  176  2025-06-11 21-50-58  2523.2  24860.8  1684.76  236.376  2697.36
808  176  2025-06-11 21-50-58  2524.8  24873.2  1684.34  236.289  2703.32
809  176  2025-06-11 21-50-58  2526.4  24885.6  1683.83  236.203  2709.35
810  176  2025-06-11 21-50-58  2528  24898  1683.42  236.117  2702.5
811  176  2025-06-11 21-50-58  2529.6  24910.4  1682.93  236.03  2708.53
812  176  2025-06-11 21-50-58  2531.2  24922.8  1682.52  235.944  2701.69
813  176  2025-06-11 21-50-58  2532.8  24935.2  1682.04  235.858  2707.71
814  176  2025-06-11 21-50-58  2534.4  24947.5  1681.65  235.771  2700.87
815  176  2025-06-11 21-50-58  2536  24959.9  1681.18  235.686  2706.89
816  176  2025-06-11 21-50-58  2537.6  24972.2  1680.8  235.603  2700.05
817  176  2025-06-11 21-50-58  2539.2  24984.6  1680.34  235.523  2706.07
818  176  2025-06-11 21-50-58  2540.8  24996.9  1679.8  235.445  2712.16
819  176  2025-06-11 21-50-58  2542.4  25009.2  1679.35  235.37  2705.38
820  176  2025-06-11 21-50-58  2544  25021.6  1678.82  235.297  2711.47
821  176  2025-06-11 21-50-58  2545.6  25033.9  1678.38  235.227  2704.69
822  176  2025-06-11 21-50-58  2547.2  25046.2  1677.86  235.158  2710.78
823  176  2025-06-11 21-50-58  2548.8  25058.5  1677.43  235.092  2704
824  176  2025-06-11 21-50-58  2550.4  25070.8  1677.01  235.029  2703.63
825  176  2025-06-11 21-50-58  2552  25083.1  1676.59  234.967  2703.25
826  176  2025-06-11 21-50-58  2553.6  25095.4  1676.18  234.908  2702.87
827  176  2025-06-11 21-50-58  2555.2  25107.6  1675.77  234.85  2702.5
828  176  2025-06-11 21-50-58  2556.8  25119.9  1675.36  234.795  2702.12
829  176  2025-06-11 21-50-58  2558.4  25132.2  1674.97  234.742  2701.74
830  176  2025-06-11 21-50-58  2560  25144.4  1674.57  234.691  2701.37
831  176  2025-06-11 21-50-58  2561.6  25156.7  1674.19  234.641  2700.99
832  176  2025-06-11 21-50-58  2563.2  25168.9  1673.8  234.594  2700.61
833  176  2025-06-11 21-50-58  2564.8  25181.2  1673.43  234.548  2700.23
834  176  2025-06-11 21-50-58  2566.4  25193.4  1673.05  234.505  2699.86
835  176  2025-06-11 21-50-58  2568  25205.7  1672.69  234.463  2699.48
836  176  2025-06-11 21-50-58  2569.6  25217.9  1672.32  234.423  2699.1
837  176  2025-06-11 21-50-58  2571.2  25230.1  1671.97  234.385  2698.73
838  176  2025-06-11 21-50-58  2572.8  25242.4  1671.62  234.348  2698.35
839  176  2025-06-11 21-50-58  2574.4  25254.6  1671.27  234.313  2697.97
840  176  2025-06-11 21-50-58  2576  25266.8  1670.93  234.28  2697.6
841  176  2025-06-11 21-50-58  2577.6  25279  1670.59  234.248  2697.22
842  176  2025-06-11 21-50-58  2579.2  25291.3  1670.26  234.218  2696.84
843  176  2025-06-11 21-50-58  2580.8  25303.5  1669.94  234.19  2696.47
844  176  2025-06-11 21-50-58  2582.4  25315.7  1669.61  234.163  2696.09
845  176  2025-06-11 21-50-58  2584  25327.9  1669.3  234.138  2695.71
846  176  2025-06-11 21-50-58  2585.6  25340.1  1668.99  234.114  2695.33
847  176  2025-06-11 21-50-58  2587.2  25352.3  1668.68  234.092  2694.96
848  176  2025-06-11 21-50-58  2588.8  25364.5  1668.38  234.071  2694.58
849  176  2025-06-11 21-50-58  2590.4  25376.7  1668.09  234.051  2694.2
850  176  2025-06-11 21-50-58  2592  25388.9  1667.8  234.033  2693.83
851  176  2025-06-11 21-50-58  2593.6  25401.1  1667.51  234.016  2693.45
852  176  2025-06-11 21-50-58  2595.2  25413.3  1667.23  234.001  2693.07
853  176  2025-06-11 21-50-58  2596.8  25425.5  1666.95  233.987  2692.7
854  176  2025-06-11 21-50-58  2598.4  25437.7  1666.68  233.974  2692.32
855  176  2025-06-11 21-50-58  2600  25449.9  1666.42  233.962  2691.94
856  176  2025-06-11 21-50-58  2601.6  25462.1  1666.16  233.952  2691.57
857  176  2025-06-11 21-50-58  2603.2  25474.3  1665.9  233.943  2691.19
858  176  2025-06-11 21-50-58  2604.8  25486.5  1665.65  233.935  2690.81
859  176  2025-06-11 21-50-58  2606.4  25498.7  1665.41  233.928  2690.43
860  176  2025-06-11 21-50-58  2608  25510.9  1665.17  233.923  2690.06
861  176  2025-06-11 21-50-58  2609.6  25523  1664.93  233.918  2689.68
862  176  2025-06-11 21-50-58  2611.2  25535.2  1664.7  233.915  2689.3
863  176  2025-06-11 21-50-58  2612.8  25547.4  1664.48  233.913  2688.93
864  176  2025-06-11 21-50-58  2614.4  25559.6  1664.26  233.912  2688.55
865  176  2025-06-11 21-50-58  2616  25571.8  1664.04  233.912  2688.17
866  176  2025-06-11 21-50-58  2617.6  25584  1663.83  233.913  2687.8
867  176  2025-06-11 21-50-58  2619.2  25596.2  1663.63  233.915  2687.42
868  176  2025-06-11 21-50-58  2620.8  25608.4  1663.43  233.918  2687.04
869  176  2025-06-11 21-50-58  2622.4  25620.6  1663.23  233.921  2686.66
870  176  2025-06-11 21-50-58  2624  25632.8  1663.04  233.926  2686.29
871  176  2025-06-11 21-50-58  2625.6  25644.9  1662.86  233.932  2685.91
872  176  2025-06-11 21-50-58  2627.2  25657.1  1662.68  233.939  2685.53
873  176  2025-06-11 21-50-58  2628.8  25669.3  1662.5  233.947  2685.16
874  176  2025-06-11 21-50-58  2630.4  25681.5  1662.33  233.955  2684.78
875  176  2025-06-11 21-50-58  2632  25693.7  1662.17  233.965  2684.4
876  176  2025-06-11 21-50-58  2633.6  25705.9  1662.01  233.975  2684.03
877  176  2025-06-11 21-50-58  2635.2  25718.1  1661.85  233.986  2683.65
878  176  2025-06-11 21-50-58  2636.8  25730.3  1661.7  233.998  2683.27
879  176  2025-06-11 21-50-58  2638.4  25742.5  1661.56  234.011  2682.9
880  176  2025-06-11 21-50-58  2640  25754.7  1661.42  234.025  2682.52
881  176  2025-06-11 21-50-58  2641.6  25766.9  1661.28  234.039  2682.14
882  176  2025-06-11 21-50-58  2643.2  25779.1  1661.15  234.054  2681.76
883  176  2025-06-11 21-50-58  2644.8  25791.3  1661.03  234.07  2681.39
884  176  2025-06-11 21-50-58  2646.4  25803.5  1660.91  234.087  2681.01
885  176  2025-06-11 21-50-58  2648  25815.7  1660.79  234.105  2680.63
886  176  2025-06-11 21-50-58  2649.6  25828  1660.68  234.123  2680.26
887  176  2025-06-11 21-50-58  2651.2  25840.2  1660.58  234.142  2679.88
888  176  2025-06-11 21-50-58  2652.8  25852.4  1660.48  234.161  2679.5
889  176  2025-06-11 21-50-58  2654.4  25864.6  1660.38  234.182  2679.13
890  176  2025-06-11 21-50-58  2656  25876.8  1660.29  234.202  2678.75
891  176  2025-06-11 21-50-58  2657.6  25889  1660.21  234.224  2678.37
892  176  2025-06-11 21-50-58  2659.2  25901.3  1660.13  234.246  2677.99
893  176  2025-06-11 21-50-58  2660.8  25913.5  1660.05  234.269  2677.62
894  176  2025-06-11 21-50-58  2662.4  25925.7  1659.98  234.293  2677.24
895  176  2025-06-11 21-50-58  2664  25938  1659.92  234.317  2676.86
896  176  2025-06-11 21-50-58  2665.6  25950.2  1659.86  234.341  2676.49
897  176  2025-06-11 21-50-58  2667.2  25962.4  1659.8  234.367  2676.11
898  176  2025-06-11 21-50-58  2668.8  25974.7  1659.75  234.393  2675.73
899  176  2025-06-11 21-50-58  2670.4  25986.9  1659.71  234.419  2675.36
900  176  2025-06-11 21-50-58  2672  25999.2  1659.67  234.446  2674.98
901  176  2025-06-11 21-50-58  2673.6  26011.4  1659.63  234.474  2674.6
902  176  2025-06-11 21-50-58  2675.2  26023.7  1659.6  234.502  2674.23
903  176  2025-06-11 21-50-58  2676.8  26035.9  1659.58  234.53  2673.85
904  176  2025-06-11 21-50-58  2678.4  26048.2  1659.56  234.56  2673.47
905  176  2025-06-11 21-50-58  2680  26060.4  1659.54  234.589  2673.09
906  176  2025-06-11 21-50-58  2681.6  26072.7  1659.53  234.619  2672.72
907  176  2025-06-11 21-50-58  2683.2  26084.9  1659.53  234.65  2672.34
908  176  2025-06-11 21-50-58  2684.8  26097.2  1659.53  234.681  2671.96
909  176  2025-06-11 21-50-58  2686.4  26109.5  1659.54  234.713  2671.59
910  176  2025-06-11 21-50-58  2688  26121.8  1659.55  234.745  2671.21
911  176  2025-06-11 21-50-58  2689.6  26134  1659.56  234.777  2670.83
912  176  2025-06-11 21-50-58  2691.2  26146.3  1659.58  234.81  2670.46
913  176  2025-06-11 21-50-58  2692.8  26158.6  1659.61  234.844  2670.08
914  176  2025-06-11 21-50-58  2694.4  26170.9  1659.64  234.878  2669.7
915  176  2025-06-11 21-50-58  2696  26183.2  1659.68  234.912  2669.32
916  176  2025-06-11 21-50-58  2697.6  26195.5  1659.72  234.947  2668.95
917  176  2025-06-11 21-50-58  2699.2  26207.8  1659.76  234.982  2668.57
918  176  2025-06-11 21-50-58  2700.8  26220.1  1659.81  235.017  2668.19
919  176  2025-06-11 21-50-58  2702.4  26232.4  1659.87  235.053  2667.82
920  176  2025-06-11 21-50-58  2704  26244.7  1659.93  235.09  2667.44
921  176  2025-06-11 21-50-58  2705.6  26257  1660  235.126  2667.06
922  176  2025-06-11 21-50-58  2707.2  26269.3  1660.07  235.163  2666.69
923  176  2025-06-11 21-50-58  2708.8  26281.6  1660.15  235.201  2666.31
924  176  2025-06-11 21-50-58  2710.4  26294  1660.23  235.239  2665.93
925  176  2025-06-11 21-50-58  2712  26306.3  1660.31  235.277  2665.56
926  176  2025-06-11 21-50-58  2713.6  26318.6  1660.41  235.315  2665.18
927  176  2025-06-11 21-50-58  2715.2  26331  1660.5  235.354  2664.8
928  176  2025-06-11 21-50-58  2716.8  26343.3  1660.6  235.393  2664.42
929  176  2025-06-11 21-50-58  2718.4  26355.6  1660.71  235.433  2664.05
930  176  2025-06-11 21-50-58  2720  26368  1660.82  235.473  2663.67
931  176  2025-06-11 21-50-58  2721.6  26380.3  1660.94  235.513  2663.29
932  176  2025-06-11 21-50-58  2723.2  26392.7  1661.06  235.553  2662.92
933  176  2025-06-11 21-50-58  2724.8  26405  1661.19  235.594  2662.54
934  176  2025-06-11 21-50-58  2726.4  26417.4  1661.32  235.635  2662.16
935  176  2025-06-11 21-50-58  2728  26429.8  1661.46  235.676  2661.79
936  176  2025-06-11 21-50-58  2729.6  26442.1  1661.6  235.718  2661.41
937  176  2025-06-11 21-50-58  2731.2  26454.5  1661.75  235.76  2661.03
938  176  2025-06-11 21-50-58  2732.8  26466.9  1661.91  235.802  2660.65
939  176  2025-06-11 21-50-58  2734.4  26479.3  1662.06  235.845  2660.28
940  176  2025-06-11 21-50-58  2736  26491.7  1662.23  235.888  2659.9
941  176  2025-06-11 21-50-58  2737.6  26504.1  1662.4  235.931  2659.52
942  176  2025-06-11 21-50-58  2739.2  26516.5  1662.57  235.974  2659.15
943  176  2025-06-11 21-50-58  2740.8  26528.9  1662.75  236.018  2658.77
944  176  2025-06-11 21-50-58  2742.4  26541.3  1662.93  236.061  2658.39
945  176  2025-06-11 21-50-58  2744  26553.7  1663.12  236.105  2658.02
946  176  2025-06-11 21-50-58  2745.6  26566.1  1663.32  236.15  2657.64
947  176  2025-06-11 21-50-58  2747.2  26578.5  1663.52  236.194  2657.26
948  176  2025-06-11 21-50-58  2748.8  26590.9  1663.72  236.239  2656.89
949  176  2025-06-11 21-50-58  2750.4  26603.4  1663.93  236.284  2656.51
950  176  2025-06-11 21-50-58  2752  26615.8  1664.15  236.329  2656.13
951  176  2025-06-11 21-50-58  2753.6  26628.2  1664.37  236.375  2655.75
952  176  2025-06-11 21-50-58  2755.2  26640.7  1664.59  236.42  2655.38
