SN    USVID    CurTime    simTime    CurX    CurY    CurVel      CurYaw   
0  176  2025-06-10 20-56-37  0  16040  14512  192  2672
1  176  2025-06-10 20-56-37  1.6  16048  14511.9  192.086  2688
2  176  2025-06-10 20-56-37  3.2  16056  14511.6  192.173  2704
3  176  2025-06-10 20-56-37  4.8  16064  14511.2  192.259  2720
4  176  2025-06-10 20-56-37  6.4  16072  14510.6  192.345  2736
5  176  2025-06-10 20-56-37  8  16080.1  14509.9  192.432  2752
6  176  2025-06-10 20-56-37  9.6  16088.1  14509.1  192.518  2768
7  176  2025-06-10 20-56-37  11.2  16096.1  14508.1  192.604  2784
8  176  2025-06-10 20-56-37  12.8  16104.1  14507  192.691  2800
9  176  2025-06-10 20-56-37  14.4  16112  14505.7  192.777  2816
10  176  2025-06-10 20-56-37  128  16120  14504.3  192.863  14032
11  176  2025-06-10 20-56-37  129.6  16127.9  14502.7  192.95  14048
12  176  2025-06-10 20-56-37  131.2  16135.9  14501.1  193.036  14064
13  176  2025-06-10 20-56-37  132.8  16143.8  14499.2  193.122  14080
14  176  2025-06-10 20-56-37  134.4  16151.7  14497.3  193.209  14096
15  176  2025-06-10 20-56-37  136  16159.5  14495.2  193.295  14112
16  176  2025-06-10 20-56-37  137.6  16167.3  14492.9  193.381  14128
17  176  2025-06-10 20-56-37  139.2  16175.1  14490.6  193.468  14140.5
18  176  2025-06-10 20-56-37  140.8  16182.9  14488.2  193.554  14146.6
19  176  2025-06-10 20-56-37  142.4  16190.7  14485.7  193.64  14149.4
20  176  2025-06-10 20-56-37  144  16198.5  14483.3  193.727  14150.7
21  176  2025-06-10 20-56-37  145.6  16206.3  14480.8  193.813  14151.2
22  176  2025-06-10 20-56-37  147.2  16214.1  14478.4  193.899  14151.2
23  176  2025-06-10 20-56-37  148.8  16222  14475.9  193.986  14151
24  176  2025-06-10 20-56-37  150.4  16229.8  14473.5  194.072  14150.7
25  176  2025-06-10 20-56-37  152  16237.6  14471  194.158  14150.4
26  176  2025-06-10 20-56-37  153.6  16245.5  14468.5  194.245  14150.1
27  176  2025-06-10 20-56-37  155.2  16253.3  14466.1  194.331  14149.7
28  176  2025-06-10 20-56-37  156.8  16261.2  14463.6  194.417  14149.3
29  176  2025-06-10 20-56-37  158.4  16269.1  14461.2  194.504  14148.9
30  176  2025-06-10 20-56-37  160  16277  14458.7  194.59  14148.6
31  176  2025-06-10 20-56-37  161.6  16284.9  14456.3  194.676  14148.2
32  176  2025-06-10 20-56-37  163.2  16292.8  14453.8  194.763  14147.8
33  176  2025-06-10 20-56-37  164.8  16300.7  14451.4  194.849  14147.4
34  176  2025-06-10 20-56-37  166.4  16308.6  14448.9  194.935  14147.1
35  176  2025-06-10 20-56-37  168  16316.5  14446.5  195.022  14146.7
36  176  2025-06-10 20-56-37  169.6  16324.5  14444  195.108  14146.3
37  176  2025-06-10 20-56-37  171.2  16332.4  14441.6  195.194  14146
38  176  2025-06-10 20-56-37  172.8  16340.4  14439.1  195.281  14145.6
39  176  2025-06-10 20-56-37  174.4  16348.4  14436.7  195.367  14145.2
40  176  2025-06-10 20-56-37  176  16356.3  14434.2  195.453  14144.8
41  176  2025-06-10 20-56-37  177.6  16364.3  14431.8  195.54  14144.5
42  176  2025-06-10 20-56-37  179.2  16372.3  14429.3  195.626  14144.1
43  176  2025-06-10 20-56-37  180.8  16380.3  14426.9  195.712  14143.8
44  176  2025-06-10 20-56-37  182.4  16388.3  14424.4  195.799  14143.4
45  176  2025-06-10 20-56-37  184  16396.4  14422  195.885  14143
46  176  2025-06-10 20-56-37  185.6  16404.4  14419.6  195.971  14142.7
47  176  2025-06-10 20-56-37  187.2  16412.4  14417.1  196.058  14142.3
48  176  2025-06-10 20-56-37  188.8  16420.5  14414.7  196.144  14142
49  176  2025-06-10 20-56-37  190.4  16428.6  14412.2  196.23  14141.6
50  176  2025-06-10 20-56-37  192  16436.6  14409.8  196.317  14141.2
51  176  2025-06-10 20-56-37  193.6  16444.7  14407.3  196.403  14140.9
52  176  2025-06-10 20-56-37  195.2  16452.8  14404.9  196.489  14140.5
53  176  2025-06-10 20-56-37  196.8  16460.9  14402.5  196.576  14140.2
54  176  2025-06-10 20-56-37  198.4  16469  14400  196.662  14139.8
55  176  2025-06-10 20-56-37  200  16477.1  14397.6  196.748  14139.5
56  176  2025-06-10 20-56-37  201.6  16485.2  14395.2  196.835  14139.1
57  176  2025-06-10 20-56-37  203.2  16493.4  14392.7  196.921  14138.8
58  176  2025-06-10 20-56-37  204.8  16501.5  14390.3  197.007  14138.4
59  176  2025-06-10 20-56-37  206.4  16509.7  14387.8  197.094  14138.1
60  176  2025-06-10 20-56-37  208  16517.8  14385.4  197.18  14137.7
61  176  2025-06-10 20-56-37  209.6  16526  14383  197.266  14137.4
62  176  2025-06-10 20-56-37  211.2  16534.2  14380.5  197.353  14137
63  176  2025-06-10 20-56-37  212.8  16542.4  14378.1  197.439  14136.7
64  176  2025-06-10 20-56-37  214.4  16550.6  14375.7  197.525  14136.4
65  176  2025-06-10 20-56-37  216  16558.8  14373.2  197.612  14136
66  176  2025-06-10 20-56-37  217.6  16567  14370.8  197.698  14135.7
67  176  2025-06-10 20-56-37  219.2  16575.2  14368.4  197.784  14135.3
68  176  2025-06-10 20-56-37  220.8  16583.5  14366  197.871  14135
69  176  2025-06-10 20-56-37  222.4  16591.7  14363.5  197.957  14134.7
70  176  2025-06-10 20-56-37  224  16600  14361.1  198.043  14134.3
71  176  2025-06-10 20-56-37  225.6  16608.2  14358.7  198.13  14134
72  176  2025-06-10 20-56-37  227.2  16616.5  14356.2  198.216  14133.7
73  176  2025-06-10 20-56-37  228.8  16624.8  14353.8  198.302  14133.3
74  176  2025-06-10 20-56-37  230.4  16633.1  14351.4  198.389  14133
75  176  2025-06-10 20-56-37  232  16641.4  14349  198.475  14132.7
76  176  2025-06-10 20-56-37  233.6  16649.7  14346.5  198.561  14132.3
77  176  2025-06-10 20-56-37  235.2  16658  14344.1  198.648  14132
78  176  2025-06-10 20-56-37  236.8  16666.3  14341.7  198.734  14131.7
79  176  2025-06-10 20-56-37  238.4  16674.7  14339.3  198.82  14131.3
80  176  2025-06-10 20-56-37  240  16683  14336.8  198.907  14131
81  176  2025-06-10 20-56-37  241.6  16691.4  14334.4  198.993  14130.7
82  176  2025-06-10 20-56-37  243.2  16699.7  14332  199.079  14130.3
83  176  2025-06-10 20-56-37  244.8  16708.1  14329.6  199.166  14130
84  176  2025-06-10 20-56-37  246.4  16716.5  14327.2  199.252  14129.7
85  176  2025-06-10 20-56-37  248  16724.9  14324.7  199.338  14129.4
86  176  2025-06-10 20-56-37  249.6  16733.3  14322.3  199.425  14129.1
87  176  2025-06-10 20-56-37  251.2  16741.7  14319.9  199.511  14128.7
88  176  2025-06-10 20-56-37  252.8  16750.1  14317.5  199.597  14128.4
89  176  2025-06-10 20-56-37  254.4  16758.5  14315.1  199.684  14128.1
90  176  2025-06-10 20-56-37  256  16767  14312.6  199.77  14127.8
91  176  2025-06-10 20-56-37  257.6  16775.4  14310.2  199.856  14127.4
92  176  2025-06-10 20-56-37  259.2  16783.9  14307.8  199.943  14127.1
93  176  2025-06-10 20-56-37  260.8  16792.4  14305.4  200.029  14126.8
94  176  2025-06-10 20-56-37  262.4  16800.8  14303  200.115  14126.5
95  176  2025-06-10 20-56-37  264  16809.3  14300.6  200.202  14126.2
96  176  2025-06-10 20-56-37  265.6  16817.8  14298.2  200.288  14125.9
97  176  2025-06-10 20-56-37  267.2  16826.3  14295.7  200.374  14125.5
98  176  2025-06-10 20-56-37  268.8  16834.8  14293.3  200.461  14125.2
99  176  2025-06-10 20-56-37  270.4  16843.3  14290.9  200.547  14124.9
100  176  2025-06-10 20-56-37  1392  16851.9  14288.5  200.633  14124.6
101  176  2025-06-10 20-56-37  1393.6  16860.4  14286.1  200.72  14124.3
102  176  2025-06-10 20-56-37  1395.2  16868.9  14283.7  200.806  14124
103  176  2025-06-10 20-56-37  1396.8  16877.5  14281.3  200.892  14123.7
104  176  2025-06-10 20-56-37  1398.4  16886.1  14278.9  200.979  14123.4
105  176  2025-06-10 20-56-37  1400  16894.6  14276.5  201.065  14123.1
106  176  2025-06-10 20-56-37  1401.6  16903.2  14274  201.151  14122.7
107  176  2025-06-10 20-56-37  1403.2  16911.8  14271.6  201.238  14122.4
108  176  2025-06-10 20-56-37  1404.8  16920.4  14269.2  201.324  14122.1
109  176  2025-06-10 20-56-37  1406.4  16929  14266.8  201.41  14121.8
110  176  2025-06-10 20-56-37  1408  16937.7  14264.4  201.497  14121.5
111  176  2025-06-10 20-56-37  1409.6  16946.3  14262  201.583  14121.2
112  176  2025-06-10 20-56-37  1411.2  16954.9  14259.6  201.669  14120.9
113  176  2025-06-10 20-56-37  1412.8  16963.6  14257.2  201.756  14120.6
114  176  2025-06-10 20-56-37  1414.4  16972.2  14254.8  201.842  14120.3
115  176  2025-06-10 20-56-37  1416  16980.9  14252.4  201.928  14120
116  176  2025-06-10 20-56-37  1417.6  16989.6  14250  202.015  14119.7
117  176  2025-06-10 20-56-37  1419.2  16998.3  14247.6  202.101  14119.4
118  176  2025-06-10 20-56-37  1420.8  17006.9  14245.2  202.187  14119.1
119  176  2025-06-10 20-56-37  1422.4  17015.6  14242.8  202.274  14118.8
120  176  2025-06-10 20-56-37  1424  17024.4  14240.4  202.36  14118.5
121  176  2025-06-10 20-56-37  1425.6  17033.1  14238  202.446  14118.2
122  176  2025-06-10 20-56-37  1427.2  17041.8  14235.6  202.533  14117.9
123  176  2025-06-10 20-56-37  1428.8  17050.5  14233.2  202.619  14117.6
124  176  2025-06-10 20-56-37  1430.4  17059.3  14230.8  202.705  14117.3
125  176  2025-06-10 20-56-37  1432  17068  14228.4  202.792  14117
126  176  2025-06-10 20-56-37  1433.6  17076.8  14226  202.878  14116.7
127  176  2025-06-10 20-56-37  1435.2  17085.6  14223.6  202.964  14116.4
128  176  2025-06-10 20-56-37  1436.8  17094.4  14221.2  203.051  14116.1
129  176  2025-06-10 20-56-37  1438.4  17103.2  14218.8  203.137  14115.9
130  176  2025-06-10 20-56-37  1440  17112  14216.4  203.223  14115.6
131  176  2025-06-10 20-56-37  1441.6  17120.8  14214  203.31  14115.3
132  176  2025-06-10 20-56-37  1443.2  17129.6  14211.6  203.396  14115
133  176  2025-06-10 20-56-37  1444.8  17138.4  14209.2  203.482  14114.7
134  176  2025-06-10 20-56-37  1446.4  17147.3  14206.8  203.569  14114.4
135  176  2025-06-10 20-56-37  1448  17156.1  14204.4  203.655  14114.1
136  176  2025-06-10 20-56-37  1449.6  17165  14202.1  203.741  14113.8
137  176  2025-06-10 20-56-37  1451.2  17173.8  14199.7  203.828  14113.5
138  176  2025-06-10 20-56-37  1452.8  17182.7  14197.3  203.914  14113.2
139  176  2025-06-10 20-56-37  1454.4  17191.6  14194.9  204  14113
140  176  2025-06-10 20-56-37  1456  17200.5  14192.5  204.087  14112.7
141  176  2025-06-10 20-56-37  1457.6  17209.4  14190.1  204.173  14112.4
142  176  2025-06-10 20-56-37  1459.2  17218.3  14187.7  204.259  14112.1
143  176  2025-06-10 20-56-37  1460.8  17227.2  14185.3  204.346  14111.8
144  176  2025-06-10 20-56-37  1462.4  17236.2  14182.9  204.432  14111.5
145  176  2025-06-10 20-56-37  1464  17245.1  14180.5  204.518  14111.3
146  176  2025-06-10 20-56-37  1465.6  17254  14178.2  204.605  14111
147  176  2025-06-10 20-56-37  1467.2  17263  14175.8  204.691  14110.7
148  176  2025-06-10 20-56-37  1468.8  17272  14173.4  204.777  14110.4
149  176  2025-06-10 20-56-37  1470.4  17280.9  14171  204.864  14110.1
150  176  2025-06-10 20-56-37  1472  17289.9  14168.6  204.95  14109.8
151  176  2025-06-10 20-56-37  1473.6  17298.9  14166.2  205.036  14109.6
152  176  2025-06-10 20-56-37  1475.2  17307.9  14163.9  205.123  14109.3
153  176  2025-06-10 20-56-37  1476.8  17316.9  14161.5  205.209  14109
154  176  2025-06-10 20-56-37  1478.4  17325.9  14159.1  205.295  14108.7
155  176  2025-06-10 20-56-37  1480  17335  14156.7  205.382  14108.5
156  176  2025-06-10 20-56-37  1481.6  17344  14154.3  205.468  14108.2
157  176  2025-06-10 20-56-37  1483.2  17353.1  14151.9  205.554  14107.9
158  176  2025-06-10 20-56-37  1484.8  17362.1  14149.6  205.641  14107.6
159  176  2025-06-10 20-56-37  1486.4  17371.2  14147.2  205.727  14107.4
160  176  2025-06-10 20-56-37  1488  17380.3  14144.8  205.813  14107.1
161  176  2025-06-10 20-56-37  1489.6  17389.3  14142.4  205.9  14106.8
162  176  2025-06-10 20-56-37  1491.2  17398.4  14140  205.986  14106.5
163  176  2025-06-10 20-56-37  1492.8  17407.5  14137.7  206.072  14106.3
164  176  2025-06-10 20-56-37  1494.4  17416.7  14135.3  206.159  14106
165  176  2025-06-10 20-56-37  1496  17425.8  14132.9  206.245  14105.7
166  176  2025-06-10 20-56-37  1497.6  17434.9  14130.5  206.331  14105.4
167  176  2025-06-10 20-56-37  1499.2  17444  14128.2  206.418  14105.2
168  176  2025-06-10 20-56-37  1500.8  17453.2  14125.8  206.504  14104.9
169  176  2025-06-10 20-56-37  1502.4  17462.3  14123.4  206.59  14104.6
170  176  2025-06-10 20-56-37  1504  17471.5  14121  206.677  14104.4
171  176  2025-06-10 20-56-37  1505.6  17480.7  14118.7  206.763  14104.1
172  176  2025-06-10 20-56-37  1507.2  17489.9  14116.3  206.849  14103.8
173  176  2025-06-10 20-56-37  1508.8  17499.1  14113.9  206.936  14103.6
174  176  2025-06-10 20-56-37  1510.4  17508.3  14111.5  207.022  14103.3
175  176  2025-06-10 20-56-37  1512  17517.5  14109.2  207.108  14103
176  176  2025-06-10 20-56-37  1513.6  17526.7  14106.8  207.195  14102.8
177  176  2025-06-10 20-56-37  1515.2  17535.9  14104.4  207.281  14102.5
178  176  2025-06-10 20-56-37  1516.8  17545.2  14102.1  207.367  14102.2
179  176  2025-06-10 20-56-37  1518.4  17554.4  14099.7  207.454  14102
180  176  2025-06-10 20-56-37  1520  17563.7  14097.3  207.54  14101.7
181  176  2025-06-10 20-56-37  1521.6  17572.9  14095  207.626  14101.4
182  176  2025-06-10 20-56-37  1523.2  17582.2  14092.6  207.713  14101.2
183  176  2025-06-10 20-56-37  1524.8  17591.5  14090.2  207.799  14100.9
184  176  2025-06-10 20-56-37  1526.4  17600.8  14087.9  207.885  14100.6
185  176  2025-06-10 20-56-37  1528  17610.1  14085.5  207.972  14100.4
186  176  2025-06-10 20-56-37  1529.6  17619.4  14083.1  208.058  14100.1
187  176  2025-06-10 20-56-37  1531.2  17628.7  14080.8  208.145  14099.9
188  176  2025-06-10 20-56-37  1532.8  17638  14078.4  208.231  14099.6
189  176  2025-06-10 20-56-37  1534.4  17647.4  14076  208.317  14099.3
190  176  2025-06-10 20-56-37  1536  17656.7  14073.7  208.404  14099.1
191  176  2025-06-10 20-56-37  1537.6  17666.1  14071.3  208.49  14098.8
192  176  2025-06-10 20-56-37  1539.2  17675.4  14068.9  208.576  14098.6
193  176  2025-06-10 20-56-37  1540.8  17684.8  14066.6  208.663  14098.3
194  176  2025-06-10 20-56-37  1542.4  17694.2  14064.2  208.749  14098
195  176  2025-06-10 20-56-37  1544  17703.6  14061.9  208.835  14097.8
196  176  2025-06-10 20-56-37  1545.6  17713  14059.5  208.922  14097.5
197  176  2025-06-10 20-56-37  1547.2  17722.4  14057.1  209.008  14097.3
198  176  2025-06-10 20-56-37  1548.8  17731.8  14054.8  209.094  14097
199  176  2025-06-10 20-56-37  1550.4  17741.2  14052.4  209.181  14096.8
200  176  2025-06-10 20-56-37  1552  17750.7  14050.1  209.267  14096.5
201  176  2025-06-10 20-56-37  1553.6  17760.1  14047.7  209.353  14096.3
202  176  2025-06-10 20-56-37  1555.2  17769.6  14045.3  209.44  14096
203  176  2025-06-10 20-56-37  1556.8  17779  14043  209.526  14095.7
204  176  2025-06-10 20-56-37  1558.4  17788.5  14040.6  209.612  14095.5
205  176  2025-06-10 20-56-37  1560  17798  14038.3  209.699  14095.2
206  176  2025-06-10 20-56-37  1561.6  17807.5  14035.9  209.785  14095
207  176  2025-06-10 20-56-37  1563.2  17817  14033.6  209.871  14094.7
208  176  2025-06-10 20-56-37  1564.8  17826.5  2831.21  209.958  14094.5
209  176  2025-06-10 20-56-37  1566.4  17836  2828.85  210.044  14094.2
210  176  2025-06-10 20-56-37  1568  17845.5  2826.5  210.13  14094
211  176  2025-06-10 20-56-37  1569.6  17855.1  2824.15  210.217  14093.7
212  176  2025-06-10 20-56-37  1571.2  17864.6  2821.8  210.303  14093.5
213  176  2025-06-10 20-56-37  1572.8  17874.2  2819.45  210.389  14093.2
214  176  2025-06-10 20-56-37  1574.4  17883.7  2817.09  210.476  14093
215  176  2025-06-10 20-56-37  1576  17893.3  2814.74  210.562  14092.7
216  176  2025-06-10 20-56-37  1577.6  17902.9  2812.39  210.648  14092.5
217  176  2025-06-10 20-56-37  1579.2  17912.5  2810.05  210.735  14092.2
218  176  2025-06-10 20-56-37  1580.8  17922.1  2807.7  210.821  14092
219  176  2025-06-10 20-56-37  1582.4  17931.7  2805.35  210.907  14091.7
220  176  2025-06-10 20-56-37  1584  17941.3  2803  210.994  14091.5
221  176  2025-06-10 20-56-37  1585.6  17950.9  2800.65  211.08  14091.3
222  176  2025-06-10 20-56-37  1587.2  17960.6  2798.31  211.166  14091
223  176  2025-06-10 20-56-37  1588.8  17970.2  2795.96  211.253  14090.8
224  176  2025-06-10 20-56-37  1590.4  17979.9  2793.62  211.339  14090.5
225  176  2025-06-10 20-56-37  1592  17989.5  2791.27  211.425  14090.3
226  176  2025-06-10 20-56-37  1593.6  17999.2  2788.93  211.512  14090
227  176  2025-06-10 20-56-37  1595.2  18008.9  2786.58  211.598  14089.8
228  176  2025-06-10 20-56-37  1596.8  18018.6  2784.24  211.684  14089.5
229  176  2025-06-10 20-56-37  1598.4  18028.3  2781.9  211.771  14089.3
230  176  2025-06-10 20-56-37  1600  18038  2779.55  211.857  14089.1
231  176  2025-06-10 20-56-37  1601.6  18047.7  2777.21  211.943  14088.8
232  176  2025-06-10 20-56-37  1603.2  18057.4  2774.87  212.03  14088.6
233  176  2025-06-10 20-56-37  1604.8  18067.1  2772.53  212.116  14088.3
234  176  2025-06-10 20-56-37  1606.4  18076.9  2770.19  212.202  14088.1
235  176  2025-06-10 20-56-37  1608  18086.6  2767.85  212.289  14087.8
236  176  2025-06-10 20-56-37  1609.6  18096.4  2765.51  212.375  14087.6
237  176  2025-06-10 20-56-37  1611.2  18106.2  2763.17  212.461  14087.4
238  176  2025-06-10 20-56-37  1612.8  18115.9  2760.84  212.548  14087.1
239  176  2025-06-10 20-56-37  1614.4  18125.7  2758.5  212.634  14086.9
240  176  2025-06-10 20-56-37  1616  18135.5  2756.16  212.72  14086.6
241  176  2025-06-10 20-56-37  1617.6  18145.3  2753.82  212.807  14086.4
242  176  2025-06-10 20-56-37  1619.2  18155.1  2751.49  212.893  14086.2
243  176  2025-06-10 20-56-37  1620.8  18165  2749.15  212.979  14085.9
244  176  2025-06-10 20-56-37  1622.4  18174.8  2746.82  213.066  14085.7
245  176  2025-06-10 20-56-37  1624  18184.6  2744.49  213.152  14085.5
246  176  2025-06-10 20-56-37  1625.6  18194.5  2742.15  213.238  14085.2
247  176  2025-06-10 20-56-37  1627.2  18204.4  2739.82  213.325  14085
248  176  2025-06-10 20-56-37  1628.8  18214.2  2737.49  213.411  14084.8
249  176  2025-06-10 20-56-37  1630.4  18224.1  2735.15  213.497  14084.5
250  176  2025-06-10 20-56-37  1632  18234  2732.82  213.584  14084.3
251  176  2025-06-10 20-56-37  1633.6  18243.9  2730.49  213.67  14084
252  176  2025-06-10 20-56-37  1635.2  18253.8  2728.16  213.756  14083.8
253  176  2025-06-10 20-56-37  1636.8  18263.7  2725.83  213.843  14083.6
254  176  2025-06-10 20-56-37  1638.4  18273.6  2723.5  213.929  14083.3
255  176  2025-06-10 20-56-37  1640  18283.6  2721.17  214.015  14083.1
256  176  2025-06-10 20-56-37  1641.6  18293.5  2718.85  214.102  14082.9
257  176  2025-06-10 20-56-37  1643.2  18303.5  2716.52  214.188  14082.6
258  176  2025-06-10 20-56-37  1644.8  18313.4  2714.19  214.274  14082.4
259  176  2025-06-10 20-56-37  1646.4  18323.4  2711.87  214.361  14082.2
260  176  2025-06-10 20-56-37  1648  18333.4  2709.54  214.447  14082
261  176  2025-06-10 20-56-37  1649.6  18343.3  2707.22  214.533  14081.7
262  176  2025-06-10 20-56-37  1651.2  18353.3  2704.89  214.62  14081.5
263  176  2025-06-10 20-56-37  1652.8  18363.3  2702.57  214.706  14081.3
264  176  2025-06-10 20-56-37  1654.4  18373.4  2700.24  214.792  14081
265  176  2025-06-10 20-56-37  1656  18383.4  2697.92  214.879  14080.8
266  176  2025-06-10 20-56-37  1657.6  18393.4  2695.6  214.965  14080.6
267  176  2025-06-10 20-56-37  1659.2  18403.5  2693.28  215.051  14080.3
268  176  2025-06-10 20-56-37  1660.8  18413.5  2690.95  215.138  14080.1
269  176  2025-06-10 20-56-37  1662.4  18423.6  2688.63  215.224  14079.9
270  176  2025-06-10 20-56-37  1664  18433.6  2686.31  215.31  14079.7
271  176  2025-06-10 20-56-37  1665.6  18443.7  2683.99  215.397  14079.4
272  176  2025-06-10 20-56-37  1667.2  18453.8  2681.67  215.483  14079.2
273  176  2025-06-10 20-56-37  1668.8  18463.9  2679.36  215.569  14079
274  176  2025-06-10 20-56-37  1670.4  18474  2677.04  215.656  14078.7
275  176  2025-06-10 20-56-37  1672  18484.1  2674.72  215.742  14078.5
276  176  2025-06-10 20-56-37  1673.6  18494.2  2672.4  215.828  14078.3
277  176  2025-06-10 20-56-37  1675.2  18504.3  2670.09  215.915  14078.1
278  176  2025-06-10 20-56-37  1676.8  18514.5  2667.77  216.001  14077.8
279  176  2025-06-10 20-56-37  1678.4  18524.6  2665.46  216.087  14077.6
280  176  2025-06-10 20-56-37  1680  18534.8  2663.14  216.174  14077.4
281  176  2025-06-10 20-56-37  1681.6  18545  2660.83  216.26  14077.2
282  176  2025-06-10 20-56-37  1683.2  18555.1  2658.52  216.346  14076.9
283  176  2025-06-10 20-56-37  1684.8  18565.3  2656.2  216.433  14076.7
284  176  2025-06-10 20-56-37  1686.4  18575.5  2653.89  216.519  14076.5
285  176  2025-06-10 20-56-37  1688  18585.7  2651.58  216.605  14076.3
286  176  2025-06-10 20-56-37  1689.6  18595.9  2649.27  216.692  14076.1
287  176  2025-06-10 20-56-37  1691.2  18606.1  2646.96  216.778  14075.8
288  176  2025-06-10 20-56-37  1692.8  18616.4  2644.65  216.864  14075.6
289  176  2025-06-10 20-56-37  1694.4  18626.6  2642.34  216.951  14075.4
290  176  2025-06-10 20-56-37  1696  18636.9  2640.03  217.037  14075.2
291  176  2025-06-10 20-56-37  1697.6  18647.1  2637.72  217.123  14074.9
292  176  2025-06-10 20-56-37  1699.2  18657.4  2635.41  217.21  14074.7
293  176  2025-06-10 20-56-37  1700.8  18667.6  2633.11  217.296  14074.5
294  176  2025-06-10 20-56-37  1702.4  18677.9  2630.8  217.382  14074.3
295  176  2025-06-10 20-56-37  1704  18688.2  2628.49  217.469  14074.1
296  176  2025-06-10 20-56-37  1705.6  18698.5  2626.19  217.555  14073.8
297  176  2025-06-10 20-56-37  1707.2  18708.8  2623.88  217.641  14073.6
298  176  2025-06-10 20-56-37  1708.8  18719.2  2621.58  217.728  14073.4
299  176  2025-06-10 20-56-37  1710.4  18729.5  2619.28  217.814  14073.2
300  176  2025-06-10 20-56-37  1712  18739.8  2616.97  217.9  14073
301  176  2025-06-10 20-56-37  1713.6  18750.2  2614.67  217.987  14072.7
302  176  2025-06-10 20-56-37  1715.2  18760.5  2612.37  218.073  14072.5
303  176  2025-06-10 20-56-37  1716.8  18770.9  2610.07  218.159  14072.3
304  176  2025-06-10 20-56-37  1718.4  18781.3  2607.77  218.246  14072.1
305  176  2025-06-10 20-56-37  1720  18791.6  2605.47  218.332  14071.9
306  176  2025-06-10 20-56-37  1721.6  18802  2603.17  218.418  14071.7
307  176  2025-06-10 20-56-37  1723.2  18812.4  2600.87  218.505  14071.4
308  176  2025-06-10 20-56-37  1724.8  18822.8  2598.57  218.591  14071.2
309  176  2025-06-10 20-56-37  1726.4  18833.2  2596.27  218.677  14071
310  176  2025-06-10 20-56-37  1728  18843.7  2593.98  218.764  14070.8
311  176  2025-06-10 20-56-37  1729.6  18854.1  2591.68  218.85  14070.6
312  176  2025-06-10 20-56-37  1731.2  18864.6  2589.38  218.936  14070.4
313  176  2025-06-10 20-56-37  1732.8  18875  2587.09  219.023  14070.2
314  176  2025-06-10 20-56-37  1734.4  18885.5  2584.79  219.109  14069.9
315  176  2025-06-10 20-56-37  1736  18895.9  2582.5  219.195  14069.7
316  176  2025-06-10 20-56-37  1737.6  18906.4  2580.21  219.282  14069.5
317  176  2025-06-10 20-56-37  1739.2  18916.9  2577.91  219.368  14069.3
318  176  2025-06-10 20-56-37  1740.8  18927.4  2575.62  219.454  14069.1
319  176  2025-06-10 20-56-37  1742.4  18937.9  2573.33  219.541  14068.9
320  176  2025-06-10 20-56-37  1744  18948.4  2571.04  219.627  14068.7
321  176  2025-06-10 20-56-37  1745.6  18959  2568.75  219.713  14068.4
322  176  2025-06-10 20-56-37  1747.2  18969.5  2566.46  219.8  14068.2
323  176  2025-06-10 20-56-37  1748.8  18980  2564.17  219.886  14068
324  176  2025-06-10 20-56-37  1750.4  18990.6  2561.88  219.972  14067.8
325  176  2025-06-10 20-56-37  1752  19001.1  2559.59  220.059  14067.6
326  176  2025-06-10 20-56-37  1753.6  19011.7  2557.3  220.145  14067.4
327  176  2025-06-10 20-56-37  1755.2  19022.3  2555.02  220.231  14067.2
328  176  2025-06-10 20-56-37  1756.8  19032.9  2552.73  220.318  14067
329  176  2025-06-10 20-56-37  1758.4  19043.5  2550.44  220.404  14066.8
330  176  2025-06-10 20-56-37  1760  19054.1  2548.16  220.49  14066.5
331  176  2025-06-10 20-56-37  1761.6  19064.7  2545.87  220.577  14066.3
332  176  2025-06-10 20-56-37  1763.2  19075.3  2543.59  220.663  14066.1
333  176  2025-06-10 20-56-37  1764.8  19086  2541.31  220.749  14065.9
334  176  2025-06-10 20-56-37  1766.4  19096.6  2539.02  220.836  14065.7
335  176  2025-06-10 20-56-37  1768  19107.2  2536.74  220.922  14065.5
336  176  2025-06-10 20-56-37  1769.6  19117.9  2534.46  221.008  14065.3
337  176  2025-06-10 20-56-37  1771.2  19128.6  2532.18  221.095  14065.1
338  176  2025-06-10 20-56-37  1772.8  19139.3  2529.9  221.181  14064.9
339  176  2025-06-10 20-56-37  1774.4  19149.9  2527.62  221.267  14064.7
340  176  2025-06-10 20-56-37  1776  19160.6  2525.34  221.354  14064.5
341  176  2025-06-10 20-56-37  1777.6  19171.3  2523.06  221.44  14064.3
342  176  2025-06-10 20-56-37  1779.2  19182.1  2520.78  221.526  14064.1
343  176  2025-06-10 20-56-37  1780.8  19192.8  2518.51  221.613  14063.8
344  176  2025-06-10 20-56-37  1782.4  19203.5  2516.23  221.699  14063.6
345  176  2025-06-10 20-56-37  1784  19214.2  2513.95  221.785  14063.4
346  176  2025-06-10 20-56-37  1785.6  19225  2511.68  221.872  14063.2
347  176  2025-06-10 20-56-37  1787.2  19235.8  2509.4  221.958  14063
348  176  2025-06-10 20-56-37  1788.8  19246.5  2507.13  222.044  14062.8
349  176  2025-06-10 20-56-37  1790.4  19257.3  2504.86  222.131  14062.6
350  176  2025-06-10 20-56-37  1792  19268.1  2502.58  222.217  14062.4
351  176  2025-06-10 20-56-37  1793.6  19278.9  2500.31  222.303  14062.2
352  176  2025-06-10 20-56-37  1795.2  19289.7  2498.04  222.39  14062
353  176  2025-06-10 20-56-37  1796.8  19300.5  2495.77  222.476  14061.8
354  176  2025-06-10 20-56-37  1798.4  19311.3  2493.5  222.562  14061.6
355  176  2025-06-10 20-56-37  1800  19322.1  2491.23  222.649  14061.4
356  176  2025-06-10 20-56-37  1801.6  19333  2488.96  222.735  14061.2
357  176  2025-06-10 20-56-37  1803.2  19343.8  2486.69  222.821  14061
358  176  2025-06-10 20-56-37  1804.8  19354.7  2484.42  222.908  14060.8
359  176  2025-06-10 20-56-37  1806.4  19365.5  2482.16  222.994  14060.6
360  176  2025-06-10 20-56-37  1808  19376.4  2479.89  223.08  14060.4
361  176  2025-06-10 20-56-37  1809.6  19387.3  2477.62  223.167  14060.2
362  176  2025-06-10 20-56-37  1811.2  19398.2  2475.36  223.253  14060
363  176  2025-06-10 20-56-37  1812.8  19409.1  2473.09  223.339  14059.8
364  176  2025-06-10 20-56-37  1814.4  19420  2470.83  223.426  14059.6
365  176  2025-06-10 20-56-37  1816  19430.9  2468.57  223.512  14059.4
366  176  2025-06-10 20-56-37  1817.6  19441.9  2466.3  223.598  14059.2
367  176  2025-06-10 20-56-37  1819.2  19452.8  2464.04  223.685  14059
368  176  2025-06-10 20-56-37  1820.8  19463.7  2461.78  223.771  14058.8
369  176  2025-06-10 20-56-37  1822.4  19474.7  2459.52  223.857  14058.6
370  176  2025-06-10 20-56-37  1824  19485.7  2457.26  223.944  14058.4
371  176  2025-06-10 20-56-37  1825.6  19496.6  2455  224.03  14058.2
372  176  2025-06-10 20-56-37  1827.2  19507.6  2452.74  224.116  14058
373  176  2025-06-10 20-56-37  1828.8  19518.6  2450.48  224.203  14057.8
374  176  2025-06-10 20-56-37  1830.4  19529.6  2448.22  224.289  14057.6
375  176  2025-06-10 20-56-37  1832  19540.6  2445.97  224.375  14057.4
376  176  2025-06-10 20-56-37  1833.6  19551.6  2443.71  224.462  14057.2
377  176  2025-06-10 20-56-37  1835.2  19562.7  2441.45  224.548  14057
378  176  2025-06-10 20-56-37  1836.8  19573.7  2439.2  224.634  14056.8
379  176  2025-06-10 20-56-37  1838.4  19584.7  2436.94  224.721  14056.6
380  176  2025-06-10 20-56-37  1840  19595.8  2434.69  224.807  14056.4
381  176  2025-06-10 20-56-37  1841.6  19606.8  2432.44  224.893  14056.2
382  176  2025-06-10 20-56-37  1843.2  19617.9  2430.18  224.98  14056
383  176  2025-06-10 20-56-37  1844.8  19629  2427.93  225.066  14055.8
384  176  2025-06-10 20-56-37  1846.4  19640.1  2425.68  225.152  14055.6
385  176  2025-06-10 20-56-37  1848  19651.2  2423.43  225.239  14055.4
386  176  2025-06-10 20-56-37  1849.6  19662.3  2421.18  225.325  14055.2
387  176  2025-06-10 20-56-37  1851.2  19673.4  2418.93  225.411  14055
388  176  2025-06-10 20-56-37  1852.8  19684.5  2416.68  225.498  14054.8
389  176  2025-06-10 20-56-37  1854.4  19695.7  2414.43  225.584  14054.6
390  176  2025-06-10 20-56-37  1856  19706.8  2412.19  225.67  14054.5
391  176  2025-06-10 20-56-37  1857.6  19718  2409.94  225.757  14054.3
392  176  2025-06-10 20-56-37  1859.2  19729.1  2407.69  225.843  14054.1
393  176  2025-06-10 20-56-37  1860.8  19740.3  2405.45  225.929  14053.9
394  176  2025-06-10 20-56-37  1862.4  19751.5  2403.2  226.016  14053.7
395  176  2025-06-10 20-56-37  1864  19762.7  2400.96  226.102  14053.5
396  176  2025-06-10 20-56-37  1865.6  19773.9  2398.72  226.188  14053.3
397  176  2025-06-10 20-56-37  1867.2  19785.1  2396.47  226.275  14053.1
398  176  2025-06-10 20-56-37  1868.8  19796.3  2394.23  226.361  14052.9
399  176  2025-06-10 20-56-37  1870.4  19807.5  2391.99  226.447  14052.7
400  176  2025-06-10 20-56-37  1872  19818.7  2389.75  226.534  14052.5
401  176  2025-06-10 20-56-37  1873.6  19830  2387.51  226.62  14052.3
402  176  2025-06-10 20-56-37  1875.2  19841.2  2385.27  226.706  14052.1
403  176  2025-06-10 20-56-37  1876.8  19852.5  2383.03  226.793  14051.9
404  176  2025-06-10 20-56-37  1878.4  19863.7  2380.79  226.879  14051.8
405  176  2025-06-10 20-56-37  1880  19875  2378.55  226.965  14051.6
406  176  2025-06-10 20-56-37  1881.6  19886.3  2376.32  227.052  14051.4
407  176  2025-06-10 20-56-37  1883.2  19897.6  2374.08  227.138  14051.2
408  176  2025-06-10 20-56-37  1884.8  19908.9  2371.85  227.224  14051
409  176  2025-06-10 20-56-37  1886.4  19920.2  2369.61  227.311  14050.8
410  176  2025-06-10 20-56-37  1888  19931.5  2367.38  227.397  14050.6
411  176  2025-06-10 20-56-37  1889.6  19942.9  2365.14  227.483  14050.4
412  176  2025-06-10 20-56-37  1891.2  19954.2  2362.91  227.57  14050.2
413  176  2025-06-10 20-56-37  1892.8  19965.6  2360.68  227.656  14050
414  176  2025-06-10 20-56-37  1894.4  19976.9  2358.45  227.742  14049.9
415  176  2025-06-10 20-56-37  1896  19988.3  2356.22  227.829  14049.7
416  176  2025-06-10 20-56-37  1897.6  19999.7  2353.99  227.915  14049.5
417  176  2025-06-10 20-56-37  1899.2  20011  2351.76  228.001  14049.3
418  176  2025-06-10 20-56-37  1900.8  20022.4  2349.53  228.088  14049.1
419  176  2025-06-10 20-56-37  1902.4  20033.8  2347.3  228.174  14048.9
420  176  2025-06-10 20-56-37  1904  20045.2  2345.07  228.26  14048.7
421  176  2025-06-10 20-56-37  1905.6  20056.7  2342.85  228.347  14048.5
422  176  2025-06-10 20-56-37  1907.2  20068.1  2340.62  228.433  14048.4
423  176  2025-06-10 20-56-37  1908.8  20079.5  2338.39  228.519  14048.2
424  176  2025-06-10 20-56-37  1910.4  20091  2336.17  228.606  14048
425  176  2025-06-10 20-56-37  1912  20102.4  2333.94  228.692  14047.8
426  176  2025-06-10 20-56-37  1913.6  20113.9  2331.72  228.778  14047.6
427  176  2025-06-10 20-56-37  1915.2  20125.4  2329.5  228.865  14047.4
428  176  2025-06-10 20-56-37  1916.8  20136.9  2327.28  228.951  14047.2
429  176  2025-06-10 20-56-37  1918.4  20148.3  2325.06  229.037  14047.1
430  176  2025-06-10 20-56-37  1920  20159.8  2322.83  229.124  14046.9
431  176  2025-06-10 20-56-37  1921.6  20171.3  2320.61  229.21  14046.7
432  176  2025-06-10 20-56-37  1923.2  20182.9  2318.4  229.296  14046.5
433  176  2025-06-10 20-56-37  1924.8  20194.4  2316.18  229.383  14046.3
434  176  2025-06-10 20-56-37  1926.4  20205.9  2313.96  229.469  14046.1
435  176  2025-06-10 20-56-37  1928  20217.5  2311.74  229.555  14045.9
436  176  2025-06-10 20-56-37  1929.6  20229  2309.52  229.642  14045.8
437  176  2025-06-10 20-56-37  1931.2  20240.6  2307.31  229.728  14045.6
438  176  2025-06-10 20-56-37  1932.8  20252.2  2305.09  229.814  14045.4
439  176  2025-06-10 20-56-37  1934.4  20263.7  2302.88  229.901  14045.2
440  176  2025-06-10 20-56-37  1936  20275.3  2300.67  229.987  14045
441  176  2025-06-10 20-56-37  1937.6  20286.9  2298.45  230.073  14044.8
442  176  2025-06-10 20-56-37  1939.2  20298.5  2296.24  230.16  14044.7
443  176  2025-06-10 20-56-37  1940.8  20310.2  2294.03  230.246  14044.5
444  176  2025-06-10 20-56-37  1942.4  20321.8  2291.82  230.332  14044.3
445  176  2025-06-10 20-56-37  1944  20333.4  2289.61  230.419  14044.1
446  176  2025-06-10 20-56-37  1945.6  20345.1  2287.4  230.505  14043.9
447  176  2025-06-10 20-56-37  1947.2  20356.7  2285.19  230.591  14043.8
448  176  2025-06-10 20-56-37  1948.8  20368.4  2282.98  230.678  14043.6
449  176  2025-06-10 20-56-37  1950.4  20380  2280.77  230.764  14043.4
450  176  2025-06-10 20-56-37  1952  20391.7  2278.57  230.85  14043.2
451  176  2025-06-10 20-56-37  1953.6  20403.4  2276.36  230.937  14043
452  176  2025-06-10 20-56-37  1955.2  20415.1  2274.15  231.023  14042.9
453  176  2025-06-10 20-56-37  1956.8  20426.8  2271.95  231.109  14042.7
454  176  2025-06-10 20-56-37  1958.4  20438.5  2269.75  231.196  14042.5
455  176  2025-06-10 20-56-37  1960  20450.2  2267.54  231.282  14042.3
456  176  2025-06-10 20-56-37  1961.6  20462  2265.34  231.368  14042.1
457  176  2025-06-10 20-56-37  1963.2  20473.7  2263.14  231.455  14042
458  176  2025-06-10 20-56-37  1964.8  20485.5  2260.94  231.541  14041.8
459  176  2025-06-10 20-56-37  1966.4  20497.2  2258.74  231.627  14041.6
460  176  2025-06-10 20-56-37  1968  20509  2256.54  231.714  14041.4
461  176  2025-06-10 20-56-37  1969.6  20520.8  2254.34  231.8  14041.2
462  176  2025-06-10 20-56-37  1971.2  20532.5  2252.14  231.886  14041.1
463  176  2025-06-10 20-56-37  1972.8  20544.3  2249.94  231.973  14040.9
464  176  2025-06-10 20-56-37  1974.4  20556.1  2247.74  232.059  14040.7
465  176  2025-06-10 20-56-37  1976  20568  2245.55  232.145  14040.5
466  176  2025-06-10 20-56-37  1977.6  20579.8  2243.35  232.232  14040.3
467  176  2025-06-10 20-56-37  1979.2  20591.6  2241.16  232.318  14040.2
468  176  2025-06-10 20-56-37  1980.8  20603.4  2238.96  232.404  14040
469  176  2025-06-10 20-56-37  1982.4  20615.3  2236.77  232.491  14039.8
470  176  2025-06-10 20-56-37  1984  20627.2  2234.58  232.577  14039.6
471  176  2025-06-10 20-56-37  1985.6  20639  2232.39  232.663  14039.5
472  176  2025-06-10 20-56-37  1987.2  20650.9  2230.19  232.75  14039.3
473  176  2025-06-10 20-56-37  1988.8  20662.8  2228  232.836  14039.1
474  176  2025-06-10 20-56-37  1990.4  20674.7  2225.81  232.922  14038.9
475  176  2025-06-10 20-56-37  1992  20686.6  2223.62  233.009  14038.8
476  176  2025-06-10 20-56-37  1993.6  20698.5  2221.44  233.095  14038.6
477  176  2025-06-10 20-56-37  1995.2  20710.4  2219.25  233.181  14038.4
478  176  2025-06-10 20-56-37  1996.8  20722.3  2217.06  233.268  14038.2
479  176  2025-06-10 20-56-37  1998.4  20734.3  2214.88  233.354  14038.1
480  176  2025-06-10 20-56-37  2000  20746.2  2212.69  233.44  14037.9
481  176  2025-06-10 20-56-37  2001.6  20758.2  2210.51  233.527  14037.7
482  176  2025-06-10 20-56-37  2003.2  20770.1  2208.32  233.613  14037.5
483  176  2025-06-10 20-56-37  2004.8  20782.1  2206.14  233.699  14037.4
484  176  2025-06-10 20-56-37  2006.4  20794.1  2203.96  233.786  14037.2
485  176  2025-06-10 20-56-37  2008  20806.1  2201.77  233.872  14037
486  176  2025-06-10 20-56-37  2009.6  20818.1  2199.59  233.958  14036.8
487  176  2025-06-10 20-56-37  2011.2  20830.1  2197.41  234.045  14036.7
488  176  2025-06-10 20-56-37  2012.8  20842.1  2195.23  234.131  14036.5
489  176  2025-06-10 20-56-37  2014.4  20854.1  2193.05  234.217  14036.3
490  176  2025-06-10 20-56-37  2016  20866.2  2190.87  234.304  14036.1
491  176  2025-06-10 20-56-37  2017.6  20878.2  2188.7  234.39  14036
492  176  2025-06-10 20-56-37  2019.2  20890.3  2186.52  234.476  14035.8
493  176  2025-06-10 20-56-37  2020.8  20902.3  2184.34  234.563  14035.6
494  176  2025-06-10 20-56-37  2022.4  20914.4  2182.17  234.649  14035.5
495  176  2025-06-10 20-56-37  2024  20926.5  2179.99  234.735  14035.3
496  176  2025-06-10 20-56-37  2025.6  20938.6  2177.82  234.822  14035.1
497  176  2025-06-10 20-56-37  2027.2  20950.7  2175.65  234.908  14034.9
498  176  2025-06-10 20-56-37  2028.8  20962.8  2173.48  234.994  14034.8
499  176  2025-06-10 20-56-37  2030.4  20974.9  2171.3  235.081  14034.6
500  176  2025-06-10 20-56-37  2032  20987  2169.13  235.167  14034.4
501  176  2025-06-10 20-56-37  2033.6  20999.1  2166.96  235.253  14034.3
502  176  2025-06-10 20-56-37  2035.2  21011.3  2164.79  235.34  14034.1
503  176  2025-06-10 20-56-37  2036.8  21023.4  2162.63  235.426  14033.9
504  176  2025-06-10 20-56-37  2038.4  21035.6  2160.46  235.512  14033.7
505  176  2025-06-10 20-56-37  2040  21047.7  2158.29  235.599  14033.6
506  176  2025-06-10 20-56-37  2041.6  21059.9  2156.12  235.685  14033.4
507  176  2025-06-10 20-56-37  2043.2  21072.1  2153.96  235.771  14033.2
508  176  2025-06-10 20-56-37  2044.8  21084.3  2151.79  235.858  14033.1
509  176  2025-06-10 20-56-37  2046.4  21096.5  2149.63  235.944  14032.9
510  176  2025-06-10 20-56-37  2048  21108.7  2147.47  236.03  14032.7
511  176  2025-06-10 20-56-37  2049.6  21120.9  2145.3  236.117  14032.6
512  176  2025-06-10 20-56-37  2051.2  21133.2  2143.14  236.203  14032.4
513  176  2025-06-10 20-56-37  2052.8  21145.4  2140.98  236.289  14032.2
514  176  2025-06-10 20-56-37  2054.4  21157.7  2138.82  236.376  14032
515  176  2025-06-10 20-56-37  2056  21169.9  2136.66  236.462  2831.88
