SN    USVID    CurTime    simTime    CurX    CurY    CurVel      CurYaw   
0  176  2025-06-10 21-00-52  0  16040  14512  192  2672
1  176  2025-06-10 21-00-52  1.6  16048  14511.9  191.914  2688
2  176  2025-06-10 21-00-52  3.2  16056  14511.6  191.827  2704
3  176  2025-06-10 21-00-52  4.8  16063.9  14511.2  191.741  2720
4  176  2025-06-10 21-00-52  6.4  16071.9  14510.6  191.655  2736
5  176  2025-06-10 21-00-52  8  16079.8  14509.9  191.568  2752
6  176  2025-06-10 21-00-52  9.6  16087.7  14509.1  191.482  2768
7  176  2025-06-10 21-00-52  11.2  16095.6  14508.1  191.396  2784
8  176  2025-06-10 21-00-52  12.8  16103.4  14507  191.309  2800
9  176  2025-06-10 21-00-52  14.4  16111.3  14505.8  191.223  2816
10  176  2025-06-10 21-00-52  128  16119.1  14504.4  191.137  14032
11  176  2025-06-10 21-00-52  129.6  16126.8  14502.9  191.05  14048
12  176  2025-06-10 21-00-52  131.2  16134.5  14501.2  190.964  14064
13  176  2025-06-10 21-00-52  132.8  16142.2  14499.5  190.878  14080
14  176  2025-06-10 21-00-52  134.4  16149.9  14497.6  190.791  14096
15  176  2025-06-10 21-00-52  136  16157.5  14495.6  190.705  14109.4
16  176  2025-06-10 21-00-52  137.6  16165.1  14493.5  190.619  14120.1
17  176  2025-06-10 21-00-52  139.2  16172.6  14491.3  190.532  14128.6
18  176  2025-06-10 21-00-52  140.8  16180.1  14489.1  190.446  14135.3
19  176  2025-06-10 21-00-52  142.4  16187.6  14486.8  190.36  14140.6
20  176  2025-06-10 21-00-52  144  16195.1  14484.5  190.273  14144.8
21  176  2025-06-10 21-00-52  145.6  16202.6  14482.2  190.187  14148.1
22  176  2025-06-10 21-00-52  147.2  16210  14479.8  190.101  14150.7
23  176  2025-06-10 21-00-52  148.8  16217.5  14477.5  190.014  14152.7
24  176  2025-06-10 21-00-52  150.4  16224.9  14475.1  189.928  14154.2
25  176  2025-06-10 21-00-52  152  16232.3  14472.8  189.842  14155.3
26  176  2025-06-10 21-00-52  153.6  16239.7  14470.4  189.755  14156.1
27  176  2025-06-10 21-00-52  155.2  16247.1  14468  189.669  14156.7
28  176  2025-06-10 21-00-52  156.8  16254.5  14465.6  189.583  14157
29  176  2025-06-10 21-00-52  158.4  16261.9  14463.3  189.496  14157.2
30  176  2025-06-10 21-00-52  160  16269.2  14460.9  189.41  14157.3
31  176  2025-06-10 21-00-52  161.6  16276.6  14458.5  189.324  14157.2
32  176  2025-06-10 21-00-52  163.2  16284  14456.2  189.237  14157.1
33  176  2025-06-10 21-00-52  164.8  16291.3  14453.8  189.151  14156.9
34  176  2025-06-10 21-00-52  166.4  16298.6  14451.5  189.065  14156.7
35  176  2025-06-10 21-00-52  168  16306  14449.1  188.978  14156.4
36  176  2025-06-10 21-00-52  169.6  16313.3  14446.8  188.892  14156
37  176  2025-06-10 21-00-52  171.2  16320.6  14444.4  188.806  14155.7
38  176  2025-06-10 21-00-52  172.8  16327.9  14442.1  188.719  14155.3
39  176  2025-06-10 21-00-52  174.4  16335.2  14439.8  188.633  14154.9
40  176  2025-06-10 21-00-52  176  16342.5  14437.4  188.547  14154.5
41  176  2025-06-10 21-00-52  177.6  16349.8  14435.1  188.46  14154
42  176  2025-06-10 21-00-52  179.2  16357.1  14432.8  188.374  14153.6
43  176  2025-06-10 21-00-52  180.8  16364.4  14430.5  188.288  14153.2
44  176  2025-06-10 21-00-52  182.4  16371.6  14428.2  188.201  14152.7
45  176  2025-06-10 21-00-52  184  16378.9  14425.9  188.115  14152.3
46  176  2025-06-10 21-00-52  185.6  16386.1  14423.6  188.029  14151.8
47  176  2025-06-10 21-00-52  187.2  16393.4  14421.4  187.942  14151.4
48  176  2025-06-10 21-00-52  188.8  16400.6  14419.1  187.856  14150.9
49  176  2025-06-10 21-00-52  190.4  16407.8  14416.8  187.77  14150.5
50  176  2025-06-10 21-00-52  192  16415.1  14414.6  187.683  14150
51  176  2025-06-10 21-00-52  193.6  16422.3  14412.3  187.597  14149.6
52  176  2025-06-10 21-00-52  195.2  16429.5  14410.1  187.511  14149.1
53  176  2025-06-10 21-00-52  196.8  16436.7  14407.8  187.424  14148.7
54  176  2025-06-10 21-00-52  198.4  16443.9  14405.6  187.338  14148.2
55  176  2025-06-10 21-00-52  200  16451.1  14403.4  187.252  14147.8
56  176  2025-06-10 21-00-52  201.6  16458.3  14401.1  187.165  14147.3
57  176  2025-06-10 21-00-52  203.2  16465.4  14398.9  187.079  14146.9
58  176  2025-06-10 21-00-52  204.8  16472.6  14396.7  186.993  14146.5
59  176  2025-06-10 21-00-52  206.4  16479.8  14394.5  186.906  14146
60  176  2025-06-10 21-00-52  208  16486.9  14392.3  186.82  14145.6
61  176  2025-06-10 21-00-52  209.6  16494  14390.1  186.734  14145.1
62  176  2025-06-10 21-00-52  211.2  16501.2  14387.9  186.647  14144.7
63  176  2025-06-10 21-00-52  212.8  16508.3  14385.7  186.561  14144.3
64  176  2025-06-10 21-00-52  214.4  16515.4  14383.6  186.475  14143.8
65  176  2025-06-10 21-00-52  216  16522.6  14381.4  186.388  14143.4
66  176  2025-06-10 21-00-52  217.6  16529.7  14379.2  186.302  14143
67  176  2025-06-10 21-00-52  219.2  16536.8  14377.1  186.216  14142.6
68  176  2025-06-10 21-00-52  220.8  16543.9  14374.9  186.129  14142.1
69  176  2025-06-10 21-00-52  222.4  16550.9  14372.8  186.043  14141.7
70  176  2025-06-10 21-00-52  224  16558  14370.6  185.957  14141.3
71  176  2025-06-10 21-00-52  225.6  16565.1  14368.5  185.87  14140.9
72  176  2025-06-10 21-00-52  227.2  16572.2  14366.4  185.784  14140.5
73  176  2025-06-10 21-00-52  228.8  16579.2  14364.2  185.698  14140.1
74  176  2025-06-10 21-00-52  230.4  16586.3  14362.1  185.611  14139.6
75  176  2025-06-10 21-00-52  232  16593.3  14360  185.525  14139.2
76  176  2025-06-10 21-00-52  233.6  16600.3  14357.9  185.439  14138.8
77  176  2025-06-10 21-00-52  235.2  16607.4  14355.8  185.352  14138.4
78  176  2025-06-10 21-00-52  236.8  16614.4  14353.7  185.266  14138
79  176  2025-06-10 21-00-52  238.4  16621.4  14351.6  185.18  14137.6
80  176  2025-06-10 21-00-52  240  16628.4  14349.5  185.093  14137.2
81  176  2025-06-10 21-00-52  241.6  16635.4  14347.4  185.007  14136.8
82  176  2025-06-10 21-00-52  243.2  16642.4  14345.4  184.921  14136.4
83  176  2025-06-10 21-00-52  244.8  16649.4  14343.3  184.834  14136
84  176  2025-06-10 21-00-52  246.4  16656.4  14341.2  184.748  14135.6
85  176  2025-06-10 21-00-52  248  16663.3  14339.2  184.662  14135.2
86  176  2025-06-10 21-00-52  249.6  16670.3  14337.1  184.575  14134.8
87  176  2025-06-10 21-00-52  251.2  16677.2  14335.1  184.489  14134.5
88  176  2025-06-10 21-00-52  252.8  16684.2  14333  184.403  14134.1
89  176  2025-06-10 21-00-52  254.4  16691.1  14331  184.316  14133.7
90  176  2025-06-10 21-00-52  256  16698.1  14329  184.23  14133.3
91  176  2025-06-10 21-00-52  257.6  16705  14326.9  184.144  14132.9
92  176  2025-06-10 21-00-52  259.2  16711.9  14324.9  184.057  14132.5
93  176  2025-06-10 21-00-52  260.8  16718.8  14322.9  183.971  14132.1
94  176  2025-06-10 21-00-52  262.4  16725.7  14320.9  183.885  14131.8
95  176  2025-06-10 21-00-52  264  16732.6  14318.9  183.798  14131.4
96  176  2025-06-10 21-00-52  265.6  16739.5  14316.9  183.712  14131
97  176  2025-06-10 21-00-52  267.2  16746.4  14314.9  183.626  14130.6
98  176  2025-06-10 21-00-52  268.8  16753.2  14312.9  183.539  14130.3
99  176  2025-06-10 21-00-52  270.4  16760.1  14310.9  183.453  14129.9
100  176  2025-06-10 21-00-52  1392  16767  14308.9  183.367  14129.5
101  176  2025-06-10 21-00-52  1393.6  16773.8  14307  183.28  14129.2
102  176  2025-06-10 21-00-52  1395.2  16780.7  14305  183.194  14128.8
103  176  2025-06-10 21-00-52  1396.8  16787.5  14303  183.108  14128.4
104  176  2025-06-10 21-00-52  1398.4  16794.3  14301.1  183.021  14128.1
105  176  2025-06-10 21-00-52  1400  16801.1  14299.1  182.935  14127.7
106  176  2025-06-10 21-00-52  1401.6  16807.9  14297.2  182.849  14127.3
107  176  2025-06-10 21-00-52  1403.2  16814.7  14295.2  182.762  14127
108  176  2025-06-10 21-00-52  1404.8  16821.5  14293.3  182.676  14126.6
109  176  2025-06-10 21-00-52  1406.4  16828.3  14291.4  182.59  14126.3
110  176  2025-06-10 21-00-52  1408  16835.1  14289.4  182.503  14125.9
111  176  2025-06-10 21-00-52  1409.6  16841.9  14287.5  182.417  14125.5
112  176  2025-06-10 21-00-52  1411.2  16848.7  14285.6  182.331  14125.2
113  176  2025-06-10 21-00-52  1412.8  16855.4  14283.7  182.244  14124.8
114  176  2025-06-10 21-00-52  1414.4  16862.2  14281.8  182.158  14124.5
115  176  2025-06-10 21-00-52  1416  16868.9  14279.9  182.072  14124.1
116  176  2025-06-10 21-00-52  1417.6  16875.6  14278  181.985  14123.8
117  176  2025-06-10 21-00-52  1419.2  16882.4  14276.1  181.899  14123.4
118  176  2025-06-10 21-00-52  1420.8  16889.1  14274.2  181.813  14123.1
119  176  2025-06-10 21-00-52  1422.4  16895.8  14272.3  181.726  14122.7
120  176  2025-06-10 21-00-52  1424  16902.5  14270.4  181.64  14122.4
121  176  2025-06-10 21-00-52  1425.6  16909.2  14268.6  181.554  14122.1
122  176  2025-06-10 21-00-52  1427.2  16915.9  14266.7  181.467  14121.7
123  176  2025-06-10 21-00-52  1428.8  16922.6  14264.8  181.381  14121.4
124  176  2025-06-10 21-00-52  1430.4  16929.3  14263  181.295  14121
125  176  2025-06-10 21-00-52  1432  16935.9  14261.1  181.208  14120.7
126  176  2025-06-10 21-00-52  1433.6  16942.6  14259.3  181.122  14120.4
127  176  2025-06-10 21-00-52  1435.2  16949.2  14257.4  181.036  14120
128  176  2025-06-10 21-00-52  1436.8  16955.9  14255.6  180.949  14119.7
129  176  2025-06-10 21-00-52  1438.4  16962.5  14253.7  180.863  14119.4
130  176  2025-06-10 21-00-52  1440  16969.2  14251.9  180.777  14119
131  176  2025-06-10 21-00-52  1441.6  16975.8  14250.1  180.69  14118.7
132  176  2025-06-10 21-00-52  1443.2  16982.4  14248.3  180.604  14118.4
133  176  2025-06-10 21-00-52  1444.8  16989  14246.4  180.518  14118
134  176  2025-06-10 21-00-52  1446.4  16995.6  14244.6  180.431  14117.7
135  176  2025-06-10 21-00-52  1448  17002.2  14242.8  180.345  14117.4
136  176  2025-06-10 21-00-52  1449.6  17008.8  14241  180.259  14117.1
137  176  2025-06-10 21-00-52  1451.2  17015.3  14239.2  180.172  14116.7
138  176  2025-06-10 21-00-52  1452.8  17021.9  14237.4  180.086  14116.4
139  176  2025-06-10 21-00-52  1454.4  17028.5  14235.6  180  14116.1
140  176  2025-06-10 21-00-52  1456  17035  14233.9  179.913  14115.8
141  176  2025-06-10 21-00-52  1457.6  17041.6  14232.1  179.827  14115.5
142  176  2025-06-10 21-00-52  1459.2  17048.1  14230.3  179.741  14115.1
143  176  2025-06-10 21-00-52  1460.8  17054.6  14228.5  179.654  14114.8
144  176  2025-06-10 21-00-52  1462.4  17061.2  14226.8  179.568  14114.5
145  176  2025-06-10 21-00-52  1464  17067.7  14225  179.482  14114.2
146  176  2025-06-10 21-00-52  1465.6  17074.2  14223.2  179.395  14113.9
147  176  2025-06-10 21-00-52  1467.2  17080.7  14221.5  179.309  14113.6
148  176  2025-06-10 21-00-52  1468.8  17087.2  14219.7  179.223  14113.3
149  176  2025-06-10 21-00-52  1470.4  17093.7  14218  179.136  14112.9
150  176  2025-06-10 21-00-52  1472  17100.1  14216.3  179.05  14112.6
151  176  2025-06-10 21-00-52  1473.6  17106.6  14214.5  178.964  14112.3
152  176  2025-06-10 21-00-52  1475.2  17113.1  14212.8  178.877  14112
153  176  2025-06-10 21-00-52  1476.8  17119.5  14211.1  178.791  14111.7
154  176  2025-06-10 21-00-52  1478.4  17126  14209.3  178.705  14111.4
155  176  2025-06-10 21-00-52  1480  17132.4  14207.6  178.618  14111.1
156  176  2025-06-10 21-00-52  1481.6  17138.8  14205.9  178.532  14110.8
157  176  2025-06-10 21-00-52  1483.2  17145.2  14204.2  178.446  14110.5
158  176  2025-06-10 21-00-52  1484.8  17151.7  14202.5  178.359  14110.2
159  176  2025-06-10 21-00-52  1486.4  17158.1  14200.8  178.273  14109.9
160  176  2025-06-10 21-00-52  1488  17164.5  14199.1  178.187  14109.6
161  176  2025-06-10 21-00-52  1489.6  17170.8  14197.4  178.1  14109.3
162  176  2025-06-10 21-00-52  1491.2  17177.2  14195.7  178.014  14109
163  176  2025-06-10 21-00-52  1492.8  17183.6  14194  177.928  14108.7
164  176  2025-06-10 21-00-52  1494.4  17190  14192.4  177.841  14108.4
165  176  2025-06-10 21-00-52  1496  17196.3  14190.7  177.755  14108.1
166  176  2025-06-10 21-00-52  1497.6  17202.7  14189  177.669  14107.8
167  176  2025-06-10 21-00-52  1499.2  17209  14187.3  177.582  14107.5
168  176  2025-06-10 21-00-52  1500.8  17215.4  14185.7  177.496  14107.2
169  176  2025-06-10 21-00-52  1502.4  17221.7  14184  177.41  14106.9
170  176  2025-06-10 21-00-52  1504  17228  14182.4  177.323  14106.6
171  176  2025-06-10 21-00-52  1505.6  17234.3  14180.7  177.237  14106.3
172  176  2025-06-10 21-00-52  1507.2  17240.6  14179.1  177.151  14106
173  176  2025-06-10 21-00-52  1508.8  17246.9  14177.4  177.064  14105.8
174  176  2025-06-10 21-00-52  1510.4  17253.2  14175.8  176.978  14105.5
175  176  2025-06-10 21-00-52  1512  17259.5  14174.2  176.892  14105.2
176  176  2025-06-10 21-00-52  1513.6  17265.8  14172.5  176.805  14104.9
177  176  2025-06-10 21-00-52  1515.2  17272  14170.9  176.719  14104.6
178  176  2025-06-10 21-00-52  1516.8  17278.3  14169.3  176.633  14104.3
179  176  2025-06-10 21-00-52  1518.4  17284.5  14167.7  176.546  14104
180  176  2025-06-10 21-00-52  1520  17290.8  14166.1  176.46  14103.8
181  176  2025-06-10 21-00-52  1521.6  17297  14164.5  176.374  14103.5
182  176  2025-06-10 21-00-52  1523.2  17303.2  14162.8  176.287  14103.2
183  176  2025-06-10 21-00-52  1524.8  17309.4  14161.2  176.201  14102.9
184  176  2025-06-10 21-00-52  1526.4  17315.7  14159.7  176.115  14102.6
185  176  2025-06-10 21-00-52  1528  17321.9  14158.1  176.028  14102.4
186  176  2025-06-10 21-00-52  1529.6  17328  14156.5  175.942  14102.1
187  176  2025-06-10 21-00-52  1531.2  17334.2  14154.9  175.855  14101.8
188  176  2025-06-10 21-00-52  1532.8  17340.4  14153.3  175.769  14101.5
189  176  2025-06-10 21-00-52  1534.4  17346.6  14151.7  175.683  14101.2
190  176  2025-06-10 21-00-52  1536  17352.7  14150.2  175.596  14101
191  176  2025-06-10 21-00-52  1537.6  17358.9  14148.6  175.51  14100.7
192  176  2025-06-10 21-00-52  1539.2  17365  14147  175.424  14100.4
193  176  2025-06-10 21-00-52  1540.8  17371.2  14145.5  175.337  14100.1
194  176  2025-06-10 21-00-52  1542.4  17377.3  14143.9  175.251  14099.9
195  176  2025-06-10 21-00-52  1544  17383.4  14142.4  175.165  14099.6
196  176  2025-06-10 21-00-52  1545.6  17389.6  14140.8  175.078  14099.3
197  176  2025-06-10 21-00-52  1547.2  17395.7  14139.3  174.992  14099.1
198  176  2025-06-10 21-00-52  1548.8  17401.8  14137.7  174.906  14098.8
199  176  2025-06-10 21-00-52  1550.4  17407.8  14136.2  174.819  14098.5
200  176  2025-06-10 21-00-52  1552  17413.9  14134.7  174.733  14098.2
201  176  2025-06-10 21-00-52  1553.6  17420  14133.1  174.647  14098
202  176  2025-06-10 21-00-52  1555.2  17426.1  14131.6  174.56  14097.7
203  176  2025-06-10 21-00-52  1556.8  17432.1  14130.1  174.474  14097.4
204  176  2025-06-10 21-00-52  1558.4  17438.2  14128.6  174.388  14097.2
205  176  2025-06-10 21-00-52  1560  17444.2  14127.1  174.301  14096.9
206  176  2025-06-10 21-00-52  1561.6  17450.3  14125.5  174.215  14096.7
207  176  2025-06-10 21-00-52  1563.2  17456.3  14124  174.129  14096.4
208  176  2025-06-10 21-00-52  1564.8  17462.3  14122.5  174.042  14096.1
209  176  2025-06-10 21-00-52  1566.4  17468.3  14121  173.956  14095.9
210  176  2025-06-10 21-00-52  1568  17474.3  14119.5  173.87  14095.6
211  176  2025-06-10 21-00-52  1569.6  17480.3  14118.1  173.783  14095.3
212  176  2025-06-10 21-00-52  1571.2  17486.3  14116.6  173.697  14095.1
213  176  2025-06-10 21-00-52  1572.8  17492.3  14115.1  173.611  14094.8
214  176  2025-06-10 21-00-52  1574.4  17498.3  14113.6  173.524  14094.6
215  176  2025-06-10 21-00-52  1576  17504.2  14112.1  173.438  14094.3
216  176  2025-06-10 21-00-52  1577.6  17510.2  14110.7  173.352  14094.1
217  176  2025-06-10 21-00-52  1579.2  17516.1  14109.2  173.265  14093.8
218  176  2025-06-10 21-00-52  1580.8  17522.1  14107.7  173.179  14093.5
219  176  2025-06-10 21-00-52  1582.4  17528  14106.3  173.093  14093.3
220  176  2025-06-10 21-00-52  1584  17533.9  14104.8  173.006  14093
221  176  2025-06-10 21-00-52  1585.6  17539.8  14103.4  172.92  14092.8
222  176  2025-06-10 21-00-52  1587.2  17545.8  14101.9  172.834  14092.5
223  176  2025-06-10 21-00-52  1588.8  17551.7  14100.5  172.747  14092.3
224  176  2025-06-10 21-00-52  1590.4  17557.5  14099  172.661  14092
225  176  2025-06-10 21-00-52  1592  17563.4  14097.6  172.575  14091.8
226  176  2025-06-10 21-00-52  1593.6  17569.3  14096.1  172.488  14091.5
227  176  2025-06-10 21-00-52  1595.2  17575.2  14094.7  172.402  14091.3
228  176  2025-06-10 21-00-52  1596.8  17581  14093.3  172.316  14091
229  176  2025-06-10 21-00-52  1598.4  17586.9  14091.9  172.229  14090.8
230  176  2025-06-10 21-00-52  1600  17592.7  14090.4  172.143  14090.5
231  176  2025-06-10 21-00-52  1601.6  17598.6  14089  172.057  14090.3
232  176  2025-06-10 21-00-52  1603.2  17604.4  14087.6  171.97  14090
233  176  2025-06-10 21-00-52  1604.8  17610.2  14086.2  171.884  14089.8
234  176  2025-06-10 21-00-52  1606.4  17616  14084.8  171.798  14089.5
235  176  2025-06-10 21-00-52  1608  17621.8  14083.4  171.711  14089.3
236  176  2025-06-10 21-00-52  1609.6  17627.6  14082  171.625  14089
237  176  2025-06-10 21-00-52  1611.2  17633.4  14080.6  171.539  14088.8
238  176  2025-06-10 21-00-52  1612.8  17639.2  14079.2  171.452  14088.6
239  176  2025-06-10 21-00-52  1614.4  17645  14077.8  171.366  14088.3
240  176  2025-06-10 21-00-52  1616  17650.7  14076.4  171.28  14088.1
241  176  2025-06-10 21-00-52  1617.6  17656.5  14075.1  171.193  14087.8
242  176  2025-06-10 21-00-52  1619.2  17662.2  14073.7  171.107  14087.6
243  176  2025-06-10 21-00-52  1620.8  17668  14072.3  171.021  14087.3
244  176  2025-06-10 21-00-52  1622.4  17673.7  14070.9  170.934  14087.1
245  176  2025-06-10 21-00-52  1624  17679.4  14069.6  170.848  14086.9
246  176  2025-06-10 21-00-52  1625.6  17685.1  14068.2  170.762  14086.6
247  176  2025-06-10 21-00-52  1627.2  17690.9  14066.9  170.675  14086.4
248  176  2025-06-10 21-00-52  1628.8  17696.6  14065.5  170.589  14086.1
249  176  2025-06-10 21-00-52  1630.4  17702.2  14064.1  170.503  14085.9
250  176  2025-06-10 21-00-52  1632  17707.9  14062.8  170.416  14085.7
251  176  2025-06-10 21-00-52  1633.6  17713.6  14061.4  170.33  14085.4
252  176  2025-06-10 21-00-52  1635.2  17719.3  14060.1  170.244  14085.2
253  176  2025-06-10 21-00-52  1636.8  17724.9  14058.8  170.157  14085
254  176  2025-06-10 21-00-52  1638.4  17730.6  14057.4  170.071  14084.7
255  176  2025-06-10 21-00-52  1640  17736.2  14056.1  169.985  14084.5
256  176  2025-06-10 21-00-52  1641.6  17741.9  14054.8  169.898  14084.3
257  176  2025-06-10 21-00-52  1643.2  17747.5  14053.4  169.812  14084
258  176  2025-06-10 21-00-52  1644.8  17753.1  14052.1  169.726  14083.8
259  176  2025-06-10 21-00-52  1646.4  17758.7  14050.8  169.639  14083.6
260  176  2025-06-10 21-00-52  1648  17764.3  14049.5  169.553  14083.3
261  176  2025-06-10 21-00-52  1649.6  17769.9  14048.2  169.467  14083.1
262  176  2025-06-10 21-00-52  1651.2  17775.5  14046.9  169.38  14082.9
263  176  2025-06-10 21-00-52  1652.8  17781.1  14045.6  169.294  14082.6
264  176  2025-06-10 21-00-52  1654.4  17786.7  14044.3  169.208  14082.4
265  176  2025-06-10 21-00-52  1656  17792.2  14043  169.121  14082.2
266  176  2025-06-10 21-00-52  1657.6  17797.8  14041.7  169.035  14081.9
267  176  2025-06-10 21-00-52  1659.2  17803.3  14040.4  168.949  14081.7
268  176  2025-06-10 21-00-52  1660.8  17808.9  14039.1  168.862  14081.5
269  176  2025-06-10 21-00-52  1662.4  17814.4  14037.8  168.776  14081.3
270  176  2025-06-10 21-00-52  1664  17819.9  14036.5  168.69  14081
271  176  2025-06-10 21-00-52  1665.6  17825.4  14035.2  168.603  14080.8
272  176  2025-06-10 21-00-52  1667.2  17830.9  14034  168.517  14080.6
273  176  2025-06-10 21-00-52  1668.8  17836.4  14032.7  168.431  14080.4
274  176  2025-06-10 21-00-52  1670.4  17841.9  2831.43  168.344  14080.1
275  176  2025-06-10 21-00-52  1672  17847.4  2830.17  168.258  14079.9
276  176  2025-06-10 21-00-52  1673.6  17852.9  2828.91  168.172  14079.7
277  176  2025-06-10 21-00-52  1675.2  17858.3  2827.65  168.085  14079.5
278  176  2025-06-10 21-00-52  1676.8  17863.8  2826.39  167.999  14079.2
279  176  2025-06-10 21-00-52  1678.4  17869.2  2825.14  167.913  14079
280  176  2025-06-10 21-00-52  1680  17874.7  2823.89  167.826  14078.8
281  176  2025-06-10 21-00-52  1681.6  17880.1  2822.65  167.74  14078.6
282  176  2025-06-10 21-00-52  1683.2  17885.5  2821.4  167.654  14078.4
283  176  2025-06-10 21-00-52  1684.8  17891  2820.16  167.567  14078.1
284  176  2025-06-10 21-00-52  1686.4  17896.4  2818.93  167.481  14077.9
285  176  2025-06-10 21-00-52  1688  17901.8  2817.7  167.395  14077.7
286  176  2025-06-10 21-00-52  1689.6  17907.2  2816.47  167.308  14077.5
287  176  2025-06-10 21-00-52  1691.2  17912.5  2815.24  167.222  14077.3
288  176  2025-06-10 21-00-52  1692.8  17917.9  2814.02  167.136  14077
289  176  2025-06-10 21-00-52  1694.4  17923.3  2812.8  167.049  14076.8
290  176  2025-06-10 21-00-52  1696  17928.7  2811.58  166.963  14076.6
291  176  2025-06-10 21-00-52  1697.6  17934  2810.37  166.877  14076.4
292  176  2025-06-10 21-00-52  1699.2  17939.3  2809.16  166.79  14076.2
293  176  2025-06-10 21-00-52  1700.8  17944.7  2807.95  166.704  14076
294  176  2025-06-10 21-00-52  1702.4  17950  2806.75  166.618  14075.7
295  176  2025-06-10 21-00-52  1704  17955.3  2805.55  166.531  14075.5
296  176  2025-06-10 21-00-52  1705.6  17960.6  2804.35  166.445  14075.3
297  176  2025-06-10 21-00-52  1707.2  17965.9  2803.15  166.359  14075.1
298  176  2025-06-10 21-00-52  1708.8  17971.2  2801.96  166.272  14074.9
299  176  2025-06-10 21-00-52  1710.4  17976.5  2800.77  166.186  14074.7
300  176  2025-06-10 21-00-52  1712  17981.8  2799.59  166.1  14074.5
301  176  2025-06-10 21-00-52  1713.6  17987.1  2798.41  166.013  14074.2
302  176  2025-06-10 21-00-52  1715.2  17992.3  2797.23  165.927  14074
303  176  2025-06-10 21-00-52  1716.8  17997.6  2796.05  165.841  14073.8
304  176  2025-06-10 21-00-52  1718.4  18002.8  2794.88  165.754  14073.6
305  176  2025-06-10 21-00-52  1720  18008.1  2793.71  165.668  14073.4
306  176  2025-06-10 21-00-52  1721.6  18013.3  2792.54  165.582  14073.2
307  176  2025-06-10 21-00-52  1723.2  18018.5  2791.38  165.495  14073
308  176  2025-06-10 21-00-52  1724.8  18023.7  2790.22  165.409  14072.8
309  176  2025-06-10 21-00-52  1726.4  18028.9  2789.06  165.323  14072.6
310  176  2025-06-10 21-00-52  1728  18034.1  2787.91  165.236  14072.3
311  176  2025-06-10 21-00-52  1729.6  18039.3  2786.76  165.15  14072.1
312  176  2025-06-10 21-00-52  1731.2  18044.5  2785.61  165.064  14071.9
313  176  2025-06-10 21-00-52  1732.8  18049.7  2784.47  164.977  14071.7
314  176  2025-06-10 21-00-52  1734.4  18054.8  2783.32  164.891  14071.5
315  176  2025-06-10 21-00-52  1736  18060  2782.18  164.805  14071.3
316  176  2025-06-10 21-00-52  1737.6  18065.2  2781.05  164.718  14071.1
317  176  2025-06-10 21-00-52  1739.2  18070.3  2779.91  164.634  14070.9
318  176  2025-06-10 21-00-52  1740.8  18075.4  2778.78  164.55  14070.7
319  176  2025-06-10 21-00-52  1742.4  18080.5  2777.66  164.468  14070.5
320  176  2025-06-10 21-00-52  1744  18085.7  2776.53  164.388  14070.3
321  176  2025-06-10 21-00-52  1745.6  18090.8  2775.41  164.309  14070.1
322  176  2025-06-10 21-00-52  1747.2  18095.9  2774.29  164.232  14069.9
323  176  2025-06-10 21-00-52  1748.8  18101  2773.18  164.155  14069.7
324  176  2025-06-10 21-00-52  1750.4  18106.1  2772.06  164.081  14069.5
325  176  2025-06-10 21-00-52  1752  18111.1  2770.95  164.007  14069.3
326  176  2025-06-10 21-00-52  1753.6  18116.2  2769.85  163.935  14069.1
327  176  2025-06-10 21-00-52  1755.2  18121.3  2768.74  163.864  14068.9
328  176  2025-06-10 21-00-52  1756.8  18126.3  2767.64  163.795  14068.7
329  176  2025-06-10 21-00-52  1758.4  18131.4  2766.54  163.727  14068.5
330  176  2025-06-10 21-00-52  1760  18136.4  2765.44  163.66  14068.3
331  176  2025-06-10 21-00-52  1761.6  18141.5  2764.35  163.594  14068.1
332  176  2025-06-10 21-00-52  1763.2  18146.5  2763.25  163.529  14067.9
333  176  2025-06-10 21-00-52  1764.8  18151.6  2762.16  163.466  14067.7
334  176  2025-06-10 21-00-52  1766.4  18156.6  2761.07  163.403  14067.5
335  176  2025-06-10 21-00-52  1768  18161.6  2759.99  163.342  14067.3
336  176  2025-06-10 21-00-52  1769.6  18166.6  2758.91  163.282  14067.1
337  176  2025-06-10 21-00-52  1771.2  18171.6  2757.83  163.223  14066.9
338  176  2025-06-10 21-00-52  1772.8  18176.6  2756.75  163.165  14066.7
339  176  2025-06-10 21-00-52  1774.4  18181.6  2755.67  163.108  14066.5
340  176  2025-06-10 21-00-52  1776  18186.6  2754.6  163.052  14066.3
341  176  2025-06-10 21-00-52  1777.6  18191.6  2753.53  162.997  14066.1
342  176  2025-06-10 21-00-52  1779.2  18196.6  2752.46  162.943  14065.9
343  176  2025-06-10 21-00-52  1780.8  18201.5  2751.39  162.89  14065.7
344  176  2025-06-10 21-00-52  1782.4  18206.5  2750.32  162.838  14065.5
345  176  2025-06-10 21-00-52  1784  18211.5  2749.26  162.787  14065.3
346  176  2025-06-10 21-00-52  1785.6  18216.4  2748.2  162.737  14065.1
347  176  2025-06-10 21-00-52  1787.2  18221.4  2747.14  162.688  14064.9
348  176  2025-06-10 21-00-52  1788.8  18226.4  2746.09  162.64  14064.7
349  176  2025-06-10 21-00-52  1790.4  18231.3  2745.03  162.592  14064.5
350  176  2025-06-10 21-00-52  1792  18236.2  2743.98  162.546  14064.3
351  176  2025-06-10 21-00-52  1793.6  18241.2  2742.93  162.5  14064.1
352  176  2025-06-10 21-00-52  1795.2  18246.1  2741.88  162.455  14063.9
353  176  2025-06-10 21-00-52  1796.8  18251.1  2740.83  162.411  14063.7
354  176  2025-06-10 21-00-52  1798.4  18256  2739.79  162.367  14063.6
355  176  2025-06-10 21-00-52  1800  18260.9  2738.74  162.325  14063.4
356  176  2025-06-10 21-00-52  1801.6  18265.8  2737.7  162.283  14063.2
357  176  2025-06-10 21-00-52  1803.2  18270.7  2736.66  162.242  14063
358  176  2025-06-10 21-00-52  1804.8  18275.6  2735.63  162.202  14062.8
359  176  2025-06-10 21-00-52  1806.4  18280.6  2734.59  162.162  14062.6
360  176  2025-06-10 21-00-52  1808  18285.5  2733.56  162.123  14062.4
361  176  2025-06-10 21-00-52  1809.6  18290.4  2732.53  162.085  14062.2
362  176  2025-06-10 21-00-52  1811.2  18295.3  2731.5  162.047  14062
363  176  2025-06-10 21-00-52  1812.8  18300.2  2730.47  162.011  14061.8
364  176  2025-06-10 21-00-52  1814.4  18305  2729.44  161.974  14061.7
365  176  2025-06-10 21-00-52  1816  18309.9  2728.42  161.939  14061.5
366  176  2025-06-10 21-00-52  1817.6  18314.8  2727.39  161.904  14061.3
367  176  2025-06-10 21-00-52  1819.2  18319.7  2726.37  161.87  14061.1
368  176  2025-06-10 21-00-52  1820.8  18324.6  2725.35  161.836  14060.9
369  176  2025-06-10 21-00-52  1822.4  18329.5  2724.33  161.803  14060.7
370  176  2025-06-10 21-00-52  1824  18334.3  2723.32  161.771  14060.5
371  176  2025-06-10 21-00-52  1825.6  18339.2  2722.3  161.739  14060.3
372  176  2025-06-10 21-00-52  1827.2  18344.1  2721.29  161.708  14060.2
373  176  2025-06-10 21-00-52  1828.8  18348.9  2720.28  161.677  14060
374  176  2025-06-10 21-00-52  1830.4  18353.8  2719.27  161.647  14059.8
375  176  2025-06-10 21-00-52  1832  18358.6  2718.26  161.617  14059.6
376  176  2025-06-10 21-00-52  1833.6  18363.5  2717.25  161.588  14059.4
377  176  2025-06-10 21-00-52  1835.2  18368.4  2716.25  161.559  14059.2
378  176  2025-06-10 21-00-52  1836.8  18373.2  2715.25  161.531  14059.1
379  176  2025-06-10 21-00-52  1838.4  18378  2714.24  161.504  14058.9
380  176  2025-06-10 21-00-52  1840  18382.9  2713.24  161.477  14058.7
381  176  2025-06-10 21-00-52  1841.6  18387.7  2712.24  161.45  14058.5
382  176  2025-06-10 21-00-52  1843.2  18392.6  2711.25  161.424  14058.3
383  176  2025-06-10 21-00-52  1844.8  18397.4  2710.25  161.399  14058.1
384  176  2025-06-10 21-00-52  1846.4  18402.3  2709.25  161.373  14058
385  176  2025-06-10 21-00-52  1848  18407.1  2708.26  161.349  14057.8
386  176  2025-06-10 21-00-52  1849.6  18411.9  2707.27  161.324  14057.6
387  176  2025-06-10 21-00-52  1851.2  18416.7  2706.28  161.301  14057.4
388  176  2025-06-10 21-00-52  1852.8  18421.6  2705.29  161.277  14057.2
389  176  2025-06-10 21-00-52  1854.4  18426.4  2704.3  161.254  14057.1
390  176  2025-06-10 21-00-52  1856  18431.2  2703.32  161.232  14056.9
391  176  2025-06-10 21-00-52  1857.6  18436  2702.33  161.21  14056.7
392  176  2025-06-10 21-00-52  1859.2  18440.9  2701.35  161.188  14056.5
393  176  2025-06-10 21-00-52  1860.8  18445.7  2700.37  161.166  14056.3
394  176  2025-06-10 21-00-52  1862.4  18450.5  2699.39  161.145  14056.2
395  176  2025-06-10 21-00-52  1864  18455.3  2698.41  161.125  14056
396  176  2025-06-10 21-00-52  1865.6  18460.1  2697.43  161.105  14055.8
397  176  2025-06-10 21-00-52  1867.2  18464.9  2696.45  161.085  14055.6
398  176  2025-06-10 21-00-52  1868.8  18469.7  2695.48  161.065  14055.4
399  176  2025-06-10 21-00-52  1870.4  18474.6  2694.5  161.046  14055.3
400  176  2025-06-10 21-00-52  1872  18479.4  2693.53  161.027  14055.1
401  176  2025-06-10 21-00-52  1873.6  18484.2  2692.56  161.009  14054.9
402  176  2025-06-10 21-00-52  1875.2  18489  2691.59  160.991  14054.7
403  176  2025-06-10 21-00-52  1876.8  18493.8  2690.62  160.973  14054.6
404  176  2025-06-10 21-00-52  1878.4  18498.6  2689.65  160.955  14054.4
405  176  2025-06-10 21-00-52  1880  18503.4  2688.69  160.938  14054.2
406  176  2025-06-10 21-00-52  1881.6  18508.2  2687.72  160.921  14054
407  176  2025-06-10 21-00-52  1883.2  18512.9  2686.76  160.905  14053.9
408  176  2025-06-10 21-00-52  1884.8  18517.7  2685.8  160.888  14053.7
409  176  2025-06-10 21-00-52  1886.4  18522.5  2684.83  160.872  14053.5
410  176  2025-06-10 21-00-52  1888  18527.3  2683.87  160.857  14053.3
411  176  2025-06-10 21-00-52  1889.6  18532.1  2682.91  160.841  14053.2
412  176  2025-06-10 21-00-52  1891.2  18536.9  2681.96  160.826  14053
413  176  2025-06-10 21-00-52  1892.8  18541.7  2681  160.811  14052.8
414  176  2025-06-10 21-00-52  1894.4  18546.5  2680.05  160.797  14052.6
415  176  2025-06-10 21-00-52  1896  18551.3  2679.09  160.782  14052.5
416  176  2025-06-10 21-00-52  1897.6  18556  2678.14  160.768  14052.3
417  176  2025-06-10 21-00-52  1899.2  18560.8  2677.19  160.755  14052.1
418  176  2025-06-10 21-00-52  1900.8  18565.6  2676.24  160.741  14052
419  176  2025-06-10 21-00-52  1902.4  18570.4  2675.29  160.728  14051.8
420  176  2025-06-10 21-00-52  1904  18575.2  2674.34  160.715  14051.6
421  176  2025-06-10 21-00-52  1905.6  18579.9  2673.39  160.702  14051.4
422  176  2025-06-10 21-00-52  1907.2  18584.7  2672.44  160.689  14051.3
423  176  2025-06-10 21-00-52  1908.8  18589.5  2671.5  160.677  14051.1
424  176  2025-06-10 21-00-52  1910.4  18594.3  2670.56  160.664  14050.9
425  176  2025-06-10 21-00-52  1912  18599  2669.61  160.653  14050.8
426  176  2025-06-10 21-00-52  1913.6  18603.8  2668.67  160.641  14050.6
427  176  2025-06-10 21-00-52  1915.2  18608.6  2667.73  160.629  14050.4
428  176  2025-06-10 21-00-52  1916.8  18613.3  2666.79  160.618  14050.3
429  176  2025-06-10 21-00-52  1918.4  18618.1  2665.85  160.607  14050.1
430  176  2025-06-10 21-00-52  1920  18622.9  2664.92  160.596  14049.9
431  176  2025-06-10 21-00-52  1921.6  18627.7  2663.98  160.585  14049.7
432  176  2025-06-10 21-00-52  1923.2  18632.4  2663.04  160.575  14049.6
433  176  2025-06-10 21-00-52  1924.8  18637.2  2662.11  160.564  14049.4
434  176  2025-06-10 21-00-52  1926.4  18642  2661.18  160.554  14049.2
435  176  2025-06-10 21-00-52  1928  18646.7  2660.25  160.544  14049.1
436  176  2025-06-10 21-00-52  1929.6  18651.5  2659.32  160.534  14048.9
437  176  2025-06-10 21-00-52  1931.2  18656.2  2658.39  160.525  14048.7
438  176  2025-06-10 21-00-52  1932.8  18661  2657.46  160.515  14048.6
439  176  2025-06-10 21-00-52  1934.4  18665.8  2656.53  160.506  14048.4
440  176  2025-06-10 21-00-52  1936  18670.5  2655.6  160.497  14048.2
441  176  2025-06-10 21-00-52  1937.6  18675.3  2654.68  160.488  14048.1
442  176  2025-06-10 21-00-52  1939.2  18680  2653.75  160.479  14047.9
443  176  2025-06-10 21-00-52  1940.8  18684.8  2652.83  160.471  14047.8
444  176  2025-06-10 21-00-52  1942.4  18689.6  2651.91  160.462  14047.6
445  176  2025-06-10 21-00-52  1944  18694.3  2650.98  160.454  14047.4
446  176  2025-06-10 21-00-52  1945.6  18699.1  2650.06  160.446  14047.3
447  176  2025-06-10 21-00-52  1947.2  18703.8  2649.14  160.438  14047.1
448  176  2025-06-10 21-00-52  1948.8  18708.6  2648.23  160.43  14046.9
449  176  2025-06-10 21-00-52  1950.4  18713.3  2647.31  160.422  14046.8
450  176  2025-06-10 21-00-52  1952  18718.1  2646.39  160.415  14046.6
451  176  2025-06-10 21-00-52  1953.6  18722.8  2645.48  160.407  14046.4
452  176  2025-06-10 21-00-52  1955.2  18727.6  2644.56  160.4  14046.3
453  176  2025-06-10 21-00-52  1956.8  18732.3  2643.65  160.393  14046.1
454  176  2025-06-10 21-00-52  1958.4  18737.1  2642.73  160.386  14046
455  176  2025-06-10 21-00-52  1960  18741.9  2641.82  160.379  14045.8
456  176  2025-06-10 21-00-52  1961.6  18746.6  2640.91  160.372  14045.6
457  176  2025-06-10 21-00-52  1963.2  18751.4  2640  160.365  14045.5
458  176  2025-06-10 21-00-52  1964.8  18756.1  2639.09  160.359  14045.3
459  176  2025-06-10 21-00-52  1966.4  18760.9  2638.19  160.352  14045.2
460  176  2025-06-10 21-00-52  1968  18765.6  2637.28  160.346  14045
461  176  2025-06-10 21-00-52  1969.6  18770.3  2636.37  160.34  14044.8
462  176  2025-06-10 21-00-52  1971.2  18775.1  2635.47  160.333  14044.7
463  176  2025-06-10 21-00-52  1972.8  18779.8  2634.56  160.327  14044.5
464  176  2025-06-10 21-00-52  1974.4  18784.6  2633.66  160.322  14044.4
465  176  2025-06-10 21-00-52  1976  18789.3  2632.76  160.316  14044.2
466  176  2025-06-10 21-00-52  1977.6  18794.1  2631.86  160.31  14044
467  176  2025-06-10 21-00-52  1979.2  18798.8  2630.96  160.304  14043.9
468  176  2025-06-10 21-00-52  1980.8  18803.6  2630.06  160.299  14043.7
469  176  2025-06-10 21-00-52  1982.4  18808.3  2629.16  160.294  14043.6
470  176  2025-06-10 21-00-52  1984  18813.1  2628.26  160.288  14043.4
471  176  2025-06-10 21-00-52  1985.6  18817.8  2627.36  160.283  14043.2
472  176  2025-06-10 21-00-52  1987.2  18822.6  2626.47  160.278  14043.1
473  176  2025-06-10 21-00-52  1988.8  18827.3  2625.57  160.273  14042.9
474  176  2025-06-10 21-00-52  1990.4  18832  2624.68  160.268  14042.8
475  176  2025-06-10 21-00-52  1992  18836.8  2623.79  160.263  14042.6
476  176  2025-06-10 21-00-52  1993.6  18841.5  2622.89  160.259  14042.5
477  176  2025-06-10 21-00-52  1995.2  18846.3  2622  160.254  14042.3
478  176  2025-06-10 21-00-52  1996.8  18851  2621.11  160.249  14042.2
479  176  2025-06-10 21-00-52  1998.4  18855.8  2620.22  160.245  14042
480  176  2025-06-10 21-00-52  2000  18860.5  2619.33  160.24  14041.8
481  176  2025-06-10 21-00-52  2001.6  18865.2  2618.45  160.236  14041.7
482  176  2025-06-10 21-00-52  2003.2  18870  2617.56  160.232  14041.5
483  176  2025-06-10 21-00-52  2004.8  18874.7  2616.67  160.228  14041.4
484  176  2025-06-10 21-00-52  2006.4  18879.5  2615.79  160.224  14041.2
485  176  2025-06-10 21-00-52  2008  18884.2  2614.9  160.22  14041.1
486  176  2025-06-10 21-00-52  2009.6  18888.9  2614.02  160.216  14040.9
487  176  2025-06-10 21-00-52  2011.2  18893.7  2613.14  160.212  14040.8
488  176  2025-06-10 21-00-52  2012.8  18898.4  2612.26  160.208  14040.6
489  176  2025-06-10 21-00-52  2014.4  18903.2  2611.38  160.204  14040.5
490  176  2025-06-10 21-00-52  2016  18907.9  2610.5  160.201  14040.3
491  176  2025-06-10 21-00-52  2017.6  18912.6  2609.62  160.197  14040.1
492  176  2025-06-10 21-00-52  2019.2  18917.4  2608.74  160.193  14040
493  176  2025-06-10 21-00-52  2020.8  18922.1  2607.86  160.19  14039.8
494  176  2025-06-10 21-00-52  2022.4  18926.8  2606.99  160.187  14039.7
495  176  2025-06-10 21-00-52  2024  18931.6  2606.11  160.183  14039.5
496  176  2025-06-10 21-00-52  2025.6  18936.3  2605.23  160.18  14039.4
497  176  2025-06-10 21-00-52  2027.2  18941.1  2604.36  160.177  14039.2
498  176  2025-06-10 21-00-52  2028.8  18945.8  2603.49  160.173  14039.1
499  176  2025-06-10 21-00-52  2030.4  18950.5  2602.62  160.17  14038.9
500  176  2025-06-10 21-00-52  2032  18955.3  2601.74  160.167  14038.8
501  176  2025-06-10 21-00-52  2033.6  18960  2600.87  160.164  14038.6
502  176  2025-06-10 21-00-52  2035.2  18964.7  2600  160.161  14038.5
503  176  2025-06-10 21-00-52  2036.8  18969.5  2599.13  160.158  14038.3
504  176  2025-06-10 21-00-52  2038.4  18974.2  2598.27  160.156  14038.2
505  176  2025-06-10 21-00-52  2040  18979  2597.4  160.153  14038
506  176  2025-06-10 21-00-52  2041.6  18983.7  2596.53  160.15  14037.9
507  176  2025-06-10 21-00-52  2043.2  18988.4  2595.67  160.147  14037.7
508  176  2025-06-10 21-00-52  2044.8  18993.2  2594.8  160.145  14037.6
509  176  2025-06-10 21-00-52  2046.4  18997.9  2593.94  160.142  14037.4
510  176  2025-06-10 21-00-52  2048  19002.6  2593.07  160.14  14037.3
511  176  2025-06-10 21-00-52  2049.6  19007.4  2592.21  160.137  14037.1
512  176  2025-06-10 21-00-52  2051.2  19012.1  2591.35  160.135  14037
513  176  2025-06-10 21-00-52  2052.8  19016.8  2590.49  160.132  14036.8
514  176  2025-06-10 21-00-52  2054.4  19021.6  2589.63  160.13  14036.7
515  176  2025-06-10 21-00-52  2056  19026.3  2588.77  160.127  14036.6
516  176  2025-06-10 21-00-52  2057.6  19031.1  2587.91  160.125  14036.4
517  176  2025-06-10 21-00-52  2059.2  19035.8  2587.05  160.123  14036.3
518  176  2025-06-10 21-00-52  2060.8  19040.5  2586.2  160.121  14036.1
519  176  2025-06-10 21-00-52  2062.4  19045.3  2585.34  160.118  14036
520  176  2025-06-10 21-00-52  2064  19050  2584.49  160.116  14035.8
521  176  2025-06-10 21-00-52  2065.6  19054.7  2583.63  160.114  14035.7
522  176  2025-06-10 21-00-52  2067.2  19059.5  2582.78  160.112  14035.5
523  176  2025-06-10 21-00-52  2068.8  19064.2  2581.92  160.11  14035.4
524  176  2025-06-10 21-00-52  2070.4  19068.9  2581.07  160.108  14035.2
525  176  2025-06-10 21-00-52  2072  19073.7  2580.22  160.106  14035.1
526  176  2025-06-10 21-00-52  2073.6  19078.4  2579.37  160.104  14034.9
527  176  2025-06-10 21-00-52  2075.2  19083.1  2578.52  160.102  14034.8
528  176  2025-06-10 21-00-52  2076.8  19087.9  2577.67  160.101  14034.7
529  176  2025-06-10 21-00-52  2078.4  19092.6  2576.82  160.099  14034.5
530  176  2025-06-10 21-00-52  2080  19097.3  2575.98  160.097  14034.4
531  176  2025-06-10 21-00-52  2081.6  19102.1  2575.13  160.095  14034.2
532  176  2025-06-10 21-00-52  2083.2  19106.8  2574.28  160.094  14034.1
533  176  2025-06-10 21-00-52  2084.8  19111.5  2573.44  160.092  14033.9
534  176  2025-06-10 21-00-52  2086.4  19116.3  2572.59  160.09  14033.8
535  176  2025-06-10 21-00-52  2088  19121  2571.75  160.089  14033.7
536  176  2025-06-10 21-00-52  2089.6  19125.7  2570.91  160.087  14033.5
537  176  2025-06-10 21-00-52  2091.2  19130.5  2570.07  160.085  14033.4
538  176  2025-06-10 21-00-52  2092.8  19135.2  2569.22  160.084  14033.2
539  176  2025-06-10 21-00-52  2094.4  19139.9  2568.38  160.082  14033.1
540  176  2025-06-10 21-00-52  2096  19144.7  2567.54  160.081  14032.9
541  176  2025-06-10 21-00-52  2097.6  19149.4  2566.71  160.079  14032.8
542  176  2025-06-10 21-00-52  2099.2  19154.2  2565.87  160.078  14032.7
543  176  2025-06-10 21-00-52  2100.8  19158.9  2565.03  160.077  14032.5
544  176  2025-06-10 21-00-52  2102.4  19163.6  2564.19  160.075  14032.4
545  176  2025-06-10 21-00-52  2104  19168.4  2563.36  160.074  14032.2
546  176  2025-06-10 21-00-52  2105.6  19173.1  2562.52  160.073  14032.1
547  176  2025-06-10 21-00-52  2107.2  19177.8  2561.69  160.071  2831.95
548  176  2025-06-10 21-00-52  2108.8  19182.6  2560.85  160.07  2831.81
549  176  2025-06-10 21-00-52  2110.4  19187.3  2560.02  160.069  2831.67
550  176  2025-06-10 21-00-52  2112  19192  2559.19  160.067  2831.53
551  176  2025-06-10 21-00-52  2113.6  19196.8  2558.36  160.066  2831.39
552  176  2025-06-10 21-00-52  2115.2  19201.5  2557.53  160.065  2831.25
553  176  2025-06-10 21-00-52  2116.8  19206.2  2556.7  160.064  2831.11
554  176  2025-06-10 21-00-52  2118.4  19211  2555.87  160.063  2830.97
555  176  2025-06-10 21-00-52  2120  19215.7  2555.04  160.062  2830.83
556  176  2025-06-10 21-00-52  2121.6  19220.4  2554.21  160.061  2830.69
557  176  2025-06-10 21-00-52  2123.2  19225.2  2553.38  160.059  2830.56
558  176  2025-06-10 21-00-52  2124.8  19229.9  2552.56  160.058  2830.42
559  176  2025-06-10 21-00-52  2126.4  19234.6  2551.73  160.057  2830.28
560  176  2025-06-10 21-00-52  2128  19239.4  2550.91  160.056  2830.14
561  176  2025-06-10 21-00-52  2129.6  19244.1  2550.08  160.055  2830
562  176  2025-06-10 21-00-52  2131.2  19248.8  2549.26  160.054  2829.87
563  176  2025-06-10 21-00-52  2132.8  19253.6  2548.44  160.053  2829.73
564  176  2025-06-10 21-00-52  2134.4  19258.3  2547.61  160.052  2829.59
565  176  2025-06-10 21-00-52  2136  19263  2546.79  160.051  2829.46
566  176  2025-06-10 21-00-52  2137.6  19267.8  2545.97  160.05  2829.32
567  176  2025-06-10 21-00-52  2139.2  19272.5  2545.15  160.05  2829.18
568  176  2025-06-10 21-00-52  2140.8  19277.2  2544.33  160.049  2829.05
569  176  2025-06-10 21-00-52  2142.4  19282  2543.51  160.048  2828.91
570  176  2025-06-10 21-00-52  2144  19286.7  2542.7  160.047  2828.77
571  176  2025-06-10 21-00-52  2145.6  19291.4  2541.88  160.046  2828.64
572  176  2025-06-10 21-00-52  2147.2  19296.2  2541.06  160.045  2828.5
573  176  2025-06-10 21-00-52  2148.8  19300.9  2540.25  160.044  2828.37
574  176  2025-06-10 21-00-52  2150.4  19305.7  2539.43  160.044  2828.23
575  176  2025-06-10 21-00-52  2152  19310.4  2538.62  160.043  2828.1
576  176  2025-06-10 21-00-52  2153.6  19315.1  2537.81  160.042  2827.96
577  176  2025-06-10 21-00-52  2155.2  19319.9  2536.99  160.041  2827.83
578  176  2025-06-10 21-00-52  2156.8  19324.6  2536.18  160.041  2827.69
579  176  2025-06-10 21-00-52  2158.4  19329.3  2535.37  160.04  2827.56
580  176  2025-06-10 21-00-52  2160  19334.1  2534.56  160.039  2827.42
581  176  2025-06-10 21-00-52  2161.6  19338.8  2533.75  160.038  2827.29
582  176  2025-06-10 21-00-52  2163.2  19343.5  2532.94  160.038  2827.16
583  176  2025-06-10 21-00-52  2164.8  19348.3  2532.13  160.037  2827.02
584  176  2025-06-10 21-00-52  2166.4  19353  2531.32  160.036  2826.89
585  176  2025-06-10 21-00-52  2168  19357.7  2530.52  160.036  2826.76
586  176  2025-06-10 21-00-52  2169.6  19362.5  2529.71  160.035  2826.62
587  176  2025-06-10 21-00-52  2171.2  19367.2  2528.91  160.034  2826.49
588  176  2025-06-10 21-00-52  2172.8  19371.9  2528.1  160.034  2826.36
589  176  2025-06-10 21-00-52  2174.4  19376.7  2527.3  160.033  2826.23
590  176  2025-06-10 21-00-52  2176  19381.4  2526.49  160.033  2826.1
591  176  2025-06-10 21-00-52  2177.6  19386.1  2525.69  160.032  2825.96
592  176  2025-06-10 21-00-52  2179.2  19390.9  2524.89  160.031  2825.83
593  176  2025-06-10 21-00-52  2180.8  19395.6  2524.09  160.031  2825.7
594  176  2025-06-10 21-00-52  2182.4  19400.4  2523.28  160.03  2825.57
595  176  2025-06-10 21-00-52  2184  19405.1  2522.48  160.03  2825.44
596  176  2025-06-10 21-00-52  2185.6  19409.8  2521.69  160.029  2825.31
597  176  2025-06-10 21-00-52  2187.2  19414.6  2520.89  160.029  2825.18
598  176  2025-06-10 21-00-52  2188.8  19419.3  2520.09  160.028  2825.04
599  176  2025-06-10 21-00-52  2190.4  19424  2519.29  160.028  2824.91
600  176  2025-06-10 21-00-52  2192  19428.8  2518.49  160.027  2824.78
601  176  2025-06-10 21-00-52  2193.6  19433.5  2517.7  160.027  2824.65
602  176  2025-06-10 21-00-52  2195.2  19438.2  2516.9  160.026  2824.52
603  176  2025-06-10 21-00-52  2196.8  19443  2516.11  160.026  2824.39
604  176  2025-06-10 21-00-52  2198.4  19447.7  2515.31  160.025  2824.26
605  176  2025-06-10 21-00-52  2200  19452.5  2514.52  160.025  2824.14
606  176  2025-06-10 21-00-52  2201.6  19457.2  2513.73  160.024  2824.01
607  176  2025-06-10 21-00-52  2203.2  19461.9  2512.94  160.024  2823.88
608  176  2025-06-10 21-00-52  2204.8  19466.7  2512.14  160.024  2823.75
609  176  2025-06-10 21-00-52  2206.4  19471.4  2511.35  160.023  2823.62
610  176  2025-06-10 21-00-52  2208  19476.1  2510.56  160.023  2823.49
611  176  2025-06-10 21-00-52  2209.6  19480.9  2509.77  160.022  2823.36
612  176  2025-06-10 21-00-52  2211.2  19485.6  2508.99  160.022  2823.23
613  176  2025-06-10 21-00-52  2212.8  19490.3  2508.2  160.022  2823.11
614  176  2025-06-10 21-00-52  2214.4  19495.1  2507.41  160.021  2822.98
615  176  2025-06-10 21-00-52  2216  19499.8  2506.62  160.021  2822.85
616  176  2025-06-10 21-00-52  2217.6  19504.6  2505.84  160.02  2822.72
617  176  2025-06-10 21-00-52  2219.2  19509.3  2505.05  160.02  2822.6
618  176  2025-06-10 21-00-52  2220.8  19514  2504.27  160.02  2822.47
619  176  2025-06-10 21-00-52  2222.4  19518.8  2503.48  160.019  2822.34
620  176  2025-06-10 21-00-52  2224  19523.5  2502.7  160.019  2822.22
621  176  2025-06-10 21-00-52  2225.6  19528.2  2501.92  160.019  2822.09
622  176  2025-06-10 21-00-52  2227.2  19533  2501.14  160.018  2821.96
623  176  2025-06-10 21-00-52  2228.8  19537.7  2500.36  160.018  2821.84
624  176  2025-06-10 21-00-52  2230.4  19542.5  2499.57  160.018  2821.71
625  176  2025-06-10 21-00-52  2232  19547.2  2498.79  160.017  2821.58
626  176  2025-06-10 21-00-52  2233.6  19551.9  2498.02  160.017  2821.46
627  176  2025-06-10 21-00-52  2235.2  19556.7  2497.24  160.017  2821.33
628  176  2025-06-10 21-00-52  2236.8  19561.4  2496.46  160.016  2821.21
629  176  2025-06-10 21-00-52  2238.4  19566.2  2495.68  160.016  2821.08
630  176  2025-06-10 21-00-52  2240  19570.9  2494.9  160.016  2820.96
631  176  2025-06-10 21-00-52  2241.6  19575.6  2494.13  160.016  2820.83
632  176  2025-06-10 21-00-52  2243.2  19580.4  2493.35  160.016  2820.71
633  176  2025-06-10 21-00-52  2244.8  19585.1  2492.58  160.016  2820.58
634  176  2025-06-10 21-00-52  2246.4  19589.8  2491.8  160.016  2820.46
635  176  2025-06-10 21-00-52  2248  19594.6  2491.03  160.016  2820.34
636  176  2025-06-10 21-00-52  2249.6  19599.3  2490.26  160.016  2820.21
637  176  2025-06-10 21-00-52  2251.2  19604.1  2489.48  160.016  2820.09
638  176  2025-06-10 21-00-52  2252.8  19608.8  2488.71  160.016  2819.96
639  176  2025-06-10 21-00-52  2254.4  19613.5  2487.94  160.016  2819.84
640  176  2025-06-10 21-00-52  2256  19618.3  2487.17  160.016  2819.72
641  176  2025-06-10 21-00-52  2257.6  19623  2486.4  160.016  2819.59
642  176  2025-06-10 21-00-52  2259.2  19627.8  2485.63  160.016  2819.47
643  176  2025-06-10 21-00-52  2260.8  19632.5  2484.86  160.016  2819.35
644  176  2025-06-10 21-00-52  2262.4  19637.2  2484.1  160.016  2819.23
645  176  2025-06-10 21-00-52  2264  19642  2483.33  160.016  2819.1
646  176  2025-06-10 21-00-52  2265.6  19646.7  2482.56  160.016  2818.98
647  176  2025-06-10 21-00-52  2267.2  19651.5  2481.8  160.016  2818.86
648  176  2025-06-10 21-00-52  2268.8  19656.2  2481.03  160.016  2818.74
649  176  2025-06-10 21-00-52  2270.4  19660.9  2480.27  160.016  2818.61
650  176  2025-06-10 21-00-52  2272  19665.7  2479.5  160.016  2818.49
651  176  2025-06-10 21-00-52  2273.6  19670.4  2478.74  160.016  2818.37
652  176  2025-06-10 21-00-52  2275.2  19675.2  2477.98  160.016  2818.25
653  176  2025-06-10 21-00-52  2276.8  19679.9  2477.21  160.016  2818.13
654  176  2025-06-10 21-00-52  2278.4  19684.6  2476.45  160.016  2818.01
655  176  2025-06-10 21-00-52  2280  19689.4  2475.69  160.016  2817.89
656  176  2025-06-10 21-00-52  2281.6  19694.1  2474.93  160.016  2817.77
657  176  2025-06-10 21-00-52  2283.2  19698.9  2474.17  160.016  2817.65
658  176  2025-06-10 21-00-52  2284.8  19703.6  2473.41  160.016  2817.53
659  176  2025-06-10 21-00-52  2286.4  19708.3  2472.65  160.016  2817.41
660  176  2025-06-10 21-00-52  2288  19713.1  2471.9  160.016  2817.29
661  176  2025-06-10 21-00-52  2289.6  19717.8  2471.14  160.016  2817.17
662  176  2025-06-10 21-00-52  2291.2  19722.6  2470.38  160.016  2817.05
663  176  2025-06-10 21-00-52  2292.8  19727.3  2469.63  160.016  2816.93
664  176  2025-06-10 21-00-52  2294.4  19732.1  2468.87  160.016  2816.81
665  176  2025-06-10 21-00-52  2296  19736.8  2468.12  160.016  2816.69
666  176  2025-06-10 21-00-52  2297.6  19741.5  2467.36  160.016  2816.57
667  176  2025-06-10 21-00-52  2299.2  19746.3  2466.61  160.016  2816.45
668  176  2025-06-10 21-00-52  2300.8  19751  2465.86  160.016  2816.33
669  176  2025-06-10 21-00-52  2302.4  19755.8  2465.1  160.016  2816.21
670  176  2025-06-10 21-00-52  2304  19760.5  2464.35  160.016  2816.09
671  176  2025-06-10 21-00-52  2305.6  19765.2  2463.6  160.016  2815.98
672  176  2025-06-10 21-00-52  2307.2  19770  2462.85  160.016  2815.86
673  176  2025-06-10 21-00-52  2308.8  19774.7  2462.1  160.016  2815.74
674  176  2025-06-10 21-00-52  2310.4  19779.5  2461.35  160.016  2815.62
675  176  2025-06-10 21-00-52  2312  19784.2  2460.6  160.016  2815.5
676  176  2025-06-10 21-00-52  2313.6  19789  2459.86  160.016  2815.39
677  176  2025-06-10 21-00-52  2315.2  19793.7  2459.11  160.016  2815.27
678  176  2025-06-10 21-00-52  2316.8  19798.4  2458.36  160.016  2815.15
679  176  2025-06-10 21-00-52  2318.4  19803.2  2457.62  160.016  2815.04
680  176  2025-06-10 21-00-52  2320  19807.9  2456.87  160.016  2814.92
681  176  2025-06-10 21-00-52  2321.6  19812.7  2456.13  160.016  2814.8
682  176  2025-06-10 21-00-52  2323.2  19817.4  2455.38  160.016  2814.69
683  176  2025-06-10 21-00-52  2324.8  19822.2  2454.64  160.016  2814.57
684  176  2025-06-10 21-00-52  2326.4  19826.9  2453.89  160.016  2814.45
685  176  2025-06-10 21-00-52  2328  19831.7  2453.15  160.016  2814.34
686  176  2025-06-10 21-00-52  2329.6  19836.4  2452.41  160.016  2814.22
687  176  2025-06-10 21-00-52  2331.2  19841.1  2451.67  160.016  2814.11
688  176  2025-06-10 21-00-52  2332.8  19845.9  2450.93  160.016  2813.99
689  176  2025-06-10 21-00-52  2334.4  19850.6  2450.19  160.016  2813.87
690  176  2025-06-10 21-00-52  2336  19855.4  2449.45  160.016  2813.76
691  176  2025-06-10 21-00-52  2337.6  19860.1  2448.71  160.016  2813.64
692  176  2025-06-10 21-00-52  2339.2  19864.9  2447.97  160.016  2813.53
693  176  2025-06-10 21-00-52  2340.8  19869.6  2447.23  160.016  2813.41
694  176  2025-06-10 21-00-52  2342.4  19874.4  2446.5  160.016  2813.3
695  176  2025-06-10 21-00-52  2344  19879.1  2445.76  160.016  2813.18
696  176  2025-06-10 21-00-52  2345.6  19883.8  2445.02  160.016  2813.07
697  176  2025-06-10 21-00-52  2347.2  19888.6  2444.29  160.016  2812.96
698  176  2025-06-10 21-00-52  2348.8  19893.3  2443.55  160.016  2812.84
699  176  2025-06-10 21-00-52  2350.4  19898.1  2442.82  160.016  2812.73
700  176  2025-06-10 21-00-52  2352  19902.8  2442.09  160.016  2812.61
701  176  2025-06-10 21-00-52  2353.6  19907.6  2441.35  160.016  2812.5
702  176  2025-06-10 21-00-52  2355.2  19912.3  2440.62  160.016  2812.39
703  176  2025-06-10 21-00-52  2356.8  19917.1  2439.89  160.016  2812.27
704  176  2025-06-10 21-00-52  2358.4  19921.8  2439.16  160.016  2812.16
705  176  2025-06-10 21-00-52  2360  19926.6  2438.43  160.016  2812.05
706  176  2025-06-10 21-00-52  2361.6  19931.3  2437.7  160.016  2811.93
707  176  2025-06-10 21-00-52  2363.2  19936  2436.97  160.016  2811.82
708  176  2025-06-10 21-00-52  2364.8  19940.8  2436.24  160.016  2811.71
709  176  2025-06-10 21-00-52  2366.4  19945.5  2435.51  160.016  2811.6
710  176  2025-06-10 21-00-52  2368  19950.3  2434.78  160.016  2811.48
711  176  2025-06-10 21-00-52  2369.6  19955  2434.05  160.016  2811.37
712  176  2025-06-10 21-00-52  2371.2  19959.8  2433.33  160.016  2811.26
713  176  2025-06-10 21-00-52  2372.8  19964.5  2432.6  160.016  2811.15
714  176  2025-06-10 21-00-52  2374.4  19969.3  2431.88  160.016  2811.04
715  176  2025-06-10 21-00-52  2376  19974  2431.15  160.016  2810.92
716  176  2025-06-10 21-00-52  2377.6  19978.8  2430.43  160.016  2810.81
717  176  2025-06-10 21-00-52  2379.2  19983.5  2429.7  160.016  2810.7
718  176  2025-06-10 21-00-52  2380.8  19988.3  2428.98  160.016  2810.59
719  176  2025-06-10 21-00-52  2382.4  19993  2428.26  160.016  2810.48
720  176  2025-06-10 21-00-52  2384  19997.7  2427.54  160.016  2810.37
721  176  2025-06-10 21-00-52  2385.6  20002.5  2426.81  160.016  2810.26
722  176  2025-06-10 21-00-52  2387.2  20007.2  2426.09  160.016  2810.15
723  176  2025-06-10 21-00-52  2388.8  20012  2425.37  160.016  2810.04
724  176  2025-06-10 21-00-52  2390.4  20016.7  2424.65  160.016  2809.93
725  176  2025-06-10 21-00-52  2392  20021.5  2423.93  160.016  2809.82
726  176  2025-06-10 21-00-52  2393.6  20026.2  2423.22  160.016  2809.71
727  176  2025-06-10 21-00-52  2395.2  20031  2422.5  160.016  2809.6
728  176  2025-06-10 21-00-52  2396.8  20035.7  2421.78  160.016  2809.49
729  176  2025-06-10 21-00-52  2398.4  20040.5  2421.06  160.016  2809.38
730  176  2025-06-10 21-00-52  2400  20045.2  2420.35  160.016  2809.27
731  176  2025-06-10 21-00-52  2401.6  20050  2419.63  160.016  2809.16
732  176  2025-06-10 21-00-52  2403.2  20054.7  2418.92  160.016  2809.05
733  176  2025-06-10 21-00-52  2404.8  20059.5  2418.2  160.016  2808.94
734  176  2025-06-10 21-00-52  2406.4  20064.2  2417.49  160.016  2808.83
735  176  2025-06-10 21-00-52  2408  20069  2416.77  160.016  2808.72
736  176  2025-06-10 21-00-52  2409.6  20073.7  2416.06  160.016  2808.61
737  176  2025-06-10 21-00-52  2411.2  20078.5  2415.35  160.016  2808.51
738  176  2025-06-10 21-00-52  2412.8  20083.2  2414.64  160.016  2808.4
739  176  2025-06-10 21-00-52  2414.4  20088  2413.93  160.016  2808.29
740  176  2025-06-10 21-00-52  2416  20092.7  2413.22  160.016  2808.18
741  176  2025-06-10 21-00-52  2417.6  20097.5  2412.51  160.016  2808.07
742  176  2025-06-10 21-00-52  2419.2  20102.2  2411.8  160.016  2807.97
743  176  2025-06-10 21-00-52  2420.8  20107  2411.09  160.016  2807.86
744  176  2025-06-10 21-00-52  2422.4  20111.7  2410.38  160.016  2807.75
745  176  2025-06-10 21-00-52  2424  20116.4  2409.67  160.016  2807.64
746  176  2025-06-10 21-00-52  2425.6  20121.2  2408.96  160.016  2807.54
747  176  2025-06-10 21-00-52  2427.2  20125.9  2408.26  160.016  2807.43
748  176  2025-06-10 21-00-52  2428.8  20130.7  2407.55  160.016  2807.32
749  176  2025-06-10 21-00-52  2430.4  20135.4  2406.84  160.016  2807.21
750  176  2025-06-10 21-00-52  2432  20140.2  2406.14  160.016  2807.11
751  176  2025-06-10 21-00-52  2433.6  20144.9  2405.44  160.016  2807
752  176  2025-06-10 21-00-52  2435.2  20149.7  2404.73  160.016  2806.89
753  176  2025-06-10 21-00-52  2436.8  20154.4  2404.03  160.016  2806.79
754  176  2025-06-10 21-00-52  2438.4  20159.2  2403.32  160.016  2806.68
755  176  2025-06-10 21-00-52  2440  20163.9  2402.62  160.016  2806.58
756  176  2025-06-10 21-00-52  2441.6  20168.7  2401.92  160.016  2806.47
757  176  2025-06-10 21-00-52  2443.2  20173.4  2401.22  160.016  2806.36
758  176  2025-06-10 21-00-52  2444.8  20178.2  2400.52  160.016  2806.26
759  176  2025-06-10 21-00-52  2446.4  20182.9  2399.82  160.016  2806.15
760  176  2025-06-10 21-00-52  2448  20187.7  2399.12  160.016  2806.05
761  176  2025-06-10 21-00-52  2449.6  20192.4  2398.42  160.016  2805.94
762  176  2025-06-10 21-00-52  2451.2  20197.2  2397.72  160.016  2805.84
763  176  2025-06-10 21-00-52  2452.8  20201.9  2397.02  160.016  2805.73
764  176  2025-06-10 21-00-52  2454.4  20206.7  2396.33  160.016  2805.63
765  176  2025-06-10 21-00-52  2456  20211.4  2395.63  160.016  2805.52
766  176  2025-06-10 21-00-52  2457.6  20216.2  2394.93  160.016  2805.42
767  176  2025-06-10 21-00-52  2459.2  20220.9  2394.24  160.016  2805.32
768  176  2025-06-10 21-00-52  2460.8  20225.7  2393.54  160.016  2805.21
769  176  2025-06-10 21-00-52  2462.4  20230.5  2392.85  160.016  2805.11
770  176  2025-06-10 21-00-52  2464  20235.2  2392.15  160.016  2805
771  176  2025-06-10 21-00-52  2465.6  20240  2391.46  160.016  2804.9
772  176  2025-06-10 21-00-52  2467.2  20244.7  2390.77  160.016  2804.8
773  176  2025-06-10 21-00-52  2468.8  20249.5  2390.07  160.016  2804.69
774  176  2025-06-10 21-00-52  2470.4  20254.2  2389.38  160.016  2804.59
775  176  2025-06-10 21-00-52  2472  20259  2388.69  160.016  2804.48
776  176  2025-06-10 21-00-52  2473.6  20263.7  2388  160.016  2804.38
777  176  2025-06-10 21-00-52  2475.2  20268.5  2387.31  160.016  2804.28
778  176  2025-06-10 21-00-52  2476.8  20273.2  2386.62  160.016  2804.18
779  176  2025-06-10 21-00-52  2478.4  20278  2385.93  160.016  2804.07
780  176  2025-06-10 21-00-52  2480  20282.7  2385.24  160.016  2803.97
781  176  2025-06-10 21-00-52  2481.6  20287.5  2384.55  160.016  2803.87
782  176  2025-06-10 21-00-52  2483.2  20292.2  2383.86  160.016  2803.76
783  176  2025-06-10 21-00-52  2484.8  20297  2383.18  160.016  2803.66
784  176  2025-06-10 21-00-52  2486.4  20301.7  2382.49  160.016  2803.56
785  176  2025-06-10 21-00-52  2488  20306.5  2381.8  160.016  2803.46
786  176  2025-06-10 21-00-52  2489.6  20311.2  2381.12  160.016  2803.36
787  176  2025-06-10 21-00-52  2491.2  20316  2380.43  160.016  2803.25
788  176  2025-06-10 21-00-52  2492.8  20320.7  2379.75  160.016  2803.15
789  176  2025-06-10 21-00-52  2494.4  20325.5  2379.06  160.016  2803.05
790  176  2025-06-10 21-00-52  2496  20330.2  2378.38  160.016  2802.95
791  176  2025-06-10 21-00-52  2497.6  20335  2377.7  160.016  2802.85
792  176  2025-06-10 21-00-52  2499.2  20339.7  2377.02  160.016  2802.75
793  176  2025-06-10 21-00-52  2500.8  20344.5  2376.33  160.016  2802.65
794  176  2025-06-10 21-00-52  2502.4  20349.3  2375.65  160.016  2802.55
795  176  2025-06-10 21-00-52  2504  20354  2374.97  160.016  2802.44
796  176  2025-06-10 21-00-52  2505.6  20358.8  2374.29  160.016  2802.34
797  176  2025-06-10 21-00-52  2507.2  20363.5  2373.61  160.016  2802.24
798  176  2025-06-10 21-00-52  2508.8  20368.3  2372.93  160.016  2802.14
799  176  2025-06-10 21-00-52  2510.4  20373  2372.25  160.016  2802.04
800  176  2025-06-10 21-00-52  2512  20377.8  2371.57  160.016  2801.94
801  176  2025-06-10 21-00-52  2513.6  20382.5  2370.9  160.016  2801.84
802  176  2025-06-10 21-00-52  2515.2  20387.3  2370.22  160.016  2801.74
803  176  2025-06-10 21-00-52  2516.8  20392  2369.54  160.016  2801.64
804  176  2025-06-10 21-00-52  2518.4  20396.8  2368.87  160.016  2801.54
805  176  2025-06-10 21-00-52  2520  20401.5  2368.19  160.016  2801.44
806  176  2025-06-10 21-00-52  2521.6  20406.3  2367.52  160.016  2801.34
807  176  2025-06-10 21-00-52  2523.2  20411  2366.84  160.016  2801.24
808  176  2025-06-10 21-00-52  2524.8  20415.8  2366.17  160.016  2801.15
809  176  2025-06-10 21-00-52  2526.4  20420.6  2365.49  160.016  2801.05
810  176  2025-06-10 21-00-52  2528  20425.3  2364.82  160.016  2800.95
811  176  2025-06-10 21-00-52  2529.6  20430.1  2364.15  160.016  2800.85
812  176  2025-06-10 21-00-52  2531.2  20434.8  2363.47  160.016  2800.75
813  176  2025-06-10 21-00-52  2532.8  20439.6  2362.8  160.016  2800.65
814  176  2025-06-10 21-00-52  2534.4  20444.3  2362.13  160.016  2800.55
815  176  2025-06-10 21-00-52  2536  20449.1  2361.46  160.016  2800.45
816  176  2025-06-10 21-00-52  2537.6  20453.8  2360.79  160.016  2800.36
817  176  2025-06-10 21-00-52  2539.2  20458.6  2360.12  160.016  2800.26
818  176  2025-06-10 21-00-52  2540.8  20463.3  2359.45  160.016  2800.16
819  176  2025-06-10 21-00-52  2542.4  20468.1  2358.78  160.016  2800.06
820  176  2025-06-10 21-00-52  2544  20472.9  2358.12  160.016  2799.97
821  176  2025-06-10 21-00-52  2545.6  20477.6  2357.45  160.016  2799.87
822  176  2025-06-10 21-00-52  2547.2  20482.4  2356.78  160.016  2799.77
823  176  2025-06-10 21-00-52  2548.8  20487.1  2356.11  160.016  2799.67
824  176  2025-06-10 21-00-52  2550.4  20491.9  2355.45  160.016  2799.58
825  176  2025-06-10 21-00-52  2552  20496.6  2354.78  160.016  2799.48
826  176  2025-06-10 21-00-52  2553.6  20501.4  2354.12  160.016  2799.38
827  176  2025-06-10 21-00-52  2555.2  20506.1  2353.45  160.016  2799.28
828  176  2025-06-10 21-00-52  2556.8  20510.9  2352.79  160.016  2799.19
829  176  2025-06-10 21-00-52  2558.4  20515.7  2352.13  160.016  2799.09
830  176  2025-06-10 21-00-52  2560  20520.4  2351.46  160.016  2798.99
831  176  2025-06-10 21-00-52  2561.6  20525.2  2350.8  160.016  2798.9
832  176  2025-06-10 21-00-52  2563.2  20529.9  2350.14  160.016  2798.8
833  176  2025-06-10 21-00-52  2564.8  20534.7  2349.48  160.016  2798.71
834  176  2025-06-10 21-00-52  2566.4  20539.4  2348.82  160.016  2798.61
835  176  2025-06-10 21-00-52  2568  20544.2  2348.16  160.016  2798.51
836  176  2025-06-10 21-00-52  2569.6  20548.9  2347.5  160.016  2798.42
837  176  2025-06-10 21-00-52  2571.2  20553.7  2346.84  160.016  2798.32
838  176  2025-06-10 21-00-52  2572.8  20558.5  2346.18  160.016  2798.23
839  176  2025-06-10 21-00-52  2574.4  20563.2  2345.52  160.016  2798.13
840  176  2025-06-10 21-00-52  2576  20568  2344.86  160.016  2798.04
841  176  2025-06-10 21-00-52  2577.6  20572.7  2344.2  160.016  2797.94
842  176  2025-06-10 21-00-52  2579.2  20577.5  2343.55  160.016  2797.85
843  176  2025-06-10 21-00-52  2580.8  20582.2  2342.89  160.016  2797.75
844  176  2025-06-10 21-00-52  2582.4  20587  2342.23  160.016  2797.66
845  176  2025-06-10 21-00-52  2584  20591.8  2341.58  160.016  2797.56
846  176  2025-06-10 21-00-52  2585.6  20596.5  2340.92  160.016  2797.47
847  176  2025-06-10 21-00-52  2587.2  20601.3  2340.27  160.016  2797.37
848  176  2025-06-10 21-00-52  2588.8  20606  2339.61  160.016  2797.28
849  176  2025-06-10 21-00-52  2590.4  20610.8  2338.96  160.016  2797.18
850  176  2025-06-10 21-00-52  2592  20615.5  2338.31  160.016  2797.09
851  176  2025-06-10 21-00-52  2593.6  20620.3  2337.65  160.016  2796.99
852  176  2025-06-10 21-00-52  2595.2  20625  2337  160.016  2796.9
853  176  2025-06-10 21-00-52  2596.8  20629.8  2336.35  160.016  2796.81
854  176  2025-06-10 21-00-52  2598.4  20634.6  2335.7  160.016  2796.71
855  176  2025-06-10 21-00-52  2600  20639.3  2335.05  160.016  2796.62
856  176  2025-06-10 21-00-52  2601.6  20644.1  2334.4  160.016  2796.53
857  176  2025-06-10 21-00-52  2603.2  20648.8  2333.75  160.016  2796.43
858  176  2025-06-10 21-00-52  2604.8  20653.6  2333.1  160.016  2796.34
859  176  2025-06-10 21-00-52  2606.4  20658.4  2332.45  160.016  2796.25
860  176  2025-06-10 21-00-52  2608  20663.1  2331.8  160.016  2796.15
861  176  2025-06-10 21-00-52  2609.6  20667.9  2331.15  160.016  2796.06
862  176  2025-06-10 21-00-52  2611.2  20672.6  2330.51  160.016  2795.97
863  176  2025-06-10 21-00-52  2612.8  20677.4  2329.86  160.016  2795.87
864  176  2025-06-10 21-00-52  2614.4  20682.1  2329.21  160.016  2795.78
865  176  2025-06-10 21-00-52  2616  20686.9  2328.57  160.016  2795.69
866  176  2025-06-10 21-00-52  2617.6  20691.7  2327.92  160.016  2795.6
867  176  2025-06-10 21-00-52  2619.2  20696.4  2327.28  160.016  2795.51
868  176  2025-06-10 21-00-52  2620.8  20701.2  2326.63  160.016  2795.41
869  176  2025-06-10 21-00-52  2622.4  20705.9  2325.99  160.016  2795.32
870  176  2025-06-10 21-00-52  2624  20710.7  2325.35  160.016  2795.23
871  176  2025-06-10 21-00-52  2625.6  20715.4  2324.7  160.016  2795.14
872  176  2025-06-10 21-00-52  2627.2  20720.2  2324.06  160.016  2795.05
873  176  2025-06-10 21-00-52  2628.8  20725  2323.42  160.016  2794.95
874  176  2025-06-10 21-00-52  2630.4  20729.7  2322.78  160.016  2794.86
875  176  2025-06-10 21-00-52  2632  20734.5  2322.14  160.016  2794.77
876  176  2025-06-10 21-00-52  2633.6  20739.2  2321.49  160.016  2794.68
877  176  2025-06-10 21-00-52  2635.2  20744  2320.85  160.016  2794.59
878  176  2025-06-10 21-00-52  2636.8  20748.8  2320.21  160.016  2794.5
879  176  2025-06-10 21-00-52  2638.4  20753.5  2319.58  160.016  2794.41
880  176  2025-06-10 21-00-52  2640  20758.3  2318.94  160.016  2794.32
881  176  2025-06-10 21-00-52  2641.6  20763  2318.3  160.016  2794.22
882  176  2025-06-10 21-00-52  2643.2  20767.8  2317.66  160.016  2794.13
883  176  2025-06-10 21-00-52  2644.8  20772.6  2317.02  160.016  2794.04
884  176  2025-06-10 21-00-52  2646.4  20777.3  2316.39  160.016  2793.95
885  176  2025-06-10 21-00-52  2648  20782.1  2315.75  160.016  2793.86
886  176  2025-06-10 21-00-52  2649.6  20786.8  2315.11  160.016  2793.77
887  176  2025-06-10 21-00-52  2651.2  20791.6  2314.48  160.016  2793.68
888  176  2025-06-10 21-00-52  2652.8  20796.3  2313.84  160.016  2793.59
889  176  2025-06-10 21-00-52  2654.4  20801.1  2313.21  160.016  2793.5
890  176  2025-06-10 21-00-52  2656  20805.9  2312.57  160.016  2793.41
891  176  2025-06-10 21-00-52  2657.6  20810.6  2311.94  160.016  2793.32
892  176  2025-06-10 21-00-52  2659.2  20815.4  2311.31  160.016  2793.23
893  176  2025-06-10 21-00-52  2660.8  20820.1  2310.68  160.016  2793.14
894  176  2025-06-10 21-00-52  2662.4  20824.9  2310.04  160.016  2793.06
895  176  2025-06-10 21-00-52  2664  20829.7  2309.41  160.016  2792.97
896  176  2025-06-10 21-00-52  2665.6  20834.4  2308.78  160.016  2792.88
897  176  2025-06-10 21-00-52  2667.2  20839.2  2308.15  160.016  2792.79
898  176  2025-06-10 21-00-52  2668.8  20843.9  2307.52  160.016  2792.7
899  176  2025-06-10 21-00-52  2670.4  20848.7  2306.89  160.016  2792.61
900  176  2025-06-10 21-00-52  2672  20853.5  2306.26  160.016  2792.52
901  176  2025-06-10 21-00-52  2673.6  20858.2  2305.63  160.016  2792.43
902  176  2025-06-10 21-00-52  2675.2  20863  2305  160.016  2792.34
903  176  2025-06-10 21-00-52  2676.8  20867.7  2304.37  160.016  2792.26
904  176  2025-06-10 21-00-52  2678.4  20872.5  2303.75  160.016  2792.17
905  176  2025-06-10 21-00-52  2680  20877.3  2303.12  160.016  2792.08
906  176  2025-06-10 21-00-52  2681.6  20882  2302.49  160.016  2791.99
907  176  2025-06-10 21-00-52  2683.2  20886.8  2301.87  160.016  2791.9
908  176  2025-06-10 21-00-52  2684.8  20891.5  2301.24  160.016  2791.82
909  176  2025-06-10 21-00-52  2686.4  20896.3  2300.62  160.016  2791.73
910  176  2025-06-10 21-00-52  2688  20901.1  2299.99  160.016  2791.64
911  176  2025-06-10 21-00-52  2689.6  20905.8  2299.37  160.016  2791.55
912  176  2025-06-10 21-00-52  2691.2  20910.6  2298.74  160.016  2791.47
913  176  2025-06-10 21-00-52  2692.8  20915.4  2298.12  160.016  2791.38
914  176  2025-06-10 21-00-52  2694.4  20920.1  2297.5  160.016  2791.29
915  176  2025-06-10 21-00-52  2696  20924.9  2296.87  160.016  2791.2
916  176  2025-06-10 21-00-52  2697.6  20929.6  2296.25  160.016  2791.12
917  176  2025-06-10 21-00-52  2699.2  20934.4  2295.63  160.016  2791.03
918  176  2025-06-10 21-00-52  2700.8  20939.2  2295.01  160.016  2790.94
919  176  2025-06-10 21-00-52  2702.4  20943.9  2294.39  160.016  2790.86
920  176  2025-06-10 21-00-52  2704  20948.7  2293.77  160.016  2790.77
921  176  2025-06-10 21-00-52  2705.6  20953.4  2293.15  160.016  2790.68
922  176  2025-06-10 21-00-52  2707.2  20958.2  2292.53  160.016  2790.6
923  176  2025-06-10 21-00-52  2708.8  20963  2291.91  160.016  2790.51
924  176  2025-06-10 21-00-52  2710.4  20967.7  2291.29  160.016  2790.42
925  176  2025-06-10 21-00-52  2712  20972.5  2290.67  160.016  2790.34
926  176  2025-06-10 21-00-52  2713.6  20977.3  2290.05  160.016  2790.25
927  176  2025-06-10 21-00-52  2715.2  20982  2289.44  160.016  2790.17
928  176  2025-06-10 21-00-52  2716.8  20986.8  2288.82  160.016  2790.08
929  176  2025-06-10 21-00-52  2718.4  20991.5  2288.2  160.016  2789.99
930  176  2025-06-10 21-00-52  2720  20996.3  2287.59  160.016  2789.91
931  176  2025-06-10 21-00-52  2721.6  21001.1  2286.97  160.016  2789.82
932  176  2025-06-10 21-00-52  2723.2  21005.8  2286.36  160.016  2789.74
933  176  2025-06-10 21-00-52  2724.8  21010.6  2285.74  160.016  2789.65
934  176  2025-06-10 21-00-52  2726.4  21015.3  2285.13  160.016  2789.57
935  176  2025-06-10 21-00-52  2728  21020.1  2284.52  160.016  2789.48
936  176  2025-06-10 21-00-52  2729.6  21024.9  2283.9  160.016  2789.4
937  176  2025-06-10 21-00-52  2731.2  21029.6  2283.29  160.016  2789.31
938  176  2025-06-10 21-00-52  2732.8  21034.4  2282.68  160.016  2789.23
939  176  2025-06-10 21-00-52  2734.4  21039.2  2282.06  160.016  2789.14
940  176  2025-06-10 21-00-52  2736  21043.9  2281.45  160.016  2789.06
941  176  2025-06-10 21-00-52  2737.6  21048.7  2280.84  160.016  2788.97
942  176  2025-06-10 21-00-52  2739.2  21053.4  2280.23  160.016  2788.89
943  176  2025-06-10 21-00-52  2740.8  21058.2  2279.62  160.016  2788.8
944  176  2025-06-10 21-00-52  2742.4  21063  2279.01  160.016  2788.72
945  176  2025-06-10 21-00-52  2744  21067.7  2278.4  160.016  2788.64
946  176  2025-06-10 21-00-52  2745.6  21072.5  2277.79  160.016  2788.55
947  176  2025-06-10 21-00-52  2747.2  21077.3  2277.19  160.016  2788.47
948  176  2025-06-10 21-00-52  2748.8  21082  2276.58  160.016  2788.38
949  176  2025-06-10 21-00-52  2750.4  21086.8  2275.97  160.016  2788.3
950  176  2025-06-10 21-00-52  2752  21091.5  2275.36  160.016  2788.22
951  176  2025-06-10 21-00-52  2753.6  21096.3  2274.76  160.016  2788.13
952  176  2025-06-10 21-00-52  2755.2  21101.1  2274.15  160.016  2788.05
953  176  2025-06-10 21-00-52  2756.8  21105.8  2273.54  160.016  2787.97
954  176  2025-06-10 21-00-52  2758.4  21110.6  2272.94  160.016  2787.88
955  176  2025-06-10 21-00-52  2760  21115.4  2272.33  160.016  2787.8
956  176  2025-06-10 21-00-52  2761.6  21120.1  2271.73  160.016  2787.72
957  176  2025-06-10 21-00-52  2763.2  21124.9  2271.13  160.016  2787.63
958  176  2025-06-10 21-00-52  2764.8  21129.7  2270.52  160.016  2787.55
959  176  2025-06-10 21-00-52  2766.4  21134.4  2269.92  160.016  2787.47
960  176  2025-06-10 21-00-52  2768  21139.2  2269.32  160.016  2787.39
961  176  2025-06-10 21-00-52  2769.6  21143.9  2268.71  160.016  2787.3
962  176  2025-06-10 21-00-52  2771.2  21148.7  2268.11  160.016  2787.22
963  176  2025-06-10 21-00-52  2772.8  21153.5  2267.51  160.016  2787.14
964  176  2025-06-10 21-00-52  2774.4  21158.2  2266.91  160.016  2787.06
965  176  2025-06-10 21-00-52  2776  21163  2266.31  160.016  2786.97
966  176  2025-06-10 21-00-52  2777.6  21167.8  2265.71  160.016  2786.89
967  176  2025-06-10 21-00-52  2779.2  21172.5  2265.11  160.016  2786.81
968  176  2025-06-10 21-00-52  2780.8  21177.3  2264.51  160.016  2786.73
969  176  2025-06-10 21-00-52  2782.4  21182.1  2263.91  160.016  2786.65
970  176  2025-06-10 21-00-52  2784  21186.8  2263.31  160.016  2786.56
971  176  2025-06-10 21-00-52  2785.6  21191.6  2262.71  160.016  2786.48
972  176  2025-06-10 21-00-52  2787.2  21196.3  2262.12  160.016  2786.4
973  176  2025-06-10 21-00-52  2788.8  21201.1  2261.52  160.016  2786.32
974  176  2025-06-10 21-00-52  2790.4  21205.9  2260.92  160.016  2786.24
975  176  2025-06-10 21-00-52  2792  21210.6  2260.33  160.016  2786.16
976  176  2025-06-10 21-00-52  2793.6  21215.4  2259.73  160.016  2786.08
977  176  2025-06-10 21-00-52  2795.2  21220.2  2259.13  160.016  2786
978  176  2025-06-10 21-00-52  2796.8  21224.9  2258.54  160.016  2785.91
979  176  2025-06-10 21-00-52  2798.4  21229.7  2257.94  160.016  2785.83
980  176  2025-06-10 21-00-52  2800  21234.5  2257.35  160.016  2785.75
981  176  2025-06-10 21-00-52  2801.6  21239.2  2256.76  160.016  2785.67
982  176  2025-06-10 21-00-52  2803.2  21244  2256.16  160.016  2785.59
983  176  2025-06-10 21-00-52  2804.8  21248.8  2255.57  160.016  2785.51
984  176  2025-06-10 21-00-52  2806.4  21253.5  2254.98  160.016  2785.43
985  176  2025-06-10 21-00-52  2808  21258.3  2254.39  160.016  2785.35
986  176  2025-06-10 21-00-52  2809.6  21263.1  2253.79  160.016  2785.27
987  176  2025-06-10 21-00-52  2811.2  21267.8  2253.2  160.016  2785.19
988  176  2025-06-10 21-00-52  2812.8  21272.6  2252.61  160.016  2785.11
989  176  2025-06-10 21-00-52  2814.4  21277.3  2252.02  160.016  2785.03
990  176  2025-06-10 21-00-52  2816  21282.1  2251.43  160.016  2784.95
991  176  2025-06-10 21-00-52  2817.6  21286.9  2250.84  160.016  2784.87
992  176  2025-06-10 21-00-52  2819.2  21291.6  2250.25  160.016  2784.79
993  176  2025-06-10 21-00-52  2820.8  21296.4  2249.66  160.016  2784.71
994  176  2025-06-10 21-00-52  2822.4  21301.2  2249.07  160.016  2784.63
995  176  2025-06-10 21-00-52  2824  21305.9  2248.49  160.016  2784.55
996  176  2025-06-10 21-00-52  2825.6  21310.7  2247.9  160.016  2784.47
997  176  2025-06-10 21-00-52  2827.2  21315.5  2247.31  160.016  2784.39
998  176  2025-06-10 21-00-52  2828.8  21320.2  2246.72  160.016  2784.31
999  176  2025-06-10 21-00-52  2830.4  21325  2246.14  160.016  2784.24
1000  176  2025-06-10 21-00-52  14032  21329.8  2245.55  160.016  2784.16
1001  176  2025-06-10 21-00-52  14033.6  21334.5  2244.97  160.016  2784.08
1002  176  2025-06-10 21-00-52  14035.2  21339.3  2244.38  160.016  2784
1003  176  2025-06-10 21-00-52  14036.8  21344.1  2243.8  160.016  2783.92
1004  176  2025-06-10 21-00-52  14038.4  21348.8  2243.21  160.016  2783.84
1005  176  2025-06-10 21-00-52  14040  21353.6  2242.63  160.016  2783.76
1006  176  2025-06-10 21-00-52  14041.6  21358.4  2242.04  160.016  2783.68
1007  176  2025-06-10 21-00-52  14043.2  21363.1  2241.46  160.016  2783.61
1008  176  2025-06-10 21-00-52  14044.8  21367.9  2240.88  160.016  2783.53
1009  176  2025-06-10 21-00-52  14046.4  21372.7  2240.3  160.016  2783.45
1010  176  2025-06-10 21-00-52  14048  21377.4  2239.71  160.016  2783.37
1011  176  2025-06-10 21-00-52  14049.6  21382.2  2239.13  160.016  2783.29
1012  176  2025-06-10 21-00-52  14051.2  21387  2238.55  160.016  2783.22
1013  176  2025-06-10 21-00-52  14052.8  21391.7  2237.97  160.016  2783.14
1014  176  2025-06-10 21-00-52  14054.4  21396.5  2237.39  160.016  2783.06
1015  176  2025-06-10 21-00-52  14056  21401.3  2236.81  160.016  2782.98
1016  176  2025-06-10 21-00-52  14057.6  21406  2236.23  160.016  2782.9
1017  176  2025-06-10 21-00-52  14059.2  21410.8  2235.65  160.016  2782.83
1018  176  2025-06-10 21-00-52  14060.8  21415.6  2235.07  160.016  2782.75
1019  176  2025-06-10 21-00-52  14062.4  21420.3  2234.5  160.016  2782.67
1020  176  2025-06-10 21-00-52  14064  21425.1  2233.92  160.016  2782.6
1021  176  2025-06-10 21-00-52  14065.6  21429.9  2233.34  160.016  2782.52
1022  176  2025-06-10 21-00-52  14067.2  21434.6  2232.76  160.016  2782.44
1023  176  2025-06-10 21-00-52  14068.8  21439.4  2232.19  160.016  2782.36
1024  176  2025-06-10 21-00-52  14070.4  21444.2  2231.61  160.016  2782.29
1025  176  2025-06-10 21-00-52  14072  21448.9  2231.03  160.016  2782.21
1026  176  2025-06-10 21-00-52  14073.6  21453.7  2230.46  160.016  2782.13
1027  176  2025-06-10 21-00-52  14075.2  21458.5  2229.88  160.016  2782.06
1028  176  2025-06-10 21-00-52  14076.8  21463.2  2229.31  160.016  2781.98
1029  176  2025-06-10 21-00-52  14078.4  21468  2228.74  160.016  2781.9
1030  176  2025-06-10 21-00-52  14080  21472.8  2228.16  160.016  2781.83
1031  176  2025-06-10 21-00-52  14081.6  21477.5  2227.59  160.016  2781.75
1032  176  2025-06-10 21-00-52  14083.2  21482.3  2227.01  160.016  2781.68
1033  176  2025-06-10 21-00-52  14084.8  21487.1  2226.44  160.016  2781.6
1034  176  2025-06-10 21-00-52  14086.4  21491.8  2225.87  160.016  2781.52
1035  176  2025-06-10 21-00-52  14088  21496.6  2225.3  160.016  2781.45
1036  176  2025-06-10 21-00-52  14089.6  21501.4  2224.73  160.016  2781.37
1037  176  2025-06-10 21-00-52  14091.2  21506.1  2224.16  160.016  2781.3
1038  176  2025-06-10 21-00-52  14092.8  21510.9  2223.58  160.016  2781.22
1039  176  2025-06-10 21-00-52  14094.4  21515.7  2223.01  160.016  2781.15
1040  176  2025-06-10 21-00-52  14096  21520.4  2222.44  160.016  2781.07
1041  176  2025-06-10 21-00-52  14097.6  21525.2  2221.87  160.016  2780.99
1042  176  2025-06-10 21-00-52  14099.2  21530  2221.31  160.016  2780.92
1043  176  2025-06-10 21-00-52  14100.8  21534.7  2220.74  160.016  2780.84
1044  176  2025-06-10 21-00-52  14102.4  21539.5  2220.17  160.016  2780.77
1045  176  2025-06-10 21-00-52  14104  21544.3  2219.6  160.016  2780.69
1046  176  2025-06-10 21-00-52  14105.6  21549  2219.03  160.016  2780.62
1047  176  2025-06-10 21-00-52  14107.2  21553.8  2218.47  160.016  2780.54
1048  176  2025-06-10 21-00-52  14108.8  21558.6  2217.9  160.016  2780.47
1049  176  2025-06-10 21-00-52  14110.4  21563.3  2217.33  160.016  2780.39
1050  176  2025-06-10 21-00-52  14112  21568.1  2216.77  160.016  2780.32
1051  176  2025-06-10 21-00-52  14113.6  21572.9  2216.2  160.016  2780.24
1052  176  2025-06-10 21-00-52  14115.2  21577.7  2215.64  160.016  2780.17
1053  176  2025-06-10 21-00-52  14116.8  21582.4  2215.07  160.016  2780.1
1054  176  2025-06-10 21-00-52  14118.4  21587.2  2214.51  160.016  2780.02
1055  176  2025-06-10 21-00-52  14120  21592  2213.94  160.016  2779.95
1056  176  2025-06-10 21-00-52  14121.6  21596.7  2213.38  160.016  2779.87
1057  176  2025-06-10 21-00-52  14123.2  21601.5  2212.82  160.016  2779.8
1058  176  2025-06-10 21-00-52  14124.8  21606.3  2212.25  160.016  2779.72
1059  176  2025-06-10 21-00-52  14126.4  21611  2211.69  160.016  2779.65
1060  176  2025-06-10 21-00-52  14128  21615.8  2211.13  160.016  2779.58
1061  176  2025-06-10 21-00-52  14129.6  21620.6  2210.57  160.016  2779.5
1062  176  2025-06-10 21-00-52  14131.2  21625.3  2210  160.016  2779.43
1063  176  2025-06-10 21-00-52  14132.8  21630.1  2209.44  160.016  2779.36
1064  176  2025-06-10 21-00-52  14134.4  21634.9  2208.88  160.016  2779.28
1065  176  2025-06-10 21-00-52  14136  21639.6  2208.32  160.016  2779.21
1066  176  2025-06-10 21-00-52  14137.6  21644.4  2207.76  160.016  2779.14
1067  176  2025-06-10 21-00-52  14139.2  21649.2  2207.2  160.016  2779.06
1068  176  2025-06-10 21-00-52  14140.8  21653.9  2206.64  160.016  2778.99
1069  176  2025-06-10 21-00-52  14142.4  21658.7  2206.09  160.016  2778.92
1070  176  2025-06-10 21-00-52  14144  21663.5  2205.53  160.016  2778.84
1071  176  2025-06-10 21-00-52  14145.6  21668.3  2204.97  160.016  2778.77
1072  176  2025-06-10 21-00-52  14147.2  21673  2204.41  160.016  2778.7
1073  176  2025-06-10 21-00-52  14148.8  21677.8  2203.85  160.016  2778.62
1074  176  2025-06-10 21-00-52  14150.4  21682.6  2203.3  160.016  2778.55
1075  176  2025-06-10 21-00-52  14152  21687.3  2202.74  160.016  2778.48
1076  176  2025-06-10 21-00-52  14153.6  21692.1  2202.18  160.016  2778.41
1077  176  2025-06-10 21-00-52  14155.2  21696.9  2201.63  160.016  2778.33
1078  176  2025-06-10 21-00-52  14156.8  21701.6  2201.07  160.016  2778.26
1079  176  2025-06-10 21-00-52  14158.4  21706.4  2200.52  160.016  2778.19
1080  176  2025-06-10 21-00-52  14160  21711.2  2199.96  160.016  2778.12
1081  176  2025-06-10 21-00-52  14161.6  21715.9  2199.41  160.016  2778.05
1082  176  2025-06-10 21-00-52  14163.2  21720.7  2198.86  160.016  2777.97
1083  176  2025-06-10 21-00-52  14164.8  21725.5  2198.3  160.016  2777.9
1084  176  2025-06-10 21-00-52  14166.4  21730.3  2197.75  160.016  2777.83
1085  176  2025-06-10 21-00-52  14168  21735  2197.2  160.016  2777.76
1086  176  2025-06-10 21-00-52  14169.6  21739.8  2196.64  160.016  2777.69
1087  176  2025-06-10 21-00-52  14171.2  21744.6  2196.09  160.016  2777.61
1088  176  2025-06-10 21-00-52  14172.8  21749.3  2195.54  160.016  2777.54
1089  176  2025-06-10 21-00-52  14174.4  21754.1  2194.99  160.016  2777.47
1090  176  2025-06-10 21-00-52  14176  21758.9  2194.44  160.016  2777.4
1091  176  2025-06-10 21-00-52  14177.6  21763.6  2193.89  160.016  2777.33
1092  176  2025-06-10 21-00-52  14179.2  21768.4  2193.34  160.016  2777.26
1093  176  2025-06-10 21-00-52  14180.8  21773.2  2192.79  160.016  2777.19
1094  176  2025-06-10 21-00-52  14182.4  21778  2192.24  160.016  2777.11
1095  176  2025-06-10 21-00-52  14184  21782.7  2191.69  160.016  2777.04
1096  176  2025-06-10 21-00-52  14185.6  21787.5  2191.14  160.016  2776.97
1097  176  2025-06-10 21-00-52  14187.2  21792.3  2190.59  160.016  2776.9
1098  176  2025-06-10 21-00-52  14188.8  21797  2190.05  160.016  2776.83
1099  176  2025-06-10 21-00-52  14190.4  21801.8  2189.5  160.016  2776.76
1100  176  2025-06-10 21-00-52  14192  21806.6  2188.95  160.016  2776.69
1101  176  2025-06-10 21-00-52  14193.6  21811.3  2188.4  160.016  2776.62
1102  176  2025-06-10 21-00-52  14195.2  21816.1  2187.86  160.016  2776.55
1103  176  2025-06-10 21-00-52  14196.8  21820.9  2187.31  160.016  2776.48
1104  176  2025-06-10 21-00-52  14198.4  21825.7  2186.77  160.016  2776.41
1105  176  2025-06-10 21-00-52  14200  21830.4  2186.22  160.016  2776.34
1106  176  2025-06-10 21-00-52  14201.6  21835.2  2185.68  160.016  2776.27
1107  176  2025-06-10 21-00-52  14203.2  21840  2185.13  160.016  2776.2
1108  176  2025-06-10 21-00-52  14204.8  21844.7  2184.59  160.016  2776.13
1109  176  2025-06-10 21-00-52  14206.4  21849.5  2184.04  160.016  2776.06
1110  176  2025-06-10 21-00-52  14208  21854.3  2183.5  160.016  2775.99
1111  176  2025-06-10 21-00-52  14209.6  21859.1  2182.96  160.016  2775.92
1112  176  2025-06-10 21-00-52  14211.2  21863.8  2182.41  160.016  2775.85
1113  176  2025-06-10 21-00-52  14212.8  21868.6  2181.87  160.016  2775.78
1114  176  2025-06-10 21-00-52  14214.4  21873.4  2181.33  160.016  2775.71
1115  176  2025-06-10 21-00-52  14216  21878.1  2180.79  160.016  2775.64
1116  176  2025-06-10 21-00-52  14217.6  21882.9  2180.25  160.016  2775.57
1117  176  2025-06-10 21-00-52  14219.2  21887.7  2179.71  160.016  2775.5
1118  176  2025-06-10 21-00-52  14220.8  21892.5  2179.16  160.016  2775.43
1119  176  2025-06-10 21-00-52  14222.4  21897.2  2178.62  160.016  2775.36
1120  176  2025-06-10 21-00-52  14224  21902  2178.08  160.016  2775.29
1121  176  2025-06-10 21-00-52  14225.6  21906.8  2177.55  160.016  2775.22
1122  176  2025-06-10 21-00-52  14227.2  21911.5  2177.01  160.016  2775.15
1123  176  2025-06-10 21-00-52  14228.8  21916.3  2176.47  160.016  2775.09
1124  176  2025-06-10 21-00-52  14230.4  21921.1  2175.93  160.016  2775.02
1125  176  2025-06-10 21-00-52  14232  21925.8  2175.39  160.016  2774.95
1126  176  2025-06-10 21-00-52  14233.6  21930.6  2174.85  160.016  2774.88
1127  176  2025-06-10 21-00-52  14235.2  21935.4  2174.32  160.016  2774.81
1128  176  2025-06-10 21-00-52  14236.8  21940.2  2173.78  160.016  2774.74
1129  176  2025-06-10 21-00-52  14238.4  21944.9  2173.24  160.016  2774.67
1130  176  2025-06-10 21-00-52  14240  21949.7  2172.71  160.016  2774.61
1131  176  2025-06-10 21-00-52  14241.6  21954.5  2172.17  160.016  2774.54
1132  176  2025-06-10 21-00-52  14243.2  21959.2  2171.63  160.016  2774.47
1133  176  2025-06-10 21-00-52  14244.8  21964  2171.1  160.016  2774.4
1134  176  2025-06-10 21-00-52  14246.4  21968.8  2170.56  160.016  2774.33
1135  176  2025-06-10 21-00-52  14248  21973.6  2170.03  160.016  2774.26
1136  176  2025-06-10 21-00-52  14249.6  21978.3  2169.5  160.016  2774.2
1137  176  2025-06-10 21-00-52  14251.2  21983.1  2168.96  160.016  2774.13
1138  176  2025-06-10 21-00-52  14252.8  21987.9  2168.43  160.016  2774.06
1139  176  2025-06-10 21-00-52  14254.4  21992.7  2167.9  160.016  2773.99
