SN    USVID    CurTime    simTime    CurX    CurY    CurVel      CurYaw   
0  128  2025-06-09 22-31-44  0  8  4.89843e-16  192  2672
1  128  2025-06-09 22-31-44  1.6  128.006  9.80038e-16  192.058  2672
2  128  2025-06-09 22-31-44  3.2  136.017  1.47058e-15  192.115  2672
3  128  2025-06-09 22-31-44  4.8  144.035  1.96148e-15  192.173  2672
4  128  2025-06-09 22-31-44  6.4  152.058  2.45274e-15  192.23  2672
5  128  2025-06-09 22-31-44  8  160.086  2.94434e-15  192.288  2672
6  128  2025-06-09 22-31-44  9.6  168.121  3.4363e-15  192.345  2672
7  128  2025-06-09 22-31-44  11.2  176.161  3.92861e-15  192.403  2672
8  128  2025-06-09 22-31-44  12.8  184.207  4.42127e-15  192.46  2672
9  128  2025-06-09 22-31-44  14.4  192.259  4.91428e-15  192.518  2672
10  128  2025-06-09 22-31-44  128  200.317  5.40765e-15  192.576  2672
11  128  2025-06-09 22-31-44  129.6  208.38  5.90137e-15  192.633  2672
12  128  2025-06-09 22-31-44  131.2  216.449  6.39544e-15  192.691  2672
13  128  2025-06-09 22-31-44  132.8  224.524  6.88987e-15  192.748  2672
14  128  2025-06-09 22-31-44  134.4  232.604  7.38464e-15  192.806  2672
15  128  2025-06-09 22-31-44  136  240.691  7.87977e-15  192.863  2672
16  128  2025-06-09 22-31-44  137.6  248.783  8.37525e-15  192.921  2672
17  128  2025-06-09 22-31-44  139.2  256.881  8.87109e-15  192.978  2672
18  128  2025-06-09 22-31-44  140.8  264.984  9.36727e-15  193.036  2672
19  128  2025-06-09 22-31-44  142.4  1393.09  9.86381e-15  193.094  2672
20  128  2025-06-09 22-31-44  144  1401.21  1.03607e-14  193.151  2672
21  128  2025-06-09 22-31-44  145.6  1409.33  1.08579e-14  193.209  2672
22  128  2025-06-09 22-31-44  147.2  1417.46  1.13555e-14  193.266  2672
23  128  2025-06-09 22-31-44  148.8  1425.59  1.18535e-14  193.324  2672
24  128  2025-06-09 22-31-44  150.4  1433.73  1.23518e-14  193.381  2672
25  128  2025-06-09 22-31-44  152  1441.87  1.28504e-14  193.439  2672
26  128  2025-06-09 22-31-44  153.6  1450.02  1.33494e-14  193.496  2672
27  128  2025-06-09 22-31-44  155.2  1458.18  1.38488e-14  193.554  2672
28  128  2025-06-09 22-31-44  156.8  1466.34  1.43485e-14  193.612  2672
29  128  2025-06-09 22-31-44  158.4  1474.5  1.48486e-14  193.669  2672
30  128  2025-06-09 22-31-44  160  1482.68  1.5349e-14  193.727  2672
31  128  2025-06-09 22-31-44  161.6  1490.85  1.58498e-14  193.784  2672
32  128  2025-06-09 22-31-44  163.2  1499.04  1.63509e-14  193.842  2672
33  128  2025-06-09 22-31-44  164.8  1507.23  1.68524e-14  193.899  2672
34  128  2025-06-09 22-31-44  166.4  1515.42  1.73542e-14  193.957  2672
35  128  2025-06-09 22-31-44  168  1523.63  1.78564e-14  194.014  2672
36  128  2025-06-09 22-31-44  169.6  1531.83  1.83589e-14  194.072  2672
37  128  2025-06-09 22-31-44  171.2  1540.05  1.88618e-14  194.13  2672
38  128  2025-06-09 22-31-44  172.8  1548.26  1.9365e-14  194.187  2672
39  128  2025-06-09 22-31-44  174.4  1556.49  1.98686e-14  194.245  2672
40  128  2025-06-09 22-31-44  176  1564.72  2.03725e-14  194.302  2672
41  128  2025-06-09 22-31-44  177.6  1572.96  2.08768e-14  194.36  2672
42  128  2025-06-09 22-31-44  179.2  1581.2  2.13815e-14  194.417  2672
43  128  2025-06-09 22-31-44  180.8  1589.44  2.18865e-14  194.475  2672
44  128  2025-06-09 22-31-44  182.4  1597.7  2.23918e-14  194.532  2672
45  128  2025-06-09 22-31-44  184  1605.96  2.28975e-14  194.59  2672
46  128  2025-06-09 22-31-44  185.6  1614.22  2.34036e-14  194.648  2672
47  128  2025-06-09 22-31-44  187.2  1622.49  2.391e-14  194.705  2672
48  128  2025-06-09 22-31-44  188.8  1630.77  2.44167e-14  194.763  2672
49  128  2025-06-09 22-31-44  190.4  1639.05  2.49238e-14  194.82  2672
50  128  2025-06-09 22-31-44  192  1647.34  2.54313e-14  194.878  2672
51  128  2025-06-09 22-31-44  193.6  1655.63  2.59391e-14  194.935  2672
52  128  2025-06-09 22-31-44  195.2  1663.93  2.64473e-14  194.993  2672
53  128  2025-06-09 22-31-44  196.8  1672.24  2.69558e-14  195.05  2672
54  128  2025-06-09 22-31-44  198.4  1680.55  2.74647e-14  195.108  2672
55  128  2025-06-09 22-31-44  200  1688.86  2.79739e-14  195.166  2672
56  128  2025-06-09 22-31-44  201.6  1697.19  2.84835e-14  195.223  2672
57  128  2025-06-09 22-31-44  203.2  1705.51  2.89934e-14  195.281  2672
58  128  2025-06-09 22-31-44  204.8  1713.85  2.95037e-14  195.338  2672
59  128  2025-06-09 22-31-44  206.4  1722.19  3.00143e-14  195.396  2672
60  128  2025-06-09 22-31-44  208  1730.53  3.05253e-14  195.453  2672
61  128  2025-06-09 22-31-44  209.6  1738.88  3.10367e-14  195.511  2672
62  128  2025-06-09 22-31-44  211.2  1747.24  3.15484e-14  195.568  2672
63  128  2025-06-09 22-31-44  212.8  1755.6  3.20604e-14  195.626  2672
64  128  2025-06-09 22-31-44  214.4  1763.97  3.25728e-14  195.684  2672
65  128  2025-06-09 22-31-44  216  1772.35  3.30855e-14  195.741  2672
66  128  2025-06-09 22-31-44  217.6  1780.73  3.35986e-14  195.799  2672
67  128  2025-06-09 22-31-44  219.2  1789.11  3.41121e-14  195.856  2672
68  128  2025-06-09 22-31-44  220.8  1797.5  3.46259e-14  195.914  2672
69  128  2025-06-09 22-31-44  222.4  1805.9  3.51401e-14  195.971  2672
70  128  2025-06-09 22-31-44  224  1814.3  3.56546e-14  196.029  2672
71  128  2025-06-09 22-31-44  225.6  1822.71  3.61694e-14  196.086  2672
72  128  2025-06-09 22-31-44  227.2  1831.13  3.66847e-14  196.144  2672
73  128  2025-06-09 22-31-44  228.8  1839.55  3.72002e-14  196.202  2672
74  128  2025-06-09 22-31-44  230.4  1847.97  3.77162e-14  196.259  2672
75  128  2025-06-09 22-31-44  232  1856.4  3.82324e-14  196.317  2672
76  128  2025-06-09 22-31-44  233.6  1864.84  3.87491e-14  196.374  2672
77  128  2025-06-09 22-31-44  235.2  1873.28  3.9266e-14  196.432  2672
78  128  2025-06-09 22-31-44  236.8  1881.73  3.97834e-14  196.489  2672
79  128  2025-06-09 22-31-44  238.4  1890.19  4.0301e-14  196.547  2672
80  128  2025-06-09 22-31-44  240  1898.65  4.08191e-14  196.604  2672
81  128  2025-06-09 22-31-44  241.6  1907.11  4.13375e-14  196.662  2672
82  128  2025-06-09 22-31-44  243.2  1915.59  4.18562e-14  196.72  2672
83  128  2025-06-09 22-31-44  244.8  1924.06  4.23753e-14  196.777  2672
84  128  2025-06-09 22-31-44  246.4  1932.55  4.28947e-14  196.835  2672
85  128  2025-06-09 22-31-44  248  1941.04  4.34145e-14  196.892  2672
86  128  2025-06-09 22-31-44  249.6  1949.53  4.39347e-14  196.95  2672
87  128  2025-06-09 22-31-44  251.2  1958.03  4.44552e-14  197.007  2672
88  128  2025-06-09 22-31-44  252.8  1966.54  4.49761e-14  197.065  2672
89  128  2025-06-09 22-31-44  254.4  1975.05  4.54973e-14  197.122  2672
90  128  2025-06-09 22-31-44  256  1983.57  4.60188e-14  197.18  2672
91  128  2025-06-09 22-31-44  257.6  1992.09  4.65407e-14  197.238  2672
92  128  2025-06-09 22-31-44  259.2  2000.62  4.7063e-14  197.295  2672
93  128  2025-06-09 22-31-44  260.8  2009.16  4.75856e-14  197.353  2672
94  128  2025-06-09 22-31-44  262.4  2017.7  4.81086e-14  197.41  2672
95  128  2025-06-09 22-31-44  264  2026.25  4.86319e-14  197.468  2672
96  128  2025-06-09 22-31-44  265.6  2034.8  4.91556e-14  197.525  2672
97  128  2025-06-09 22-31-44  267.2  2043.36  4.96796e-14  197.583  2672
98  128  2025-06-09 22-31-44  268.8  2051.92  5.0204e-14  197.641  2672
99  128  2025-06-09 22-31-44  270.4  2060.49  5.07287e-14  197.698  2672
100  128  2025-06-09 22-31-44  1392  2069.07  5.12538e-14  197.756  2672
101  128  2025-06-09 22-31-44  1393.6  2077.65  5.17792e-14  197.813  2672
102  128  2025-06-09 22-31-44  1395.2  2086.23  5.2305e-14  197.871  2672
103  128  2025-06-09 22-31-44  1396.8  2094.83  5.28312e-14  197.928  2672
104  128  2025-06-09 22-31-44  1398.4  2103.43  5.33577e-14  197.986  2672
105  128  2025-06-09 22-31-44  1400  2112.03  5.38845e-14  198.043  2672
106  128  2025-06-09 22-31-44  1401.6  2120.64  5.44117e-14  198.101  2672
107  128  2025-06-09 22-31-44  1403.2  2129.26  5.49393e-14  198.159  2672
108  128  2025-06-09 22-31-44  1404.8  2137.88  5.54672e-14  198.216  2672
109  128  2025-06-09 22-31-44  1406.4  2146.5  5.59954e-14  198.274  2672
110  128  2025-06-09 22-31-44  1408  2155.14  5.6524e-14  198.331  2672
111  128  2025-06-09 22-31-44  1409.6  2163.78  5.7053e-14  198.389  2672
112  128  2025-06-09 22-31-44  1411.2  2172.42  5.75823e-14  198.446  2672
113  128  2025-06-09 22-31-44  1412.8  2181.07  5.8112e-14  198.504  2672
114  128  2025-06-09 22-31-44  1414.4  2189.73  5.8642e-14  198.561  2672
115  128  2025-06-09 22-31-44  1416  2198.39  5.91724e-14  198.619  2672
116  128  2025-06-09 22-31-44  1417.6  2207.06  5.97031e-14  198.677  2672
117  128  2025-06-09 22-31-44  1419.2  2215.73  6.02342e-14  198.734  2672
118  128  2025-06-09 22-31-44  1420.8  2224.41  6.07656e-14  198.792  2672
119  128  2025-06-09 22-31-44  1422.4  2233.1  6.12974e-14  198.849  2672
120  128  2025-06-09 22-31-44  1424  2241.79  6.18295e-14  198.907  2672
121  128  2025-06-09 22-31-44  1425.6  2250.48  6.2362e-14  198.964  2672
122  128  2025-06-09 22-31-44  1427.2  2259.18  6.28948e-14  199.022  2672
123  128  2025-06-09 22-31-44  1428.8  2267.89  6.3428e-14  199.079  2672
124  128  2025-06-09 22-31-44  1430.4  2276.61  6.39616e-14  199.137  2672
125  128  2025-06-09 22-31-44  1432  2285.33  6.44955e-14  199.195  2672
126  128  2025-06-09 22-31-44  1433.6  2294.05  6.50297e-14  199.252  2672
127  128  2025-06-09 22-31-44  1435.2  2302.78  6.55643e-14  199.31  2672
128  128  2025-06-09 22-31-44  1436.8  2311.52  6.60993e-14  199.367  2672
129  128  2025-06-09 22-31-44  1438.4  2320.26  6.66346e-14  199.425  2672
130  128  2025-06-09 22-31-44  1440  2329.01  6.71702e-14  199.482  2672
131  128  2025-06-09 22-31-44  1441.6  2337.76  6.77062e-14  199.54  2672
132  128  2025-06-09 22-31-44  1443.2  2346.52  6.82426e-14  199.597  2672
133  128  2025-06-09 22-31-44  1444.8  2355.29  6.87793e-14  199.655  2672
134  128  2025-06-09 22-31-44  1446.4  2364.06  6.93164e-14  199.713  2672
135  128  2025-06-09 22-31-44  1448  2372.84  6.98538e-14  199.77  2672
136  128  2025-06-09 22-31-44  1449.6  2381.62  7.03916e-14  199.828  2672
137  128  2025-06-09 22-31-44  1451.2  2390.41  7.09297e-14  199.885  2672
138  128  2025-06-09 22-31-44  1452.8  2399.2  7.14682e-14  199.943  2672
139  128  2025-06-09 22-31-44  1454.4  2408  7.2007e-14  200  2672
140  128  2025-06-09 22-31-44  1456  2416.81  7.25462e-14  200.058  2672
141  128  2025-06-09 22-31-44  1457.6  2425.62  7.30857e-14  200.115  2672
142  128  2025-06-09 22-31-44  1459.2  2434.44  7.36256e-14  200.173  2672
143  128  2025-06-09 22-31-44  1460.8  2443.26  7.41658e-14  200.231  2672
144  128  2025-06-09 22-31-44  1462.4  2452.09  7.47064e-14  200.288  2672
145  128  2025-06-09 22-31-44  1464  2460.92  7.52474e-14  200.346  2672
146  128  2025-06-09 22-31-44  1465.6  2469.76  7.57887e-14  200.403  2672
147  128  2025-06-09 22-31-44  1467.2  2478.61  7.63303e-14  200.461  2672
148  128  2025-06-09 22-31-44  1468.8  2487.46  7.68723e-14  200.518  2672
149  128  2025-06-09 22-31-44  1470.4  2496.32  7.74147e-14  200.576  2672
150  128  2025-06-09 22-31-44  1472  2505.18  7.79574e-14  200.633  2672
151  128  2025-06-09 22-31-44  1473.6  2514.05  7.85004e-14  200.691  2672
152  128  2025-06-09 22-31-44  1475.2  2522.93  7.90438e-14  200.749  2672
153  128  2025-06-09 22-31-44  1476.8  2531.81  7.95876e-14  200.806  2672
154  128  2025-06-09 22-31-44  1478.4  2540.69  8.01317e-14  200.864  2672
155  128  2025-06-09 22-31-44  1480  2549.59  8.06762e-14  200.921  2672
156  128  2025-06-09 22-31-44  1481.6  2558.48  8.1221e-14  200.979  2672
157  128  2025-06-09 22-31-44  1483.2  2567.39  8.17662e-14  201.036  2672
158  128  2025-06-09 22-31-44  1484.8  2576.3  8.23117e-14  201.094  2672
159  128  2025-06-09 22-31-44  1486.4  2585.21  8.28576e-14  201.151  2672
160  128  2025-06-09 22-31-44  1488  2594.13  8.34038e-14  201.209  2672
161  128  2025-06-09 22-31-44  1489.6  2603.06  8.39504e-14  201.267  2672
162  128  2025-06-09 22-31-44  1491.2  2611.99  8.44973e-14  201.324  2672
163  128  2025-06-09 22-31-44  1492.8  2620.93  8.50446e-14  201.382  2672
164  128  2025-06-09 22-31-44  1494.4  2629.87  8.55922e-14  201.439  2672
165  128  2025-06-09 22-31-44  1496  2638.82  8.61402e-14  201.497  2672
166  128  2025-06-09 22-31-44  1497.6  2647.78  8.66886e-14  201.554  2672
167  128  2025-06-09 22-31-44  1499.2  2656.74  8.72373e-14  201.612  2672
168  128  2025-06-09 22-31-44  1500.8  2665.71  8.77863e-14  201.669  2672
169  128  2025-06-09 22-31-44  1502.4  2674.68  8.83357e-14  201.727  2672
170  128  2025-06-09 22-31-44  1504  2683.66  8.88855e-14  201.785  2672
171  128  2025-06-09 22-31-44  1505.6  2692.64  8.94356e-14  201.842  2672
172  128  2025-06-09 22-31-44  1507.2  2701.63  8.9986e-14  201.9  2672
173  128  2025-06-09 22-31-44  1508.8  2710.63  9.05368e-14  201.957  2672
174  128  2025-06-09 22-31-44  1510.4  2719.63  9.1088e-14  202.015  2672
175  128  2025-06-09 22-31-44  1512  2728.64  9.16395e-14  202.072  2672
176  128  2025-06-09 22-31-44  1513.6  2737.65  9.21914e-14  202.13  2672
177  128  2025-06-09 22-31-44  1515.2  2746.67  9.27436e-14  202.187  2672
178  128  2025-06-09 22-31-44  1516.8  2755.69  9.32962e-14  202.245  2672
179  128  2025-06-09 22-31-44  1518.4  2764.72  9.38491e-14  202.303  2672
180  128  2025-06-09 22-31-44  1520  2773.76  9.44024e-14  202.36  2672
181  128  2025-06-09 22-31-44  1521.6  2782.8  9.4956e-14  202.418  2672
182  128  2025-06-09 22-31-44  1523.2  2791.85  9.551e-14  202.475  2672
183  128  2025-06-09 22-31-44  1524.8  2800.9  9.60643e-14  202.533  2672
184  128  2025-06-09 22-31-44  1526.4  2809.96  9.6619e-14  202.59  2672
185  128  2025-06-09 22-31-44  1528  2819.03  9.71741e-14  202.648  2672
186  128  2025-06-09 22-31-44  1529.6  2828.1  9.77295e-14  202.705  2672
187  128  2025-06-09 22-31-44  1531.2  14037.2  9.82852e-14  202.763  2672
188  128  2025-06-09 22-31-44  1532.8  14046.3  9.88413e-14  202.821  2672
189  128  2025-06-09 22-31-44  1534.4  14055.3  9.93978e-14  202.878  2672
190  128  2025-06-09 22-31-44  1536  14064.4  9.99546e-14  202.936  2672
191  128  2025-06-09 22-31-44  1537.6  14073.5  1.00512e-13  202.993  2672
192  128  2025-06-09 22-31-44  1539.2  14082.6  1.01069e-13  203.051  2672
193  128  2025-06-09 22-31-44  1540.8  14091.8  1.01627e-13  203.108  2672
194  128  2025-06-09 22-31-44  1542.4  14100.9  1.02185e-13  203.166  2672
195  128  2025-06-09 22-31-44  1544  14110  1.02744e-13  203.223  2672
196  128  2025-06-09 22-31-44  1545.6  14119.1  1.03303e-13  203.281  2672
197  128  2025-06-09 22-31-44  1547.2  14128.3  1.03862e-13  203.339  2672
198  128  2025-06-09 22-31-44  1548.8  14137.4  1.04422e-13  203.396  2672
199  128  2025-06-09 22-31-44  1550.4  14146.5  1.04982e-13  203.454  2672
200  128  2025-06-09 22-31-44  1552  14155.7  1.05542e-13  203.511  2672
201  128  2025-06-09 22-31-44  1553.6  14164.8  1.06103e-13  203.569  2672
202  128  2025-06-09 22-31-44  1555.2  14174  1.06664e-13  203.626  2672
203  128  2025-06-09 22-31-44  1556.8  14183.2  1.07225e-13  203.684  2672
204  128  2025-06-09 22-31-44  1558.4  14192.3  1.07787e-13  203.741  2672
205  128  2025-06-09 22-31-44  1560  14201.5  1.08349e-13  203.799  2672
206  128  2025-06-09 22-31-44  1561.6  14210.7  1.08911e-13  203.857  2672
207  128  2025-06-09 22-31-44  1563.2  14219.9  1.09474e-13  203.914  2672
208  128  2025-06-09 22-31-44  1564.8  14229.1  1.10037e-13  203.972  2672
209  128  2025-06-09 22-31-44  1566.4  14238.3  1.10601e-13  204.029  2672
210  128  2025-06-09 22-31-44  1568  14247.5  1.11165e-13  204.087  2672
211  128  2025-06-09 22-31-44  1569.6  14256.7  1.11729e-13  204.144  2672
212  128  2025-06-09 22-31-44  1571.2  14266  1.12293e-13  204.202  2672
213  128  2025-06-09 22-31-44  1572.8  14275.2  1.12858e-13  204.259  2672
214  128  2025-06-09 22-31-44  1574.4  14284.4  1.13424e-13  204.317  2672
215  128  2025-06-09 22-31-44  1576  14293.6  1.13989e-13  204.375  2672
216  128  2025-06-09 22-31-44  1577.6  14302.9  1.14555e-13  204.432  2672
217  128  2025-06-09 22-31-44  1579.2  14312.1  1.15121e-13  204.49  2672
218  128  2025-06-09 22-31-44  1580.8  14321.4  1.15687e-13  204.403  2672
219  128  2025-06-09 22-31-44  1582.4  14330.6  -0.0814927  204.461  2680.08
220  128  2025-06-09 22-31-44  1584  14339.9  -0.245381  204.518  2688.24
221  128  2025-06-09 22-31-44  1585.6  14349.1  -0.492563  204.576  2696.48
222  128  2025-06-09 22-31-44  1587.2  14358.4  -0.823927  204.634  2704.8
223  128  2025-06-09 22-31-44  1588.8  14367.6  -1.24036  204.691  2713.2
224  128  2025-06-09 22-31-44  1590.4  14376.9  -1.74274  204.749  2721.68
225  128  2025-06-09 22-31-44  1592  14386.2  -2.33194  204.806  2730.24
226  128  2025-06-09 22-31-44  1593.6  14395.4  -3.00883  204.864  2738.88
227  128  2025-06-09 22-31-44  1595.2  14404.7  -3.77425  204.921  2747.6
228  128  2025-06-09 22-31-44  1596.8  14413.9  -4.62907  204.979  2756.4
229  128  2025-06-09 22-31-44  1598.4  14423.2  -5.5741  205.036  2765.28
230  128  2025-06-09 22-31-44  1600  14432.5  -6.6102  205.094  2774.24
231  128  2025-06-09 22-31-44  1601.6  14441.7  -7.73817  205.152  2783.28
232  128  2025-06-09 22-31-44  1603.2  14451  -8.86102  205.209  2782.7
233  128  2025-06-09 22-31-44  1604.8  14460.2  -9.97859  205.267  2782.11
234  128  2025-06-09 22-31-44  1606.4  14469.5  -11.0907  205.324  2781.5
235  128  2025-06-09 22-31-44  1608  14478.8  -12.1972  205.382  2780.88
236  128  2025-06-09 22-31-44  1609.6  14488  -13.2979  205.439  2780.24
237  128  2025-06-09 22-31-44  1611.2  14497.3  -14.3926  205.497  2779.58
238  128  2025-06-09 22-31-44  1612.8  14506.6  -15.4812  205.554  2778.91
239  128  2025-06-09 22-31-44  1614.4  14515.9  -128.563  205.612  2778.22
240  128  2025-06-09 22-31-44  1616  14525.2  -129.639  205.67  2777.52
241  128  2025-06-09 22-31-44  1617.6  14534.5  -130.708  205.727  2776.8
242  128  2025-06-09 22-31-44  1619.2  14543.8  -131.771  205.785  2776.06
243  128  2025-06-09 22-31-44  1620.8  14553.1  -132.906  205.698  2783.39
244  128  2025-06-09 22-31-44  1622.4  14562.4  -134.116  205.612  2790.78
245  128  2025-06-09 22-31-44  1624  14571.7  -135.4  205.526  2798.24
246  128  2025-06-09 22-31-44  1625.6  14580.9  -136.758  205.439  2805.76
247  128  2025-06-09 22-31-44  1627.2  14590.2  -138.192  205.353  2813.34
248  128  2025-06-09 22-31-44  1628.8  14599.4  -139.701  205.267  2820.99
249  128  2025-06-09 22-31-44  1630.4  14608.5  -141.286  205.18  2828.7
250  128  2025-06-09 22-31-44  1632  14617.7  -142.948  205.094  14036.5
251  128  2025-06-09 22-31-44  1633.6  14626.9  -144.688  205.152  14044.3
252  128  2025-06-09 22-31-44  1635.2  14636  -146.509  205.209  14052.2
253  128  2025-06-09 22-31-44  1636.8  14645.1  -148.41  205.267  14060.2
254  128  2025-06-09 22-31-44  1638.4  14654.3  -150.328  205.324  14061.8
255  128  2025-06-09 22-31-44  1640  14663.4  -152.263  205.382  14063.3
256  128  2025-06-09 22-31-44  1641.6  14672.5  -154.215  205.439  14064.9
257  128  2025-06-09 22-31-44  1643.2  14681.7  -156.183  205.497  14066.5
258  128  2025-06-09 22-31-44  1644.8  14690.8  -158.168  205.554  14068
259  128  2025-06-09 22-31-44  1646.4  14700  -160.171  205.612  14069.6
260  128  2025-06-09 22-31-44  1648  14709.1  -162.19  205.67  14071.2
261  128  2025-06-09 22-31-44  1649.6  14718.3  -164.226  205.727  14072.7
262  128  2025-06-09 22-31-44  1651.2  14727.4  -166.279  205.785  14074.3
263  128  2025-06-09 22-31-44  1652.8  14736.6  -168.348  205.842  14075.9
264  128  2025-06-09 22-31-44  1654.4  14745.7  -170.435  205.9  14077.4
265  128  2025-06-09 22-31-44  1656  14754.9  -172.539  205.957  14079
266  128  2025-06-09 22-31-44  1657.6  14764  -174.659  206.015  14080.6
267  128  2025-06-09 22-31-44  1659.2  14773.2  -176.797  206.072  14082.1
268  128  2025-06-09 22-31-44  1660.8  14782.4  -178.952  206.13  14083.7
269  128  2025-06-09 22-31-44  1662.4  14791.5  -181.123  206.188  14085.3
270  128  2025-06-09 22-31-44  1664  14800.7  -183.312  206.245  14086.8
271  128  2025-06-09 22-31-44  1665.6  14809.9  -185.517  206.303  14088.4
272  128  2025-06-09 22-31-44  1667.2  14819  -187.74  206.36  14090
273  128  2025-06-09 22-31-44  1668.8  14828.2  -189.98  206.418  14091.6
274  128  2025-06-09 22-31-44  1670.4  14837.4  -192.236  206.475  14093.1
275  128  2025-06-09 22-31-44  1672  14846.6  -194.51  206.533  14094.7
276  128  2025-06-09 22-31-44  1673.6  14855.7  -196.801  206.59  14096.3
277  128  2025-06-09 22-31-44  1675.2  14864.9  -199.109  206.648  14097.8
278  128  2025-06-09 22-31-44  1676.8  14874.1  -201.434  206.706  14099.4
279  128  2025-06-09 22-31-44  1678.4  14883.3  -203.777  206.763  14101
280  128  2025-06-09 22-31-44  1680  14892.5  -206.136  206.821  14102.5
281  128  2025-06-09 22-31-44  1681.6  14901.6  -208.512  206.878  14104.1
282  128  2025-06-09 22-31-44  1683.2  14910.8  -210.906  206.936  14105.7
283  128  2025-06-09 22-31-44  1684.8  14920  -213.317  206.993  14107.2
284  128  2025-06-09 22-31-44  1686.4  14929.2  -215.842  207.051  14118.5
285  128  2025-06-09 22-31-44  1688  14938.3  -218.482  207.108  14129.9
286  128  2025-06-09 22-31-44  1689.6  14947.4  -221.238  207.166  14141.3
287  128  2025-06-09 22-31-44  1691.2  14956.5  -224.11  207.224  14152.9
288  128  2025-06-09 22-31-44  1692.8  14965.6  -227.099  207.281  14164.5
289  128  2025-06-09 22-31-44  1694.4  14974.6  -230.205  207.339  14176.3
290  128  2025-06-09 22-31-44  1696  14983.5  -233.43  207.396  14188.1
291  128  2025-06-09 22-31-44  1697.6  14992.5  -236.773  207.454  14200
292  128  2025-06-09 22-31-44  1699.2  15001.4  -240.235  207.511  14212.1
293  128  2025-06-09 22-31-44  1700.8  15010.2  -243.817  207.569  14224.2
294  128  2025-06-09 22-31-44  1702.4  15019.1  -247.519  207.626  14236.4
295  128  2025-06-09 22-31-44  1704  15027.8  -251.342  207.684  14248.7
296  128  2025-06-09 22-31-44  1705.6  15036.6  -255.285  207.742  14261.2
297  128  2025-06-09 22-31-44  1707.2  15045.2  -259.349  207.799  14273.7
298  128  2025-06-09 22-31-44  1708.8  15053.9  -263.535  207.857  14286.3
299  128  2025-06-09 22-31-44  1710.4  15062.4  -267.843  207.914  14299
300  128  2025-06-09 22-31-44  1712  15070.9  -1392.27  207.972  14311.8
301  128  2025-06-09 22-31-44  1713.6  15079.4  -1396.82  208.029  14324.6
302  128  2025-06-09 22-31-44  1715.2  15087.8  -1401.49  208.087  14337.4
303  128  2025-06-09 22-31-44  1716.8  15096.1  -1406.28  208.145  14350.2
304  128  2025-06-09 22-31-44  1718.4  15104.4  -1411.19  208.202  14363
305  128  2025-06-09 22-31-44  1720  15112.6  -1416.22  208.26  14375.8
306  128  2025-06-09 22-31-44  1721.6  15120.8  -1421.37  208.317  14388.6
307  128  2025-06-09 22-31-44  1723.2  15128.9  -1426.47  208.375  14383.7
308  128  2025-06-09 22-31-44  1724.8  15137.1  -1431.53  208.432  14378.7
309  128  2025-06-09 22-31-44  1726.4  15145.3  -1436.71  208.49  14391.5
310  128  2025-06-09 22-31-44  1728  15153.5  -1441.85  208.547  14386.5
311  128  2025-06-09 22-31-44  1729.6  15161.7  -1446.95  208.605  14381.5
312  128  2025-06-09 22-31-44  1731.2  15169.9  -1452  208.663  14376.4
313  128  2025-06-09 22-31-44  1732.8  15178.1  -1457.17  208.72  14389
314  128  2025-06-09 22-31-44  1734.4  15186.3  -1462.3  208.778  14383.9
315  128  2025-06-09 22-31-44  1736  15194.5  -1467.38  208.835  14378.7
316  128  2025-06-09 22-31-44  1737.6  15202.7  -1472.58  208.893  14391.3
317  128  2025-06-09 22-31-44  1739.2  15210.9  -1477.74  208.95  14386.1
318  128  2025-06-09 22-31-44  1740.8  15219.2  -1482.85  209.008  14380.9
319  128  2025-06-09 22-31-44  1742.4  15227.4  -1487.92  209.065  14375.6
320  128  2025-06-09 22-31-44  1744  15235.6  -1493.1  209.123  14388
321  128  2025-06-09 22-31-44  1745.6  15243.9  -1498.24  209.181  14382.7
322  128  2025-06-09 22-31-44  1747.2  15252.2  -1503.33  209.238  14377.3
323  128  2025-06-09 22-31-44  1748.8  15260.4  -1508.54  209.296  14389.6
324  128  2025-06-09 22-31-44  1750.4  15268.7  -1513.7  209.353  14384.2
325  128  2025-06-09 22-31-44  1752  15276.9  -1518.82  209.411  14378.8
326  128  2025-06-09 22-31-44  1753.6  15285.3  -1523.88  209.468  14373.3
327  128  2025-06-09 22-31-44  1755.2  15293.5  -1529.06  209.526  14385.5
328  128  2025-06-09 22-31-44  1756.8  15301.8  -1534.2  209.583  14380
329  128  2025-06-09 22-31-44  1758.4  15310.2  -1539.29  209.641  14374.4
330  128  2025-06-09 22-31-44  1760  15318.4  -1544.49  209.699  14386.5
331  128  2025-06-09 22-31-44  1761.6  15326.7  -1549.64  209.756  14380.9
332  128  2025-06-09 22-31-44  1763.2  15335.1  -1554.74  209.814  14375.3
333  128  2025-06-09 22-31-44  1764.8  15343.5  -1559.8  209.871  14369.5
334  128  2025-06-09 22-31-44  1766.4  15351.8  -1564.96  209.929  14381.5
335  128  2025-06-09 22-31-44  1768  15360.1  -1570.08  209.986  14375.8
336  128  2025-06-09 22-31-44  1769.6  15368.5  -1575.15  210.044  14370
337  128  2025-06-09 22-31-44  1771.2  15376.9  -1580.3  210.101  14378.7
338  128  2025-06-09 22-31-44  1772.8  15385.2  -1585.53  210.159  14387.4
339  128  2025-06-09 22-31-44  1774.4  15393.4  -1590.85  210.217  14396.2
340  128  2025-06-09 22-31-44  1776  15401.6  -1596.24  210.13  14405.1
341  128  2025-06-09 22-31-44  1777.6  15409.8  -1601.64  210.188  14405.9
342  128  2025-06-09 22-31-44  1779.2  15418  -1607.05  210.245  14406.8
343  128  2025-06-09 22-31-44  1780.8  15426.2  -1612.47  210.303  14407.6
344  128  2025-06-09 22-31-44  1782.4  15434.4  -1617.9  210.217  14408.4
345  128  2025-06-09 22-31-44  1784  15442.6  -1623.32  210.13  14409.2
346  128  2025-06-09 22-31-44  1785.6  15450.8  -1628.75  210.044  14409.9
347  128  2025-06-09 22-31-44  1787.2  15458.9  -1634.18  209.958  14410.7
348  128  2025-06-09 22-31-44  1788.8  15467.1  -1639.61  209.871  14411.4
349  128  2025-06-09 22-31-44  1790.4  15475.2  -1645.05  209.785  14412.1
350  128  2025-06-09 22-31-44  1792  15483.3  -1650.48  209.699  14412.8
351  128  2025-06-09 22-31-44  1793.6  15491.4  -1655.92  209.612  14413.5
352  128  2025-06-09 22-31-44  1795.2  15499.5  -1661.36  209.526  14414.2
353  128  2025-06-09 22-31-44  1796.8  15507.6  -1666.8  209.44  14414.8
354  128  2025-06-09 22-31-44  1798.4  15515.7  -1672.23  209.353  14415.5
355  128  2025-06-09 22-31-44  1800  15523.7  -1677.77  209.411  14425.8
356  128  2025-06-09 22-31-44  1801.6  15531.7  -1683.39  209.468  14436.2
357  128  2025-06-09 22-31-44  1803.2  15539.6  -1689.12  209.526  14446.7
358  128  2025-06-09 22-31-44  1804.8  15547.4  -1694.93  209.583  14457.2
359  128  2025-06-09 22-31-44  1806.4  15555.2  -1700.84  209.641  14467.9
360  128  2025-06-09 22-31-44  1808  15562.9  -1706.84  209.699  14478.6
361  128  2025-06-09 22-31-44  1809.6  15570.5  -1712.94  209.756  14489.4
362  128  2025-06-09 22-31-44  1811.2  15578.1  -1719.13  209.814  14500.3
363  128  2025-06-09 22-31-44  1812.8  15585.6  -1725.42  209.871  14511.2
364  128  2025-06-09 22-31-44  1814.4  15593  -1731.8  209.929  14522.3
365  128  2025-06-09 22-31-44  1816  15600.4  -1738.27  209.986  14533.4
366  128  2025-06-09 22-31-44  1817.6  15607.7  -1744.83  210.044  14544.6
367  128  2025-06-09 22-31-44  1819.2  15614.9  -1751.43  210.101  14547.8
368  128  2025-06-09 22-31-44  1820.8  15622.2  -1758.05  210.159  14551
369  128  2025-06-09 22-31-44  1822.4  15629.4  -1764.7  210.217  14554.2
370  128  2025-06-09 22-31-44  1824  15636.6  -1771.39  210.274  14557.4
371  128  2025-06-09 22-31-44  1825.6  15643.8  -1778.1  210.332  14560.6
372  128  2025-06-09 22-31-44  1827.2  15650.9  -1784.84  210.389  14563.8
373  128  2025-06-09 22-31-44  1828.8  15658.1  -1791.61  210.447  14567
374  128  2025-06-09 22-31-44  1830.4  15665.2  -1798.4  210.504  14570.2
375  128  2025-06-09 22-31-44  1832  15672.3  -1805.23  210.562  14573.4
376  128  2025-06-09 22-31-44  1833.6  15679.4  -1812.16  210.619  14586.2
377  128  2025-06-09 22-31-44  1835.2  15686.3  -1819.19  210.677  14599
378  128  2025-06-09 22-31-44  1836.8  15693.2  -1826.19  210.735  14594.1
379  128  2025-06-09 22-31-44  1838.4  15700.2  -1833.15  210.792  14589.2
380  128  2025-06-09 22-31-44  1840  15707.3  -1840.08  210.85  14584.1
381  128  2025-06-09 22-31-44  1841.6  15714.4  -1846.97  210.907  14579
382  128  2025-06-09 22-31-44  1843.2  15721.5  -1853.83  210.965  14573.8
383  128  2025-06-09 22-31-44  1844.8  15728.7  -1860.65  211.022  14568.5
384  128  2025-06-09 22-31-44  1846.4  15735.9  -1867.44  211.08  14563.2
385  128  2025-06-09 22-31-44  1848  15743.2  -1874.18  211.137  14557.7
386  128  2025-06-09 22-31-44  1849.6  15750.5  -1880.88  211.195  14552.2
387  128  2025-06-09 22-31-44  1851.2  15757.9  -1887.54  211.253  14546.6
388  128  2025-06-09 22-31-44  1852.8  15765.3  -1894.16  211.31  14540.9
389  128  2025-06-09 22-31-44  1854.4  15772.7  -1900.74  211.368  14535.2
390  128  2025-06-09 22-31-44  1856  15780.2  -1907.28  211.425  14529.3
391  128  2025-06-09 22-31-44  1857.6  15787.7  -1913.76  211.483  14523.4
392  128  2025-06-09 22-31-44  1859.2  15795.3  -1920.21  211.54  14517.4
393  128  2025-06-09 22-31-44  1860.8  15803  -1926.6  211.598  14511.3
394  128  2025-06-09 22-31-44  1862.4  15810.7  -1932.95  211.655  14505.2
395  128  2025-06-09 22-31-44  1864  15818.4  -1939.25  211.713  14498.9
396  128  2025-06-09 22-31-44  1865.6  15826.2  -1945.5  211.771  14492.6
397  128  2025-06-09 22-31-44  1867.2  15834  -1951.7  211.828  14486.2
398  128  2025-06-09 22-31-44  1868.8  15841.9  -1957.85  211.886  14479.7
399  128  2025-06-09 22-31-44  1870.4  15849.8  -1963.94  211.943  14473.2
400  128  2025-06-09 22-31-44  1872  15857.7  -1969.98  212.001  14466.5
401  128  2025-06-09 22-31-44  1873.6  15865.8  -1975.97  212.058  14459.8
402  128  2025-06-09 22-31-44  1875.2  15873.8  -1981.9  212.116  14453
403  128  2025-06-09 22-31-44  1876.8  15881.9  -1987.77  212.173  14446.1
404  128  2025-06-09 22-31-44  1878.4  15890.1  -1993.58  212.231  14439.2
405  128  2025-06-09 22-31-44  1880  15898.3  -1999.34  212.289  14432.1
406  128  2025-06-09 22-31-44  1881.6  15906.6  -2005.03  212.346  14425
407  128  2025-06-09 22-31-44  1883.2  15914.9  -2010.66  212.404  14417.8
408  128  2025-06-09 22-31-44  1884.8  15923.3  -2016.23  212.461  14410.5
409  128  2025-06-09 22-31-44  1886.4  15931.7  -2021.73  212.519  14403.2
410  128  2025-06-09 22-31-44  1888  15940.1  -2027.17  212.576  14395.7
411  128  2025-06-09 22-31-44  1889.6  15948.6  -2032.54  212.634  14388.2
412  128  2025-06-09 22-31-44  1891.2  15957.2  -2037.84  212.691  14380.6
413  128  2025-06-09 22-31-44  1892.8  15965.8  -2043.08  212.749  14372.9
414  128  2025-06-09 22-31-44  1894.4  15974.5  -2048.25  212.807  14365.2
415  128  2025-06-09 22-31-44  1896  15983.2  -2053.34  212.864  14357.3
416  128  2025-06-09 22-31-44  1897.6  15991.9  -2058.36  212.922  14349.4
417  128  2025-06-09 22-31-44  1899.2  16000.6  -2063.48  212.979  14359.2
418  128  2025-06-09 22-31-44  1900.8  16009.4  -2068.52  213.037  14351.3
419  128  2025-06-09 22-31-44  1902.4  16018.2  -2073.49  213.094  14343.3
420  128  2025-06-09 22-31-44  1904  16026.9  -2078.56  213.152  14353
421  128  2025-06-09 22-31-44  1905.6  16035.8  -2083.56  213.209  14345
422  128  2025-06-09 22-31-44  1907.2  16044.5  -2088.65  213.267  14354.8
423  128  2025-06-09 22-31-44  1908.8  16053.3  -2093.66  213.325  14346.8
424  128  2025-06-09 22-31-44  1910.4  16062.1  -2098.77  213.382  14356.6
425  128  2025-06-09 22-31-44  1912  16070.9  -2103.81  213.44  14348.6
426  128  2025-06-09 22-31-44  1913.6  16079.7  -2108.78  213.497  14340.6
427  128  2025-06-09 22-31-44  1915.2  16088.5  -2113.84  213.555  14350.3
428  128  2025-06-09 22-31-44  1916.8  16097.4  -2118.83  213.612  14342.3
429  128  2025-06-09 22-31-44  1918.4  16106.2  -2123.91  213.67  14352
430  128  2025-06-09 22-31-44  1920  16115  -2128.92  213.727  14344
431  128  2025-06-09 22-31-44  1921.6  16123.8  -2134.03  213.785  14353.7
432  128  2025-06-09 22-31-44  1923.2  16132.7  -2139.06  213.843  14345.7
433  128  2025-06-09 22-31-44  1924.8  16141.5  -2144.19  213.9  14355.5
434  128  2025-06-09 22-31-44  1926.4  16150.4  -2149.24  213.958  14347.5
435  128  2025-06-09 22-31-44  1928  16159.3  -2154.22  214.015  14339.5
436  128  2025-06-09 22-31-44  1929.6  16168.1  -2159.3  214.073  14349.2
437  128  2025-06-09 22-31-44  1931.2  16177  -2164.3  214.13  14341.1
438  128  2025-06-09 22-31-44  1932.8  16185.9  -2169.4  214.188  14350.8
439  128  2025-06-09 22-31-44  1934.4  16194.8  -2174.42  214.245  14342.8
440  128  2025-06-09 22-31-44  1936  16203.6  -2179.54  214.303  14352.5
441  128  2025-06-09 22-31-44  1937.6  16212.5  -2184.59  214.361  14344.5
442  128  2025-06-09 22-31-44  1939.2  16221.5  -2189.55  214.418  14336.5
443  128  2025-06-09 22-31-44  1940.8  16230.4  -2194.62  214.476  14346.1
444  128  2025-06-09 22-31-44  1942.4  16239.4  -2199.61  214.533  14338
445  128  2025-06-09 22-31-44  1944  16248.3  -2204.7  214.591  14347.7
446  128  2025-06-09 22-31-44  1945.6  16257.2  -2209.71  214.648  14339.7
447  128  2025-06-09 22-31-44  1947.2  16266.1  -2214.82  214.706  14349.3
448  128  2025-06-09 22-31-44  1948.8  16275.1  -2219.86  214.763  14341.3
449  128  2025-06-09 22-31-44  1950.4  16284  -2224.99  214.821  14351
450  128  2025-06-09 22-31-44  1952  16293  -2230.04  214.879  14343
451  128  2025-06-09 22-31-44  1953.6  16302  -2235.02  214.936  14334.9
452  128  2025-06-09 22-31-44  1955.2  16310.9  -2240.1  214.994  14344.5
453  128  2025-06-09 22-31-44  1956.8  16319.9  -2245.1  215.051  14336.5
454  128  2025-06-09 22-31-44  1958.4  16328.9  -2250.2  215.109  14346.1
455  128  2025-06-09 22-31-44  1960  16337.9  -2255.22  215.166  14338
456  128  2025-06-09 22-31-44  1961.6  16346.9  -2260.34  215.224  14347.7
457  128  2025-06-09 22-31-44  1963.2  16355.9  -2265.38  215.281  14339.7
458  128  2025-06-09 22-31-44  1964.8  16364.9  -2270.52  215.339  14349.3
459  128  2025-06-09 22-31-44  1966.4  16373.8  -2275.75  215.253  14359.1
460  128  2025-06-09 22-31-44  1968  16382.7  -2280.99  215.31  14359.2
461  128  2025-06-09 22-31-44  1969.6  16391.6  -2286.23  215.368  14359.4
462  128  2025-06-09 22-31-44  1971.2  16400.5  -2291.48  215.425  14359.6
463  128  2025-06-09 22-31-44  1972.8  16409.4  -2296.73  215.483  14359.7
464  128  2025-06-09 22-31-44  1974.4  16418.3  -2301.98  215.54  14359.9
465  128  2025-06-09 22-31-44  1976  16427.3  -2307.24  215.598  14360
466  128  2025-06-09 22-31-44  1977.6  16436.2  -2312.5  215.656  14360.2
467  128  2025-06-09 22-31-44  1979.2  16445.1  -2317.85  215.713  14368.4
468  128  2025-06-09 22-31-44  1980.8  16453.9  -2323.28  215.771  14376.8
469  128  2025-06-09 22-31-44  1982.4  16462.7  -2328.79  215.828  14385.2
470  128  2025-06-09 22-31-44  1984  16471.5  -2334.39  215.886  14393.6
471  128  2025-06-09 22-31-44  1985.6  16480.2  -2340.07  215.943  14402.2
472  128  2025-06-09 22-31-44  1987.2  16488.8  -2345.84  216.001  14410.8
473  128  2025-06-09 22-31-44  1988.8  16497.4  -2351.69  216.058  14419.6
474  128  2025-06-09 22-31-44  1990.4  16506  -2357.63  216.116  14428.4
475  128  2025-06-09 22-31-44  1992  16514.5  -2363.65  216.174  14437.2
476  128  2025-06-09 22-31-44  1993.6  16522.9  -2369.76  216.231  14446.2
477  128  2025-06-09 22-31-44  1995.2  16531.3  -2375.96  216.289  14455.2
478  128  2025-06-09 22-31-44  1996.8  16539.7  -2382.24  216.346  14464.4
479  128  2025-06-09 22-31-44  1998.4  16547.9  -2388.61  216.404  14473.6
480  128  2025-06-09 22-31-44  2000  16556.1  -2395.07  216.461  14482.8
481  128  2025-06-09 22-31-44  2001.6  16564.3  -2401.61  216.519  14492.2
482  128  2025-06-09 22-31-44  2003.2  16572.4  -2408.15  216.433  14492
483  128  2025-06-09 22-31-44  2004.8  16580.6  -2414.68  216.346  14491.7
484  128  2025-06-09 22-31-44  2006.4  16588.7  -2421.2  216.26  14491.4
485  128  2025-06-09 22-31-44  2008  16596.8  -2427.71  216.174  14491.1
486  128  2025-06-09 22-31-44  2009.6  16605  -2434.21  216.087  14490.8
487  128  2025-06-09 22-31-44  2011.2  16613.1  -2440.71  216.001  14490.4
488  128  2025-06-09 22-31-44  2012.8  16621.2  -2447.2  215.915  14490.1
489  128  2025-06-09 22-31-44  2014.4  16629.3  -2453.67  215.828  14489.7
490  128  2025-06-09 22-31-44  2016  16637.4  -2460.15  215.886  14489.3
491  128  2025-06-09 22-31-44  2017.6  16645.6  -2466.63  215.943  14488.9
492  128  2025-06-09 22-31-44  2019.2  16653.6  -2473.18  216.001  14496.6
493  128  2025-06-09 22-31-44  2020.8  16661.7  -2479.8  216.058  14504.3
494  128  2025-06-09 22-31-44  2022.4  16669.7  -2486.37  216.116  14497.6
495  128  2025-06-09 22-31-44  2024  16677.9  -2492.88  216.174  14490.7
496  128  2025-06-09 22-31-44  2025.6  16686.1  -2499.33  216.231  14483.8
497  128  2025-06-09 22-31-44  2027.2  16694.3  -2505.72  216.289  14476.8
498  128  2025-06-09 22-31-44  2028.8  16702.6  -2512.06  216.346  14469.8
499  128  2025-06-09 22-31-44  2030.4  16711  -2518.33  216.404  14462.6
500  128  2025-06-09 22-31-44  2032  16719.4  -2524.53  216.461  14455.4
501  128  2025-06-09 22-31-44  2033.6  16727.8  -2530.68  216.519  14448.1
502  128  2025-06-09 22-31-44  2035.2  16736.3  -2536.76  216.576  14440.7
503  128  2025-06-09 22-31-44  2036.8  16744.9  -2542.77  216.634  14433.2
504  128  2025-06-09 22-31-44  2038.4  16753.5  -2548.71  216.692  14425.6
505  128  2025-06-09 22-31-44  2040  16762.2  -2554.59  216.749  14418
506  128  2025-06-09 22-31-44  2041.6  16770.9  -2560.4  216.807  14410.3
507  128  2025-06-09 22-31-44  2043.2  16779.7  -2566.13  216.864  14402.5
508  128  2025-06-09 22-31-44  2044.8  16788.5  -2571.8  216.922  14394.6
509  128  2025-06-09 22-31-44  2046.4  16797.4  -2577.39  216.979  14386.7
510  128  2025-06-09 22-31-44  2048  16806.3  -2582.9  217.037  14378.7
511  128  2025-06-09 22-31-44  2049.6  16815.3  -2588.34  217.094  14370.5
512  128  2025-06-09 22-31-44  2051.2  16824.4  -2593.7  217.152  14362.4
513  128  2025-06-09 22-31-44  2052.8  16833.5  -2598.98  217.21  14354.1
514  128  2025-06-09 22-31-44  2054.4  16842.6  -2604.18  217.267  14345.7
515  128  2025-06-09 22-31-44  2056  16851.8  -2609.3  217.325  14337.3
516  128  2025-06-09 22-31-44  2057.6  16861.1  -2614.33  217.382  14328.8
517  128  2025-06-09 22-31-44  2059.2  16870.4  -2619.29  217.44  14320.2
518  128  2025-06-09 22-31-44  2060.8  16879.7  -2624.33  217.497  14329.3
519  128  2025-06-09 22-31-44  2062.4  16889  -2629.3  217.555  14320.7
520  128  2025-06-09 22-31-44  2064  16898.2  -2634.35  217.612  14329.8
521  128  2025-06-09 22-31-44  2065.6  16907.6  -2639.33  217.67  14321.3
522  128  2025-06-09 22-31-44  2067.2  16916.8  -2644.4  217.728  14330.4
523  128  2025-06-09 22-31-44  2068.8  16926.2  -2649.38  217.785  14321.9
524  128  2025-06-09 22-31-44  2070.4  16935.5  -2654.46  217.843  14331
525  128  2025-06-09 22-31-44  2072  16944.8  -2659.46  217.9  14322.5
526  128  2025-06-09 22-31-44  2073.6  16954.2  -2664.37  217.958  14313.9
527  128  2025-06-09 22-31-44  2075.2  16963.5  -2669.38  218.015  14323
528  128  2025-06-09 22-31-44  2076.8  16972.9  -2674.3  218.073  14314.4
529  128  2025-06-09 22-31-44  2078.4  16982.3  -2679.32  218.13  14323.5
530  128  2025-06-09 22-31-44  2080  16991.7  -2684.25  218.188  14314.9
531  128  2025-06-09 22-31-44  2081.6  17001  -2689.28  218.246  14324
532  128  2025-06-09 22-31-44  2083.2  17010.5  -2694.23  218.303  14315.5
533  128  2025-06-09 22-31-44  2084.8  17019.8  -2699.27  218.361  14324.6
534  128  2025-06-09 22-31-44  2086.4  17029.2  -2704.22  218.418  14316.1
535  128  2025-06-09 22-31-44  2088  17038.6  -2709.28  218.476  14325.2
536  128  2025-06-09 22-31-44  2089.6  17048  -2714.24  218.533  14316.7
537  128  2025-06-09 22-31-44  2091.2  17057.4  -2719.31  218.591  14325.9
538  128  2025-06-09 22-31-44  2092.8  17066.8  -2724.29  218.648  14317.3
539  128  2025-06-09 22-31-44  2094.4  17076.2  -2729.36  218.706  14326.5
540  128  2025-06-09 22-31-44  2096  17085.7  -2734.36  218.764  14318
541  128  2025-06-09 22-31-44  2097.6  17095.2  -2739.26  218.821  14309.5
542  128  2025-06-09 22-31-44  2099.2  17104.6  -2744.27  218.879  14318.6
543  128  2025-06-09 22-31-44  2100.8  17114.1  -2749.18  218.936  14310
544  128  2025-06-09 22-31-44  2102.4  17123.5  -2754.2  218.994  14319.2
545  128  2025-06-09 22-31-44  2104  17133  -2759.13  219.051  14310.6
546  128  2025-06-09 22-31-44  2105.6  17142.5  -2764.15  219.109  14319.8
547  128  2025-06-09 22-31-44  2107.2  17152  -2769.09  219.167  14311.2
548  128  2025-06-09 22-31-44  2108.8  17161.5  -2774.13  219.224  14320.4
549  128  2025-06-09 22-31-44  2110.4  17171  -2779.08  219.282  14311.9
550  128  2025-06-09 22-31-44  2112  17180.5  -2784.13  219.339  14321.1
551  128  2025-06-09 22-31-44  2113.6  17190  -2789.1  219.397  14312.6
552  128  2025-06-09 22-31-44  2115.2  17199.5  -2794.16  219.454  14321.8
553  128  2025-06-09 22-31-44  2116.8  17209  -2799.14  219.512  14313.3
554  128  2025-06-09 22-31-44  2118.4  17218.5  -2804.21  219.569  14322.5
555  128  2025-06-09 22-31-44  2120  17228  -2809.21  219.627  14314
556  128  2025-06-09 22-31-44  2121.6  17237.6  -2814.11  219.685  14305.5
557  128  2025-06-09 22-31-44  2123.2  17247.2  -2819.11  219.742  14314.7
558  128  2025-06-09 22-31-44  2124.8  17256.7  -2824.03  219.8  14306.1
559  128  2025-06-09 22-31-44  2126.4  17266.3  -2829.04  219.857  14315.3
560  128  2025-06-09 22-31-44  2128  17275.9  -14034  219.915  14306.8
561  128  2025-06-09 22-31-44  2129.6  17285.4  -14039  219.972  14316
562  128  2025-06-09 22-31-44  2131.2  17295.1  -14043.9  220.03  14307.5
563  128  2025-06-09 22-31-44  2132.8  17304.6  -14049  220.087  14316.7
564  128  2025-06-09 22-31-44  2134.4  17314.2  -14053.9  220.145  14308.2
565  128  2025-06-09 22-31-44  2136  17323.8  -14059  220.203  14317.4
566  128  2025-06-09 22-31-44  2137.6  17333.4  -14064  220.26  14308.9
567  128  2025-06-09 22-31-44  2139.2  17343  -14069  220.318  14318.2
568  128  2025-06-09 22-31-44  2140.8  17352.6  -14074  220.375  14309.7
569  128  2025-06-09 22-31-44  2142.4  17362.2  -14079.1  220.433  14319
570  128  2025-06-09 22-31-44  2144  17371.8  -14084.1  220.49  14310.5
571  128  2025-06-09 22-31-44  2145.6  17381.4  -14089.2  220.548  14319.8
572  128  2025-06-09 22-31-44  2147.2  17391.1  -14094.2  220.605  14311.4
573  128  2025-06-09 22-31-44  2148.8  17400.7  -14099.1  220.663  14302.9
574  128  2025-06-09 22-31-44  2150.4  17410.4  -14104.1  220.721  14312.1
575  128  2025-06-09 22-31-44  2152  17420.1  -14109.1  220.778  14303.6
576  128  2025-06-09 22-31-44  2153.6  17429.7  -14114.1  220.836  14312.8
577  128  2025-06-09 22-31-44  2155.2  17439.4  -14119  220.893  14304.4
578  128  2025-06-09 22-31-44  2156.8  17449.1  -14124.1  220.951  14313.6
579  128  2025-06-09 22-31-44  2158.4  17458.8  -14129  221.008  14305.2
580  128  2025-06-09 22-31-44  2160  17468.4  -14134.1  221.066  14314.4
581  128  2025-06-09 22-31-44  2161.6  17478.2  -14139.1  221.123  14306
582  128  2025-06-09 22-31-44  2163.2  17487.8  -14144.2  221.181  14315.2
583  128  2025-06-09 22-31-44  2164.8  17497.5  -14149.1  221.239  14306.8
584  128  2025-06-09 22-31-44  2166.4  17507.2  -14154.2  221.296  14316.1
585  128  2025-06-09 22-31-44  2168  17516.9  -14159.2  221.354  14307.7
586  128  2025-06-09 22-31-44  2169.6  17526.7  -14164.2  221.411  14299.2
587  128  2025-06-09 22-31-44  2171.2  17536.4  -14169.2  221.469  14308.4
588  128  2025-06-09 22-31-44  2172.8  17546.2  -14174.1  221.526  14300
589  128  2025-06-09 22-31-44  2174.4  17556  -14179.1  221.584  14309.2
590  128  2025-06-09 22-31-44  2176  17565.7  -14184.1  221.641  14300.8
591  128  2025-06-09 22-31-44  2177.6  17575.5  -14189.1  221.699  14310
592  128  2025-06-09 22-31-44  2179.2  17585.3  -14194.1  221.757  14301.6
593  128  2025-06-09 22-31-44  2180.8  17595  -14199.1  221.814  14310.8
594  128  2025-06-09 22-31-44  2182.4  17604.8  -14204.1  221.872  14302.4
595  128  2025-06-09 22-31-44  2184  17614.6  -14209.2  221.929  14311.7
596  128  2025-06-09 22-31-44  2185.6  17624.4  -14214.2  221.987  14303.3
597  128  2025-06-09 22-31-44  2187.2  17634.1  -14219.3  222.044  14312.6
598  128  2025-06-09 22-31-44  2188.8  17643.9  -14224.3  222.102  14304.2
599  128  2025-06-09 22-31-44  2190.4  17653.8  -14229.2  222.159  14295.7
600  128  2025-06-09 22-31-44  2192  17663.6  -14234.2  222.217  14305
601  128  2025-06-09 22-31-44  2193.6  17673.5  -14239.1  222.275  14296.5
602  128  2025-06-09 22-31-44  2195.2  17683.3  -14244.1  222.332  14305.8
603  128  2025-06-09 22-31-44  2196.8  17693.2  -14249.1  222.39  14297.3
604  128  2025-06-09 22-31-44  2198.4  17703  -14254.1  222.447  14306.6
605  128  2025-06-09 22-31-44  2200  17712.9  -14259.1  222.505  14298.2
606  128  2025-06-09 22-31-44  2201.6  17722.7  -14264.1  222.562  14307.5
607  128  2025-06-09 22-31-44  2203.2  17732.6  -14269.1  222.62  14299.1
608  128  2025-06-09 22-31-44  2204.8  17742.4  -14274.2  222.677  14308.4
609  128  2025-06-09 22-31-44  2206.4  17752.3  -14279.2  222.735  14300
610  128  2025-06-09 22-31-44  2208  17762.2  -14284.2  222.793  14309.3
611  128  2025-06-09 22-31-44  2209.6  17772.1  -14289.2  222.85  14300.9
612  128  2025-06-09 22-31-44  2211.2  17781.9  -14294.3  222.908  14310.3
613  128  2025-06-09 22-31-44  2212.8  17791.8  -14299.4  222.965  14301.9
614  128  2025-06-09 22-31-44  2214.4  17801.8  -14304.3  223.023  14293.5
615  128  2025-06-09 22-31-44  2216  17811.7  -14309.3  223.08  14302.7
616  128  2025-06-09 22-31-44  2217.6  17821.6  -14314.3  223.138  14294.3
617  128  2025-06-09 22-31-44  2219.2  17831.5  -14319.3  223.195  14303.6
618  128  2025-06-09 22-31-44  2220.8  17841.5  -14324.2  223.253  14295.2
619  128  2025-06-09 22-31-44  2222.4  17851.4  -14329.3  223.311  14304.5
620  128  2025-06-09 22-31-44  2224  17861.4  -14334.3  223.368  14296.1
621  128  2025-06-09 22-31-44  2225.6  17871.3  -14339.4  223.426  14305.4
622  128  2025-06-09 22-31-44  2227.2  17881.3  -14344.3  223.483  14297.1
623  128  2025-06-09 22-31-44  2228.8  17891.2  -14349.4  223.541  14306.4
624  128  2025-06-09 22-31-44  2230.4  17901.2  -14354.4  223.598  14298
625  128  2025-06-09 22-31-44  2232  17911.1  -14359.5  223.656  14307.4
626  128  2025-06-09 22-31-44  2233.6  17921.1  -14364.6  223.713  14299
627  128  2025-06-09 22-31-44  2235.2  17931.1  -14369.5  223.771  14290.6
628  128  2025-06-09 22-31-44  2236.8  17941.1  -14374.5  223.829  14299.9
629  128  2025-06-09 22-31-44  2238.4  17951.1  -14379.5  223.886  14291.5
630  128  2025-06-09 22-31-44  2240  17961.1  -14384.5  223.944  14300.8
631  128  2025-06-09 22-31-44  2241.6  17971.2  -14389.5  224.001  14292.4
632  128  2025-06-09 22-31-44  2243.2  17981.2  -14394.5  224.059  14301.7
633  128  2025-06-09 22-31-44  2244.8  17991.2  -14399.5  224.116  14293.4
634  128  2025-06-09 22-31-44  2246.4  18001.2  -14404.6  224.174  14302.7
635  128  2025-06-09 22-31-44  2248  18011.3  -14409.6  224.231  14294.3
636  128  2025-06-09 22-31-44  2249.6  18021.3  -14414.7  224.289  14303.7
637  128  2025-06-09 22-31-44  2251.2  18031.3  -14419.7  224.347  14295.3
638  128  2025-06-09 22-31-44  2252.8  18041.4  -14424.6  224.404  14286.9
639  128  2025-06-09 22-31-44  2254.4  18051.5  -14429.6  224.462  14296.2
640  128  2025-06-09 22-31-44  2256  18061.6  -14434.5  224.519  14287.8
641  128  2025-06-09 22-31-44  2257.6  18071.7  -14439.6  224.577  14297.1
642  128  2025-06-09 22-31-44  2259.2  18081.8  -14444.5  224.634  14288.7
643  128  2025-06-09 22-31-44  2260.8  18091.9  -14449.6  224.692  14298
644  128  2025-06-09 22-31-44  2262.4  18102  -14454.5  224.749  14289.7
645  128  2025-06-09 22-31-44  2264  18112.1  -14459.6  224.807  14299
646  128  2025-06-09 22-31-44  2265.6  18122.2  -14464.6  224.865  14290.6
647  128  2025-06-09 22-31-44  2267.2  18132.3  -14469.7  224.922  14300
648  128  2025-06-09 22-31-44  2268.8  18142.4  -14474.6  224.98  14291.6
649  128  2025-06-09 22-31-44  2270.4  18152.5  -14479.7  225.037  14301
650  128  2025-06-09 22-31-44  2272  18162.7  -14484.8  225.095  14292.7
651  128  2025-06-09 22-31-44  2273.6  18172.8  -14489.7  225.152  14284.3
652  128  2025-06-09 22-31-44  2275.2  18183  -14494.7  225.21  14293.6
653  128  2025-06-09 22-31-44  2276.8  18193.2  -14499.6  225.267  14285.2
654  128  2025-06-09 22-31-44  2278.4  18203.3  -14504.7  225.325  14294.5
655  128  2025-06-09 22-31-44  2280  18213.5  -14509.6  225.383  14286.1
656  128  2025-06-09 22-31-44  2281.6  18223.7  -14514.7  225.44  14295.5
657  128  2025-06-09 22-31-44  2283.2  18233.9  -14519.6  225.498  14287.1
658  128  2025-06-09 22-31-44  2284.8  18244.1  -14524.7  225.555  14296.5
659  128  2025-06-09 22-31-44  2286.4  18254.3  -14529.7  225.613  14288.1
660  128  2025-06-09 22-31-44  2288  18264.4  -14534.8  225.67  14297.5
661  128  2025-06-09 22-31-44  2289.6  18274.7  -14539.8  225.728  14289.2
662  128  2025-06-09 22-31-44  2291.2  18284.8  -14544.9  225.785  14298.5
663  128  2025-06-09 22-31-44  2292.8  18295  -14549.9  225.843  14290.2
664  128  2025-06-09 22-31-44  2294.4  18305.3  -14554.8  225.901  14281.9
665  128  2025-06-09 22-31-44  2296  18315.5  -14559.9  225.958  14291.2
666  128  2025-06-09 22-31-44  2297.6  18325.8  -14564.8  226.016  14282.8
667  128  2025-06-09 22-31-44  2299.2  18336  -14569.8  226.073  14292.1
668  128  2025-06-09 22-31-44  2300.8  18346.3  -14574.8  226.131  14283.8
669  128  2025-06-09 22-31-44  2302.4  18356.6  -14579.9  226.188  14293.1
670  128  2025-06-09 22-31-44  2304  18366.8  -14584.8  226.246  14284.8
671  128  2025-06-09 22-31-44  2305.6  18377.1  -14589.9  226.303  14294.1
672  128  2025-06-09 22-31-44  2307.2  18387.4  -14594.9  226.361  14285.8
673  128  2025-06-09 22-31-44  2308.8  18397.6  -14600  226.419  14295.2
674  128  2025-06-09 22-31-44  2310.4  18407.9  -14605  226.476  14286.9
675  128  2025-06-09 22-31-44  2312  18418.3  -14609.9  226.534  14278.5
676  128  2025-06-09 22-31-44  2313.6  18428.6  -14614.9  226.591  14287.8
677  128  2025-06-09 22-31-44  2315.2  18438.9  -14619.9  226.649  14279.5
678  128  2025-06-09 22-31-44  2316.8  18449.2  -14624.9  226.706  14288.8
679  128  2025-06-09 22-31-44  2318.4  18459.6  -14629.9  226.764  14280.4
680  128  2025-06-09 22-31-44  2320  18469.9  -14634.9  226.821  14289.8
681  128  2025-06-09 22-31-44  2321.6  18480.2  -14639.9  226.879  14281.4
682  128  2025-06-09 22-31-44  2323.2  18490.6  -14644.9  226.937  14290.8
683  128  2025-06-09 22-31-44  2324.8  18500.9  -14649.9  226.994  14282.5
684  128  2025-06-09 22-31-44  2326.4  18511.2  -14655  227.052  14291.9
685  128  2025-06-09 22-31-44  2328  18521.6  -14660  227.109  14283.6
686  128  2025-06-09 22-31-44  2329.6  18531.9  -14665.1  227.167  14292.9
687  128  2025-06-09 22-31-44  2331.2  18542.3  -14670.1  227.224  14284.7
688  128  2025-06-09 22-31-44  2332.8  18552.7  -14675  227.282  14276.3
689  128  2025-06-09 22-31-44  2334.4  18563.1  -14680.1  227.339  14285.6
690  128  2025-06-09 22-31-44  2336  18573.5  -14685  227.397  14277.3
691  128  2025-06-09 22-31-44  2337.6  18583.9  -14690.1  227.455  14286.6
692  128  2025-06-09 22-31-44  2339.2  18594.4  -14695  227.512  14278.3
693  128  2025-06-09 22-31-44  2340.8  18604.8  -14700.1  227.57  14287.6
694  128  2025-06-09 22-31-44  2342.4  18615.2  -14705  227.627  14279.3
695  128  2025-06-09 22-31-44  2344  18625.6  -14710.1  227.685  14288.7
696  128  2025-06-09 22-31-44  2345.6  18636  -14715.1  227.742  14280.4
697  128  2025-06-09 22-31-44  2347.2  18646.4  -14720.2  227.8  14289.8
698  128  2025-06-09 22-31-44  2348.8  18656.9  -14725.2  227.857  14281.5
699  128  2025-06-09 22-31-44  2350.4  18667.3  -14730.3  227.915  14290.9
700  128  2025-06-09 22-31-44  2352  18677.7  -14735.3  227.973  14282.6
701  128  2025-06-09 22-31-44  2353.6  18688.2  -14740.3  228.03  14274.3
702  128  2025-06-09 22-31-44  2355.2  18698.7  -14745.3  228.088  14283.6
703  128  2025-06-09 22-31-44  2356.8  18709.2  -14750.3  228.145  14275.3
704  128  2025-06-09 22-31-44  2358.4  18719.7  -14755.3  228.203  14284.6
705  128  2025-06-09 22-31-44  2360  18730.2  -14760.3  228.26  14276.3
706  128  2025-06-09 22-31-44  2361.6  18740.7  -14765.3  228.318  14285.7
707  128  2025-06-09 22-31-44  2363.2  18751.2  -14770.3  228.375  14277.4
708  128  2025-06-09 22-31-44  2364.8  18761.6  -14775.4  228.433  14286.8
709  128  2025-06-09 22-31-44  2366.4  18772.2  -14780.4  228.491  14278.5
710  128  2025-06-09 22-31-44  2368  18782.6  -14785.5  228.548  14287.9
711  128  2025-06-09 22-31-44  2369.6  18793.2  -14790.5  228.606  14279.6
712  128  2025-06-09 22-31-44  2371.2  18803.7  -14795.5  228.663  14271.3
713  128  2025-06-09 22-31-44  2372.8  18814.3  -14800.5  228.721  14280.6
714  128  2025-06-09 22-31-44  2374.4  18824.9  -14805.4  228.778  14272.3
715  128  2025-06-09 22-31-44  2376  18835.4  -14810.5  228.836  14281.6
716  128  2025-06-09 22-31-44  2377.6  18846  -14815.4  228.893  14273.3
717  128  2025-06-09 22-31-44  2379.2  18856.5  -14820.5  228.951  14282.7
718  128  2025-06-09 22-31-44  2380.8  18867.1  -14825.5  229.009  14274.4
719  128  2025-06-09 22-31-44  2382.4  18877.7  -14830.6  229.066  14283.8
720  128  2025-06-09 22-31-44  2384  18888.3  -14835.6  229.124  14275.5
721  128  2025-06-09 22-31-44  2385.6  18898.8  -14840.7  229.181  14284.9
722  128  2025-06-09 22-31-44  2387.2  18909.4  -14845.7  229.239  14276.6
723  128  2025-06-09 22-31-44  2388.8  18920.1  -14850.6  229.296  14268.3
724  128  2025-06-09 22-31-44  2390.4  18930.7  -14855.6  229.354  14277.6
725  128  2025-06-09 22-31-44  2392  18941.3  -14860.5  229.411  14269.3
726  128  2025-06-09 22-31-44  2393.6  18951.9  -14865.6  229.469  14278.7
727  128  2025-06-09 22-31-44  2395.2  18962.6  -14870.5  229.527  14270.3
728  128  2025-06-09 22-31-44  2396.8  18973.2  -14875.6  229.584  14279.7
729  128  2025-06-09 22-31-44  2398.4  18983.9  -14880.5  229.642  14271.4
730  128  2025-06-09 22-31-44  2400  18994.5  -14885.6  229.699  14280.8
731  128  2025-06-09 22-31-44  2401.6  19005.2  -14890.6  229.757  14272.5
732  128  2025-06-09 22-31-44  2403.2  19015.8  -14895.7  229.814  14281.9
733  128  2025-06-09 22-31-44  2404.8  19026.5  -14900.7  229.872  14273.6
734  128  2025-06-09 22-31-44  2406.4  19037.2  -14905.6  229.93  14265.3
735  128  2025-06-09 22-31-44  2408  19047.9  -14910.6  229.987  14274.6
736  128  2025-06-09 22-31-44  2409.6  19058.6  -14915.5  230.045  14266.3
737  128  2025-06-09 22-31-44  2411.2  19069.3  -14920.6  230.102  14275.7
738  128  2025-06-09 22-31-44  2412.8  19080  -14925.5  230.16  14267.3
739  128  2025-06-09 22-31-44  2414.4  19090.7  -14930.6  230.217  14276.7
740  128  2025-06-09 22-31-44  2416  19101.4  -14935.5  230.275  14268.4
741  128  2025-06-09 22-31-44  2417.6  19112.1  -14940.6  230.332  14277.8
742  128  2025-06-09 22-31-44  2419.2  19122.9  -14945.6  230.39  14269.5
743  128  2025-06-09 22-31-44  2420.8  19133.6  -14950.7  230.448  14278.9
744  128  2025-06-09 22-31-44  2422.4  19144.3  -14955.6  230.505  14270.7
745  128  2025-06-09 22-31-44  2424  19155  -14960.7  230.563  14280.1
746  128  2025-06-09 22-31-44  2425.6  19165.8  -14965.8  230.62  14271.8
747  128  2025-06-09 22-31-44  2427.2  19176.6  -14970.7  230.678  14263.5
748  128  2025-06-09 22-31-44  2428.8  19187.3  -14975.7  230.735  14272.8
749  128  2025-06-09 22-31-44  2430.4  19198.1  -14980.6  230.793  14264.5
750  128  2025-06-09 22-31-44  2432  19208.9  -14985.7  230.85  14273.9
751  128  2025-06-09 22-31-44  2433.6  19219.7  -14990.6  230.908  14265.6
752  128  2025-06-09 22-31-44  2435.2  19230.5  -14995.7  230.966  14275
753  128  2025-06-09 22-31-44  2436.8  19241.3  -15000.7  231.023  14266.7
754  128  2025-06-09 22-31-44  2438.4  19252.1  -15005.7  231.081  14276.1
755  128  2025-06-09 22-31-44  2440  19262.9  -15010.7  231.138  14267.8
756  128  2025-06-09 22-31-44  2441.6  19273.6  -15015.8  231.196  14277.3
757  128  2025-06-09 22-31-44  2443.2  19284.5  -15020.8  231.253  14269
758  128  2025-06-09 22-31-44  2444.8  19295.3  -15025.7  231.311  14260.7
759  128  2025-06-09 22-31-44  2446.4  19306.2  -15030.8  231.368  14270
760  128  2025-06-09 22-31-44  2448  19317.1  -15035.7  231.426  14261.7
761  128  2025-06-09 22-31-44  2449.6  19327.9  -15040.7  231.484  14271.1
762  128  2025-06-09 22-31-44  2451.2  19338.8  -15045.7  231.541  14262.8
763  128  2025-06-09 22-31-44  2452.8  19349.6  -15050.7  231.599  14272.2
764  128  2025-06-09 22-31-44  2454.4  19360.5  -15055.7  231.656  14263.9
765  128  2025-06-09 22-31-44  2456  19371.3  -15060.8  231.714  14273.3
766  128  2025-06-09 22-31-44  2457.6  19382.2  -15065.7  231.771  14265
767  128  2025-06-09 22-31-44  2459.2  19393.1  -15070.8  231.829  14274.4
768  128  2025-06-09 22-31-44  2460.8  19404  -15075.8  231.886  14266.2
769  128  2025-06-09 22-31-44  2462.4  19414.9  -15080.7  231.944  14257.9
770  128  2025-06-09 22-31-44  2464  19425.8  -15085.7  232.002  14267.2
771  128  2025-06-09 22-31-44  2465.6  19436.8  -15090.7  232.059  14258.9
772  128  2025-06-09 22-31-44  2467.2  19447.7  -15095.7  232.117  14268.3
773  128  2025-06-09 22-31-44  2468.8  19458.6  -15100.6  232.174  14260
774  128  2025-06-09 22-31-44  2470.4  19469.6  -15105.7  232.232  14269.4
775  128  2025-06-09 22-31-44  2472  19480.5  -15110.6  232.289  14261.1
776  128  2025-06-09 22-31-44  2473.6  19491.4  -15115.7  232.347  14270.5
777  128  2025-06-09 22-31-44  2475.2  19502.4  -15120.7  232.404  14262.2
778  128  2025-06-09 22-31-44  2476.8  19513.3  -15125.8  232.462  14271.6
779  128  2025-06-09 22-31-44  2478.4  19524.3  -15130.8  232.52  14263.4
780  128  2025-06-09 22-31-44  2480  19535.2  -15135.9  232.577  14272.8
781  128  2025-06-09 22-31-44  2481.6  19546.2  -15140.9  232.635  14264.6
782  128  2025-06-09 22-31-44  2483.2  19557.2  -15145.8  232.692  14256.3
783  128  2025-06-09 22-31-44  2484.8  19568.2  -15150.8  232.75  14265.6
784  128  2025-06-09 22-31-44  2486.4  19579.2  -15155.7  232.807  14257.3
785  128  2025-06-09 22-31-44  2488  19590.2  -15160.8  232.865  14266.7
786  128  2025-06-09 22-31-44  2489.6  19601.2  -15165.7  232.922  14258.4
787  128  2025-06-09 22-31-44  2491.2  19612.2  -15170.8  232.98  14267.8
788  128  2025-06-09 22-31-44  2492.8  19623.3  -15175.8  233.038  14259.6
789  128  2025-06-09 22-31-44  2494.4  19634.3  -15180.8  233.095  14269
790  128  2025-06-09 22-31-44  2496  19645.3  -15185.8  233.153  14260.7
791  128  2025-06-09 22-31-44  2497.6  19656.4  -15190.7  233.21  14252.4
792  128  2025-06-09 22-31-44  2499.2  19667.4  -15195.7  233.268  14261.8
793  128  2025-06-09 22-31-44  2500.8  19678.5  -15200.6  233.325  14253.4
794  128  2025-06-09 22-31-44  2502.4  19689.6  -15205.6  233.383  14262.8
795  128  2025-06-09 22-31-44  2504  19700.7  -15210.6  233.44  14254.5
796  128  2025-06-09 22-31-44  2505.6  19711.7  -15215.6  233.498  14263.9
797  128  2025-06-09 22-31-44  2507.2  19722.9  -15220.5  233.556  14255.6
798  128  2025-06-09 22-31-44  2508.8  19733.9  -15225.6  233.613  14265
799  128  2025-06-09 22-31-44  2510.4  19745  -15230.5  233.671  14256.8
800  128  2025-06-09 22-31-44  2512  19756.1  -15235.6  233.728  14266.2
801  128  2025-06-09 22-31-44  2513.6  19767.2  -15240.6  233.786  14257.9
802  128  2025-06-09 22-31-44  2515.2  19778.3  -15245.7  233.843  14267.4
803  128  2025-06-09 22-31-44  2516.8  19789.4  -15250.7  233.901  14259.1
804  128  2025-06-09 22-31-44  2518.4  19800.6  -15255.6  233.958  14250.8
805  128  2025-06-09 22-31-44  2520  19811.7  -15260.6  234.016  14260.2
806  128  2025-06-09 22-31-44  2521.6  19822.9  -15265.5  234.074  14251.9
807  128  2025-06-09 22-31-44  2523.2  19834  -15270.5  234.131  14261.3
808  128  2025-06-09 22-31-44  2524.8  19845.2  -15275.5  234.189  14253
809  128  2025-06-09 22-31-44  2526.4  19856.3  -15280.5  234.246  14262.4
810  128  2025-06-09 22-31-44  2528  19867.5  -15285.5  234.304  14254.1
811  128  2025-06-09 22-31-44  2529.6  19878.6  -15290.5  234.361  14263.5
812  128  2025-06-09 22-31-44  2531.2  19889.8  -15295.5  234.419  14255.3
813  128  2025-06-09 22-31-44  2532.8  19900.9  -15300.6  234.476  14264.7
814  128  2025-06-09 22-31-44  2534.4  19912.1  -15305.6  234.534  14256.5
815  128  2025-06-09 22-31-44  2536  19923.4  -15310.5  234.592  14248.2
816  128  2025-06-09 22-31-44  2537.6  19934.6  -15315.5  234.649  14257.5
817  128  2025-06-09 22-31-44  2539.2  19945.8  -15320.4  234.707  14249.2
818  128  2025-06-09 22-31-44  2540.8  19957  -15325.4  234.764  14258.6
819  128  2025-06-09 22-31-44  2542.4  19968.3  -15330.4  234.822  14250.3
820  128  2025-06-09 22-31-44  2544  19979.5  -15335.4  234.879  14259.7
821  128  2025-06-09 22-31-44  2545.6  19990.7  -15340.3  234.937  14251.5
822  128  2025-06-09 22-31-44  2547.2  20001.9  -15345.4  234.994  14260.9
823  128  2025-06-09 22-31-44  2548.8  20013.2  -15350.4  235.052  14252.6
824  128  2025-06-09 22-31-44  2550.4  20024.4  -15355.5  235.11  14262.1
825  128  2025-06-09 22-31-44  2552  20035.7  -15360.4  235.167  14253.8
826  128  2025-06-09 22-31-44  2553.6  20047  -15365.3  235.225  14245.5
827  128  2025-06-09 22-31-44  2555.2  20058.3  -15370.3  235.282  14254.9
828  128  2025-06-09 22-31-44  2556.8  20069.6  -15375.2  235.34  14246.6
829  128  2025-06-09 22-31-44  2558.4  20080.9  -15380.2  235.397  14256
830  128  2025-06-09 22-31-44  2560  20092.2  -15385.2  235.455  14247.7
831  128  2025-06-09 22-31-44  2561.6  20103.5  -15390.2  235.512  14257.1
832  128  2025-06-09 22-31-44  2563.2  20114.8  -15395.1  235.57  14248.8
833  128  2025-06-09 22-31-44  2564.8  20126.1  -15400.2  235.628  14258.3
834  128  2025-06-09 22-31-44  2566.4  20137.4  -15405.1  235.685  14250
835  128  2025-06-09 22-31-44  2568  20148.7  -15410.2  235.743  14259.4
836  128  2025-06-09 22-31-44  2569.6  20160  -15415.2  235.8  14251.2
837  128  2025-06-09 22-31-44  2571.2  20171.4  -15420.1  235.858  14242.9
838  128  2025-06-09 22-31-44  2572.8  20182.7  -15425.1  235.915  14252.3
839  128  2025-06-09 22-31-44  2574.4  20194.1  -15430  235.973  14244
840  128  2025-06-09 22-31-44  2576  20205.5  -15435  236.03  14253.3
841  128  2025-06-09 22-31-44  2577.6  20216.9  -15439.9  236.088  14245.1
842  128  2025-06-09 22-31-44  2579.2  20228.2  -15444.9  236.146  14254.5
843  128  2025-06-09 22-31-44  2580.8  20239.6  -15449.8  236.203  14246.2
844  128  2025-06-09 22-31-44  2582.4  20251  -15454.9  236.261  14255.6
845  128  2025-06-09 22-31-44  2584  20262.4  -15459.8  236.318  14247.4
846  128  2025-06-09 22-31-44  2585.6  20273.7  -15464.9  236.376  14256.8
847  128  2025-06-09 22-31-44  2587.2  20285.1  -15469.9  236.433  14248.6
848  128  2025-06-09 22-31-44  2588.8  20296.6  -15474.7  236.491  14240.2
849  128  2025-06-09 22-31-44  2590.4  20308  -15479.7  236.548  14249.6
850  128  2025-06-09 22-31-44  2592  20319.5  -15484.6  236.606  14241.3
851  128  2025-06-09 22-31-44  2593.6  20330.9  -15489.6  236.664  14250.7
852  128  2025-06-09 22-31-44  2595.2  20342.4  -15494.5  236.721  14242.4
853  128  2025-06-09 22-31-44  2596.8  20353.8  -15499.5  236.779  14251.8
854  128  2025-06-09 22-31-44  2598.4  20365.3  -15504.5  236.836  14243.6
855  128  2025-06-09 22-31-44  2600  20376.7  -15509.5  236.894  14253
856  128  2025-06-09 22-31-44  2601.6  20388.2  -15514.5  236.951  14244.7
857  128  2025-06-09 22-31-44  2603.2  20399.6  -15519.5  237.009  14254.2
858  128  2025-06-09 22-31-44  2604.8  20411.1  -15524.5  237.066  14245.9
859  128  2025-06-09 22-31-44  2606.4  20422.6  -15529.3  237.124  14237.6
860  128  2025-06-09 22-31-44  2608  20434.1  -15534.3  237.182  14247
861  128  2025-06-09 22-31-44  2609.6  20445.6  -15539.2  237.239  14238.7
862  128  2025-06-09 22-31-44  2611.2  20457.1  -15544.2  237.297  14248.1
863  128  2025-06-09 22-31-44  2612.8  20468.7  -15549.1  237.354  14239.8
864  128  2025-06-09 22-31-44  2614.4  20480.2  -15554.1  237.412  14249.2
865  128  2025-06-09 22-31-44  2616  20491.7  -15559  237.469  14240.9
866  128  2025-06-09 22-31-44  2617.6  20503.2  -15564  237.527  14250.3
867  128  2025-06-09 22-31-44  2619.2  20514.7  -15569  237.584  14242.1
868  128  2025-06-09 22-31-44  2620.8  20526.2  -15574  237.642  14251.5
869  128  2025-06-09 22-31-44  2622.4  20537.8  -15579  237.7  14243.3
870  128  2025-06-09 22-31-44  2624  20549.4  -15583.8  237.757  14235
871  128  2025-06-09 22-31-44  2625.6  20561  -15588.8  237.815  14244.3
872  128  2025-06-09 22-31-44  2627.2  20572.6  -15593.6  237.901  14228.3
873  128  2025-06-09 22-31-44  2628.8  20584.4  -15598.2  237.987  14212.3
874  128  2025-06-09 22-31-44  2630.4  20596.2  -15602.5  238.074  14196.3
875  128  2025-06-09 22-31-44  2632  20608.1  -15606.7  238.16  14180.3
876  128  2025-06-09 22-31-44  2633.6  20620.1  -15610.6  238.246  14164.3
877  128  2025-06-09 22-31-44  2635.2  20632.1  -15614.4  238.333  14148.3
878  128  2025-06-09 22-31-44  2636.8  20644.2  -15618.1  238.419  14146.7
879  128  2025-06-09 22-31-44  2638.4  20656.3  -15621.8  238.505  14145
880  128  2025-06-09 22-31-44  2640  20668.4  -15625.5  238.592  14143.3
881  128  2025-06-09 22-31-44  2641.6  20680.5  -15629.2  238.678  14141.7
882  128  2025-06-09 22-31-44  2643.2  20692.7  -15632.9  238.764  14140
883  128  2025-06-09 22-31-44  2644.8  20704.8  -15636.5  238.851  14138.3
884  128  2025-06-09 22-31-44  2646.4  20717  -15640.1  238.937  14136.6
885  128  2025-06-09 22-31-44  2648  20729.2  -15643.7  239.023  14135
886  128  2025-06-09 22-31-44  2649.6  20741.4  -15647.3  239.11  14133.3
887  128  2025-06-09 22-31-44  2651.2  20753.6  -15650.8  239.196  14131.6
