SN    USVID    CurTime    simTime    CurX    CurY    CurVel      CurYaw   
0  160  2025-06-08 18-19-48  0  2440  -14512  192  2672
1  160  2025-06-08 18-19-48  1.6  2448.01  -14511.9  192.086  2656
2  160  2025-06-08 18-19-48  3.2  2456.02  -14511.6  192.173  2640
3  160  2025-06-08 18-19-48  4.8  2464.03  -14511.2  192.259  2624
4  160  2025-06-08 18-19-48  6.4  2472.05  -14510.6  192.345  2608
5  160  2025-06-08 18-19-48  8  2480.06  -14509.9  192.432  2592
6  160  2025-06-08 18-19-48  9.6  2488.07  -14509.1  192.518  2576
7  160  2025-06-08 18-19-48  11.2  2496.07  -14508.1  192.604  2560
8  160  2025-06-08 18-19-48  12.8  2504.06  -14507  192.691  2544
9  160  2025-06-08 18-19-48  14.4  2512.04  -14505.7  192.777  2528
10  160  2025-06-08 18-19-48  128  2520  -14504.3  192.863  2512.03
11  160  2025-06-08 18-19-48  129.6  2527.95  -14502.7  192.95  2496.91
12  160  2025-06-08 18-19-48  131.2  2535.88  -14501.1  193.036  2482.58
13  160  2025-06-08 18-19-48  132.8  2543.8  -14499.3  193.122  2469.01
14  160  2025-06-08 18-19-48  134.4  2551.69  -14497.4  193.209  2456.17
15  160  2025-06-08 18-19-48  136  2559.57  -14495.4  193.295  2444.01
16  160  2025-06-08 18-19-48  137.6  2567.43  -14493.3  193.381  2432.51
17  160  2025-06-08 18-19-48  139.2  2575.28  -14491.1  193.468  2421.62
18  160  2025-06-08 18-19-48  140.8  2583.11  -14488.8  193.554  2411.34
19  160  2025-06-08 18-19-48  142.4  2590.92  -14486.4  193.64  2401.61
20  160  2025-06-08 18-19-48  144  2598.71  -14484  193.727  2392.42
21  160  2025-06-08 18-19-48  145.6  2606.49  -14481.5  193.813  2383.74
22  160  2025-06-08 18-19-48  147.2  2614.26  -14478.9  193.899  2375.55
23  160  2025-06-08 18-19-48  148.8  2622.01  -14476.2  193.986  2367.81
24  160  2025-06-08 18-19-48  150.4  2629.75  -14473.5  194.072  2360.52
25  160  2025-06-08 18-19-48  152  2637.47  -14470.7  194.158  2353.64
26  160  2025-06-08 18-19-48  153.6  2645.19  -14467.8  194.245  2347.15
27  160  2025-06-08 18-19-48  155.2  2652.89  -14464.9  194.331  2341.05
28  160  2025-06-08 18-19-48  156.8  2660.58  -14461.9  194.417  2335.3
29  160  2025-06-08 18-19-48  158.4  2668.26  -14458.9  194.504  2329.9
30  160  2025-06-08 18-19-48  160  2675.94  -14455.9  194.59  2324.81
31  160  2025-06-08 18-19-48  161.6  2683.6  -14452.8  194.676  2320.04
32  160  2025-06-08 18-19-48  163.2  2691.26  -14449.6  194.763  2315.56
33  160  2025-06-08 18-19-48  164.8  2698.91  -14446.5  194.849  2311.37
34  160  2025-06-08 18-19-48  166.4  2706.56  -14443.3  194.935  2307.44
35  160  2025-06-08 18-19-48  168  2714.2  -14440  195.022  2303.78
36  160  2025-06-08 18-19-48  169.6  2721.84  -14436.7  195.108  2300.35
37  160  2025-06-08 18-19-48  171.2  2729.47  -14433.4  195.194  2297.15
38  160  2025-06-08 18-19-48  172.8  2737.1  -14430.1  195.281  2294.16
39  160  2025-06-08 18-19-48  174.4  2744.73  -14426.7  195.367  2291.37
40  160  2025-06-08 18-19-48  176  2752.36  -14423.3  195.453  2288.78
41  160  2025-06-08 18-19-48  177.6  2759.98  -14419.9  195.54  2286.37
42  160  2025-06-08 18-19-48  179.2  2767.61  -14416.5  195.626  2284.14
43  160  2025-06-08 18-19-48  180.8  2775.24  -14413  195.712  2282.07
44  160  2025-06-08 18-19-48  182.4  2782.86  -14409.6  195.799  2280.15
45  160  2025-06-08 18-19-48  184  2790.49  -14406.1  195.885  2278.39
46  160  2025-06-08 18-19-48  185.6  2798.12  -14402.6  195.971  2276.76
47  160  2025-06-08 18-19-48  187.2  2805.75  -14399  196.058  2275.27
48  160  2025-06-08 18-19-48  188.8  2813.38  -14395.5  196.144  2273.91
49  160  2025-06-08 18-19-48  190.4  2821.02  -14391.9  196.23  2272.67
50  160  2025-06-08 18-19-48  192  2828.66  -14388.4  196.317  2271.54
51  160  2025-06-08 18-19-48  193.6  14036.3  -14384.8  196.403  2270.52
52  160  2025-06-08 18-19-48  195.2  14043.9  -14381.2  196.489  2269.6
53  160  2025-06-08 18-19-48  196.8  14051.6  -14377.6  196.576  2268.78
54  160  2025-06-08 18-19-48  198.4  14059.3  -14374  196.662  2268.05
55  160  2025-06-08 18-19-48  200  14066.9  -14370.4  196.748  2267.41
56  160  2025-06-08 18-19-48  201.6  14074.6  -14366.7  196.835  2266.85
57  160  2025-06-08 18-19-48  203.2  14082.3  -14363.1  196.921  2266.37
58  160  2025-06-08 18-19-48  204.8  14089.9  -14359.5  197.007  2265.96
59  160  2025-06-08 18-19-48  206.4  14097.6  -14355.8  197.094  2265.63
60  160  2025-06-08 18-19-48  208  14105.3  -14352.2  197.18  2265.36
61  160  2025-06-08 18-19-48  209.6  14113  -14348.5  197.266  2265.15
62  160  2025-06-08 18-19-48  211.2  14120.7  -14344.8  197.353  2265
63  160  2025-06-08 18-19-48  212.8  14128.4  -14341.2  197.439  2264.91
64  160  2025-06-08 18-19-48  214.4  14136.2  -14337.5  197.525  2264.87
65  160  2025-06-08 18-19-48  216  14143.9  -14333.8  197.612  2264.88
66  160  2025-06-08 18-19-48  217.6  14151.6  -14330.1  197.698  2264.94
67  160  2025-06-08 18-19-48  219.2  14159.4  -14326.4  197.784  2265.04
68  160  2025-06-08 18-19-48  220.8  14167.1  -14322.8  197.871  2265.18
69  160  2025-06-08 18-19-48  222.4  14174.9  -14319.1  197.957  2265.37
70  160  2025-06-08 18-19-48  224  14182.7  -14315.4  198.043  2265.59
71  160  2025-06-08 18-19-48  225.6  14190.5  -14311.7  198.13  2265.84
72  160  2025-06-08 18-19-48  227.2  14198.3  -14308  198.216  2266.13
73  160  2025-06-08 18-19-48  228.8  14206.1  -14304.3  198.302  2266.45
74  160  2025-06-08 18-19-48  230.4  14213.9  -14300.6  198.389  2266.8
75  160  2025-06-08 18-19-48  232  14221.7  -14296.9  198.475  2267.17
76  160  2025-06-08 18-19-48  233.6  14229.5  -14293.2  198.561  2267.57
77  160  2025-06-08 18-19-48  235.2  14237.3  -14289.5  198.648  2268
78  160  2025-06-08 18-19-48  236.8  14245.2  -14285.8  198.734  2268.45
79  160  2025-06-08 18-19-48  238.4  14253  -14282.1  198.82  2268.92
80  160  2025-06-08 18-19-48  240  14260.9  -14278.4  198.907  2269.41
81  160  2025-06-08 18-19-48  241.6  14268.8  -14274.7  198.993  2269.91
82  160  2025-06-08 18-19-48  243.2  14276.7  -14271  199.079  2270.44
83  160  2025-06-08 18-19-48  244.8  14284.6  -14267.3  199.166  2270.98
84  160  2025-06-08 18-19-48  246.4  14292.5  -14263.7  199.252  2271.53
85  160  2025-06-08 18-19-48  248  14300.4  -14260  199.338  2272.1
86  160  2025-06-08 18-19-48  249.6  14308.3  -14256.3  199.425  2272.68
87  160  2025-06-08 18-19-48  251.2  14316.3  -14252.6  199.511  2273.28
88  160  2025-06-08 18-19-48  252.8  14324.2  -14248.9  199.597  2273.88
89  160  2025-06-08 18-19-48  254.4  14332.2  -14245.2  199.684  2274.5
90  160  2025-06-08 18-19-48  256  14340.1  -14241.5  199.77  2275.12
91  160  2025-06-08 18-19-48  257.6  14348.1  -14237.9  199.856  2275.76
92  160  2025-06-08 18-19-48  259.2  14356.1  -14234.2  199.943  2276.4
93  160  2025-06-08 18-19-48  260.8  14364.1  -14230.5  200.029  2277.05
94  160  2025-06-08 18-19-48  262.4  14372.1  -14226.8  200.115  2277.7
95  160  2025-06-08 18-19-48  264  14380.1  -14223.2  200.202  2278.36
96  160  2025-06-08 18-19-48  265.6  14388.1  -14219.5  200.288  2279.03
97  160  2025-06-08 18-19-48  267.2  14396.2  -14215.8  200.374  2279.7
98  160  2025-06-08 18-19-48  268.8  14404.2  -14212.2  200.461  2280.37
99  160  2025-06-08 18-19-48  270.4  14412.3  -14208.5  200.547  2281.05
100  160  2025-06-08 18-19-48  1392  14420.4  -14204.8  200.633  2281.73
101  160  2025-06-08 18-19-48  1393.6  14428.5  -14201.2  200.72  2282.42
102  160  2025-06-08 18-19-48  1395.2  14436.5  -14197.5  200.806  2283.11
103  160  2025-06-08 18-19-48  1396.8  14444.7  -14193.9  200.892  2283.8
104  160  2025-06-08 18-19-48  1398.4  14452.8  -14190.2  200.979  2284.49
105  160  2025-06-08 18-19-48  1400  14460.9  -14186.6  201.065  2285.18
106  160  2025-06-08 18-19-48  1401.6  14469  -14182.9  201.151  2285.87
107  160  2025-06-08 18-19-48  1403.2  14477.2  -14179.3  201.238  2286.57
108  160  2025-06-08 18-19-48  1404.8  14485.3  -14175.6  201.324  2287.26
109  160  2025-06-08 18-19-48  1406.4  14493.5  -14172  201.41  2287.96
110  160  2025-06-08 18-19-48  1408  14501.7  -14168.4  201.497  2288.65
111  160  2025-06-08 18-19-48  1409.6  14509.9  -14164.7  201.583  2289.34
112  160  2025-06-08 18-19-48  1411.2  14518.1  -14161.1  201.669  2290.04
113  160  2025-06-08 18-19-48  1412.8  14526.3  -14157.5  201.756  2290.73
114  160  2025-06-08 18-19-48  1414.4  14534.5  -14153.9  201.842  2291.42
115  160  2025-06-08 18-19-48  1416  14542.7  -14150.2  201.928  2292.11
116  160  2025-06-08 18-19-48  1417.6  14551  -14146.6  202.015  2292.8
117  160  2025-06-08 18-19-48  1419.2  14559.2  -14143  202.101  2293.49
118  160  2025-06-08 18-19-48  1420.8  14567.5  -14139.4  202.187  2294.17
119  160  2025-06-08 18-19-48  1422.4  14575.8  -14135.8  202.274  2294.86
120  160  2025-06-08 18-19-48  1424  14584  -14132.2  202.36  2295.54
121  160  2025-06-08 18-19-48  1425.6  14592.3  -14128.6  202.446  2296.22
122  160  2025-06-08 18-19-48  1427.2  14600.6  -14125  202.533  2296.89
123  160  2025-06-08 18-19-48  1428.8  14609  -14121.4  202.619  2297.57
124  160  2025-06-08 18-19-48  1430.4  14617.3  -14117.8  202.705  2298.24
125  160  2025-06-08 18-19-48  1432  14625.6  -14114.2  202.792  2298.91
126  160  2025-06-08 18-19-48  1433.6  14634  -14110.6  202.878  2299.58
127  160  2025-06-08 18-19-48  1435.2  14642.3  -14107  202.964  2300.24
128  160  2025-06-08 18-19-48  1436.8  14650.7  -14103.4  203.051  2300.9
129  160  2025-06-08 18-19-48  1438.4  14659.1  -14099.8  203.137  2301.56
130  160  2025-06-08 18-19-48  1440  14667.5  -14096.2  203.223  2302.21
131  160  2025-06-08 18-19-48  1441.6  14675.9  -14092.7  203.31  2302.87
132  160  2025-06-08 18-19-48  1443.2  14684.3  -14089.1  203.396  2303.52
133  160  2025-06-08 18-19-48  1444.8  14692.7  -14085.5  203.482  2304.16
134  160  2025-06-08 18-19-48  1446.4  14701.1  -14081.9  203.569  2304.8
135  160  2025-06-08 18-19-48  1448  14709.6  -14078.4  203.655  2305.44
136  160  2025-06-08 18-19-48  1449.6  14718  -14074.8  203.741  2306.08
137  160  2025-06-08 18-19-48  1451.2  14726.5  -14071.3  203.828  2306.71
138  160  2025-06-08 18-19-48  1452.8  14735  -14067.7  203.914  2307.34
139  160  2025-06-08 18-19-48  1454.4  14743.5  -14064.1  204  2307.97
140  160  2025-06-08 18-19-48  1456  14752  -14060.6  204.087  2308.59
141  160  2025-06-08 18-19-48  1457.6  14760.5  -14057  204.173  2309.21
142  160  2025-06-08 18-19-48  1459.2  14769  -14053.5  204.259  2309.83
143  160  2025-06-08 18-19-48  1460.8  14777.5  -14049.9  204.346  2310.44
144  160  2025-06-08 18-19-48  1462.4  14786  -14046.4  204.432  2311.05
145  160  2025-06-08 18-19-48  1464  14794.6  -14042.8  204.518  2311.66
146  160  2025-06-08 18-19-48  1465.6  14803.1  -14039.3  204.605  2312.26
147  160  2025-06-08 18-19-48  1467.2  14811.7  -14035.8  204.691  2312.86
148  160  2025-06-08 18-19-48  1468.8  14820.3  -14032.2  204.777  2313.45
149  160  2025-06-08 18-19-48  1470.4  14828.9  -2828.68  204.864  2314.05
150  160  2025-06-08 18-19-48  1472  14837.5  -2825.15  204.95  2314.64
151  160  2025-06-08 18-19-48  1473.6  14846.1  -2821.62  205.036  2315.22
152  160  2025-06-08 18-19-48  1475.2  14854.7  -2818.09  205.123  2315.8
153  160  2025-06-08 18-19-48  1476.8  14863.3  -2814.57  205.209  2316.38
154  160  2025-06-08 18-19-48  1478.4  14872  -2811.04  205.295  2316.96
155  160  2025-06-08 18-19-48  1480  14880.6  -2807.52  205.382  2317.53
156  160  2025-06-08 18-19-48  1481.6  14889.3  -2804  205.468  2318.1
157  160  2025-06-08 18-19-48  1483.2  14897.9  -2800.49  205.554  2318.66
158  160  2025-06-08 18-19-48  1484.8  14906.6  -2796.97  205.641  2319.22
159  160  2025-06-08 18-19-48  1486.4  14915.3  -2793.46  205.727  2319.78
160  160  2025-06-08 18-19-48  1488  14924  -2789.95  205.813  2320.34
161  160  2025-06-08 18-19-48  1489.6  14932.7  -2786.44  205.9  2320.89
162  160  2025-06-08 18-19-48  1491.2  14941.4  -2782.93  205.986  2321.44
163  160  2025-06-08 18-19-48  1492.8  14950.2  -2779.42  206.072  2321.98
164  160  2025-06-08 18-19-48  1494.4  14958.9  -2775.92  206.159  2322.53
165  160  2025-06-08 18-19-48  1496  14967.7  -2772.42  206.245  2323.06
166  160  2025-06-08 18-19-48  1497.6  14976.4  -2768.92  206.331  2323.6
167  160  2025-06-08 18-19-48  1499.2  14985.2  -2765.42  206.418  2324.13
168  160  2025-06-08 18-19-48  1500.8  14994  -2761.93  206.504  2324.66
169  160  2025-06-08 18-19-48  1502.4  15002.8  -2758.43  206.59  2325.19
170  160  2025-06-08 18-19-48  1504  15011.6  -2754.94  206.677  2325.71
171  160  2025-06-08 18-19-48  1505.6  15020.4  -2751.45  206.763  2326.23
172  160  2025-06-08 18-19-48  1507.2  15029.2  -2747.96  206.849  2326.75
173  160  2025-06-08 18-19-48  1508.8  15038  -2744.48  206.936  2327.26
174  160  2025-06-08 18-19-48  1510.4  15046.9  -2740.99  207.022  2327.77
175  160  2025-06-08 18-19-48  1512  15055.7  -2737.51  207.108  2328.28
176  160  2025-06-08 18-19-48  1513.6  15064.6  -2734.03  207.195  2328.79
177  160  2025-06-08 18-19-48  1515.2  15073.4  -2730.55  207.281  2329.29
178  160  2025-06-08 18-19-48  1516.8  15082.3  -2727.07  207.367  2329.79
179  160  2025-06-08 18-19-48  1518.4  15091.2  -2723.59  207.454  2330.28
180  160  2025-06-08 18-19-48  1520  15100.1  -2720.12  207.54  2330.78
181  160  2025-06-08 18-19-48  1521.6  15109  -2716.65  207.626  2331.27
182  160  2025-06-08 18-19-48  1523.2  15117.9  -2713.18  207.713  2331.75
183  160  2025-06-08 18-19-48  1524.8  15126.9  -2709.71  207.799  2332.24
184  160  2025-06-08 18-19-48  1526.4  15135.8  -2706.24  207.885  2332.72
185  160  2025-06-08 18-19-48  1528  15144.8  -2702.77  207.972  2333.2
186  160  2025-06-08 18-19-48  1529.6  15153.7  -2699.31  208.058  2333.68
187  160  2025-06-08 18-19-48  1531.2  15162.7  -2695.84  208.145  2334.15
188  160  2025-06-08 18-19-48  1532.8  15171.7  -2692.38  208.231  2334.62
189  160  2025-06-08 18-19-48  1534.4  15180.6  -2688.92  208.317  2335.09
190  160  2025-06-08 18-19-48  1536  15189.6  -2685.46  208.404  2335.56
191  160  2025-06-08 18-19-48  1537.6  15198.7  -2682  208.49  2336.02
192  160  2025-06-08 18-19-48  1539.2  15207.7  -2678.55  208.576  2336.48
193  160  2025-06-08 18-19-48  1540.8  15216.7  -2675.09  208.663  2336.94
194  160  2025-06-08 18-19-48  1542.4  15225.7  -2671.64  208.749  2337.4
195  160  2025-06-08 18-19-48  1544  15234.8  -2668.19  208.835  2337.85
196  160  2025-06-08 18-19-48  1545.6  15243.8  -2664.74  208.922  2338.3
197  160  2025-06-08 18-19-48  1547.2  15252.9  -2661.29  209.008  2338.75
198  160  2025-06-08 18-19-48  1548.8  15262  -2657.84  209.094  2339.19
199  160  2025-06-08 18-19-48  1550.4  15271.1  -2654.39  209.181  2339.64
200  160  2025-06-08 18-19-48  1552  15280.2  -2650.95  209.267  2340.08
201  160  2025-06-08 18-19-48  1553.6  15289.3  -2647.5  209.353  2340.52
202  160  2025-06-08 18-19-48  1555.2  15298.4  -2644.06  209.44  2340.95
203  160  2025-06-08 18-19-48  1556.8  15307.5  -2640.62  209.526  2341.39
204  160  2025-06-08 18-19-48  1558.4  15316.6  -2637.18  209.612  2341.82
205  160  2025-06-08 18-19-48  1560  15325.8  -2633.74  209.699  2342.25
206  160  2025-06-08 18-19-48  1561.6  15334.9  -2630.3  209.785  2342.68
207  160  2025-06-08 18-19-48  1563.2  15344.1  -2626.86  209.871  2343.1
208  160  2025-06-08 18-19-48  1564.8  15353.3  -2623.43  209.958  2343.52
209  160  2025-06-08 18-19-48  1566.4  15362.5  -2620  210.044  2343.95
210  160  2025-06-08 18-19-48  1568  15371.7  -2616.56  210.13  2344.36
211  160  2025-06-08 18-19-48  1569.6  15380.9  -2613.13  210.217  2344.78
212  160  2025-06-08 18-19-48  1571.2  15390.1  -2609.7  210.303  2345.2
213  160  2025-06-08 18-19-48  1572.8  15399.3  -2606.27  210.389  2345.61
214  160  2025-06-08 18-19-48  1574.4  15408.5  -2602.84  210.476  2346.02
215  160  2025-06-08 18-19-48  1576  15417.8  -2599.42  210.562  2346.43
216  160  2025-06-08 18-19-48  1577.6  15427  -2595.99  210.648  2346.83
217  160  2025-06-08 18-19-48  1579.2  15436.3  -2592.56  210.735  2347.24
218  160  2025-06-08 18-19-48  1580.8  15445.6  -2589.14  210.821  2347.64
219  160  2025-06-08 18-19-48  1582.4  15454.8  -2585.72  210.907  2348.04
220  160  2025-06-08 18-19-48  1584  15464.1  -2582.3  210.994  2348.44
221  160  2025-06-08 18-19-48  1585.6  15473.4  -2578.87  211.08  2348.84
222  160  2025-06-08 18-19-48  1587.2  15482.7  -2575.45  211.166  2349.23
223  160  2025-06-08 18-19-48  1588.8  15492  -2572.04  211.253  2349.62
224  160  2025-06-08 18-19-48  1590.4  15501.4  -2568.62  211.339  2350.01
225  160  2025-06-08 18-19-48  1592  15510.7  -2565.2  211.425  2350.4
226  160  2025-06-08 18-19-48  1593.6  15520.1  -2561.79  211.512  2350.79
227  160  2025-06-08 18-19-48  1595.2  15529.4  -2558.37  211.598  2351.18
228  160  2025-06-08 18-19-48  1596.8  15538.8  -2554.96  211.684  2351.56
229  160  2025-06-08 18-19-48  1598.4  15548.2  -2551.54  211.771  2351.94
230  160  2025-06-08 18-19-48  1600  15557.5  -2548.13  211.857  2352.32
231  160  2025-06-08 18-19-48  1601.6  15566.9  -2544.72  211.943  2352.7
232  160  2025-06-08 18-19-48  1603.2  15576.3  -2541.31  212.03  2353.08
233  160  2025-06-08 18-19-48  1604.8  15585.7  -2537.9  212.116  2353.45
234  160  2025-06-08 18-19-48  1606.4  15595.2  -2534.49  212.202  2353.83
235  160  2025-06-08 18-19-48  1608  15604.6  -2531.09  212.289  2354.2
236  160  2025-06-08 18-19-48  1609.6  15614  -2527.68  212.375  2354.57
237  160  2025-06-08 18-19-48  1611.2  15623.5  -2524.27  212.461  2354.94
238  160  2025-06-08 18-19-48  1612.8  15633  -2520.87  212.548  2355.3
239  160  2025-06-08 18-19-48  1614.4  15642.4  -2517.46  212.634  2355.67
240  160  2025-06-08 18-19-48  1616  15651.9  -2514.06  212.72  2356.03
241  160  2025-06-08 18-19-48  1617.6  15661.4  -2510.66  212.807  2356.4
242  160  2025-06-08 18-19-48  1619.2  15670.9  -2507.26  212.893  2356.76
243  160  2025-06-08 18-19-48  1620.8  15680.4  -2503.86  212.979  2357.12
244  160  2025-06-08 18-19-48  1622.4  15689.9  -2500.46  213.066  2357.47
245  160  2025-06-08 18-19-48  1624  15699.4  -2497.06  213.152  2357.83
246  160  2025-06-08 18-19-48  1625.6  15709  -2493.66  213.238  2358.19
247  160  2025-06-08 18-19-48  1627.2  15718.5  -2490.26  213.325  2358.54
248  160  2025-06-08 18-19-48  1628.8  15728.1  -2486.86  213.411  2358.89
249  160  2025-06-08 18-19-48  1630.4  15737.7  -2483.47  213.497  2359.24
250  160  2025-06-08 18-19-48  1632  15747.2  -2480.07  213.584  2359.59
251  160  2025-06-08 18-19-48  1633.6  15756.8  -2476.68  213.67  2359.94
252  160  2025-06-08 18-19-48  1635.2  15766.4  -2473.29  213.756  2360.29
253  160  2025-06-08 18-19-48  1636.8  15776  -2469.89  213.843  2360.63
254  160  2025-06-08 18-19-48  1638.4  15785.6  -2466.5  213.929  2360.98
255  160  2025-06-08 18-19-48  1640  15795.2  -2463.11  214.015  2361.32
256  160  2025-06-08 18-19-48  1641.6  15804.9  -2459.72  214.102  2361.66
257  160  2025-06-08 18-19-48  1643.2  15814.5  -2456.33  214.188  2362
258  160  2025-06-08 18-19-48  1644.8  15824.2  -2452.94  214.274  2362.34
259  160  2025-06-08 18-19-48  1646.4  15833.8  -2449.55  214.361  2362.67
260  160  2025-06-08 18-19-48  1648  15843.5  -2446.16  214.447  2363.01
261  160  2025-06-08 18-19-48  1649.6  15853.2  -2442.77  214.533  2363.35
262  160  2025-06-08 18-19-48  1651.2  15862.8  -2439.39  214.62  2363.68
263  160  2025-06-08 18-19-48  1652.8  15872.5  -2436  214.706  2364.01
264  160  2025-06-08 18-19-48  1654.4  15882.3  -2432.62  214.792  2364.34
265  160  2025-06-08 18-19-48  1656  15892  -2429.23  214.879  2364.67
266  160  2025-06-08 18-19-48  1657.6  15901.7  -2425.85  214.965  2365
267  160  2025-06-08 18-19-48  1659.2  15911.4  -2422.46  215.051  2365.33
268  160  2025-06-08 18-19-48  1660.8  15921.2  -2419.08  215.138  2365.66
269  160  2025-06-08 18-19-48  1662.4  15930.9  -2415.7  215.224  2365.98
270  160  2025-06-08 18-19-48  1664  15940.7  -2412.32  215.31  2366.3
271  160  2025-06-08 18-19-48  1665.6  15950.5  -2408.94  215.397  2366.63
272  160  2025-06-08 18-19-48  1667.2  15960.2  -2405.56  215.483  2366.95
273  160  2025-06-08 18-19-48  1668.8  15970  -2402.18  215.569  2367.27
274  160  2025-06-08 18-19-48  1670.4  15979.8  -2398.8  215.656  2367.59
275  160  2025-06-08 18-19-48  1672  15989.6  -2395.42  215.742  2367.91
276  160  2025-06-08 18-19-48  1673.6  15999.5  -2392.04  215.828  2368.23
277  160  2025-06-08 18-19-48  1675.2  16009.3  -2388.66  215.915  2368.54
278  160  2025-06-08 18-19-48  1676.8  16019.1  -2385.29  216.001  2368.86
279  160  2025-06-08 18-19-48  1678.4  16029  -2381.91  216.087  2369.17
280  160  2025-06-08 18-19-48  1680  16038.8  -2378.54  216.174  2369.49
281  160  2025-06-08 18-19-48  1681.6  16048.7  -2375.16  216.26  2369.8
282  160  2025-06-08 18-19-48  1683.2  16058.6  -2371.79  216.346  2370.11
283  160  2025-06-08 18-19-48  1684.8  16068.4  -2368.41  216.433  2370.42
284  160  2025-06-08 18-19-48  1686.4  16078.3  -2365.04  216.519  2370.73
285  160  2025-06-08 18-19-48  1688  16088.2  -2361.67  216.605  2371.04
286  160  2025-06-08 18-19-48  1689.6  16098.1  -2358.29  216.692  2371.35
287  160  2025-06-08 18-19-48  1691.2  16108.1  -2354.92  216.778  2371.65
288  160  2025-06-08 18-19-48  1692.8  16118  -2351.55  216.864  2371.96
289  160  2025-06-08 18-19-48  1694.4  16127.9  -2348.18  216.951  2372.26
290  160  2025-06-08 18-19-48  1696  16137.9  -2344.81  217.037  2372.57
291  160  2025-06-08 18-19-48  1697.6  16147.8  -2341.44  217.123  2372.87
292  160  2025-06-08 18-19-48  1699.2  16157.8  -2338.07  217.21  2373.17
293  160  2025-06-08 18-19-48  1700.8  16167.8  -2334.7  217.296  2373.47
294  160  2025-06-08 18-19-48  1702.4  16177.8  -2331.33  217.382  2373.77
295  160  2025-06-08 18-19-48  1704  16187.8  -2327.97  217.469  2374.07
296  160  2025-06-08 18-19-48  1705.6  16197.8  -2324.6  217.555  2374.37
297  160  2025-06-08 18-19-48  1707.2  16207.8  -2321.23  217.641  2374.67
298  160  2025-06-08 18-19-48  1708.8  16217.8  -2317.87  217.728  2374.96
299  160  2025-06-08 18-19-48  1710.4  16227.8  -2314.5  217.814  2375.26
300  160  2025-06-08 18-19-48  1712  16237.9  -2311.14  217.9  2375.55
301  160  2025-06-08 18-19-48  1713.6  16247.9  -2307.77  217.987  2375.85
302  160  2025-06-08 18-19-48  1715.2  16258  -2304.41  218.073  2376.14
303  160  2025-06-08 18-19-48  1716.8  16268.1  -2301.04  218.159  2376.43
304  160  2025-06-08 18-19-48  1718.4  16278.1  -2297.68  218.246  2376.73
305  160  2025-06-08 18-19-48  1720  16288.2  -2294.32  218.332  2377.02
306  160  2025-06-08 18-19-48  1721.6  16298.3  -2290.96  218.418  2377.31
307  160  2025-06-08 18-19-48  1723.2  16308.4  -2287.59  218.505  2377.6
308  160  2025-06-08 18-19-48  1724.8  16318.5  -2284.23  218.591  2377.88
309  160  2025-06-08 18-19-48  1726.4  16328.7  -2280.87  218.677  2378.17
310  160  2025-06-08 18-19-48  1728  16338.8  -2277.51  218.764  2378.46
311  160  2025-06-08 18-19-48  1729.6  16348.9  -2274.15  218.85  2378.74
312  160  2025-06-08 18-19-48  1731.2  16359.1  -2270.79  218.936  2379.03
313  160  2025-06-08 18-19-48  1732.8  16369.3  -2267.43  219.023  2379.31
314  160  2025-06-08 18-19-48  1734.4  16379.4  -2264.07  219.109  2379.6
315  160  2025-06-08 18-19-48  1736  16389.6  -2260.72  219.195  2379.88
316  160  2025-06-08 18-19-48  1737.6  16399.8  -2257.36  219.282  2380.16
317  160  2025-06-08 18-19-48  1739.2  16410  -2254  219.368  2380.45
318  160  2025-06-08 18-19-48  1740.8  16420.2  -2250.64  219.454  2380.73
319  160  2025-06-08 18-19-48  1742.4  16430.4  -2247.29  219.541  2381.01
320  160  2025-06-08 18-19-48  1744  16440.6  -2243.93  219.627  2381.29
321  160  2025-06-08 18-19-48  1745.6  16450.9  -2240.57  219.713  2381.57
322  160  2025-06-08 18-19-48  1747.2  16461.1  -2237.22  219.8  2381.84
323  160  2025-06-08 18-19-48  1748.8  16471.4  -2233.86  219.886  2382.12
324  160  2025-06-08 18-19-48  1750.4  16481.6  -2230.51  219.972  2382.4
325  160  2025-06-08 18-19-48  1752  16491.9  -2227.16  220.059  2382.67
326  160  2025-06-08 18-19-48  1753.6  16502.2  -2223.8  220.145  2382.95
327  160  2025-06-08 18-19-48  1755.2  16512.5  -2220.45  220.231  2383.23
328  160  2025-06-08 18-19-48  1756.8  16522.8  -2217.1  220.318  2383.5
329  160  2025-06-08 18-19-48  1758.4  16533.1  -2213.74  220.404  2383.77
330  160  2025-06-08 18-19-48  1760  16543.4  -2210.39  220.49  2384.05
331  160  2025-06-08 18-19-48  1761.6  16553.7  -2207.04  220.577  2384.32
332  160  2025-06-08 18-19-48  1763.2  16564.1  -2203.69  220.663  2384.59
333  160  2025-06-08 18-19-48  1764.8  16574.4  -2200.34  220.749  2384.86
334  160  2025-06-08 18-19-48  1766.4  16584.8  -2196.99  220.836  2385.13
335  160  2025-06-08 18-19-48  1768  16595.1  -2193.64  220.922  2385.4
336  160  2025-06-08 18-19-48  1769.6  16605.5  -2190.29  221.008  2385.67
337  160  2025-06-08 18-19-48  1771.2  16615.9  -2186.94  221.095  2385.94
338  160  2025-06-08 18-19-48  1772.8  16626.3  -2183.59  221.181  2386.21
339  160  2025-06-08 18-19-48  1774.4  16636.7  -2180.24  221.267  2386.48
340  160  2025-06-08 18-19-48  1776  16647.1  -2176.89  221.354  2386.74
341  160  2025-06-08 18-19-48  1777.6  16657.5  -2173.55  221.44  2387.01
342  160  2025-06-08 18-19-48  1779.2  16667.9  -2170.2  221.526  2387.27
343  160  2025-06-08 18-19-48  1780.8  16678.4  -2166.85  221.613  2387.54
344  160  2025-06-08 18-19-48  1782.4  16688.8  -2163.5  221.699  2387.8
345  160  2025-06-08 18-19-48  1784  16699.3  -2160.16  221.785  2388.07
346  160  2025-06-08 18-19-48  1785.6  16709.8  -2156.81  221.872  2388.33
347  160  2025-06-08 18-19-48  1787.2  16720.2  -2153.47  221.958  2388.59
348  160  2025-06-08 18-19-48  1788.8  16730.7  -2150.12  222.044  2388.86
349  160  2025-06-08 18-19-48  1790.4  16741.2  -2146.78  222.131  2389.12
350  160  2025-06-08 18-19-48  1792  16751.7  -2143.43  222.217  2389.38
351  160  2025-06-08 18-19-48  1793.6  16762.2  -2140.09  222.303  2389.64
352  160  2025-06-08 18-19-48  1795.2  16772.7  -2136.75  222.39  2389.9
353  160  2025-06-08 18-19-48  1796.8  16783.3  -2133.4  222.476  2390.16
354  160  2025-06-08 18-19-48  1798.4  16793.8  -2130.06  222.562  2390.42
355  160  2025-06-08 18-19-48  1800  16804.4  -2126.72  222.649  2390.68
356  160  2025-06-08 18-19-48  1801.6  16814.9  -2123.38  222.735  2390.94
357  160  2025-06-08 18-19-48  1803.2  16825.5  -2120.03  222.821  2391.2
358  160  2025-06-08 18-19-48  1804.8  16836.1  -2116.69  222.908  2391.45
359  160  2025-06-08 18-19-48  1806.4  16846.6  -2113.35  222.994  2391.71
360  160  2025-06-08 18-19-48  1808  16857.2  -2110.01  223.08  2391.97
361  160  2025-06-08 18-19-48  1809.6  16867.8  -2106.67  223.167  2392.22
362  160  2025-06-08 18-19-48  1811.2  16878.4  -2103.33  223.253  2392.48
363  160  2025-06-08 18-19-48  1812.8  16889.1  -2099.99  223.339  2392.73
364  160  2025-06-08 18-19-48  1814.4  16899.7  -2096.65  223.426  2392.99
365  160  2025-06-08 18-19-48  1816  16910.3  -2093.31  223.512  2393.24
366  160  2025-06-08 18-19-48  1817.6  16921  -2089.97  223.598  2393.49
367  160  2025-06-08 18-19-48  1819.2  16931.6  -2086.64  223.685  2393.75
368  160  2025-06-08 18-19-48  1820.8  16942.3  -2083.3  223.771  2394
369  160  2025-06-08 18-19-48  1822.4  16953  -2079.96  223.857  2394.25
370  160  2025-06-08 18-19-48  1824  16963.7  -2076.62  223.944  2394.5
371  160  2025-06-08 18-19-48  1825.6  16974.4  -2073.29  224.03  2394.75
372  160  2025-06-08 18-19-48  1827.2  16985.1  -2069.95  224.116  2395
373  160  2025-06-08 18-19-48  1828.8  16995.8  -2066.61  224.203  2395.25
374  160  2025-06-08 18-19-48  1830.4  17006.5  -2063.28  224.289  2395.5
375  160  2025-06-08 18-19-48  1832  17017.2  -2059.94  224.375  2395.75
376  160  2025-06-08 18-19-48  1833.6  17028  -2056.61  224.462  2396
377  160  2025-06-08 18-19-48  1835.2  17038.7  -2053.27  224.548  2396.25
378  160  2025-06-08 18-19-48  1836.8  17049.5  -2049.94  224.634  2396.5
379  160  2025-06-08 18-19-48  1838.4  17060.3  -2046.61  224.721  2396.75
380  160  2025-06-08 18-19-48  1840  17071  -2043.27  224.807  2396.99
381  160  2025-06-08 18-19-48  1841.6  17081.8  -2039.94  224.893  2397.24
382  160  2025-06-08 18-19-48  1843.2  17092.6  -2036.61  224.98  2397.49
383  160  2025-06-08 18-19-48  1844.8  17103.4  -2033.27  225.066  2397.73
384  160  2025-06-08 18-19-48  1846.4  17114.2  -2029.94  225.152  2397.98
385  160  2025-06-08 18-19-48  1848  17125  -2026.61  225.239  2398.22
386  160  2025-06-08 18-19-48  1849.6  17135.9  -2023.28  225.325  2398.47
387  160  2025-06-08 18-19-48  1851.2  17146.7  -2019.95  225.411  2398.71
388  160  2025-06-08 18-19-48  1852.8  17157.6  -2016.62  225.498  2398.95
389  160  2025-06-08 18-19-48  1854.4  17168.4  -2013.29  225.584  2399.2
390  160  2025-06-08 18-19-48  1856  17179.3  -2009.96  225.67  2399.44
391  160  2025-06-08 18-19-48  1857.6  17190.2  -2006.63  225.757  2399.68
392  160  2025-06-08 18-19-48  1859.2  17201.1  -2003.3  225.843  2399.93
393  160  2025-06-08 18-19-48  1860.8  17212  -1999.97  225.929  2400.17
394  160  2025-06-08 18-19-48  1862.4  17222.9  -1996.64  226.016  2400.41
395  160  2025-06-08 18-19-48  1864  17233.8  -1993.31  226.102  2400.65
396  160  2025-06-08 18-19-48  1865.6  17244.7  -1989.98  226.188  2400.89
397  160  2025-06-08 18-19-48  1867.2  17255.6  -1986.66  226.275  2401.13
398  160  2025-06-08 18-19-48  1868.8  17266.6  -1983.33  226.361  2401.37
399  160  2025-06-08 18-19-48  1870.4  17277.5  -1980  226.447  2401.61
400  160  2025-06-08 18-19-48  1872  17288.5  -1976.68  226.534  2401.85
401  160  2025-06-08 18-19-48  1873.6  17299.5  -1973.35  226.62  2402.09
402  160  2025-06-08 18-19-48  1875.2  17310.4  -1970.02  226.706  2402.33
403  160  2025-06-08 18-19-48  1876.8  17321.4  -1966.7  226.793  2402.57
404  160  2025-06-08 18-19-48  1878.4  17332.4  -1963.37  226.879  2402.8
405  160  2025-06-08 18-19-48  1880  17343.4  -1960.05  226.965  2403.04
406  160  2025-06-08 18-19-48  1881.6  17354.4  -1956.72  227.052  2403.28
407  160  2025-06-08 18-19-48  1883.2  17365.5  -1953.4  227.138  2403.51
408  160  2025-06-08 18-19-48  1884.8  17376.5  -1950.08  227.224  2403.75
409  160  2025-06-08 18-19-48  1886.4  17387.5  -1946.75  227.311  2403.99
410  160  2025-06-08 18-19-48  1888  17398.6  -1943.43  227.397  2404.22
411  160  2025-06-08 18-19-48  1889.6  17409.6  -1940.11  227.483  2404.46
412  160  2025-06-08 18-19-48  1891.2  17420.7  -1936.78  227.57  2404.69
413  160  2025-06-08 18-19-48  1892.8  17431.8  -1933.46  227.656  2404.93
414  160  2025-06-08 18-19-48  1894.4  17442.9  -1930.14  227.742  2405.16
415  160  2025-06-08 18-19-48  1896  17454  -1926.82  227.829  2405.4
416  160  2025-06-08 18-19-48  1897.6  17465.1  -1923.5  227.915  2405.63
417  160  2025-06-08 18-19-48  1899.2  17476.2  -1920.18  228.001  2405.86
418  160  2025-06-08 18-19-48  1900.8  17487.3  -1916.86  228.088  2406.1
419  160  2025-06-08 18-19-48  1902.4  17498.5  -1913.54  228.174  2406.33
420  160  2025-06-08 18-19-48  1904  17509.6  -1910.22  228.26  2406.56
421  160  2025-06-08 18-19-48  1905.6  17520.7  -1906.9  228.347  2406.79
422  160  2025-06-08 18-19-48  1907.2  17531.9  -1903.58  228.433  2407.03
423  160  2025-06-08 18-19-48  1908.8  17543.1  -1900.26  228.519  2407.26
424  160  2025-06-08 18-19-48  1910.4  17554.3  -1896.94  228.606  2407.49
425  160  2025-06-08 18-19-48  1912  17565.4  -1893.63  228.692  2407.72
426  160  2025-06-08 18-19-48  1913.6  17576.6  -1890.31  228.778  2407.95
427  160  2025-06-08 18-19-48  1915.2  17587.8  -1886.99  228.865  2408.18
428  160  2025-06-08 18-19-48  1916.8  17599.1  -1883.68  228.951  2408.41
429  160  2025-06-08 18-19-48  1918.4  17610.3  -1880.36  229.037  2408.64
430  160  2025-06-08 18-19-48  1920  17621.5  -1877.04  229.124  2408.87
431  160  2025-06-08 18-19-48  1921.6  17632.8  -1873.73  229.21  2409.1
432  160  2025-06-08 18-19-48  1923.2  17644  -1870.41  229.296  2409.32
433  160  2025-06-08 18-19-48  1924.8  17655.3  -1867.1  229.383  2409.55
434  160  2025-06-08 18-19-48  1926.4  17666.5  -1863.78  229.469  2409.78
435  160  2025-06-08 18-19-48  1928  17677.8  -1860.47  229.555  2410.01
436  160  2025-06-08 18-19-48  1929.6  17689.1  -1857.16  229.642  2410.24
437  160  2025-06-08 18-19-48  1931.2  17700.4  -1853.84  229.728  2410.46
438  160  2025-06-08 18-19-48  1932.8  17711.7  -1850.53  229.814  2410.69
439  160  2025-06-08 18-19-48  1934.4  17723  -1847.22  229.901  2410.92
440  160  2025-06-08 18-19-48  1936  17734.3  -1843.91  229.987  2411.14
441  160  2025-06-08 18-19-48  1937.6  17745.7  -1840.59  230.073  2411.37
442  160  2025-06-08 18-19-48  1939.2  17757  -1837.28  230.16  2411.6
443  160  2025-06-08 18-19-48  1940.8  17768.4  -1833.97  230.246  2411.82
444  160  2025-06-08 18-19-48  1942.4  17779.7  -1830.66  230.332  2412.05
445  160  2025-06-08 18-19-48  1944  17791.1  -1827.35  230.419  2412.27
446  160  2025-06-08 18-19-48  1945.6  17802.5  -1824.04  230.505  2412.5
447  160  2025-06-08 18-19-48  1947.2  17813.9  -1820.73  230.591  2412.72
448  160  2025-06-08 18-19-48  1948.8  17825.3  -1817.42  230.678  2412.94
449  160  2025-06-08 18-19-48  1950.4  17836.7  -1814.11  230.764  2413.17
450  160  2025-06-08 18-19-48  1952  17848.1  -1810.8  230.85  2413.39
451  160  2025-06-08 18-19-48  1953.6  17859.5  -1807.5  230.937  2413.61
452  160  2025-06-08 18-19-48  1955.2  17871  -1804.19  231.023  2413.84
453  160  2025-06-08 18-19-48  1956.8  17882.4  -1800.88  231.109  2414.06
454  160  2025-06-08 18-19-48  1958.4  17893.8  -1797.57  231.196  2414.28
455  160  2025-06-08 18-19-48  1960  17905.3  -1794.27  231.282  2414.5
456  160  2025-06-08 18-19-48  1961.6  17916.8  -1790.96  231.368  2414.73
457  160  2025-06-08 18-19-48  1963.2  17928.3  -1787.66  231.455  2414.95
458  160  2025-06-08 18-19-48  1964.8  17939.7  -1784.35  231.541  2415.17
459  160  2025-06-08 18-19-48  1966.4  17951.2  -1781.04  231.627  2415.39
460  160  2025-06-08 18-19-48  1968  17962.7  -1777.74  231.714  2415.61
461  160  2025-06-08 18-19-48  1969.6  17974.3  -1774.44  231.8  2415.83
462  160  2025-06-08 18-19-48  1971.2  17985.8  -1771.13  231.886  2416.05
463  160  2025-06-08 18-19-48  1972.8  17997.3  -1767.83  231.973  2416.27
464  160  2025-06-08 18-19-48  1974.4  18008.9  -1764.53  232.059  2416.49
465  160  2025-06-08 18-19-48  1976  18020.4  -1761.22  232.145  2416.71
466  160  2025-06-08 18-19-48  1977.6  18032  -1757.92  232.232  2416.93
467  160  2025-06-08 18-19-48  1979.2  18043.5  -1754.62  232.318  2417.15
468  160  2025-06-08 18-19-48  1980.8  18055.1  -1751.32  232.404  2417.37
469  160  2025-06-08 18-19-48  1982.4  18066.7  -1748.02  232.491  2417.59
470  160  2025-06-08 18-19-48  1984  18078.3  -1744.71  232.577  2417.8
471  160  2025-06-08 18-19-48  1985.6  18089.9  -1741.41  232.663  2418.02
472  160  2025-06-08 18-19-48  1987.2  18101.5  -1738.11  232.75  2418.24
473  160  2025-06-08 18-19-48  1988.8  18113.2  -1734.82  232.836  2418.46
474  160  2025-06-08 18-19-48  1990.4  18124.8  -1731.52  232.922  2418.68
475  160  2025-06-08 18-19-48  1992  18136.4  -1728.22  233.009  2418.89
476  160  2025-06-08 18-19-48  1993.6  18148.1  -1724.92  233.095  2419.11
477  160  2025-06-08 18-19-48  1995.2  18159.7  -1721.62  233.181  2419.33
478  160  2025-06-08 18-19-48  1996.8  18171.4  -1718.32  233.268  2419.54
479  160  2025-06-08 18-19-48  1998.4  18183.1  -1715.03  233.354  2419.76
480  160  2025-06-08 18-19-48  2000  18194.8  -1711.73  233.44  2419.97
481  160  2025-06-08 18-19-48  2001.6  18206.5  -1708.43  233.527  2420.19
482  160  2025-06-08 18-19-48  2003.2  18218.2  -1705.14  233.613  2420.4
483  160  2025-06-08 18-19-48  2004.8  18229.9  -1701.84  233.699  2420.62
484  160  2025-06-08 18-19-48  2006.4  18241.6  -1698.55  233.786  2420.84
485  160  2025-06-08 18-19-48  2008  18253.4  -1695.25  233.872  2421.05
486  160  2025-06-08 18-19-48  2009.6  18265.1  -1691.96  233.958  2421.26
487  160  2025-06-08 18-19-48  2011.2  18276.8  -1688.66  234.045  2421.48
488  160  2025-06-08 18-19-48  2012.8  18288.6  -1685.37  234.131  2421.69
489  160  2025-06-08 18-19-48  2014.4  18300.4  -1682.08  234.217  2421.91
490  160  2025-06-08 18-19-48  2016  18312.2  -1678.78  234.304  2422.12
491  160  2025-06-08 18-19-48  2017.6  18323.9  -1675.49  234.39  2422.33
492  160  2025-06-08 18-19-48  2019.2  18335.7  -1672.2  234.476  2422.55
493  160  2025-06-08 18-19-48  2020.8  18347.5  -1668.91  234.563  2422.76
494  160  2025-06-08 18-19-48  2022.4  18359.4  -1665.62  234.649  2422.97
495  160  2025-06-08 18-19-48  2024  18371.2  -1662.33  234.735  2423.18
496  160  2025-06-08 18-19-48  2025.6  18383  -1659.04  234.822  2423.4
497  160  2025-06-08 18-19-48  2027.2  18394.9  -1655.75  234.908  2423.61
498  160  2025-06-08 18-19-48  2028.8  18406.7  -1652.46  234.994  2423.82
499  160  2025-06-08 18-19-48  2030.4  18418.6  -1649.17  235.081  2424.03
500  160  2025-06-08 18-19-48  2032  18430.4  -1645.88  235.167  2424.24
501  160  2025-06-08 18-19-48  2033.6  18442.3  -1642.59  235.253  2424.45
502  160  2025-06-08 18-19-48  2035.2  18454.2  -1639.31  235.34  2424.67
503  160  2025-06-08 18-19-48  2036.8  18466.1  -1636.02  235.426  2424.88
504  160  2025-06-08 18-19-48  2038.4  18478  -1632.73  235.512  2425.09
505  160  2025-06-08 18-19-48  2040  18489.9  -1629.45  235.599  2425.3
506  160  2025-06-08 18-19-48  2041.6  18501.9  -1626.16  235.685  2425.51
