SN    USVID    CurTime    simTime    CurX    CurY    CurVel      CurYaw   
0  144  2025-06-09 22-33-43  0  2440  14512  192  2672
1  144  2025-06-09 22-33-43  1.6  2448.01  14511.9  192.058  2680.08
2  144  2025-06-09 22-33-43  3.2  2456.02  14511.8  192.115  2688.24
3  144  2025-06-09 22-33-43  4.8  2464.03  14511.6  192.173  2696.48
4  144  2025-06-09 22-33-43  6.4  2472.05  14511.3  192.23  2704.8
5  144  2025-06-09 22-33-43  8  2480.07  14510.9  192.288  2713.2
6  144  2025-06-09 22-33-43  9.6  2488.09  14510.5  192.345  2721.68
7  144  2025-06-09 22-33-43  11.2  2496.12  14510  192.403  2730.24
8  144  2025-06-09 22-33-43  12.8  2504.14  14509.4  192.46  2738.88
9  144  2025-06-09 22-33-43  14.4  2512.16  14508.7  192.518  2747.6
10  144  2025-06-09 22-33-43  128  2520.19  14508  192.576  2756.4
11  144  2025-06-09 22-33-43  129.6  2528.21  14507.2  192.633  2765.28
12  144  2025-06-09 22-33-43  131.2  2536.23  14506.3  192.691  2774.24
13  144  2025-06-09 22-33-43  132.8  2544.25  14505.4  192.748  2775.2
14  144  2025-06-09 22-33-43  134.4  2552.28  14504.4  192.806  2776.16
15  144  2025-06-09 22-33-43  136  2560.31  14503.5  192.863  2777.12
16  144  2025-06-09 22-33-43  137.6  2568.35  14502.6  192.921  2778.08
17  144  2025-06-09 22-33-43  139.2  2576.39  14501.6  192.978  2779.04
18  144  2025-06-09 22-33-43  140.8  2584.44  14500.7  193.036  2780
19  144  2025-06-09 22-33-43  142.4  2592.49  14499.7  193.094  2780.96
20  144  2025-06-09 22-33-43  144  2600.55  14498.8  193.151  2781.92
21  144  2025-06-09 22-33-43  145.6  2608.61  14497.8  193.209  2782.88
22  144  2025-06-09 22-33-43  147.2  2616.68  14496.8  193.266  2783.84
23  144  2025-06-09 22-33-43  148.8  2624.75  14495.8  193.324  2784.8
24  144  2025-06-09 22-33-43  150.4  2632.83  14494.8  193.381  2785.76
25  144  2025-06-09 22-33-43  152  2640.91  14493.8  193.439  2786.72
26  144  2025-06-09 22-33-43  153.6  2648.99  14492.7  193.496  2787.68
27  144  2025-06-09 22-33-43  155.2  2657.08  14491.7  193.554  2788.64
28  144  2025-06-09 22-33-43  156.8  2665.17  14490.7  193.612  2789.6
29  144  2025-06-09 22-33-43  158.4  2673.27  14489.6  193.669  2790.56
30  144  2025-06-09 22-33-43  160  2681.38  14488.6  193.727  2791.52
31  144  2025-06-09 22-33-43  161.6  2689.48  14487.5  193.784  2792.48
32  144  2025-06-09 22-33-43  163.2  2697.6  14486.4  193.842  2793.44
33  144  2025-06-09 22-33-43  164.8  2705.71  14485.3  193.899  2794.4
34  144  2025-06-09 22-33-43  166.4  2713.83  14484.2  193.957  2795.36
35  144  2025-06-09 22-33-43  168  2721.96  14483.1  194.014  2796.32
36  144  2025-06-09 22-33-43  169.6  2730.09  14482  194.072  2797.28
37  144  2025-06-09 22-33-43  171.2  2738.23  14480.9  194.13  2798.24
38  144  2025-06-09 22-33-43  172.8  2746.37  14479.7  194.187  2799.2
39  144  2025-06-09 22-33-43  174.4  2754.51  14478.6  194.245  2800.16
40  144  2025-06-09 22-33-43  176  2762.66  14477.4  194.302  2801.12
41  144  2025-06-09 22-33-43  177.6  2770.81  14476.3  194.36  2802.08
42  144  2025-06-09 22-33-43  179.2  2778.97  14475.1  194.417  2803.04
43  144  2025-06-09 22-33-43  180.8  2787.13  14473.9  194.475  2804
44  144  2025-06-09 22-33-43  182.4  2795.3  14472.7  194.532  2804.96
45  144  2025-06-09 22-33-43  184  2803.47  14471.5  194.59  2805.92
46  144  2025-06-09 22-33-43  185.6  2811.65  14470.3  194.648  2806.88
47  144  2025-06-09 22-33-43  187.2  2819.83  14469.1  194.705  2807.84
48  144  2025-06-09 22-33-43  188.8  2828.01  14467.8  194.763  2808.8
49  144  2025-06-09 22-33-43  190.4  14036.2  14466.6  194.82  2809.76
50  144  2025-06-09 22-33-43  192  14044.4  14465.3  194.878  2810.72
51  144  2025-06-09 22-33-43  193.6  14052.6  14464.1  194.935  2811.68
52  144  2025-06-09 22-33-43  195.2  14060.8  14462.8  194.993  2812.64
53  144  2025-06-09 22-33-43  196.8  14069  14461.5  195.05  2813.6
54  144  2025-06-09 22-33-43  198.4  14077.2  14460.3  195.108  2814.56
55  144  2025-06-09 22-33-43  200  14085.4  14459  195.166  2815.52
56  144  2025-06-09 22-33-43  201.6  14093.6  14457.7  195.223  2816.48
57  144  2025-06-09 22-33-43  203.2  14101.9  14456.3  195.281  2817.44
58  144  2025-06-09 22-33-43  204.8  14110.1  14455  195.338  2818.4
59  144  2025-06-09 22-33-43  206.4  14118.3  14453.7  195.396  2819.36
60  144  2025-06-09 22-33-43  208  14126.6  14452.3  195.453  2820.32
61  144  2025-06-09 22-33-43  209.6  14134.8  14451  195.511  2821.28
62  144  2025-06-09 22-33-43  211.2  14143  14449.6  195.568  2822.24
63  144  2025-06-09 22-33-43  212.8  14151.3  14448.2  195.626  2823.2
64  144  2025-06-09 22-33-43  214.4  14159.5  14446.9  195.684  2824.16
65  144  2025-06-09 22-33-43  216  14167.8  14445.5  195.741  2825.12
66  144  2025-06-09 22-33-43  217.6  14176.1  14444.1  195.799  2826.08
67  144  2025-06-09 22-33-43  219.2  14184.3  14442.7  195.856  2827.04
68  144  2025-06-09 22-33-43  220.8  14192.6  14441.2  195.914  2828
69  144  2025-06-09 22-33-43  222.4  14200.9  14439.8  195.971  2828.96
70  144  2025-06-09 22-33-43  224  14209.2  14438.4  196.029  2829.92
71  144  2025-06-09 22-33-43  225.6  14217.4  14436.9  196.086  2830.88
72  144  2025-06-09 22-33-43  227.2  14225.7  14435.5  196.144  2831.84
73  144  2025-06-09 22-33-43  228.8  14234  14434  196.202  14032.8
74  144  2025-06-09 22-33-43  230.4  14242.3  14432.5  196.259  14033.8
75  144  2025-06-09 22-33-43  232  14250.6  14431  196.317  14034.7
76  144  2025-06-09 22-33-43  233.6  14258.9  14429.5  196.374  14035.7
77  144  2025-06-09 22-33-43  235.2  14267.2  14428  196.432  14036.6
78  144  2025-06-09 22-33-43  236.8  14275.5  14426.5  196.489  14037.6
79  144  2025-06-09 22-33-43  238.4  14283.9  14425  196.547  14038.6
80  144  2025-06-09 22-33-43  240  14292.2  14423.4  196.604  14039.5
81  144  2025-06-09 22-33-43  241.6  14300.5  14421.9  196.662  14040.5
82  144  2025-06-09 22-33-43  243.2  14308.8  14420.3  196.72  14041.4
83  144  2025-06-09 22-33-43  244.8  14317.2  14418.8  196.777  14042.4
84  144  2025-06-09 22-33-43  246.4  14325.5  14417.2  196.835  14043.4
85  144  2025-06-09 22-33-43  248  14333.8  14415.6  196.892  14044.3
86  144  2025-06-09 22-33-43  249.6  14342.2  14414  196.95  14045.3
87  144  2025-06-09 22-33-43  251.2  14350.5  14412.4  197.007  14046.2
88  144  2025-06-09 22-33-43  252.8  14358.9  14410.8  197.065  14047.2
89  144  2025-06-09 22-33-43  254.4  14367.2  14409.1  197.122  14048.2
90  144  2025-06-09 22-33-43  256  14375.6  14407.5  197.18  14049.1
91  144  2025-06-09 22-33-43  257.6  14383.9  14405.9  197.238  14050.1
92  144  2025-06-09 22-33-43  259.2  14392.3  14404.2  197.295  14051
93  144  2025-06-09 22-33-43  260.8  14400.7  14402.5  197.353  14052
94  144  2025-06-09 22-33-43  262.4  14409.1  14400.9  197.41  14053
95  144  2025-06-09 22-33-43  264  14417.4  14399.2  197.468  14053.9
96  144  2025-06-09 22-33-43  265.6  14425.8  14397.5  197.525  14054.9
97  144  2025-06-09 22-33-43  267.2  14434.2  14395.8  197.583  14055.8
98  144  2025-06-09 22-33-43  268.8  14442.6  14394.1  197.641  14056.8
99  144  2025-06-09 22-33-43  270.4  14451  14392.3  197.698  14057.8
100  144  2025-06-09 22-33-43  1392  14459.4  14390.6  197.756  14058.7
101  144  2025-06-09 22-33-43  1393.6  14467.8  14388.9  197.813  14059.7
102  144  2025-06-09 22-33-43  1395.2  14476.2  14387.1  197.871  14060.6
103  144  2025-06-09 22-33-43  1396.8  14484.6  14385.3  197.928  14061.6
104  144  2025-06-09 22-33-43  1398.4  14493  14383.6  197.986  14062.6
105  144  2025-06-09 22-33-43  1400  14501.4  14381.8  198.043  14063.5
106  144  2025-06-09 22-33-43  1401.6  14509.9  14380  198.101  14064.5
107  144  2025-06-09 22-33-43  1403.2  14518.3  14378.2  198.159  14065.4
108  144  2025-06-09 22-33-43  1404.8  14526.7  14376.4  198.216  14066.4
109  144  2025-06-09 22-33-43  1406.4  14535.2  14374.6  198.274  14067.4
110  144  2025-06-09 22-33-43  1408  14543.6  14372.7  198.331  14068.3
111  144  2025-06-09 22-33-43  1409.6  14552  14370.9  198.389  14069.3
112  144  2025-06-09 22-33-43  1411.2  14560.5  14369  198.446  14070.2
113  144  2025-06-09 22-33-43  1412.8  14568.9  14367.2  198.504  14071.2
114  144  2025-06-09 22-33-43  1414.4  14577.4  14365.3  198.561  14072.2
115  144  2025-06-09 22-33-43  1416  14585.8  14363.4  198.619  14073.1
116  144  2025-06-09 22-33-43  1417.6  14594.3  14361.5  198.677  14074.1
117  144  2025-06-09 22-33-43  1419.2  14602.7  14359.6  198.734  14075
118  144  2025-06-09 22-33-43  1420.8  14611.2  14357.7  198.792  14076
119  144  2025-06-09 22-33-43  1422.4  14619.7  14355.8  198.849  14077
120  144  2025-06-09 22-33-43  1424  14628.1  14353.8  198.907  14077.9
121  144  2025-06-09 22-33-43  1425.6  14636.6  14351.9  198.964  14078.9
122  144  2025-06-09 22-33-43  1427.2  14645.1  14349.9  199.022  14079.8
123  144  2025-06-09 22-33-43  1428.8  14653.6  14347.9  199.079  14080.8
124  144  2025-06-09 22-33-43  1430.4  14662.1  14346  199.137  14081.8
125  144  2025-06-09 22-33-43  1432  14670.6  14344  199.195  14082.7
126  144  2025-06-09 22-33-43  1433.6  14679.1  14342  199.252  14083.7
127  144  2025-06-09 22-33-43  1435.2  14687.6  14340  199.31  14084.6
128  144  2025-06-09 22-33-43  1436.8  14696.1  14338  199.367  14085.6
129  144  2025-06-09 22-33-43  1438.4  14704.6  14335.9  199.425  14086.6
130  144  2025-06-09 22-33-43  1440  14713.1  14333.9  199.482  14087.5
131  144  2025-06-09 22-33-43  1441.6  14721.6  14331.8  199.54  14088.5
132  144  2025-06-09 22-33-43  1443.2  14730.1  14329.8  199.597  14089.4
133  144  2025-06-09 22-33-43  1444.8  14738.6  14327.7  199.655  14090.4
134  144  2025-06-09 22-33-43  1446.4  14747.1  14325.6  199.713  14091.4
135  144  2025-06-09 22-33-43  1448  14755.7  14323.6  199.77  14092.3
136  144  2025-06-09 22-33-43  1449.6  14764.2  14321.5  199.828  14093.3
137  144  2025-06-09 22-33-43  1451.2  14772.7  14319.3  199.885  14094.2
138  144  2025-06-09 22-33-43  1452.8  14781.2  14317.2  199.943  14095.2
139  144  2025-06-09 22-33-43  1454.4  14789.8  14315.1  200  14096.2
140  144  2025-06-09 22-33-43  1456  14798.3  14313  200.058  14097.1
141  144  2025-06-09 22-33-43  1457.6  14806.9  14310.8  200.115  14098.1
142  144  2025-06-09 22-33-43  1459.2  14815.4  14308.6  200.173  14099
143  144  2025-06-09 22-33-43  1460.8  14824  14306.5  200.231  14100
144  144  2025-06-09 22-33-43  1462.4  14832.5  14304.3  200.288  14101
145  144  2025-06-09 22-33-43  1464  14841.1  14302.1  200.346  14101.9
146  144  2025-06-09 22-33-43  1465.6  14849.6  14299.9  200.403  14102.9
147  144  2025-06-09 22-33-43  1467.2  14858.2  14297.7  200.461  14103.8
148  144  2025-06-09 22-33-43  1468.8  14866.8  14295.5  200.518  14104.8
149  144  2025-06-09 22-33-43  1470.4  14875.4  14293.2  200.576  14105.8
150  144  2025-06-09 22-33-43  1472  14883.9  14291  200.633  14106.7
151  144  2025-06-09 22-33-43  1473.6  14892.5  14288.7  200.691  14107.7
152  144  2025-06-09 22-33-43  1475.2  14901.1  14286.5  200.749  14108.6
153  144  2025-06-09 22-33-43  1476.8  14909.7  14284.2  200.806  14109.6
154  144  2025-06-09 22-33-43  1478.4  14918.3  14281.9  200.864  14110.6
155  144  2025-06-09 22-33-43  1480  14926.8  14279.6  200.921  14111.5
156  144  2025-06-09 22-33-43  1481.6  14935.4  14277.3  200.979  14112.5
157  144  2025-06-09 22-33-43  1483.2  14944  14275  201.036  14113.4
158  144  2025-06-09 22-33-43  1484.8  14952.6  14272.6  201.094  14114.4
159  144  2025-06-09 22-33-43  1486.4  14961.2  14270.3  201.151  14115.4
160  144  2025-06-09 22-33-43  1488  14969.8  14268  201.209  14116.3
161  144  2025-06-09 22-33-43  1489.6  14978.5  14265.6  201.267  14117.3
162  144  2025-06-09 22-33-43  1491.2  14987.1  14263.2  201.324  14118.2
163  144  2025-06-09 22-33-43  1492.8  14995.7  14260.8  201.382  14119.2
164  144  2025-06-09 22-33-43  1494.4  15004.3  14258.5  201.439  14120.2
165  144  2025-06-09 22-33-43  1496  15012.9  14256.1  201.497  14121.1
166  144  2025-06-09 22-33-43  1497.6  15021.5  14253.6  201.554  14122.1
167  144  2025-06-09 22-33-43  1499.2  15030.2  14251.2  201.612  14123
168  144  2025-06-09 22-33-43  1500.8  15038.8  14248.8  201.669  14124
169  144  2025-06-09 22-33-43  1502.4  15047.4  14246.3  201.727  14125
170  144  2025-06-09 22-33-43  1504  15056.1  14243.9  201.785  14125.9
171  144  2025-06-09 22-33-43  1505.6  15064.7  14241.4  201.842  14126.9
172  144  2025-06-09 22-33-43  1507.2  15073.4  14238.9  201.9  14127.8
173  144  2025-06-09 22-33-43  1508.8  15082  14236.5  201.957  14128.8
174  144  2025-06-09 22-33-43  1510.4  15090.6  14234  202.015  14129.8
175  144  2025-06-09 22-33-43  1512  15099.3  14231.4  202.072  14130.7
176  144  2025-06-09 22-33-43  1513.6  15108  14228.9  202.13  14131.7
177  144  2025-06-09 22-33-43  1515.2  15116.6  14226.4  202.187  14132.6
178  144  2025-06-09 22-33-43  1516.8  15125.3  14223.9  202.245  14133.6
179  144  2025-06-09 22-33-43  1518.4  15133.9  14221.3  202.303  14134.6
180  144  2025-06-09 22-33-43  1520  15142.6  14218.7  202.36  14135.5
181  144  2025-06-09 22-33-43  1521.6  15151.3  14216.2  202.418  14136.5
182  144  2025-06-09 22-33-43  1523.2  15159.9  14213.6  202.475  14137.4
183  144  2025-06-09 22-33-43  1524.8  15168.6  14211  202.533  14138.4
184  144  2025-06-09 22-33-43  1526.4  15177.3  14208.4  202.59  14139.4
185  144  2025-06-09 22-33-43  1528  15186  14205.8  202.648  14140.3
186  144  2025-06-09 22-33-43  1529.6  15194.6  14203.1  202.705  14141.3
187  144  2025-06-09 22-33-43  1531.2  15203.3  14200.5  202.763  14142.2
188  144  2025-06-09 22-33-43  1532.8  15212  14197.9  202.821  14143.2
189  144  2025-06-09 22-33-43  1534.4  15220.7  14195.2  202.878  14144.2
190  144  2025-06-09 22-33-43  1536  15229.4  14192.5  202.936  14145.1
191  144  2025-06-09 22-33-43  1537.6  15238.1  14189.9  202.993  14146.1
192  144  2025-06-09 22-33-43  1539.2  15246.8  14187.2  203.051  14147
193  144  2025-06-09 22-33-43  1540.8  15255.5  14184.5  203.108  14148
194  144  2025-06-09 22-33-43  1542.4  15264.2  14181.8  203.166  14149
195  144  2025-06-09 22-33-43  1544  15272.9  14179  203.223  14149.9
196  144  2025-06-09 22-33-43  1545.6  15281.6  14176.3  203.281  14150.9
197  144  2025-06-09 22-33-43  1547.2  15290.3  14173.5  203.339  14151.8
198  144  2025-06-09 22-33-43  1548.8  15299  14170.8  203.396  14152.8
199  144  2025-06-09 22-33-43  1550.4  15307.8  14168  203.454  14153.8
200  144  2025-06-09 22-33-43  1552  15316.5  14165.2  203.511  14154.7
201  144  2025-06-09 22-33-43  1553.6  15325.2  14162.5  203.569  14155.7
202  144  2025-06-09 22-33-43  1555.2  15333.9  14159.7  203.626  14156.6
203  144  2025-06-09 22-33-43  1556.8  15342.7  14156.8  203.684  14157.6
204  144  2025-06-09 22-33-43  1558.4  15351.4  14154  203.741  14158.6
205  144  2025-06-09 22-33-43  1560  15360.1  14151.2  203.799  14159.5
206  144  2025-06-09 22-33-43  1561.6  15368.8  14148.4  203.857  14160.5
207  144  2025-06-09 22-33-43  1563.2  15377.6  14145.5  203.914  14161.4
208  144  2025-06-09 22-33-43  1564.8  15386.3  14142.6  203.972  14162.4
209  144  2025-06-09 22-33-43  1566.4  15395.1  14139.8  204.029  14163.4
210  144  2025-06-09 22-33-43  1568  15403.8  14136.9  204.087  14164.3
211  144  2025-06-09 22-33-43  1569.6  15412.6  14134  204.144  14165.3
212  144  2025-06-09 22-33-43  1571.2  15421.3  14131.1  204.202  14166.2
213  144  2025-06-09 22-33-43  1572.8  15430.1  14128.1  204.259  14167.2
214  144  2025-06-09 22-33-43  1574.4  15438.8  14125.2  204.317  14168.2
215  144  2025-06-09 22-33-43  1576  15447.6  14122.3  204.375  14169.1
216  144  2025-06-09 22-33-43  1577.6  15456.3  14119.3  204.432  14170.1
217  144  2025-06-09 22-33-43  1579.2  15465.1  14116.4  204.49  14171
218  144  2025-06-09 22-33-43  1580.8  15473.9  14113.4  204.547  14172
219  144  2025-06-09 22-33-43  1582.4  15482.6  14110.4  204.605  14173
220  144  2025-06-09 22-33-43  1584  15491.4  14107.4  204.662  14173.9
221  144  2025-06-09 22-33-43  1585.6  15500.2  14104.4  204.72  14174.9
222  144  2025-06-09 22-33-43  1587.2  15508.9  14101.4  204.777  14175.8
223  144  2025-06-09 22-33-43  1588.8  15517.7  14098.3  204.835  14176.8
224  144  2025-06-09 22-33-43  1590.4  15526.5  14095.3  204.893  14177.8
225  144  2025-06-09 22-33-43  1592  15535.3  14092.2  204.95  14178.7
226  144  2025-06-09 22-33-43  1593.6  15544  14089.2  205.008  14179.7
227  144  2025-06-09 22-33-43  1595.2  15552.8  14086.1  205.065  14180.6
228  144  2025-06-09 22-33-43  1596.8  15561.6  14083  205.123  14181.6
229  144  2025-06-09 22-33-43  1598.4  15570.4  14079.9  205.18  14182.6
230  144  2025-06-09 22-33-43  1600  15579.2  14076.8  205.238  14183.5
231  144  2025-06-09 22-33-43  1601.6  15588  14073.7  205.295  14184.5
232  144  2025-06-09 22-33-43  1603.2  15596.8  14070.6  205.353  14185.4
233  144  2025-06-09 22-33-43  1604.8  15605.6  14067.4  205.411  14186.4
234  144  2025-06-09 22-33-43  1606.4  15614.4  14064.3  205.468  14187.4
235  144  2025-06-09 22-33-43  1608  15623.2  14061.1  205.526  14188.3
236  144  2025-06-09 22-33-43  1609.6  15632  14057.9  205.583  14189.3
237  144  2025-06-09 22-33-43  1611.2  15640.8  14054.8  205.641  14190.2
238  144  2025-06-09 22-33-43  1612.8  15649.6  14051.6  205.698  14191.2
239  144  2025-06-09 22-33-43  1614.4  15658.4  14048.4  205.756  14192.2
240  144  2025-06-09 22-33-43  1616  15667.2  14045.1  205.813  14193.1
241  144  2025-06-09 22-33-43  1617.6  15676  14041.9  205.871  14194.1
242  144  2025-06-09 22-33-43  1619.2  15684.8  14038.7  205.929  14195
243  144  2025-06-09 22-33-43  1620.8  15693.7  14035.4  205.986  14196
244  144  2025-06-09 22-33-43  1622.4  15702.5  14032.1  206.044  14197
245  144  2025-06-09 22-33-43  1624  15711.3  2828.87  206.101  14197.9
246  144  2025-06-09 22-33-43  1625.6  15720.1  2825.58  206.159  14198.9
247  144  2025-06-09 22-33-43  1627.2  15729  2822.28  206.216  14199.8
248  144  2025-06-09 22-33-43  1628.8  15737.8  2818.97  206.274  14200.8
249  144  2025-06-09 22-33-43  1630.4  15746.6  2815.65  206.331  14201.8
250  144  2025-06-09 22-33-43  1632  15755.4  2812.32  206.389  14202.7
251  144  2025-06-09 22-33-43  1633.6  15764.3  2808.98  206.447  14203.7
252  144  2025-06-09 22-33-43  1635.2  15773.1  2805.62  206.504  14204.6
253  144  2025-06-09 22-33-43  1636.8  15782  2802.26  206.562  14205.6
254  144  2025-06-09 22-33-43  1638.4  15790.8  2798.88  206.619  14206.6
255  144  2025-06-09 22-33-43  1640  15799.6  2795.49  206.677  14207.5
256  144  2025-06-09 22-33-43  1641.6  15808.5  2792.09  206.734  14208.5
257  144  2025-06-09 22-33-43  1643.2  15817.3  2788.68  206.792  14209.4
258  144  2025-06-09 22-33-43  1644.8  15826.2  2785.26  206.849  14210.4
259  144  2025-06-09 22-33-43  1646.4  15835  2781.83  206.907  14211.4
260  144  2025-06-09 22-33-43  1648  15843.9  2778.38  206.965  14212.3
261  144  2025-06-09 22-33-43  1649.6  15852.7  2774.93  207.022  14213.3
262  144  2025-06-09 22-33-43  1651.2  15861.6  2771.46  207.08  14214.2
263  144  2025-06-09 22-33-43  1652.8  15870.4  2767.98  207.137  14215.2
264  144  2025-06-09 22-33-43  1654.4  15879.3  2764.49  207.195  14216.2
265  144  2025-06-09 22-33-43  1656  15888.1  2760.99  207.252  14217.1
266  144  2025-06-09 22-33-43  1657.6  15897  2757.47  207.31  14218.1
267  144  2025-06-09 22-33-43  1659.2  15905.9  2753.95  207.367  14219
268  144  2025-06-09 22-33-43  1660.8  15914.7  2750.41  207.425  14220
269  144  2025-06-09 22-33-43  1662.4  15923.6  2746.87  207.483  14220.9
270  144  2025-06-09 22-33-43  1664  15932.4  2743.31  207.54  14221.9
271  144  2025-06-09 22-33-43  1665.6  15941.3  2739.74  207.598  14222.9
272  144  2025-06-09 22-33-43  1667.2  15950.2  2736.16  207.655  14223.8
273  144  2025-06-09 22-33-43  1668.8  15959.1  2732.56  207.713  14224.8
274  144  2025-06-09 22-33-43  1670.4  15967.9  2728.96  207.77  14225.7
275  144  2025-06-09 22-33-43  1672  15976.8  2725.34  207.828  14226.7
276  144  2025-06-09 22-33-43  1673.6  15985.7  2721.71  207.885  14227.7
277  144  2025-06-09 22-33-43  1675.2  15994.6  2718.08  207.943  14228.6
278  144  2025-06-09 22-33-43  1676.8  16003.4  2714.43  208.001  14229.6
279  144  2025-06-09 22-33-43  1678.4  16012.3  2710.76  208.058  14230.5
280  144  2025-06-09 22-33-43  1680  16021.2  2707.09  208.116  14231.5
281  144  2025-06-09 22-33-43  1681.6  16030.1  2703.4  208.173  14232.5
282  144  2025-06-09 22-33-43  1683.2  16039  2699.71  208.231  14233.4
283  144  2025-06-09 22-33-43  1684.8  16047.9  2696  208.288  14234.4
284  144  2025-06-09 22-33-43  1686.4  16056.7  2692.28  208.346  14235.3
285  144  2025-06-09 22-33-43  1688  16065.6  2688.55  208.404  14236.3
286  144  2025-06-09 22-33-43  1689.6  16074.5  2684.81  208.461  14237.3
287  144  2025-06-09 22-33-43  1691.2  16083.4  2681.05  208.519  14238.2
288  144  2025-06-09 22-33-43  1692.8  16092.3  2677.29  208.576  14239.2
289  144  2025-06-09 22-33-43  1694.4  16101.2  2673.51  208.634  14240.1
290  144  2025-06-09 22-33-43  1696  16110.1  2669.72  208.691  14241.1
291  144  2025-06-09 22-33-43  1697.6  16119  2665.92  208.749  14242.1
292  144  2025-06-09 22-33-43  1699.2  16127.9  2662.11  208.806  14243
293  144  2025-06-09 22-33-43  1700.8  16136.8  2658.29  208.864  14244
294  144  2025-06-09 22-33-43  1702.4  16145.7  2654.45  208.922  14244.9
295  144  2025-06-09 22-33-43  1704  16154.6  2650.6  208.979  14245.9
296  144  2025-06-09 22-33-43  1705.6  16163.5  2646.75  209.037  14246.9
297  144  2025-06-09 22-33-43  1707.2  16172.4  2642.88  209.094  14247.8
298  144  2025-06-09 22-33-43  1708.8  16181.3  2638.99  209.152  14248.8
299  144  2025-06-09 22-33-43  1710.4  16190.2  2635.1  209.209  14249.7
300  144  2025-06-09 22-33-43  1712  16199.1  2631.2  209.267  14250.7
301  144  2025-06-09 22-33-43  1713.6  16208  2627.28  209.324  14251.7
302  144  2025-06-09 22-33-43  1715.2  16216.9  2623.35  209.382  14252.6
303  144  2025-06-09 22-33-43  1716.8  16225.9  2619.41  209.44  14253.6
304  144  2025-06-09 22-33-43  1718.4  16234.8  2615.46  209.497  14254.5
305  144  2025-06-09 22-33-43  1720  16243.7  2611.5  209.555  14255.5
306  144  2025-06-09 22-33-43  1721.6  16252.6  2607.52  209.612  14256.5
307  144  2025-06-09 22-33-43  1723.2  16261.5  2603.54  209.67  14257.4
308  144  2025-06-09 22-33-43  1724.8  16270.4  2599.54  209.727  14258.4
309  144  2025-06-09 22-33-43  1726.4  16279.4  2595.53  209.785  14259.3
310  144  2025-06-09 22-33-43  1728  16288.3  2591.51  209.842  14260.3
311  144  2025-06-09 22-33-43  1729.6  16297.2  2587.47  209.9  14261.3
312  144  2025-06-09 22-33-43  1731.2  16306.1  2583.43  209.958  14262.2
313  144  2025-06-09 22-33-43  1732.8  16315  2579.37  210.015  14263.2
314  144  2025-06-09 22-33-43  1734.4  16324  2575.3  210.073  14264.1
315  144  2025-06-09 22-33-43  1736  16332.9  2571.22  210.13  14265.1
316  144  2025-06-09 22-33-43  1737.6  16341.8  2567.13  210.188  14266.1
317  144  2025-06-09 22-33-43  1739.2  16350.7  2563.03  210.245  14267
318  144  2025-06-09 22-33-43  1740.8  16359.7  2558.91  210.303  14268
319  144  2025-06-09 22-33-43  1742.4  16368.6  2554.78  210.36  14268.9
320  144  2025-06-09 22-33-43  1744  16377.5  2550.65  210.418  14269.9
321  144  2025-06-09 22-33-43  1745.6  16386.5  2546.49  210.476  14270.9
322  144  2025-06-09 22-33-43  1747.2  16395.4  2542.33  210.533  14271.8
323  144  2025-06-09 22-33-43  1748.8  16404.3  2538.16  210.591  14272.8
324  144  2025-06-09 22-33-43  1750.4  16413.2  2533.97  210.648  14273.7
325  144  2025-06-09 22-33-43  1752  16422.2  2529.77  210.706  14274.7
326  144  2025-06-09 22-33-43  1753.6  16431.1  2525.56  210.763  14275.7
327  144  2025-06-09 22-33-43  1755.2  16440.1  2521.34  210.821  14276.6
328  144  2025-06-09 22-33-43  1756.8  16449  2517.11  210.878  14277.6
329  144  2025-06-09 22-33-43  1758.4  16457.9  2512.86  210.936  14278.5
330  144  2025-06-09 22-33-43  1760  16466.9  2508.61  210.994  14279.5
331  144  2025-06-09 22-33-43  1761.6  16475.8  2504.34  211.051  14280.5
332  144  2025-06-09 22-33-43  1763.2  16484.7  2500.06  211.109  14281.4
333  144  2025-06-09 22-33-43  1764.8  16493.7  2495.77  211.166  14282.4
334  144  2025-06-09 22-33-43  1766.4  16502.6  2491.46  211.224  14283.3
335  144  2025-06-09 22-33-43  1768  16511.6  2487.14  211.281  14284.3
336  144  2025-06-09 22-33-43  1769.6  16520.5  2482.82  211.339  14285.3
337  144  2025-06-09 22-33-43  1771.2  16529.4  2478.48  211.396  14286.2
338  144  2025-06-09 22-33-43  1772.8  16538.4  2474.12  211.454  14287.2
339  144  2025-06-09 22-33-43  1774.4  16547.3  2469.76  211.512  14288.1
340  144  2025-06-09 22-33-43  1776  16556.3  2465.39  211.569  14289.1
341  144  2025-06-09 22-33-43  1777.6  16565.2  2461  211.627  14290.1
342  144  2025-06-09 22-33-43  1779.2  16574.2  2456.6  211.684  14291
343  144  2025-06-09 22-33-43  1780.8  16583.1  2452.19  211.742  14292
344  144  2025-06-09 22-33-43  1782.4  16592.1  2447.76  211.799  14292.9
345  144  2025-06-09 22-33-43  1784  16601  2443.33  211.857  14293.9
346  144  2025-06-09 22-33-43  1785.6  16609.9  2438.88  211.914  14294.9
347  144  2025-06-09 22-33-43  1787.2  16618.9  2434.42  211.972  14295.8
348  144  2025-06-09 22-33-43  1788.8  16627.8  2429.95  212.03  14296.8
349  144  2025-06-09 22-33-43  1790.4  16636.8  2425.47  212.087  14297.7
350  144  2025-06-09 22-33-43  1792  16645.7  2420.97  212.145  14298.7
351  144  2025-06-09 22-33-43  1793.6  16654.7  2416.47  212.202  14299.7
352  144  2025-06-09 22-33-43  1795.2  16663.6  2411.95  212.26  14300.6
353  144  2025-06-09 22-33-43  1796.8  16672.6  2407.42  212.317  14301.6
354  144  2025-06-09 22-33-43  1798.4  16681.5  2402.87  212.375  14302.5
355  144  2025-06-09 22-33-43  1800  16690.5  2398.32  212.432  14303.5
356  144  2025-06-09 22-33-43  1801.6  16699.4  2393.75  212.49  14304.5
357  144  2025-06-09 22-33-43  1803.2  16708.4  2389.17  212.548  14305.4
358  144  2025-06-09 22-33-43  1804.8  16717.3  2384.58  212.605  14306.4
359  144  2025-06-09 22-33-43  1806.4  16726.3  2379.98  212.663  14307.3
360  144  2025-06-09 22-33-43  1808  16735.3  2375.37  212.72  14308.3
361  144  2025-06-09 22-33-43  1809.6  16744.2  2370.74  212.778  14309.3
362  144  2025-06-09 22-33-43  1811.2  16753.2  2366.1  212.835  14310.2
363  144  2025-06-09 22-33-43  1812.8  16762.1  2361.45  212.893  14311.2
364  144  2025-06-09 22-33-43  1814.4  16771.1  2356.79  212.95  14312.1
365  144  2025-06-09 22-33-43  1816  16780  2352.11  213.008  14313.1
366  144  2025-06-09 22-33-43  1817.6  16789  2347.43  213.066  14314.1
367  144  2025-06-09 22-33-43  1819.2  16797.9  2342.73  213.123  14315
368  144  2025-06-09 22-33-43  1820.8  16806.9  2338.02  213.181  14316
369  144  2025-06-09 22-33-43  1822.4  16815.8  2333.29  213.238  14316.9
370  144  2025-06-09 22-33-43  1824  16824.8  2328.56  213.296  14317.9
371  144  2025-06-09 22-33-43  1825.6  16833.7  2323.81  213.353  14318.9
372  144  2025-06-09 22-33-43  1827.2  16842.7  2319.05  213.411  14319.8
373  144  2025-06-09 22-33-43  1828.8  16851.7  2314.28  213.468  14320.8
374  144  2025-06-09 22-33-43  1830.4  16860.6  2309.5  213.526  14321.7
375  144  2025-06-09 22-33-43  1832  16869.6  2304.7  213.584  14322.7
376  144  2025-06-09 22-33-43  1833.6  16878.5  2299.89  213.641  14323.7
377  144  2025-06-09 22-33-43  1835.2  16887.5  2295.07  213.699  14324.6
378  144  2025-06-09 22-33-43  1836.8  16896.4  2290.24  213.756  14325.6
379  144  2025-06-09 22-33-43  1838.4  16905.4  2285.4  213.814  14326.5
380  144  2025-06-09 22-33-43  1840  16914.3  2280.54  213.871  14327.5
381  144  2025-06-09 22-33-43  1841.6  16923.3  2275.67  213.929  14328.5
382  144  2025-06-09 22-33-43  1843.2  16932.3  2270.79  213.986  14329.4
383  144  2025-06-09 22-33-43  1844.8  16941.2  2265.9  214.044  14330.4
384  144  2025-06-09 22-33-43  1846.4  16950.2  2261  214.102  14331.3
385  144  2025-06-09 22-33-43  1848  16959.1  2256.08  214.159  14332.3
386  144  2025-06-09 22-33-43  1849.6  16968.1  2251.15  214.217  14333.3
387  144  2025-06-09 22-33-43  1851.2  16977  2246.21  214.274  14334.2
388  144  2025-06-09 22-33-43  1852.8  16986  2241.26  214.332  14335.2
389  144  2025-06-09 22-33-43  1854.4  16994.9  2236.29  214.389  14336.1
390  144  2025-06-09 22-33-43  1856  17003.9  2231.31  214.447  14337.1
391  144  2025-06-09 22-33-43  1857.6  17012.8  2226.32  214.504  14338.1
392  144  2025-06-09 22-33-43  1859.2  17021.8  2221.32  214.562  14339
393  144  2025-06-09 22-33-43  1860.8  17030.8  2216.31  214.62  14340
394  144  2025-06-09 22-33-43  1862.4  17039.7  2211.28  214.677  14340.9
395  144  2025-06-09 22-33-43  1864  17048.7  2206.24  214.735  14341.9
396  144  2025-06-09 22-33-43  1865.6  17057.6  2201.19  214.792  14342.9
397  144  2025-06-09 22-33-43  1867.2  17066.6  2196.13  214.85  14343.8
398  144  2025-06-09 22-33-43  1868.8  17075.5  2191.05  214.907  14344.8
399  144  2025-06-09 22-33-43  1870.4  17084.5  2185.97  214.965  14345.7
400  144  2025-06-09 22-33-43  1872  17093.4  2180.87  215.022  14346.7
401  144  2025-06-09 22-33-43  1873.6  17102.4  2175.76  215.08  14347.7
402  144  2025-06-09 22-33-43  1875.2  17111.3  2170.63  215.138  14348.6
403  144  2025-06-09 22-33-43  1876.8  17120.3  2165.5  215.195  14349.6
404  144  2025-06-09 22-33-43  1878.4  17129.2  2160.35  215.253  14350.5
405  144  2025-06-09 22-33-43  1880  17138.2  2155.19  215.31  14351.5
406  144  2025-06-09 22-33-43  1881.6  17147.1  2150.01  215.368  14352.5
407  144  2025-06-09 22-33-43  1883.2  17156.1  2144.83  215.425  14353.4
408  144  2025-06-09 22-33-43  1884.8  17165  2139.63  215.483  14354.4
409  144  2025-06-09 22-33-43  1886.4  17174  2134.42  215.54  14355.3
410  144  2025-06-09 22-33-43  1888  17182.9  2129.2  215.598  14356.3
411  144  2025-06-09 22-33-43  1889.6  17191.9  2123.97  215.656  14357.3
412  144  2025-06-09 22-33-43  1891.2  17200.8  2118.72  215.713  14358.2
413  144  2025-06-09 22-33-43  1892.8  17209.8  2113.46  215.771  14359.2
414  144  2025-06-09 22-33-43  1894.4  17218.7  2108.19  215.828  14360.1
415  144  2025-06-09 22-33-43  1896  17227.6  2102.91  215.886  14361.1
416  144  2025-06-09 22-33-43  1897.6  17236.6  2097.61  215.943  14362.1
417  144  2025-06-09 22-33-43  1899.2  17245.5  2092.3  216.001  14363
418  144  2025-06-09 22-33-43  1900.8  17254.5  2086.98  216.058  14364
419  144  2025-06-09 22-33-43  1902.4  17263.4  2081.65  216.116  14364.9
420  144  2025-06-09 22-33-43  1904  17272.4  2076.3  216.174  14365.9
421  144  2025-06-09 22-33-43  1905.6  17281.3  2070.95  216.231  14366.9
422  144  2025-06-09 22-33-43  1907.2  17290.2  2065.58  216.289  14367.8
423  144  2025-06-09 22-33-43  1908.8  17299.2  2060.2  216.346  14368.8
424  144  2025-06-09 22-33-43  1910.4  17308.1  2054.8  216.404  14369.7
425  144  2025-06-09 22-33-43  1912  17317.1  2049.39  216.461  14370.7
426  144  2025-06-09 22-33-43  1913.6  17326  2043.98  216.519  14371.7
427  144  2025-06-09 22-33-43  1915.2  17334.9  2038.54  216.576  14372.6
428  144  2025-06-09 22-33-43  1916.8  17343.9  2033.1  216.634  14373.6
429  144  2025-06-09 22-33-43  1918.4  17352.8  2027.64  216.692  14374.5
430  144  2025-06-09 22-33-43  1920  17361.7  2022.18  216.749  14375.5
431  144  2025-06-09 22-33-43  1921.6  17370.7  2016.7  216.807  14376.5
432  144  2025-06-09 22-33-43  1923.2  17379.6  2011.2  216.864  14377.4
433  144  2025-06-09 22-33-43  1924.8  17388.5  2005.7  216.922  14378.4
434  144  2025-06-09 22-33-43  1926.4  17397.4  2000.09  216.979  14389
435  144  2025-06-09 22-33-43  1928  17406.2  1994.37  217.037  14399.8
436  144  2025-06-09 22-33-43  1929.6  17415  1988.54  217.094  14410.6
437  144  2025-06-09 22-33-43  1931.2  17423.6  1982.61  217.152  14421.6
438  144  2025-06-09 22-33-43  1932.8  17432.3  1976.57  217.21  14432.6
439  144  2025-06-09 22-33-43  1934.4  17440.8  1970.42  217.267  14443.8
440  144  2025-06-09 22-33-43  1936  17449.3  1964.16  217.325  14455
441  144  2025-06-09 22-33-43  1937.6  17457.7  1957.8  217.382  14466.3
442  144  2025-06-09 22-33-43  1939.2  17466  1951.33  217.44  14477.7
443  144  2025-06-09 22-33-43  1940.8  17474.2  1944.75  217.497  14489.3
444  144  2025-06-09 22-33-43  1942.4  17482.4  1938.06  217.555  14500.9
445  144  2025-06-09 22-33-43  1944  17490.5  1931.27  217.612  14512.6
446  144  2025-06-09 22-33-43  1945.6  17498.5  1924.37  217.67  14524.4
447  144  2025-06-09 22-33-43  1947.2  17506.4  1917.36  217.728  14536.3
448  144  2025-06-09 22-33-43  1948.8  17514.2  1910.25  217.785  14548.3
449  144  2025-06-09 22-33-43  1950.4  17522  1903.02  217.843  14560.4
450  144  2025-06-09 22-33-43  1952  17529.6  1895.7  217.9  14572.6
451  144  2025-06-09 22-33-43  1953.6  17537.2  1888.26  217.958  14584.9
452  144  2025-06-09 22-33-43  1955.2  17544.6  1880.72  218.015  14597.3
453  144  2025-06-09 22-33-43  1956.8  17552  1873.08  218.073  14609.7
454  144  2025-06-09 22-33-43  1958.4  17559.2  1865.33  218.13  14622.3
455  144  2025-06-09 22-33-43  1960  17566.4  1857.48  218.188  14635
456  144  2025-06-09 22-33-43  1961.6  17573.4  1849.52  218.246  14647.8
457  144  2025-06-09 22-33-43  1963.2  17580.5  1841.6  218.303  14642.8
458  144  2025-06-09 22-33-43  1964.8  17587.5  1833.58  218.361  14655.6
459  144  2025-06-09 22-33-43  1966.4  17594.5  1825.58  218.418  14650.7
460  144  2025-06-09 22-33-43  1968  17601.6  1817.63  218.476  14645.8
461  144  2025-06-09 22-33-43  1969.6  17608.7  1809.7  218.533  14640.7
462  144  2025-06-09 22-33-43  1971.2  17615.7  1801.68  218.591  14653.3
463  144  2025-06-09 22-33-43  1972.8  17622.8  1793.69  218.648  14648.3
464  144  2025-06-09 22-33-43  1974.4  17629.9  1785.74  218.706  14643.2
465  144  2025-06-09 22-33-43  1976  17637.1  1777.82  218.764  14638
466  144  2025-06-09 22-33-43  1977.6  17644.1  1769.8  218.821  14650.5
467  144  2025-06-09 22-33-43  1979.2  17651.2  1761.81  218.879  14645.3
468  144  2025-06-09 22-33-43  1980.8  17658.4  1753.87  218.936  14640
469  144  2025-06-09 22-33-43  1982.4  17665.4  1745.82  218.994  14652.5
470  144  2025-06-09 22-33-43  1984  17672.5  1737.81  219.051  14647.2
471  144  2025-06-09 22-33-43  1985.6  17679.7  1729.83  219.109  14641.9
472  144  2025-06-09 22-33-43  1987.2  17686.9  1721.9  219.167  14636.5
473  144  2025-06-09 22-33-43  1988.8  17694  1713.86  219.224  14648.8
474  144  2025-06-09 22-33-43  1990.4  17701.1  1705.86  219.282  14643.4
475  144  2025-06-09 22-33-43  1992  17708.3  1697.9  219.339  14637.9
476  144  2025-06-09 22-33-43  1993.6  17715.6  1689.98  219.397  14632.4
477  144  2025-06-09 22-33-43  1995.2  17722.8  1681.96  219.454  14644.5
478  144  2025-06-09 22-33-43  1996.8  17730  1673.98  219.512  14639
479  144  2025-06-09 22-33-43  1998.4  17737.2  1666.04  219.569  14633.3
480  144  2025-06-09 22-33-43  2000  17744.4  1658  219.627  14645.4
481  144  2025-06-09 22-33-43  2001.6  17751.6  1649.99  219.685  14639.8
482  144  2025-06-09 22-33-43  2003.2  17758.8  1642.03  219.742  14634.1
483  144  2025-06-09 22-33-43  2004.8  17766.1  1634.12  219.8  14628.4
484  144  2025-06-09 22-33-43  2006.4  17773.4  1626.1  219.857  14640.3
485  144  2025-06-09 22-33-43  2008  17780.6  1618.12  219.915  14634.6
486  144  2025-06-09 22-33-43  2009.6  17788  1610.19  219.972  14628.8
487  144  2025-06-09 22-33-43  2011.2  17795.2  1602.15  220.03  14640.6
488  144  2025-06-09 22-33-43  2012.8  17802.5  1594.16  220.087  14634.8
489  144  2025-06-09 22-33-43  2014.4  17809.8  1586.21  220.145  14628.9
490  144  2025-06-09 22-33-43  2016  17817  1578.17  220.203  14640.7
491  144  2025-06-09 22-33-43  2017.6  17824.3  1570.16  220.26  14634.9
492  144  2025-06-09 22-33-43  2019.2  17831.7  1562.2  220.318  14628.9
493  144  2025-06-09 22-33-43  2020.8  17839.1  1554.28  220.375  14622.9
494  144  2025-06-09 22-33-43  2022.4  17846.4  1546.27  220.433  14634.5
495  144  2025-06-09 22-33-43  2024  17853.7  1538.3  220.49  14628.5
496  144  2025-06-09 22-33-43  2025.6  17861.1  1530.37  220.548  14622.4
497  144  2025-06-09 22-33-43  2027.2  17868.5  1522.35  220.605  14634
498  144  2025-06-09 22-33-43  2028.8  17875.8  1514.37  220.663  14628
499  144  2025-06-09 22-33-43  2030.4  17883.3  1506.44  220.721  14621.8
500  144  2025-06-09 22-33-43  2032  17890.6  1498.4  220.778  14633.3
501  144  2025-06-09 22-33-43  2033.6  17898  1490.42  220.836  14627.2
502  144  2025-06-09 22-33-43  2035.2  17905.4  1482.48  220.893  14621
503  144  2025-06-09 22-33-43  2036.8  17912.8  1474.44  220.951  14632.4
504  144  2025-06-09 22-33-43  2038.4  17920.2  1466.45  221.008  14626.2
505  144  2025-06-09 22-33-43  2040  17927.7  1458.51  221.066  14619.9
506  144  2025-06-09 22-33-43  2041.6  17935.1  1450.47  221.123  14631.3
507  144  2025-06-09 22-33-43  2043.2  17942.5  1442.48  221.181  14625.1
508  144  2025-06-09 22-33-43  2044.8  17950  1434.53  221.239  14618.7
509  144  2025-06-09 22-33-43  2046.4  17957.4  1426.49  221.296  14630.1
510  144  2025-06-09 22-33-43  2048  17964.9  1418.49  221.354  14623.7
511  144  2025-06-09 22-33-43  2049.6  17972.4  1410.54  221.411  14617.3
512  144  2025-06-09 22-33-43  2051.2  17980  1402.65  221.469  14610.8
513  144  2025-06-09 22-33-43  2052.8  17987.5  1394.65  221.526  14622
514  144  2025-06-09 22-33-43  2054.4  17995  266.708  221.584  14615.5
515  144  2025-06-09 22-33-43  2056  18002.5  258.667  221.641  14626.8
516  144  2025-06-09 22-33-43  2057.6  18010  250.674  221.699  14620.3
517  144  2025-06-09 22-33-43  2059.2  18017.5  242.731  221.757  14613.7
518  144  2025-06-09 22-33-43  2060.8  18025  234.693  221.814  14624.9
519  144  2025-06-09 22-33-43  2062.4  18032.6  226.704  221.872  14618.4
520  144  2025-06-09 22-33-43  2064  18040.2  218.765  221.929  14611.8
521  144  2025-06-09 22-33-43  2065.6  18047.7  210.73  221.987  14622.8
522  144  2025-06-09 22-33-43  2067.2  18055.3  202.746  222.044  14616.3
523  144  2025-06-09 22-33-43  2068.8  18062.9  194.812  222.102  14609.6
524  144  2025-06-09 22-33-43  2070.4  18070.4  186.784  222.159  14620.6
525  144  2025-06-09 22-33-43  2072  18078  178.806  222.217  14614
526  144  2025-06-09 22-33-43  2073.6  18085.7  170.88  222.275  14607.2
527  144  2025-06-09 22-33-43  2075.2  18093.3  162.859  222.332  14618.2
528  144  2025-06-09 22-33-43  2076.8  18100.9  154.889  222.39  14611.5
529  144  2025-06-09 22-33-43  2078.4  18108.6  146.972  222.447  14604.7
530  144  2025-06-09 22-33-43  2080  18116.2  138.96  222.505  14615.6
531  144  2025-06-09 22-33-43  2081.6  18123.9  131.001  222.562  14608.8
532  144  2025-06-09 22-33-43  2083.2  18131.6  11.0946  222.62  14601.9
533  144  2025-06-09 22-33-43  2084.8  18139.3  3.09351  222.677  14612.7
534  144  2025-06-09 22-33-43  2086.4  18147  -4.85435  222.735  14605.9
535  144  2025-06-09 22-33-43  2088  18154.8  -12.7478  222.793  14599
536  144  2025-06-09 22-33-43  2089.6  18162.5  -132.736  222.85  14609.7
537  144  2025-06-09 22-33-43  2091.2  18170.2  -140.671  222.908  14602.8
538  144  2025-06-09 22-33-43  2092.8  18177.9  -148.7  222.965  14613.6
539  144  2025-06-09 22-33-43  2094.4  18185.6  -156.675  223.023  14606.7
540  144  2025-06-09 22-33-43  2096  18193.4  -164.596  223.08  14599.7
541  144  2025-06-09 22-33-43  2097.6  18201.1  -172.611  223.138  14610.4
542  144  2025-06-09 22-33-43  2099.2  18208.8  -180.571  223.195  14603.5
543  144  2025-06-09 22-33-43  2100.8  18216.7  -188.476  223.253  14596.4
544  144  2025-06-09 22-33-43  2102.4  18224.4  -196.476  223.311  14607.1
545  144  2025-06-09 22-33-43  2104  18232.2  -204.42  223.368  14600.1
546  144  2025-06-09 22-33-43  2105.6  18240.1  -212.307  223.426  14593
547  144  2025-06-09 22-33-43  2107.2  18247.9  -220.289  223.483  14603.6
548  144  2025-06-09 22-33-43  2108.8  18255.7  -228.214  223.541  14596.5
549  144  2025-06-09 22-33-43  2110.4  18263.5  -236.234  223.598  14607.1
550  144  2025-06-09 22-33-43  2112  18271.3  -244.198  223.656  14600
551  144  2025-06-09 22-33-43  2113.6  18279.2  -252.105  223.713  14592.9
552  144  2025-06-09 22-33-43  2115.2  18287  -260.106  223.771  14603.4
553  144  2025-06-09 22-33-43  2116.8  18294.9  -268.05  223.829  14596.3
554  144  2025-06-09 22-33-43  2118.4  18302.8  -1395.94  223.886  14589.1
555  144  2025-06-09 22-33-43  2120  18310.7  -1403.92  223.944  14599.5
556  144  2025-06-09 22-33-43  2121.6  18318.6  -1411.84  224.001  14592.3
557  144  2025-06-09 22-33-43  2123.2  18326.4  -1419.86  224.059  14602.8
558  144  2025-06-09 22-33-43  2124.8  18334.3  -1427.82  224.116  14595.6
559  144  2025-06-09 22-33-43  2126.4  18342.3  -1435.72  224.174  14588.4
560  144  2025-06-09 22-33-43  2128  18350.1  -1443.71  224.231  14598.8
561  144  2025-06-09 22-33-43  2129.6  18358.1  -1451.65  224.289  14591.6
562  144  2025-06-09 22-33-43  2131.2  18366.1  -1459.52  224.347  14584.2
563  144  2025-06-09 22-33-43  2132.8  18374  -1467.49  224.404  14594.6
564  144  2025-06-09 22-33-43  2134.4  18382  -1475.41  224.462  14587.3
565  144  2025-06-09 22-33-43  2136  18389.9  -1483.41  224.519  14597.7
566  144  2025-06-09 22-33-43  2137.6  18397.9  -1491.36  224.577  14590.4
567  144  2025-06-09 22-33-43  2139.2  18405.9  -1499.24  224.634  14583
568  144  2025-06-09 22-33-43  2140.8  18413.9  -1507.22  224.692  14593.3
569  144  2025-06-09 22-33-43  2142.4  18421.9  -1515.14  224.749  14586
570  144  2025-06-09 22-33-43  2144  18429.9  -1523.16  224.807  14596.3
571  144  2025-06-09 22-33-43  2145.6  18437.9  -1531.11  224.865  14589
572  144  2025-06-09 22-33-43  2147.2  18445.9  -1539  224.922  14581.5
573  144  2025-06-09 22-33-43  2148.8  18453.9  -1546.99  224.98  14591.8
574  144  2025-06-09 22-33-43  2150.4  18462  -1554.92  225.037  14584.4
575  144  2025-06-09 22-33-43  2152  18470.1  -1562.78  225.095  14576.9
576  144  2025-06-09 22-33-43  2153.6  18478.2  -1570.74  225.152  14587.1
577  144  2025-06-09 22-33-43  2155.2  18486.3  -1578.64  225.21  14579.6
578  144  2025-06-09 22-33-43  2156.8  18494.3  -1586.63  225.267  14589.9
579  144  2025-06-09 22-33-43  2158.4  18502.4  -1594.56  225.325  14582.4
580  144  2025-06-09 22-33-43  2160  18510.6  -1602.42  225.383  14574.9
581  144  2025-06-09 22-33-43  2161.6  18518.6  -1610.38  225.44  14585
582  144  2025-06-09 22-33-43  2163.2  18526.8  -1618.28  225.498  14577.5
583  144  2025-06-09 22-33-43  2164.8  18534.9  -1626.27  225.555  14587.7
584  144  2025-06-09 22-33-43  2166.4  18543  -1634.2  225.613  14580.2
585  144  2025-06-09 22-33-43  2168  18551.2  -1642.07  225.67  14572.6
586  144  2025-06-09 22-33-43  2169.6  18559.3  -1650.03  225.728  14582.7
587  144  2025-06-09 22-33-43  2171.2  18567.5  -1657.93  225.785  14575.2
588  144  2025-06-09 22-33-43  2172.8  18575.6  -1665.92  225.843  14585.3
589  144  2025-06-09 22-33-43  2174.4  18583.8  -1673.84  225.901  14577.7
590  144  2025-06-09 22-33-43  2176  18592.1  -1681.71  225.958  14570.1
591  144  2025-06-09 22-33-43  2177.6  18600.2  -1689.66  226.016  14580.2
592  144  2025-06-09 22-33-43  2179.2  18608.5  -1697.56  226.073  14572.5
593  144  2025-06-09 22-33-43  2180.8  18616.6  -1705.54  226.131  14582.6
594  144  2025-06-09 22-33-43  2182.4  18624.8  -1713.47  226.188  14575
595  144  2025-06-09 22-33-43  2184  18633.1  -1721.33  226.246  14567.3
596  144  2025-06-09 22-33-43  2185.6  18641.3  -1729.28  226.303  14577.4
597  144  2025-06-09 22-33-43  2187.2  18649.6  -1737.17  226.361  14569.7
598  144  2025-06-09 22-33-43  2188.8  18657.8  -1745.15  226.419  14579.7
599  144  2025-06-09 22-33-43  2190.4  18666.1  -1753.06  226.476  14572.1
600  144  2025-06-09 22-33-43  2192  18674.4  -1760.92  226.534  14564.4
601  144  2025-06-09 22-33-43  2193.6  18682.7  -1768.86  226.591  14574.3
602  144  2025-06-09 22-33-43  2195.2  18691  -1776.74  226.649  14566.6
603  144  2025-06-09 22-33-43  2196.8  18699.3  -1784.71  226.706  14576.6
604  144  2025-06-09 22-33-43  2198.4  18707.6  -1792.62  226.764  14568.9
605  144  2025-06-09 22-33-43  2200  18715.8  -1800.62  226.821  14578.9
606  144  2025-06-09 22-33-43  2201.6  18724.1  -1808.56  226.879  14571.2
607  144  2025-06-09 22-33-43  2203.2  18732.5  -1816.43  226.937  14563.5
608  144  2025-06-09 22-33-43  2204.8  18740.8  -1824.4  226.994  14573.4
609  144  2025-06-09 22-33-43  2206.4  18749.1  -1832.29  227.052  14565.6
610  144  2025-06-09 22-33-43  2208  18757.4  -1840.29  227.109  14575.6
611  144  2025-06-09 22-33-43  2209.6  18765.8  -1848.21  227.167  14567.9
612  144  2025-06-09 22-33-43  2211.2  18774.2  -1856.07  227.224  14560.1
613  144  2025-06-09 22-33-43  2212.8  18782.6  -1864.02  227.282  14570
614  144  2025-06-09 22-33-43  2214.4  18791  -1871.91  227.339  14562.2
615  144  2025-06-09 22-33-43  2216  18799.3  -1879.89  227.397  14572.1
616  144  2025-06-09 22-33-43  2217.6  18807.7  -1887.8  227.455  14564.3
617  144  2025-06-09 22-33-43  2219.2  18816.2  -1895.65  227.512  14556.4
618  144  2025-06-09 22-33-43  2220.8  18824.6  -1903.59  227.57  14566.3
619  144  2025-06-09 22-33-43  2222.4  18833.1  -1911.46  227.627  14558.4
620  144  2025-06-09 22-33-43  2224  18841.5  -1919.43  227.685  14568.3
621  144  2025-06-09 22-33-43  2225.6  18849.9  -1927.32  227.742  14560.5
622  144  2025-06-09 22-33-43  2227.2  18858.3  -1935.32  227.8  14570.3
623  144  2025-06-09 22-33-43  2228.8  18866.7  -1943.24  227.857  14562.5
624  144  2025-06-09 22-33-43  2230.4  18875.3  -1951.1  227.915  14554.6
625  144  2025-06-09 22-33-43  2232  18883.7  -1959.05  227.973  14564.4
626  144  2025-06-09 22-33-43  2233.6  18892.2  -1966.93  228.03  14556.6
627  144  2025-06-09 22-33-43  2235.2  18900.7  -1974.9  228.088  14566.4
628  144  2025-06-09 22-33-43  2236.8  18909.2  -1982.81  228.145  14558.5
629  144  2025-06-09 22-33-43  2238.4  18917.7  -1990.65  228.203  14550.6
630  144  2025-06-09 22-33-43  2240  18926.2  -1998.58  228.26  14560.4
631  144  2025-06-09 22-33-43  2241.6  18934.8  -2006.44  228.318  14552.4
632  144  2025-06-09 22-33-43  2243.2  18943.3  -2014.4  228.375  14562.2
633  144  2025-06-09 22-33-43  2244.8  18951.9  -2022.29  228.433  14554.3
634  144  2025-06-09 22-33-43  2246.4  18960.4  -2030.27  228.491  14564.1
635  144  2025-06-09 22-33-43  2248  18968.9  -2038.19  228.548  14556.2
636  144  2025-06-09 22-33-43  2249.6  18977.5  -2046.03  228.606  14548.3
637  144  2025-06-09 22-33-43  2251.2  18986.1  -2053.97  228.663  14558
638  144  2025-06-09 22-33-43  2252.8  18994.7  -2061.83  228.721  14550
639  144  2025-06-09 22-33-43  2254.4  19003.3  -2069.8  228.778  14559.8
640  144  2025-06-09 22-33-43  2256  19011.9  -2077.69  228.836  14551.8
641  144  2025-06-09 22-33-43  2257.6  19020.6  -2085.51  228.893  14543.8
642  144  2025-06-09 22-33-43  2259.2  19029.2  -2093.42  228.951  14553.5
643  144  2025-06-09 22-33-43  2260.8  19037.9  -2101.27  229.009  14545.5
644  144  2025-06-09 22-33-43  2262.4  19046.5  -2109.21  229.066  14555.2
645  144  2025-06-09 22-33-43  2264  19055.1  -2117.07  229.124  14547.2
646  144  2025-06-09 22-33-43  2265.6  19063.7  -2125.04  229.181  14556.9
647  144  2025-06-09 22-33-43  2267.2  19072.4  -2132.93  229.239  14549
648  144  2025-06-09 22-33-43  2268.8  19081.1  -2140.75  229.296  14540.9
649  144  2025-06-09 22-33-43  2270.4  19089.8  -2148.66  229.354  14550.6
650  144  2025-06-09 22-33-43  2272  19098.5  -2156.5  229.411  14542.5
651  144  2025-06-09 22-33-43  2273.6  19107.2  -2164.44  229.469  14552.2
652  144  2025-06-09 22-33-43  2275.2  19115.9  -2172.31  229.527  14544.2
653  144  2025-06-09 22-33-43  2276.8  19124.6  -2180.27  229.584  14553.9
654  144  2025-06-09 22-33-43  2278.4  19133.3  -2188.16  229.642  14545.9
655  144  2025-06-09 22-33-43  2280  19142.1  -2195.97  229.699  14537.8
656  144  2025-06-09 22-33-43  2281.6  19150.8  -2203.89  229.757  14547.4
657  144  2025-06-09 22-33-43  2283.2  19159.6  -2211.72  229.814  14539.3
658  144  2025-06-09 22-33-43  2284.8  19168.4  -2219.66  229.872  14549
659  144  2025-06-09 22-33-43  2286.4  19177.1  -2227.52  229.93  14540.9
660  144  2025-06-09 22-33-43  2288  19185.9  -2235.48  229.987  14550.6
661  144  2025-06-09 22-33-43  2289.6  19194.6  -2243.36  230.045  14542.5
662  144  2025-06-09 22-33-43  2291.2  19203.5  -2251.17  230.102  14534.4
663  144  2025-06-09 22-33-43  2292.8  19212.3  -2259.08  230.16  14544
664  144  2025-06-09 22-33-43  2294.4  19221.1  -2266.91  230.217  14535.9
665  144  2025-06-09 22-33-43  2296  19229.9  -2274.84  230.275  14545.5
666  144  2025-06-09 22-33-43  2297.6  19238.8  -2282.69  230.332  14537.4
667  144  2025-06-09 22-33-43  2299.2  19247.5  -2290.65  230.39  14547
668  144  2025-06-09 22-33-43  2300.8  19256.4  -2298.52  230.448  14539
669  144  2025-06-09 22-33-43  2302.4  19265.3  -2306.33  230.505  14530.8
670  144  2025-06-09 22-33-43  2304  19274.1  -2314.22  230.563  14540.4
671  144  2025-06-09 22-33-43  2305.6  19283.1  -2322.05  230.62  14532.3
672  144  2025-06-09 22-33-43  2307.2  19291.9  -2329.97  230.678  14541.8
673  144  2025-06-09 22-33-43  2308.8  19300.8  -2337.81  230.735  14533.7
674  144  2025-06-09 22-33-43  2310.4  19309.6  -2345.76  230.793  14543.3
675  144  2025-06-09 22-33-43  2312  19318.6  -2353.62  230.85  14535.2
676  144  2025-06-09 22-33-43  2313.6  19327.5  -2361.41  230.908  14527
677  144  2025-06-09 22-33-43  2315.2  19336.4  -2369.3  230.966  14536.5
678  144  2025-06-09 22-33-43  2316.8  19345.4  -2377.11  231.023  14528.4
679  144  2025-06-09 22-33-43  2318.4  19354.3  -2385.02  231.081  14537.9
680  144  2025-06-09 22-33-43  2320  19363.3  -2392.86  231.138  14529.8
681  144  2025-06-09 22-33-43  2321.6  19372.2  -2400.79  231.196  14539.3
682  144  2025-06-09 22-33-43  2323.2  19381.2  -2408.64  231.253  14531.2
683  144  2025-06-09 22-33-43  2324.8  19390.2  -2416.42  231.311  14523
684  144  2025-06-09 22-33-43  2326.4  19399.2  -2424.3  231.368  14532.5
685  144  2025-06-09 22-33-43  2328  19408.2  -2432.09  231.426  14524.3
686  144  2025-06-09 22-33-43  2329.6  19417.2  -2439.99  231.484  14533.8
687  144  2025-06-09 22-33-43  2331.2  19426.2  -2447.81  231.541  14525.6
688  144  2025-06-09 22-33-43  2332.8  19435.2  -2455.73  231.599  14535.1
689  144  2025-06-09 22-33-43  2334.4  19444.2  -2463.57  231.656  14527
690  144  2025-06-09 22-33-43  2336  19453.2  -2471.5  231.714  14536.5
691  144  2025-06-09 22-33-43  2337.6  19462.2  -2479.36  231.627  14528.4
692  144  2025-06-09 22-33-43  2339.2  19471.2  -2487.23  231.685  14529.8
693  144  2025-06-09 22-33-43  2340.8  19480.3  -2495.11  231.743  14531.3
694  144  2025-06-09 22-33-43  2342.4  19489.3  -2503.02  231.8  14532.8
695  144  2025-06-09 22-33-43  2344  19498.2  -2510.95  231.858  14534.4
696  144  2025-06-09 22-33-43  2345.6  19507.2  -2518.89  231.915  14535.9
697  144  2025-06-09 22-33-43  2347.2  19516.2  -2526.86  231.973  14537.4
698  144  2025-06-09 22-33-43  2348.8  19525.2  -2534.84  232.03  14539
699  144  2025-06-09 22-33-43  2350.4  19534.2  -2542.76  232.088  14532.5
700  144  2025-06-09 22-33-43  2352  19543.3  -2550.62  232.145  14526
701  144  2025-06-09 22-33-43  2353.6  19552.4  -2558.42  232.203  14519.3
702  144  2025-06-09 22-33-43  2355.2  19561.6  -2566.16  232.261  14512.6
703  144  2025-06-09 22-33-43  2356.8  19570.9  -2573.83  232.318  14505.9
704  144  2025-06-09 22-33-43  2358.4  19580.2  -2581.44  232.376  14499.1
705  144  2025-06-09 22-33-43  2360  19589.6  -2588.98  232.433  14492.2
706  144  2025-06-09 22-33-43  2361.6  19599.1  -2596.45  232.491  14485.2
707  144  2025-06-09 22-33-43  2363.2  19608.6  -2603.85  232.548  14478.2
708  144  2025-06-09 22-33-43  2364.8  19618.1  -2611.28  232.462  14480.9
709  144  2025-06-09 22-33-43  2366.4  19627.5  -2618.73  232.376  14483.5
710  144  2025-06-09 22-33-43  2368  19637  -2626.2  232.289  14486.2
711  144  2025-06-09 22-33-43  2369.6  19646.4  -2633.69  232.203  14488.9
712  144  2025-06-09 22-33-43  2371.2  19655.7  -2641.2  232.117  14491.7
713  144  2025-06-09 22-33-43  2372.8  19665.1  -2648.75  232.174  14494.5
714  144  2025-06-09 22-33-43  2374.4  19674.5  -2656.24  232.088  14489.2
715  144  2025-06-09 22-33-43  2376  19683.9  -2663.68  232.145  14483.9
716  144  2025-06-09 22-33-43  2377.6  19693.3  -2671.21  232.203  14493.1
717  144  2025-06-09 22-33-43  2379.2  19702.6  -2678.84  232.261  14502.4
718  144  2025-06-09 22-33-43  2380.8  19711.8  -2686.58  232.318  14511.7
719  144  2025-06-09 22-33-43  2382.4  19720.9  -2694.41  232.376  14521.2
720  144  2025-06-09 22-33-43  2384  19730.1  -2702.16  232.433  14513
721  144  2025-06-09 22-33-43  2385.6  19739.3  -2710.01  232.491  14522.5
722  144  2025-06-09 22-33-43  2387.2  19748.5  -2717.78  232.548  14514.3
723  144  2025-06-09 22-33-43  2388.8  19757.8  -2725.47  232.606  14506
724  144  2025-06-09 22-33-43  2390.4  19767  -2733.26  232.663  14515.4
725  144  2025-06-09 22-33-43  2392  19776.3  -2740.97  232.721  14507.2
726  144  2025-06-09 22-33-43  2393.6  19785.5  -2748.78  232.779  14516.6
727  144  2025-06-09 22-33-43  2395.2  19794.8  -2756.51  232.836  14508.4
728  144  2025-06-09 22-33-43  2396.8  19804  -2764.34  232.894  14517.8
729  144  2025-06-09 22-33-43  2398.4  19813.3  -2772.09  232.951  14509.6
730  144  2025-06-09 22-33-43  2400  19822.6  -2779.76  233.009  14501.3
731  144  2025-06-09 22-33-43  2401.6  19831.9  -2787.53  233.066  14510.7
732  144  2025-06-09 22-33-43  2403.2  19841.3  -2795.22  233.124  14502.4
733  144  2025-06-09 22-33-43  2404.8  19850.6  -2803.01  233.181  14511.8
734  144  2025-06-09 22-33-43  2406.4  19859.9  -2810.71  233.239  14503.6
735  144  2025-06-09 22-33-43  2408  19869.2  -2818.52  233.297  14513
736  144  2025-06-09 22-33-43  2409.6  19878.6  -2826.25  233.354  14504.7
737  144  2025-06-09 22-33-43  2411.2  19887.9  -14034.1  233.412  14514.2
738  144  2025-06-09 22-33-43  2412.8  19897.2  -14041.8  233.469  14505.9
739  144  2025-06-09 22-33-43  2414.4  19906.6  -14049.5  233.527  14497.6
740  144  2025-06-09 22-33-43  2416  19916  -14057.2  233.584  14507
741  144  2025-06-09 22-33-43  2417.6  19925.4  -14064.9  233.642  14498.7
742  144  2025-06-09 22-33-43  2419.2  19934.8  -14072.7  233.699  14508.1
743  144  2025-06-09 22-33-43  2420.8  19944.2  -14080.4  233.757  14499.8
744  144  2025-06-09 22-33-43  2422.4  19953.6  -14088.2  233.815  14509.2
745  144  2025-06-09 22-33-43  2424  19963  -14095.9  233.872  14500.9
746  144  2025-06-09 22-33-43  2425.6  19972.4  -14103.8  233.93  14510.3
747  144  2025-06-09 22-33-43  2427.2  19981.8  -14111.5  233.987  14502.1
748  144  2025-06-09 22-33-43  2428.8  19991.3  -14119.2  234.045  14493.7
749  144  2025-06-09 22-33-43  2430.4  20000.7  -14126.9  234.102  14503.1
750  144  2025-06-09 22-33-43  2432  20010.2  -14134.6  234.16  14494.8
751  144  2025-06-09 22-33-43  2433.6  20019.7  -14142.4  234.217  14504.2
752  144  2025-06-09 22-33-43  2435.2  20029.2  -14150.1  234.275  14495.9
753  144  2025-06-09 22-33-43  2436.8  20038.6  -14157.8  234.333  14505.2
754  144  2025-06-09 22-33-43  2438.4  20048.1  -14165.6  234.39  14497
755  144  2025-06-09 22-33-43  2440  20057.5  -14173.4  234.448  14506.4
756  144  2025-06-09 22-33-43  2441.6  20067  -14181.1  234.505  14498.1
757  144  2025-06-09 22-33-43  2443.2  20076.6  -14188.8  234.563  14489.7
758  144  2025-06-09 22-33-43  2444.8  20086.1  -14196.5  234.62  14499.1
759  144  2025-06-09 22-33-43  2446.4  20095.7  -14204.2  234.678  14490.8
760  144  2025-06-09 22-33-43  2448  20105.2  -14211.9  234.735  14500.1
761  144  2025-06-09 22-33-43  2449.6  20114.8  -14219.6  234.793  14491.8
762  144  2025-06-09 22-33-43  2451.2  20124.3  -14227.4  234.851  14501.2
763  144  2025-06-09 22-33-43  2452.8  20133.8  -14235.1  234.908  14492.9
764  144  2025-06-09 22-33-43  2454.4  20143.3  -14242.9  234.966  14502.3
765  144  2025-06-09 22-33-43  2456  20152.9  -14250.6  235.023  14494
766  144  2025-06-09 22-33-43  2457.6  20162.6  -14258.3  235.081  14485.6
767  144  2025-06-09 22-33-43  2459.2  20172.2  -14266  235.138  14494.9
768  144  2025-06-09 22-33-43  2460.8  20181.8  -14273.7  235.196  14486.6
769  144  2025-06-09 22-33-43  2462.4  20191.4  -14281.4  235.253  14495.9
770  144  2025-06-09 22-33-43  2464  20201  -14289.1  235.311  14487.6
771  144  2025-06-09 22-33-43  2465.6  20210.6  -14296.9  235.369  14496.9
772  144  2025-06-09 22-33-43  2467.2  20220.3  -14304.5  235.426  14488.6
773  144  2025-06-09 22-33-43  2468.8  20229.9  -14312.3  235.484  14498
774  144  2025-06-09 22-33-43  2470.4  20239.5  -14320.1  235.541  14489.7
775  144  2025-06-09 22-33-43  2472  20249.2  -14327.7  235.599  14481.3
776  144  2025-06-09 22-33-43  2473.6  20258.9  -14335.4  235.656  14490.6
777  144  2025-06-09 22-33-43  2475.2  20268.6  -14343  235.714  14482.3
778  144  2025-06-09 22-33-43  2476.8  20278.3  -14350.8  235.771  14491.6
779  144  2025-06-09 22-33-43  2478.4  20288  -14358.4  235.829  14483.2
780  144  2025-06-09 22-33-43  2480  20297.7  -14366.2  235.887  14492.6
781  144  2025-06-09 22-33-43  2481.6  20307.4  -14373.9  235.944  14484.2
782  144  2025-06-09 22-33-43  2483.2  20317.1  -14381.7  236.002  14493.6
783  144  2025-06-09 22-33-43  2484.8  20326.8  -14389.3  236.059  14485.3
784  144  2025-06-09 22-33-43  2486.4  20336.6  -14397  236.117  14476.9
785  144  2025-06-09 22-33-43  2488  20346.3  -14404.7  236.174  14486.2
786  144  2025-06-09 22-33-43  2489.6  20356.1  -14412.3  236.232  14477.8
787  144  2025-06-09 22-33-43  2491.2  20365.9  -14420  236.289  14487.1
788  144  2025-06-09 22-33-43  2492.8  20375.7  -14427.7  236.347  14478.7
789  144  2025-06-09 22-33-43  2494.4  20385.4  -14435.4  236.405  14488.1
790  144  2025-06-09 22-33-43  2496  20395.2  -14443.1  236.462  14479.7
791  144  2025-06-09 22-33-43  2497.6  20405  -14450.8  236.52  14489.1
792  144  2025-06-09 22-33-43  2499.2  20414.8  -14458.5  236.577  14480.7
793  144  2025-06-09 22-33-43  2500.8  20424.5  -14466.3  236.635  14490.1
794  144  2025-06-09 22-33-43  2502.4  20434.3  -14474  236.692  14481.8
795  144  2025-06-09 22-33-43  2504  20444.2  -14481.6  236.75  14473.4
796  144  2025-06-09 22-33-43  2505.6  20454  -14489.3  236.807  14482.7
797  144  2025-06-09 22-33-43  2507.2  20463.9  -14496.9  236.865  14474.3
798  144  2025-06-09 22-33-43  2508.8  20473.7  -14504.7  236.923  14483.6
799  144  2025-06-09 22-33-43  2510.4  20483.6  -14512.3  236.98  14475.2
800  144  2025-06-09 22-33-43  2512  20493.4  -14520.1  237.038  14484.5
801  144  2025-06-09 22-33-43  2513.6  20503.3  -14527.7  237.095  14476.2
802  144  2025-06-09 22-33-43  2515.2  20513.1  -14535.5  237.153  14485.5
803  144  2025-06-09 22-33-43  2516.8  20523  -14543.2  237.21  14477.2
804  144  2025-06-09 22-33-43  2518.4  20533  -14550.7  237.268  14468.8
805  144  2025-06-09 22-33-43  2520  20542.9  -14558.4  237.325  14478.1
806  144  2025-06-09 22-33-43  2521.6  20552.8  -14566  237.383  14469.7
807  144  2025-06-09 22-33-43  2523.2  20562.7  -14573.8  237.441  14479
808  144  2025-06-09 22-33-43  2524.8  20572.7  -14581.4  237.498  14470.6
809  144  2025-06-09 22-33-43  2526.4  20582.6  -14589.1  237.556  14479.9
810  144  2025-06-09 22-33-43  2528  20592.6  -14596.8  237.613  14471.5
811  144  2025-06-09 22-33-43  2529.6  20602.5  -14604.5  237.671  14480.8
812  144  2025-06-09 22-33-43  2531.2  20612.4  -14612.2  237.728  14472.5
813  144  2025-06-09 22-33-43  2532.8  20622.5  -14619.7  237.786  14464.1
814  144  2025-06-09 22-33-43  2534.4  20632.5  -14627.4  237.843  14473.3
815  144  2025-06-09 22-33-43  2536  20642.5  -14635  237.901  14464.9
816  144  2025-06-09 22-33-43  2537.6  20652.5  -14642.7  237.959  14474.2
817  144  2025-06-09 22-33-43  2539.2  20662.5  -14650.3  238.016  14465.8
818  144  2025-06-09 22-33-43  2540.8  20672.5  -14658  238.074  14475.1
819  144  2025-06-09 22-33-43  2542.4  20682.6  -14665.6  238.131  14466.7
820  144  2025-06-09 22-33-43  2544  20692.5  -14673.3  238.189  14476
821  144  2025-06-09 22-33-43  2545.6  20702.6  -14681  238.246  14467.6
822  144  2025-06-09 22-33-43  2547.2  20712.6  -14688.7  238.304  14477
823  144  2025-06-09 22-33-43  2548.8  20722.6  -14696.4  238.361  14468.6
824  144  2025-06-09 22-33-43  2550.4  20732.7  -14703.9  238.419  14460.2
825  144  2025-06-09 22-33-43  2552  20742.8  -14711.6  238.477  14469.5
826  144  2025-06-09 22-33-43  2553.6  20752.9  -14719.2  238.534  14461
827  144  2025-06-09 22-33-43  2555.2  20763  -14726.9  238.592  14470.3
828  144  2025-06-09 22-33-43  2556.8  20773.1  -14734.5  238.649  14461.9
829  144  2025-06-09 22-33-43  2558.4  20783.2  -14742.2  238.707  14471.2
830  144  2025-06-09 22-33-43  2560  20793.3  -14749.8  238.764  14462.8
831  144  2025-06-09 22-33-43  2561.6  20803.4  -14757.5  238.822  14472.1
832  144  2025-06-09 22-33-43  2563.2  20813.5  -14765.2  238.879  14463.8
833  144  2025-06-09 22-33-43  2564.8  20823.7  -14772.7  238.937  14455.3
834  144  2025-06-09 22-33-43  2566.4  20833.8  -14780.4  238.995  14464.6
835  144  2025-06-09 22-33-43  2568  20844.1  -14787.9  239.052  14456.1
836  144  2025-06-09 22-33-43  2569.6  20854.2  -14795.6  239.11  14465.4
837  144  2025-06-09 22-33-43  2571.2  20864.4  -14803.2  239.167  14457
838  144  2025-06-09 22-33-43  2572.8  20874.6  -14810.8  239.225  14466.3
839  144  2025-06-09 22-33-43  2574.4  20884.8  -14818.4  239.282  14457.9
840  144  2025-06-09 22-33-43  2576  20894.9  -14826.1  239.34  14467.2
841  144  2025-06-09 22-33-43  2577.6  20905.1  -14833.7  239.397  14458.8
842  144  2025-06-09 22-33-43  2579.2  20915.3  -14841.4  239.455  14468.1
843  144  2025-06-09 22-33-43  2580.8  20925.5  -14849.1  239.513  14459.7
844  144  2025-06-09 22-33-43  2582.4  20935.8  -14856.6  239.57  14451.3
845  144  2025-06-09 22-33-43  2584  20946  -14864.3  239.628  14460.5
846  144  2025-06-09 22-33-43  2585.6  20956.3  -14871.8  239.685  14452.1
847  144  2025-06-09 22-33-43  2587.2  20966.5  -14879.5  239.743  14461.4
848  144  2025-06-09 22-33-43  2588.8  20976.8  -14887  239.8  14452.9
849  144  2025-06-09 22-33-43  2590.4  20987.1  -14894.7  239.858  14462.2
850  144  2025-06-09 22-33-43  2592  20997.4  -14902.3  239.915  14453.8
851  144  2025-06-09 22-33-43  2593.6  21007.6  -14910  239.973  14463.1
852  144  2025-06-09 22-33-43  2595.2  21017.9  -14917.6  240.031  14454.7
853  144  2025-06-09 22-33-43  2596.8  21028.3  -14925.1  240.088  14446.3
854  144  2025-06-09 22-33-43  2598.4  21038.6  -14932.7  240.146  14455.5
855  144  2025-06-09 22-33-43  2600  21049  -14940.2  240.203  14447.1
856  144  2025-06-09 22-33-43  2601.6  21059.3  -14947.9  240.261  14456.3
857  144  2025-06-09 22-33-43  2603.2  21069.6  -14955.4  240.318  14447.9
858  144  2025-06-09 22-33-43  2604.8  21080  -14963.1  240.376  14457.1
859  144  2025-06-09 22-33-43  2606.4  21090.3  -14970.6  240.434  14448.7
860  144  2025-06-09 22-33-43  2608  21100.6  -14978.3  240.491  14458
861  144  2025-06-09 22-33-43  2609.6  21111  -14985.9  240.549  14449.6
862  144  2025-06-09 22-33-43  2611.2  21121.3  -14993.5  240.606  14458.9
863  144  2025-06-09 22-33-43  2612.8  21131.7  -15001.1  240.664  14450.5
864  144  2025-06-09 22-33-43  2614.4  21142.2  -15008.6  240.721  14442
865  144  2025-06-09 22-33-43  2616  21152.6  -15016.2  240.779  14451.3
866  144  2025-06-09 22-33-43  2617.6  21163.1  -15023.7  240.836  14442.8
867  144  2025-06-09 22-33-43  2619.2  21173.5  -15031.4  240.894  14452.1
868  144  2025-06-09 22-33-43  2620.8  21183.9  -15038.9  240.952  14443.6
869  144  2025-06-09 22-33-43  2622.4  21194.3  -15046.5  241.009  14452.9
870  144  2025-06-09 22-33-43  2624  21204.8  -15054.1  241.067  14444.5
871  144  2025-06-09 22-33-43  2625.6  21215.2  -15061.7  241.124  14453.8
872  144  2025-06-09 22-33-43  2627.2  21225.7  -15069.3  241.182  14445.4
873  144  2025-06-09 22-33-43  2628.8  21236.1  -15077  241.239  14454.7
874  144  2025-06-09 22-33-43  2630.4  21246.5  -15084.6  241.297  14446.3
875  144  2025-06-09 22-33-43  2632  21257.1  -15092  241.354  14437.8
876  144  2025-06-09 22-33-43  2633.6  21267.6  -15099.6  241.412  14447.1
877  144  2025-06-09 22-33-43  2635.2  21278.1  -15107.1  241.47  14438.6
878  144  2025-06-09 22-33-43  2636.8  21288.6  -15114.7  241.527  14447.9
879  144  2025-06-09 22-33-43  2638.4  21299.1  -15122.3  241.585  14439.4
880  144  2025-06-09 22-33-43  2640  21309.6  -15129.9  241.642  14448.7
881  144  2025-06-09 22-33-43  2641.6  21320.2  -15137.4  241.7  14440.3
882  144  2025-06-09 22-33-43  2643.2  21330.7  -15145.1  241.757  14449.6
883  144  2025-06-09 22-33-43  2644.8  21341.2  -15152.6  241.815  14441.2
884  144  2025-06-09 22-33-43  2646.4  21351.7  -15160.3  241.872  14450.4
885  144  2025-06-09 22-33-43  2648  21362.3  -15167.9  241.93  14442.1
886  144  2025-06-09 22-33-43  2649.6  21372.9  -15175.3  241.988  14433.6
887  144  2025-06-09 22-33-43  2651.2  21383.5  -15182.9  242.045  14442.8
888  144  2025-06-09 22-33-43  2652.8  21394.1  -15190.4  242.103  14434.4
889  144  2025-06-09 22-33-43  2654.4  21404.7  -15198  242.16  14443.6
890  144  2025-06-09 22-33-43  2656  21415.3  -15205.5  242.218  14435.2
891  144  2025-06-09 22-33-43  2657.6  21425.9  -15213.1  242.275  14444.5
892  144  2025-06-09 22-33-43  2659.2  21436.5  -15220.7  242.333  14436
893  144  2025-06-09 22-33-43  2660.8  21447.1  -15228.3  242.39  14445.3
894  144  2025-06-09 22-33-43  2662.4  21457.7  -15235.8  242.448  14436.9
895  144  2025-06-09 22-33-43  2664  21468.5  -15243.3  242.506  14428.4
896  144  2025-06-09 22-33-43  2665.6  21479.1  -15250.8  242.563  14437.7
897  144  2025-06-09 22-33-43  2667.2  21489.8  -15258.3  242.621  14429.2
898  144  2025-06-09 22-33-43  2668.8  21500.5  -15265.9  242.678  14438.4
899  144  2025-06-09 22-33-43  2670.4  21511.2  -15273.3  242.736  14430
900  144  2025-06-09 22-33-43  2672  21521.9  -15280.9  242.793  14439.2
901  144  2025-06-09 22-33-43  2673.6  21532.6  -15288.4  242.851  14430.8
902  144  2025-06-09 22-33-43  2675.2  21543.3  -15296  242.908  14440.1
903  144  2025-06-09 22-33-43  2676.8  21554  -15303.5  242.966  14431.6
904  144  2025-06-09 22-33-43  2678.4  21564.6  -15311.1  243.024  14440.9
905  144  2025-06-09 22-33-43  2680  21575.4  -15318.7  243.081  14432.5
906  144  2025-06-09 22-33-43  2681.6  21586.2  -15326.1  243.139  14424
907  144  2025-06-09 22-33-43  2683.2  21596.9  -15333.6  243.196  14433.3
908  144  2025-06-09 22-33-43  2684.8  21607.7  -15341.1  243.254  14424.8
909  144  2025-06-09 22-33-43  2686.4  21618.5  -15348.6  243.311  14434
910  144  2025-06-09 22-33-43  2688  21629.3  -15356.1  243.369  14425.6
911  144  2025-06-09 22-33-43  2689.6  21640  -15363.7  243.426  14434.8
912  144  2025-06-09 22-33-43  2691.2  21650.8  -15371.1  243.484  14426.4
913  144  2025-06-09 22-33-43  2692.8  21661.6  -15378.7  243.542  14435.7
914  144  2025-06-09 22-33-43  2694.4  21672.4  -15386.2  243.599  14427.2
915  144  2025-06-09 22-33-43  2696  21683.2  -15393.8  243.657  14436.5
916  144  2025-06-09 22-33-43  2697.6  21694  -15401.3  243.714  14428.1
917  144  2025-06-09 22-33-43  2699.2  21704.9  -15408.7  243.772  14419.6
918  144  2025-06-09 22-33-43  2700.8  21715.7  -15416.3  243.829  14428.9
919  144  2025-06-09 22-33-43  2702.4  21726.6  -15423.7  243.887  14420.4
920  144  2025-06-09 22-33-43  2704  21737.4  -15431.2  243.944  14429.6
921  144  2025-06-09 22-33-43  2705.6  21748.3  -15438.7  244.002  14421.2
922  144  2025-06-09 22-33-43  2707.2  21759.2  -15446.2  244.06  14430.4
923  144  2025-06-09 22-33-43  2708.8  21770.1  -15453.7  244.117  14422
924  144  2025-06-09 22-33-43  2710.4  21780.9  -15461.3  244.175  14431.3
925  144  2025-06-09 22-33-43  2712  21791.8  -15468.7  244.232  14422.8
926  144  2025-06-09 22-33-43  2713.6  21802.6  -15476.3  244.29  14432.1
927  144  2025-06-09 22-33-43  2715.2  21813.5  -15483.8  244.347  14423.7
928  144  2025-06-09 22-33-43  2716.8  21824.5  -15491.2  244.405  14415.2
929  144  2025-06-09 22-33-43  2718.4  21835.4  -15498.7  244.462  14424.5
930  144  2025-06-09 22-33-43  2720  21846.4  -15506.1  244.52  14416
931  144  2025-06-09 22-33-43  2721.6  21857.3  -15513.7  244.578  14425.2
932  144  2025-06-09 22-33-43  2723.2  21868.3  -15521.1  244.635  14416.8
933  144  2025-06-09 22-33-43  2724.8  21879.3  -15528.6  244.693  14426
934  144  2025-06-09 22-33-43  2726.4  21890.2  -15536.1  244.75  14417.6
935  144  2025-06-09 22-33-43  2728  21901.2  -15543.6  244.808  14426.9
936  144  2025-06-09 22-33-43  2729.6  21912.2  -15551.1  244.865  14418.4
937  144  2025-06-09 22-33-43  2731.2  21923.1  -15558.7  244.923  14427.7
938  144  2025-06-09 22-33-43  2732.8  21934.1  -15566.1  244.98  14419.3
939  144  2025-06-09 22-33-43  2734.4  21945.2  -15573.5  245.038  14410.8
940  144  2025-06-09 22-33-43  2736  21956.2  -15581  245.096  14420.1
941  144  2025-06-09 22-33-43  2737.6  21967.2  -15588.4  245.153  14411.6
942  144  2025-06-09 22-33-43  2739.2  21978.2  -15595.9  245.211  14420.8
943  144  2025-06-09 22-33-43  2740.8  21989.3  -15603.3  245.268  14412.4
944  144  2025-06-09 22-33-43  2742.4  22000.3  -15610.8  245.326  14421.6
945  144  2025-06-09 22-33-43  2744  22011.4  -15618.3  245.383  14413.2
946  144  2025-06-09 22-33-43  2745.6  22022.4  -15625.8  245.441  14422.5
947  144  2025-06-09 22-33-43  2747.2  22033.5  -15633.2  245.498  14414
948  144  2025-06-09 22-33-43  2748.8  22044.6  -15640.6  245.556  14405.6
949  144  2025-06-09 22-33-43  2750.4  22055.7  -15648  245.614  14414.8
950  144  2025-06-09 22-33-43  2752  22066.9  -15655.4  245.671  14406.3
951  144  2025-06-09 22-33-43  2753.6  22078  -15662.9  245.729  14415.5
952  144  2025-06-09 22-33-43  2755.2  22089.2  -15670.2  245.786  14407
953  144  2025-06-09 22-33-43  2756.8  22100.2  -15677.7  245.844  14416.3
954  144  2025-06-09 22-33-43  2758.4  22111.4  -15685.1  245.901  14407.8
955  144  2025-06-09 22-33-43  2760  22122.5  -15692.6  245.959  14417.1
956  144  2025-06-09 22-33-43  2761.6  22133.7  -15700  246.016  14408.6
957  144  2025-06-09 22-33-43  2763.2  22144.8  -15707.5  246.074  14417.9
958  144  2025-06-09 22-33-43  2764.8  22156  -15715  246.132  14409.5
959  144  2025-06-09 22-33-43  2766.4  22167.1  -15722.5  246.189  14418.8
960  144  2025-06-09 22-33-43  2768  22178.2  -15729.9  246.247  14410.4
961  144  2025-06-09 22-33-43  2769.6  22189.5  -15737.3  246.304  14401.9
962  144  2025-06-09 22-33-43  2771.2  22200.7  -15744.7  246.362  14411.1
963  144  2025-06-09 22-33-43  2772.8  22211.9  -15752.1  246.419  14402.6
964  144  2025-06-09 22-33-43  2774.4  22223.1  -15759.6  246.477  14411.9
965  144  2025-06-09 22-33-43  2776  22234.3  -15766.9  246.534  14403.4
966  144  2025-06-09 22-33-43  2777.6  22245.5  -15774.4  246.592  14412.7
967  144  2025-06-09 22-33-43  2779.2  22256.8  -15781.8  246.65  14404.2
968  144  2025-06-09 22-33-43  2780.8  22268  -15789.3  246.707  14413.5
969  144  2025-06-09 22-33-43  2782.4  22279.2  -15796.7  246.765  14405.1
970  144  2025-06-09 22-33-43  2784  22290.4  -15804.2  246.822  14414.4
971  144  2025-06-09 22-33-43  2785.6  22301.7  -15811.6  246.88  14406
972  144  2025-06-09 22-33-43  2787.2  22313  -15819  246.937  14397.5
973  144  2025-06-09 22-33-43  2788.8  22324.3  -15826.4  246.995  14406.7
974  144  2025-06-09 22-33-43  2790.4  22335.6  -15833.7  247.052  14398.2
975  144  2025-06-09 22-33-43  2792  22346.9  -15841.2  247.11  14407.5
976  144  2025-06-09 22-33-43  2793.6  22358.3  -15848.5  247.168  14399
977  144  2025-06-09 22-33-43  2795.2  22369.5  -15856  247.225  14408.3
978  144  2025-06-09 22-33-43  2796.8  22380.9  -15863.4  247.283  14399.8
979  144  2025-06-09 22-33-43  2798.4  22392.2  -15870.8  247.34  14409.1
980  144  2025-06-09 22-33-43  2800  22403.5  -15878.2  247.398  14400.7
981  144  2025-06-09 22-33-43  2801.6  22414.9  -15885.5  247.455  14392.2
