SN    USVID    CurTime    simTime    CurX    CurY    CurVel      CurYaw   
0  192  2025-06-10 20-56-37  0  16040  -14512  192  2672
1  192  2025-06-10 20-56-37  1.6  16048  -14511.9  192.086  2656
2  192  2025-06-10 20-56-37  3.2  16056  -14511.6  192.173  2640
3  192  2025-06-10 20-56-37  4.8  16064  -14511.2  192.259  2624
4  192  2025-06-10 20-56-37  6.4  16072  -14510.6  192.345  2608
5  192  2025-06-10 20-56-37  8  16080.1  -14509.9  192.432  2592
6  192  2025-06-10 20-56-37  9.6  16088.1  -14509.1  192.518  2576
7  192  2025-06-10 20-56-37  11.2  16096.1  -14508.1  192.604  2560
8  192  2025-06-10 20-56-37  12.8  16104.1  -14507  192.691  2544
9  192  2025-06-10 20-56-37  14.4  16112  -14505.7  192.777  2528
10  192  2025-06-10 20-56-37  128  16120  -14504.3  192.863  2512
11  192  2025-06-10 20-56-37  129.6  16127.9  -14502.7  192.95  2496
12  192  2025-06-10 20-56-37  131.2  16135.9  -14501.1  193.036  2480
13  192  2025-06-10 20-56-37  132.8  16143.8  -14499.2  193.122  2464
14  192  2025-06-10 20-56-37  134.4  16151.7  -14497.3  193.209  2448
15  192  2025-06-10 20-56-37  136  16159.5  -14495.2  193.295  2432
16  192  2025-06-10 20-56-37  137.6  16167.3  -14492.9  193.381  2416
17  192  2025-06-10 20-56-37  139.2  16175.1  -14490.6  193.468  2403.52
18  192  2025-06-10 20-56-37  140.8  16182.9  -14488.2  193.554  2397.44
19  192  2025-06-10 20-56-37  142.4  16190.7  -14485.7  193.64  2394.56
20  192  2025-06-10 20-56-37  144  16198.5  -14483.3  193.727  2393.29
21  192  2025-06-10 20-56-37  145.6  16206.3  -14480.8  193.813  2392.85
22  192  2025-06-10 20-56-37  147.2  16214.1  -14478.4  193.899  2392.81
23  192  2025-06-10 20-56-37  148.8  16222  -14475.9  193.986  2392.98
24  192  2025-06-10 20-56-37  150.4  16229.8  -14473.5  194.072  2393.26
25  192  2025-06-10 20-56-37  152  16237.6  -14471  194.158  2393.59
26  192  2025-06-10 20-56-37  153.6  16245.5  -14468.5  194.245  2393.94
27  192  2025-06-10 20-56-37  155.2  16253.3  -14466.1  194.331  2394.31
28  192  2025-06-10 20-56-37  156.8  16261.2  -14463.6  194.417  2394.69
29  192  2025-06-10 20-56-37  158.4  16269.1  -14461.2  194.504  2395.06
30  192  2025-06-10 20-56-37  160  16277  -14458.7  194.59  2395.44
31  192  2025-06-10 20-56-37  161.6  16284.9  -14456.3  194.676  2395.81
32  192  2025-06-10 20-56-37  163.2  16292.8  -14453.8  194.763  2396.19
33  192  2025-06-10 20-56-37  164.8  16300.7  -14451.4  194.849  2396.56
34  192  2025-06-10 20-56-37  166.4  16308.6  -14448.9  194.935  2396.94
35  192  2025-06-10 20-56-37  168  16316.5  -14446.5  195.022  2397.31
36  192  2025-06-10 20-56-37  169.6  16324.5  -14444  195.108  2397.68
37  192  2025-06-10 20-56-37  171.2  16332.4  -14441.6  195.194  2398.05
38  192  2025-06-10 20-56-37  172.8  16340.4  -14439.1  195.281  2398.42
39  192  2025-06-10 20-56-37  174.4  16348.4  -14436.7  195.367  2398.79
40  192  2025-06-10 20-56-37  176  16356.3  -14434.2  195.453  2399.15
41  192  2025-06-10 20-56-37  177.6  16364.3  -14431.8  195.54  2399.52
42  192  2025-06-10 20-56-37  179.2  16372.3  -14429.3  195.626  2399.88
43  192  2025-06-10 20-56-37  180.8  16380.3  -14426.9  195.712  2400.25
44  192  2025-06-10 20-56-37  182.4  16388.3  -14424.4  195.799  2400.61
45  192  2025-06-10 20-56-37  184  16396.4  -14422  195.885  2400.97
46  192  2025-06-10 20-56-37  185.6  16404.4  -14419.6  195.971  2401.33
47  192  2025-06-10 20-56-37  187.2  16412.4  -14417.1  196.058  2401.69
48  192  2025-06-10 20-56-37  188.8  16420.5  -14414.7  196.144  2402.05
49  192  2025-06-10 20-56-37  190.4  16428.6  -14412.2  196.23  2402.4
50  192  2025-06-10 20-56-37  192  16436.6  -14409.8  196.317  2402.76
51  192  2025-06-10 20-56-37  193.6  16444.7  -14407.3  196.403  2403.12
52  192  2025-06-10 20-56-37  195.2  16452.8  -14404.9  196.489  2403.47
53  192  2025-06-10 20-56-37  196.8  16460.9  -14402.5  196.576  2403.82
54  192  2025-06-10 20-56-37  198.4  16469  -14400  196.662  2404.17
55  192  2025-06-10 20-56-37  200  16477.1  -14397.6  196.748  2404.53
56  192  2025-06-10 20-56-37  201.6  16485.2  -14395.2  196.835  2404.88
57  192  2025-06-10 20-56-37  203.2  16493.4  -14392.7  196.921  2405.22
58  192  2025-06-10 20-56-37  204.8  16501.5  -14390.3  197.007  2405.57
59  192  2025-06-10 20-56-37  206.4  16509.7  -14387.8  197.094  2405.92
60  192  2025-06-10 20-56-37  208  16517.8  -14385.4  197.18  2406.27
61  192  2025-06-10 20-56-37  209.6  16526  -14383  197.266  2406.61
62  192  2025-06-10 20-56-37  211.2  16534.2  -14380.5  197.353  2406.96
63  192  2025-06-10 20-56-37  212.8  16542.4  -14378.1  197.439  2407.3
64  192  2025-06-10 20-56-37  214.4  16550.6  -14375.7  197.525  2407.64
65  192  2025-06-10 20-56-37  216  16558.8  -14373.2  197.612  2407.98
66  192  2025-06-10 20-56-37  217.6  16567  -14370.8  197.698  2408.32
67  192  2025-06-10 20-56-37  219.2  16575.2  -14368.4  197.784  2408.66
68  192  2025-06-10 20-56-37  220.8  16583.5  -14366  197.871  2409
69  192  2025-06-10 20-56-37  222.4  16591.7  -14363.5  197.957  2409.34
70  192  2025-06-10 20-56-37  224  16600  -14361.1  198.043  2409.68
71  192  2025-06-10 20-56-37  225.6  16608.2  -14358.7  198.13  2410.01
72  192  2025-06-10 20-56-37  227.2  16616.5  -14356.2  198.216  2410.35
73  192  2025-06-10 20-56-37  228.8  16624.8  -14353.8  198.302  2410.68
74  192  2025-06-10 20-56-37  230.4  16633.1  -14351.4  198.389  2411.02
75  192  2025-06-10 20-56-37  232  16641.4  -14349  198.475  2411.35
76  192  2025-06-10 20-56-37  233.6  16649.7  -14346.5  198.561  2411.68
77  192  2025-06-10 20-56-37  235.2  16658  -14344.1  198.648  2412.01
78  192  2025-06-10 20-56-37  236.8  16666.3  -14341.7  198.734  2412.34
79  192  2025-06-10 20-56-37  238.4  16674.7  -14339.3  198.82  2412.67
80  192  2025-06-10 20-56-37  240  16683  -14336.8  198.907  2413
81  192  2025-06-10 20-56-37  241.6  16691.4  -14334.4  198.993  2413.32
82  192  2025-06-10 20-56-37  243.2  16699.7  -14332  199.079  2413.65
83  192  2025-06-10 20-56-37  244.8  16708.1  -14329.6  199.166  2413.98
84  192  2025-06-10 20-56-37  246.4  16716.5  -14327.2  199.252  2414.3
85  192  2025-06-10 20-56-37  248  16724.9  -14324.7  199.338  2414.63
86  192  2025-06-10 20-56-37  249.6  16733.3  -14322.3  199.425  2414.95
87  192  2025-06-10 20-56-37  251.2  16741.7  -14319.9  199.511  2415.27
88  192  2025-06-10 20-56-37  252.8  16750.1  -14317.5  199.597  2415.59
89  192  2025-06-10 20-56-37  254.4  16758.5  -14315.1  199.684  2415.91
90  192  2025-06-10 20-56-37  256  16767  -14312.6  199.77  2416.23
91  192  2025-06-10 20-56-37  257.6  16775.4  -14310.2  199.856  2416.55
92  192  2025-06-10 20-56-37  259.2  16783.9  -14307.8  199.943  2416.87
93  192  2025-06-10 20-56-37  260.8  16792.4  -14305.4  200.029  2417.19
94  192  2025-06-10 20-56-37  262.4  16800.8  -14303  200.115  2417.51
95  192  2025-06-10 20-56-37  264  16809.3  -14300.6  200.202  2417.82
96  192  2025-06-10 20-56-37  265.6  16817.8  -14298.2  200.288  2418.14
97  192  2025-06-10 20-56-37  267.2  16826.3  -14295.7  200.374  2418.45
98  192  2025-06-10 20-56-37  268.8  16834.8  -14293.3  200.461  2418.77
99  192  2025-06-10 20-56-37  270.4  16843.3  -14290.9  200.547  2419.08
100  192  2025-06-10 20-56-37  1392  16851.9  -14288.5  200.633  2419.39
101  192  2025-06-10 20-56-37  1393.6  16860.4  -14286.1  200.72  2419.7
102  192  2025-06-10 20-56-37  1395.2  16868.9  -14283.7  200.806  2420.01
103  192  2025-06-10 20-56-37  1396.8  16877.5  -14281.3  200.892  2420.33
104  192  2025-06-10 20-56-37  1398.4  16886.1  -14278.9  200.979  2420.63
105  192  2025-06-10 20-56-37  1400  16894.6  -14276.5  201.065  2420.94
106  192  2025-06-10 20-56-37  1401.6  16903.2  -14274  201.151  2421.25
107  192  2025-06-10 20-56-37  1403.2  16911.8  -14271.6  201.238  2421.56
108  192  2025-06-10 20-56-37  1404.8  16920.4  -14269.2  201.324  2421.87
109  192  2025-06-10 20-56-37  1406.4  16929  -14266.8  201.41  2422.17
110  192  2025-06-10 20-56-37  1408  16937.7  -14264.4  201.497  2422.48
111  192  2025-06-10 20-56-37  1409.6  16946.3  -14262  201.583  2422.78
112  192  2025-06-10 20-56-37  1411.2  16954.9  -14259.6  201.669  2423.08
113  192  2025-06-10 20-56-37  1412.8  16963.6  -14257.2  201.756  2423.39
114  192  2025-06-10 20-56-37  1414.4  16972.2  -14254.8  201.842  2423.69
115  192  2025-06-10 20-56-37  1416  16980.9  -14252.4  201.928  2423.99
116  192  2025-06-10 20-56-37  1417.6  16989.6  -14250  202.015  2424.29
117  192  2025-06-10 20-56-37  1419.2  16998.3  -14247.6  202.101  2424.59
118  192  2025-06-10 20-56-37  1420.8  17006.9  -14245.2  202.187  2424.89
119  192  2025-06-10 20-56-37  1422.4  17015.6  -14242.8  202.274  2425.19
120  192  2025-06-10 20-56-37  1424  17024.4  -14240.4  202.36  2425.49
121  192  2025-06-10 20-56-37  1425.6  17033.1  -14238  202.446  2425.79
122  192  2025-06-10 20-56-37  1427.2  17041.8  -14235.6  202.533  2426.09
123  192  2025-06-10 20-56-37  1428.8  17050.5  -14233.2  202.619  2426.38
124  192  2025-06-10 20-56-37  1430.4  17059.3  -14230.8  202.705  2426.68
125  192  2025-06-10 20-56-37  1432  17068  -14228.4  202.792  2426.97
126  192  2025-06-10 20-56-37  1433.6  17076.8  -14226  202.878  2427.27
127  192  2025-06-10 20-56-37  1435.2  17085.6  -14223.6  202.964  2427.56
128  192  2025-06-10 20-56-37  1436.8  17094.4  -14221.2  203.051  2427.85
129  192  2025-06-10 20-56-37  1438.4  17103.2  -14218.8  203.137  2428.15
130  192  2025-06-10 20-56-37  1440  17112  -14216.4  203.223  2428.44
131  192  2025-06-10 20-56-37  1441.6  17120.8  -14214  203.31  2428.73
132  192  2025-06-10 20-56-37  1443.2  17129.6  -14211.6  203.396  2429.02
133  192  2025-06-10 20-56-37  1444.8  17138.4  -14209.2  203.482  2429.31
134  192  2025-06-10 20-56-37  1446.4  17147.3  -14206.8  203.569  2429.6
135  192  2025-06-10 20-56-37  1448  17156.1  -14204.4  203.655  2429.89
136  192  2025-06-10 20-56-37  1449.6  17165  -14202.1  203.741  2430.18
137  192  2025-06-10 20-56-37  1451.2  17173.8  -14199.7  203.828  2430.46
138  192  2025-06-10 20-56-37  1452.8  17182.7  -14197.3  203.914  2430.75
139  192  2025-06-10 20-56-37  1454.4  17191.6  -14194.9  204  2431.04
140  192  2025-06-10 20-56-37  1456  17200.5  -14192.5  204.087  2431.32
141  192  2025-06-10 20-56-37  1457.6  17209.4  -14190.1  204.173  2431.61
142  192  2025-06-10 20-56-37  1459.2  17218.3  -14187.7  204.259  2431.89
143  192  2025-06-10 20-56-37  1460.8  17227.2  -14185.3  204.346  2432.18
144  192  2025-06-10 20-56-37  1462.4  17236.2  -14182.9  204.432  2432.46
145  192  2025-06-10 20-56-37  1464  17245.1  -14180.5  204.518  2432.74
146  192  2025-06-10 20-56-37  1465.6  17254  -14178.2  204.605  2433.03
147  192  2025-06-10 20-56-37  1467.2  17263  -14175.8  204.691  2433.31
148  192  2025-06-10 20-56-37  1468.8  17272  -14173.4  204.777  2433.59
149  192  2025-06-10 20-56-37  1470.4  17280.9  -14171  204.864  2433.87
150  192  2025-06-10 20-56-37  1472  17289.9  -14168.6  204.95  2434.15
151  192  2025-06-10 20-56-37  1473.6  17298.9  -14166.2  205.036  2434.43
152  192  2025-06-10 20-56-37  1475.2  17307.9  -14163.9  205.123  2434.71
153  192  2025-06-10 20-56-37  1476.8  17316.9  -14161.5  205.209  2434.99
154  192  2025-06-10 20-56-37  1478.4  17325.9  -14159.1  205.295  2435.27
155  192  2025-06-10 20-56-37  1480  17335  -14156.7  205.382  2435.54
156  192  2025-06-10 20-56-37  1481.6  17344  -14154.3  205.468  2435.82
157  192  2025-06-10 20-56-37  1483.2  17353.1  -14151.9  205.554  2436.1
158  192  2025-06-10 20-56-37  1484.8  17362.1  -14149.6  205.641  2436.37
159  192  2025-06-10 20-56-37  1486.4  17371.2  -14147.2  205.727  2436.65
160  192  2025-06-10 20-56-37  1488  17380.3  -14144.8  205.813  2436.92
161  192  2025-06-10 20-56-37  1489.6  17389.3  -14142.4  205.9  2437.19
162  192  2025-06-10 20-56-37  1491.2  17398.4  -14140  205.986  2437.47
163  192  2025-06-10 20-56-37  1492.8  17407.5  -14137.7  206.072  2437.74
164  192  2025-06-10 20-56-37  1494.4  17416.7  -14135.3  206.159  2438.01
165  192  2025-06-10 20-56-37  1496  17425.8  -14132.9  206.245  2438.29
166  192  2025-06-10 20-56-37  1497.6  17434.9  -14130.5  206.331  2438.56
167  192  2025-06-10 20-56-37  1499.2  17444  -14128.2  206.418  2438.83
168  192  2025-06-10 20-56-37  1500.8  17453.2  -14125.8  206.504  2439.1
169  192  2025-06-10 20-56-37  1502.4  17462.3  -14123.4  206.59  2439.37
170  192  2025-06-10 20-56-37  1504  17471.5  -14121  206.677  2439.64
171  192  2025-06-10 20-56-37  1505.6  17480.7  -14118.7  206.763  2439.91
172  192  2025-06-10 20-56-37  1507.2  17489.9  -14116.3  206.849  2440.17
173  192  2025-06-10 20-56-37  1508.8  17499.1  -14113.9  206.936  2440.44
174  192  2025-06-10 20-56-37  1510.4  17508.3  -14111.5  207.022  2440.71
175  192  2025-06-10 20-56-37  1512  17517.5  -14109.2  207.108  2440.98
176  192  2025-06-10 20-56-37  1513.6  17526.7  -14106.8  207.195  2441.24
177  192  2025-06-10 20-56-37  1515.2  17535.9  -14104.4  207.281  2441.51
178  192  2025-06-10 20-56-37  1516.8  17545.2  -14102.1  207.367  2441.77
179  192  2025-06-10 20-56-37  1518.4  17554.4  -14099.7  207.454  2442.04
180  192  2025-06-10 20-56-37  1520  17563.7  -14097.3  207.54  2442.3
181  192  2025-06-10 20-56-37  1521.6  17572.9  -14095  207.626  2442.57
182  192  2025-06-10 20-56-37  1523.2  17582.2  -14092.6  207.713  2442.83
183  192  2025-06-10 20-56-37  1524.8  17591.5  -14090.2  207.799  2443.09
184  192  2025-06-10 20-56-37  1526.4  17600.8  -14087.9  207.885  2443.36
185  192  2025-06-10 20-56-37  1528  17610.1  -14085.5  207.972  2443.62
186  192  2025-06-10 20-56-37  1529.6  17619.4  -14083.1  208.058  2443.88
187  192  2025-06-10 20-56-37  1531.2  17628.7  -14080.8  208.145  2444.14
188  192  2025-06-10 20-56-37  1532.8  17638  -14078.4  208.231  2444.4
189  192  2025-06-10 20-56-37  1534.4  17647.4  -14076  208.317  2444.66
190  192  2025-06-10 20-56-37  1536  17656.7  -14073.7  208.404  2444.92
191  192  2025-06-10 20-56-37  1537.6  17666.1  -14071.3  208.49  2445.18
192  192  2025-06-10 20-56-37  1539.2  17675.4  -14068.9  208.576  2445.44
193  192  2025-06-10 20-56-37  1540.8  17684.8  -14066.6  208.663  2445.7
194  192  2025-06-10 20-56-37  1542.4  17694.2  -14064.2  208.749  2445.95
195  192  2025-06-10 20-56-37  1544  17703.6  -14061.9  208.835  2446.21
196  192  2025-06-10 20-56-37  1545.6  17713  -14059.5  208.922  2446.47
197  192  2025-06-10 20-56-37  1547.2  17722.4  -14057.1  209.008  2446.73
198  192  2025-06-10 20-56-37  1548.8  17731.8  -14054.8  209.094  2446.98
199  192  2025-06-10 20-56-37  1550.4  17741.2  -14052.4  209.181  2447.24
200  192  2025-06-10 20-56-37  1552  17750.7  -14050.1  209.267  2447.49
201  192  2025-06-10 20-56-37  1553.6  17760.1  -14047.7  209.353  2447.75
202  192  2025-06-10 20-56-37  1555.2  17769.6  -14045.3  209.44  2448
203  192  2025-06-10 20-56-37  1556.8  17779  -14043  209.526  2448.25
204  192  2025-06-10 20-56-37  1558.4  17788.5  -14040.6  209.612  2448.51
205  192  2025-06-10 20-56-37  1560  17798  -14038.3  209.699  2448.76
206  192  2025-06-10 20-56-37  1561.6  17807.5  -14035.9  209.785  2449.01
207  192  2025-06-10 20-56-37  1563.2  17817  -14033.6  209.871  2449.27
208  192  2025-06-10 20-56-37  1564.8  17826.5  -2831.21  209.958  2449.52
209  192  2025-06-10 20-56-37  1566.4  17836  -2828.85  210.044  2449.77
210  192  2025-06-10 20-56-37  1568  17845.5  -2826.5  210.13  2450.02
211  192  2025-06-10 20-56-37  1569.6  17855.1  -2824.15  210.217  2450.27
212  192  2025-06-10 20-56-37  1571.2  17864.6  -2821.8  210.303  2450.52
213  192  2025-06-10 20-56-37  1572.8  17874.2  -2819.45  210.389  2450.77
214  192  2025-06-10 20-56-37  1574.4  17883.7  -2817.09  210.476  2451.02
215  192  2025-06-10 20-56-37  1576  17893.3  -2814.74  210.562  2451.27
216  192  2025-06-10 20-56-37  1577.6  17902.9  -2812.39  210.648  2451.51
217  192  2025-06-10 20-56-37  1579.2  17912.5  -2810.05  210.735  2451.76
218  192  2025-06-10 20-56-37  1580.8  17922.1  -2807.7  210.821  2452.01
219  192  2025-06-10 20-56-37  1582.4  17931.7  -2805.35  210.907  2452.26
220  192  2025-06-10 20-56-37  1584  17941.3  -2803  210.994  2452.5
221  192  2025-06-10 20-56-37  1585.6  17950.9  -2800.65  211.08  2452.75
222  192  2025-06-10 20-56-37  1587.2  17960.6  -2798.31  211.166  2453
223  192  2025-06-10 20-56-37  1588.8  17970.2  -2795.96  211.253  2453.24
224  192  2025-06-10 20-56-37  1590.4  17979.9  -2793.62  211.339  2453.49
225  192  2025-06-10 20-56-37  1592  17989.5  -2791.27  211.425  2453.73
226  192  2025-06-10 20-56-37  1593.6  17999.2  -2788.93  211.512  2453.97
227  192  2025-06-10 20-56-37  1595.2  18008.9  -2786.58  211.598  2454.22
228  192  2025-06-10 20-56-37  1596.8  18018.6  -2784.24  211.684  2454.46
229  192  2025-06-10 20-56-37  1598.4  18028.3  -2781.9  211.771  2454.7
230  192  2025-06-10 20-56-37  1600  18038  -2779.55  211.857  2454.95
231  192  2025-06-10 20-56-37  1601.6  18047.7  -2777.21  211.943  2455.19
232  192  2025-06-10 20-56-37  1603.2  18057.4  -2774.87  212.03  2455.43
233  192  2025-06-10 20-56-37  1604.8  18067.1  -2772.53  212.116  2455.67
234  192  2025-06-10 20-56-37  1606.4  18076.9  -2770.19  212.202  2455.91
235  192  2025-06-10 20-56-37  1608  18086.6  -2767.85  212.289  2456.15
236  192  2025-06-10 20-56-37  1609.6  18096.4  -2765.51  212.375  2456.39
237  192  2025-06-10 20-56-37  1611.2  18106.2  -2763.17  212.461  2456.63
238  192  2025-06-10 20-56-37  1612.8  18115.9  -2760.84  212.548  2456.87
239  192  2025-06-10 20-56-37  1614.4  18125.7  -2758.5  212.634  2457.11
240  192  2025-06-10 20-56-37  1616  18135.5  -2756.16  212.72  2457.35
241  192  2025-06-10 20-56-37  1617.6  18145.3  -2753.82  212.807  2457.59
242  192  2025-06-10 20-56-37  1619.2  18155.1  -2751.49  212.893  2457.83
243  192  2025-06-10 20-56-37  1620.8  18165  -2749.15  212.979  2458.07
244  192  2025-06-10 20-56-37  1622.4  18174.8  -2746.82  213.066  2458.3
245  192  2025-06-10 20-56-37  1624  18184.6  -2744.49  213.152  2458.54
246  192  2025-06-10 20-56-37  1625.6  18194.5  -2742.15  213.238  2458.78
247  192  2025-06-10 20-56-37  1627.2  18204.4  -2739.82  213.325  2459.01
248  192  2025-06-10 20-56-37  1628.8  18214.2  -2737.49  213.411  2459.25
249  192  2025-06-10 20-56-37  1630.4  18224.1  -2735.15  213.497  2459.48
250  192  2025-06-10 20-56-37  1632  18234  -2732.82  213.584  2459.72
251  192  2025-06-10 20-56-37  1633.6  18243.9  -2730.49  213.67  2459.95
252  192  2025-06-10 20-56-37  1635.2  18253.8  -2728.16  213.756  2460.19
253  192  2025-06-10 20-56-37  1636.8  18263.7  -2725.83  213.843  2460.42
254  192  2025-06-10 20-56-37  1638.4  18273.6  -2723.5  213.929  2460.66
255  192  2025-06-10 20-56-37  1640  18283.6  -2721.17  214.015  2460.89
256  192  2025-06-10 20-56-37  1641.6  18293.5  -2718.85  214.102  2461.12
257  192  2025-06-10 20-56-37  1643.2  18303.5  -2716.52  214.188  2461.35
258  192  2025-06-10 20-56-37  1644.8  18313.4  -2714.19  214.274  2461.59
259  192  2025-06-10 20-56-37  1646.4  18323.4  -2711.87  214.361  2461.82
260  192  2025-06-10 20-56-37  1648  18333.4  -2709.54  214.447  2462.05
261  192  2025-06-10 20-56-37  1649.6  18343.3  -2707.22  214.533  2462.28
262  192  2025-06-10 20-56-37  1651.2  18353.3  -2704.89  214.62  2462.51
263  192  2025-06-10 20-56-37  1652.8  18363.3  -2702.57  214.706  2462.74
264  192  2025-06-10 20-56-37  1654.4  18373.4  -2700.24  214.792  2462.97
265  192  2025-06-10 20-56-37  1656  18383.4  -2697.92  214.879  2463.2
266  192  2025-06-10 20-56-37  1657.6  18393.4  -2695.6  214.965  2463.43
267  192  2025-06-10 20-56-37  1659.2  18403.5  -2693.28  215.051  2463.66
268  192  2025-06-10 20-56-37  1660.8  18413.5  -2690.95  215.138  2463.89
269  192  2025-06-10 20-56-37  1662.4  18423.6  -2688.63  215.224  2464.12
270  192  2025-06-10 20-56-37  1664  18433.6  -2686.31  215.31  2464.35
271  192  2025-06-10 20-56-37  1665.6  18443.7  -2683.99  215.397  2464.57
272  192  2025-06-10 20-56-37  1667.2  18453.8  -2681.67  215.483  2464.8
273  192  2025-06-10 20-56-37  1668.8  18463.9  -2679.36  215.569  2465.03
274  192  2025-06-10 20-56-37  1670.4  18474  -2677.04  215.656  2465.25
275  192  2025-06-10 20-56-37  1672  18484.1  -2674.72  215.742  2465.48
276  192  2025-06-10 20-56-37  1673.6  18494.2  -2672.4  215.828  2465.71
277  192  2025-06-10 20-56-37  1675.2  18504.3  -2670.09  215.915  2465.93
278  192  2025-06-10 20-56-37  1676.8  18514.5  -2667.77  216.001  2466.16
279  192  2025-06-10 20-56-37  1678.4  18524.6  -2665.46  216.087  2466.38
280  192  2025-06-10 20-56-37  1680  18534.8  -2663.14  216.174  2466.61
281  192  2025-06-10 20-56-37  1681.6  18545  -2660.83  216.26  2466.83
282  192  2025-06-10 20-56-37  1683.2  18555.1  -2658.52  216.346  2467.06
283  192  2025-06-10 20-56-37  1684.8  18565.3  -2656.2  216.433  2467.28
284  192  2025-06-10 20-56-37  1686.4  18575.5  -2653.89  216.519  2467.5
285  192  2025-06-10 20-56-37  1688  18585.7  -2651.58  216.605  2467.73
286  192  2025-06-10 20-56-37  1689.6  18595.9  -2649.27  216.692  2467.95
287  192  2025-06-10 20-56-37  1691.2  18606.1  -2646.96  216.778  2468.17
288  192  2025-06-10 20-56-37  1692.8  18616.4  -2644.65  216.864  2468.39
289  192  2025-06-10 20-56-37  1694.4  18626.6  -2642.34  216.951  2468.62
290  192  2025-06-10 20-56-37  1696  18636.9  -2640.03  217.037  2468.84
291  192  2025-06-10 20-56-37  1697.6  18647.1  -2637.72  217.123  2469.06
292  192  2025-06-10 20-56-37  1699.2  18657.4  -2635.41  217.21  2469.28
293  192  2025-06-10 20-56-37  1700.8  18667.6  -2633.11  217.296  2469.5
294  192  2025-06-10 20-56-37  1702.4  18677.9  -2630.8  217.382  2469.72
295  192  2025-06-10 20-56-37  1704  18688.2  -2628.49  217.469  2469.94
296  192  2025-06-10 20-56-37  1705.6  18698.5  -2626.19  217.555  2470.16
297  192  2025-06-10 20-56-37  1707.2  18708.8  -2623.88  217.641  2470.38
298  192  2025-06-10 20-56-37  1708.8  18719.2  -2621.58  217.728  2470.6
299  192  2025-06-10 20-56-37  1710.4  18729.5  -2619.28  217.814  2470.82
300  192  2025-06-10 20-56-37  1712  18739.8  -2616.97  217.9  2471.04
301  192  2025-06-10 20-56-37  1713.6  18750.2  -2614.67  217.987  2471.25
302  192  2025-06-10 20-56-37  1715.2  18760.5  -2612.37  218.073  2471.47
303  192  2025-06-10 20-56-37  1716.8  18770.9  -2610.07  218.159  2471.69
304  192  2025-06-10 20-56-37  1718.4  18781.3  -2607.77  218.246  2471.91
305  192  2025-06-10 20-56-37  1720  18791.6  -2605.47  218.332  2472.12
306  192  2025-06-10 20-56-37  1721.6  18802  -2603.17  218.418  2472.34
307  192  2025-06-10 20-56-37  1723.2  18812.4  -2600.87  218.505  2472.56
308  192  2025-06-10 20-56-37  1724.8  18822.8  -2598.57  218.591  2472.77
309  192  2025-06-10 20-56-37  1726.4  18833.2  -2596.27  218.677  2472.99
310  192  2025-06-10 20-56-37  1728  18843.7  -2593.98  218.764  2473.2
311  192  2025-06-10 20-56-37  1729.6  18854.1  -2591.68  218.85  2473.42
312  192  2025-06-10 20-56-37  1731.2  18864.6  -2589.38  218.936  2473.63
313  192  2025-06-10 20-56-37  1732.8  18875  -2587.09  219.023  2473.85
314  192  2025-06-10 20-56-37  1734.4  18885.5  -2584.79  219.109  2474.06
315  192  2025-06-10 20-56-37  1736  18895.9  -2582.5  219.195  2474.28
316  192  2025-06-10 20-56-37  1737.6  18906.4  -2580.21  219.282  2474.49
317  192  2025-06-10 20-56-37  1739.2  18916.9  -2577.91  219.368  2474.7
318  192  2025-06-10 20-56-37  1740.8  18927.4  -2575.62  219.454  2474.92
319  192  2025-06-10 20-56-37  1742.4  18937.9  -2573.33  219.541  2475.13
320  192  2025-06-10 20-56-37  1744  18948.4  -2571.04  219.627  2475.34
321  192  2025-06-10 20-56-37  1745.6  18959  -2568.75  219.713  2475.55
322  192  2025-06-10 20-56-37  1747.2  18969.5  -2566.46  219.8  2475.77
323  192  2025-06-10 20-56-37  1748.8  18980  -2564.17  219.886  2475.98
324  192  2025-06-10 20-56-37  1750.4  18990.6  -2561.88  219.972  2476.19
325  192  2025-06-10 20-56-37  1752  19001.1  -2559.59  220.059  2476.4
326  192  2025-06-10 20-56-37  1753.6  19011.7  -2557.3  220.145  2476.61
327  192  2025-06-10 20-56-37  1755.2  19022.3  -2555.02  220.231  2476.82
328  192  2025-06-10 20-56-37  1756.8  19032.9  -2552.73  220.318  2477.03
329  192  2025-06-10 20-56-37  1758.4  19043.5  -2550.44  220.404  2477.24
330  192  2025-06-10 20-56-37  1760  19054.1  -2548.16  220.49  2477.45
331  192  2025-06-10 20-56-37  1761.6  19064.7  -2545.87  220.577  2477.66
332  192  2025-06-10 20-56-37  1763.2  19075.3  -2543.59  220.663  2477.87
333  192  2025-06-10 20-56-37  1764.8  19086  -2541.31  220.749  2478.08
334  192  2025-06-10 20-56-37  1766.4  19096.6  -2539.02  220.836  2478.29
335  192  2025-06-10 20-56-37  1768  19107.2  -2536.74  220.922  2478.5
336  192  2025-06-10 20-56-37  1769.6  19117.9  -2534.46  221.008  2478.7
337  192  2025-06-10 20-56-37  1771.2  19128.6  -2532.18  221.095  2478.91
338  192  2025-06-10 20-56-37  1772.8  19139.3  -2529.9  221.181  2479.12
339  192  2025-06-10 20-56-37  1774.4  19149.9  -2527.62  221.267  2479.33
340  192  2025-06-10 20-56-37  1776  19160.6  -2525.34  221.354  2479.53
341  192  2025-06-10 20-56-37  1777.6  19171.3  -2523.06  221.44  2479.74
342  192  2025-06-10 20-56-37  1779.2  19182.1  -2520.78  221.526  2479.95
343  192  2025-06-10 20-56-37  1780.8  19192.8  -2518.51  221.613  2480.15
344  192  2025-06-10 20-56-37  1782.4  19203.5  -2516.23  221.699  2480.36
345  192  2025-06-10 20-56-37  1784  19214.2  -2513.95  221.785  2480.56
346  192  2025-06-10 20-56-37  1785.6  19225  -2511.68  221.872  2480.77
347  192  2025-06-10 20-56-37  1787.2  19235.8  -2509.4  221.958  2480.97
348  192  2025-06-10 20-56-37  1788.8  19246.5  -2507.13  222.044  2481.18
349  192  2025-06-10 20-56-37  1790.4  19257.3  -2504.86  222.131  2481.38
350  192  2025-06-10 20-56-37  1792  19268.1  -2502.58  222.217  2481.59
351  192  2025-06-10 20-56-37  1793.6  19278.9  -2500.31  222.303  2481.79
352  192  2025-06-10 20-56-37  1795.2  19289.7  -2498.04  222.39  2481.99
353  192  2025-06-10 20-56-37  1796.8  19300.5  -2495.77  222.476  2482.2
354  192  2025-06-10 20-56-37  1798.4  19311.3  -2493.5  222.562  2482.4
355  192  2025-06-10 20-56-37  1800  19322.1  -2491.23  222.649  2482.6
356  192  2025-06-10 20-56-37  1801.6  19333  -2488.96  222.735  2482.81
357  192  2025-06-10 20-56-37  1803.2  19343.8  -2486.69  222.821  2483.01
358  192  2025-06-10 20-56-37  1804.8  19354.7  -2484.42  222.908  2483.21
359  192  2025-06-10 20-56-37  1806.4  19365.5  -2482.16  222.994  2483.41
360  192  2025-06-10 20-56-37  1808  19376.4  -2479.89  223.08  2483.62
361  192  2025-06-10 20-56-37  1809.6  19387.3  -2477.62  223.167  2483.82
362  192  2025-06-10 20-56-37  1811.2  19398.2  -2475.36  223.253  2484.02
363  192  2025-06-10 20-56-37  1812.8  19409.1  -2473.09  223.339  2484.22
364  192  2025-06-10 20-56-37  1814.4  19420  -2470.83  223.426  2484.42
365  192  2025-06-10 20-56-37  1816  19430.9  -2468.57  223.512  2484.62
366  192  2025-06-10 20-56-37  1817.6  19441.9  -2466.3  223.598  2484.82
367  192  2025-06-10 20-56-37  1819.2  19452.8  -2464.04  223.685  2485.02
368  192  2025-06-10 20-56-37  1820.8  19463.7  -2461.78  223.771  2485.22
369  192  2025-06-10 20-56-37  1822.4  19474.7  -2459.52  223.857  2485.42
370  192  2025-06-10 20-56-37  1824  19485.7  -2457.26  223.944  2485.62
371  192  2025-06-10 20-56-37  1825.6  19496.6  -2455  224.03  2485.82
372  192  2025-06-10 20-56-37  1827.2  19507.6  -2452.74  224.116  2486.02
373  192  2025-06-10 20-56-37  1828.8  19518.6  -2450.48  224.203  2486.21
374  192  2025-06-10 20-56-37  1830.4  19529.6  -2448.22  224.289  2486.41
375  192  2025-06-10 20-56-37  1832  19540.6  -2445.97  224.375  2486.61
376  192  2025-06-10 20-56-37  1833.6  19551.6  -2443.71  224.462  2486.81
377  192  2025-06-10 20-56-37  1835.2  19562.7  -2441.45  224.548  2487
378  192  2025-06-10 20-56-37  1836.8  19573.7  -2439.2  224.634  2487.2
379  192  2025-06-10 20-56-37  1838.4  19584.7  -2436.94  224.721  2487.4
380  192  2025-06-10 20-56-37  1840  19595.8  -2434.69  224.807  2487.6
381  192  2025-06-10 20-56-37  1841.6  19606.8  -2432.44  224.893  2487.79
382  192  2025-06-10 20-56-37  1843.2  19617.9  -2430.18  224.98  2487.99
383  192  2025-06-10 20-56-37  1844.8  19629  -2427.93  225.066  2488.18
384  192  2025-06-10 20-56-37  1846.4  19640.1  -2425.68  225.152  2488.38
385  192  2025-06-10 20-56-37  1848  19651.2  -2423.43  225.239  2488.57
386  192  2025-06-10 20-56-37  1849.6  19662.3  -2421.18  225.325  2488.77
387  192  2025-06-10 20-56-37  1851.2  19673.4  -2418.93  225.411  2488.96
388  192  2025-06-10 20-56-37  1852.8  19684.5  -2416.68  225.498  2489.16
389  192  2025-06-10 20-56-37  1854.4  19695.7  -2414.43  225.584  2489.35
390  192  2025-06-10 20-56-37  1856  19706.8  -2412.19  225.67  2489.55
391  192  2025-06-10 20-56-37  1857.6  19718  -2409.94  225.757  2489.74
392  192  2025-06-10 20-56-37  1859.2  19729.1  -2407.69  225.843  2489.94
393  192  2025-06-10 20-56-37  1860.8  19740.3  -2405.45  225.929  2490.13
394  192  2025-06-10 20-56-37  1862.4  19751.5  -2403.2  226.016  2490.32
395  192  2025-06-10 20-56-37  1864  19762.7  -2400.96  226.102  2490.52
396  192  2025-06-10 20-56-37  1865.6  19773.9  -2398.72  226.188  2490.71
397  192  2025-06-10 20-56-37  1867.2  19785.1  -2396.47  226.275  2490.9
398  192  2025-06-10 20-56-37  1868.8  19796.3  -2394.23  226.361  2491.09
399  192  2025-06-10 20-56-37  1870.4  19807.5  -2391.99  226.447  2491.29
400  192  2025-06-10 20-56-37  1872  19818.7  -2389.75  226.534  2491.48
401  192  2025-06-10 20-56-37  1873.6  19830  -2387.51  226.62  2491.67
402  192  2025-06-10 20-56-37  1875.2  19841.2  -2385.27  226.706  2491.86
403  192  2025-06-10 20-56-37  1876.8  19852.5  -2383.03  226.793  2492.05
404  192  2025-06-10 20-56-37  1878.4  19863.7  -2380.79  226.879  2492.24
405  192  2025-06-10 20-56-37  1880  19875  -2378.55  226.965  2492.43
406  192  2025-06-10 20-56-37  1881.6  19886.3  -2376.32  227.052  2492.62
407  192  2025-06-10 20-56-37  1883.2  19897.6  -2374.08  227.138  2492.81
408  192  2025-06-10 20-56-37  1884.8  19908.9  -2371.85  227.224  2493
409  192  2025-06-10 20-56-37  1886.4  19920.2  -2369.61  227.311  2493.19
410  192  2025-06-10 20-56-37  1888  19931.5  -2367.38  227.397  2493.38
411  192  2025-06-10 20-56-37  1889.6  19942.9  -2365.14  227.483  2493.57
412  192  2025-06-10 20-56-37  1891.2  19954.2  -2362.91  227.57  2493.76
413  192  2025-06-10 20-56-37  1892.8  19965.6  -2360.68  227.656  2493.95
414  192  2025-06-10 20-56-37  1894.4  19976.9  -2358.45  227.742  2494.14
415  192  2025-06-10 20-56-37  1896  19988.3  -2356.22  227.829  2494.33
416  192  2025-06-10 20-56-37  1897.6  19999.7  -2353.99  227.915  2494.52
417  192  2025-06-10 20-56-37  1899.2  20011  -2351.76  228.001  2494.7
418  192  2025-06-10 20-56-37  1900.8  20022.4  -2349.53  228.088  2494.89
419  192  2025-06-10 20-56-37  1902.4  20033.8  -2347.3  228.174  2495.08
420  192  2025-06-10 20-56-37  1904  20045.2  -2345.07  228.26  2495.27
421  192  2025-06-10 20-56-37  1905.6  20056.7  -2342.85  228.347  2495.45
422  192  2025-06-10 20-56-37  1907.2  20068.1  -2340.62  228.433  2495.64
423  192  2025-06-10 20-56-37  1908.8  20079.5  -2338.39  228.519  2495.83
424  192  2025-06-10 20-56-37  1910.4  20091  -2336.17  228.606  2496.01
425  192  2025-06-10 20-56-37  1912  20102.4  -2333.94  228.692  2496.2
426  192  2025-06-10 20-56-37  1913.6  20113.9  -2331.72  228.778  2496.39
427  192  2025-06-10 20-56-37  1915.2  20125.4  -2329.5  228.865  2496.57
428  192  2025-06-10 20-56-37  1916.8  20136.9  -2327.28  228.951  2496.76
429  192  2025-06-10 20-56-37  1918.4  20148.3  -2325.06  229.037  2496.94
430  192  2025-06-10 20-56-37  1920  20159.8  -2322.83  229.124  2497.13
431  192  2025-06-10 20-56-37  1921.6  20171.3  -2320.61  229.21  2497.31
432  192  2025-06-10 20-56-37  1923.2  20182.9  -2318.4  229.296  2497.5
433  192  2025-06-10 20-56-37  1924.8  20194.4  -2316.18  229.383  2497.68
434  192  2025-06-10 20-56-37  1926.4  20205.9  -2313.96  229.469  2497.87
435  192  2025-06-10 20-56-37  1928  20217.5  -2311.74  229.555  2498.05
436  192  2025-06-10 20-56-37  1929.6  20229  -2309.52  229.642  2498.23
437  192  2025-06-10 20-56-37  1931.2  20240.6  -2307.31  229.728  2498.42
438  192  2025-06-10 20-56-37  1932.8  20252.2  -2305.09  229.814  2498.6
439  192  2025-06-10 20-56-37  1934.4  20263.7  -2302.88  229.901  2498.78
440  192  2025-06-10 20-56-37  1936  20275.3  -2300.67  229.987  2498.97
441  192  2025-06-10 20-56-37  1937.6  20286.9  -2298.45  230.073  2499.15
442  192  2025-06-10 20-56-37  1939.2  20298.5  -2296.24  230.16  2499.33
443  192  2025-06-10 20-56-37  1940.8  20310.2  -2294.03  230.246  2499.52
444  192  2025-06-10 20-56-37  1942.4  20321.8  -2291.82  230.332  2499.7
445  192  2025-06-10 20-56-37  1944  20333.4  -2289.61  230.419  2499.88
446  192  2025-06-10 20-56-37  1945.6  20345.1  -2287.4  230.505  2500.06
447  192  2025-06-10 20-56-37  1947.2  20356.7  -2285.19  230.591  2500.24
448  192  2025-06-10 20-56-37  1948.8  20368.4  -2282.98  230.678  2500.42
449  192  2025-06-10 20-56-37  1950.4  20380  -2280.77  230.764  2500.6
450  192  2025-06-10 20-56-37  1952  20391.7  -2278.57  230.85  2500.79
451  192  2025-06-10 20-56-37  1953.6  20403.4  -2276.36  230.937  2500.97
452  192  2025-06-10 20-56-37  1955.2  20415.1  -2274.15  231.023  2501.15
453  192  2025-06-10 20-56-37  1956.8  20426.8  -2271.95  231.109  2501.33
454  192  2025-06-10 20-56-37  1958.4  20438.5  -2269.75  231.196  2501.51
455  192  2025-06-10 20-56-37  1960  20450.2  -2267.54  231.282  2501.69
456  192  2025-06-10 20-56-37  1961.6  20462  -2265.34  231.368  2501.87
457  192  2025-06-10 20-56-37  1963.2  20473.7  -2263.14  231.455  2502.05
458  192  2025-06-10 20-56-37  1964.8  20485.5  -2260.94  231.541  2502.23
459  192  2025-06-10 20-56-37  1966.4  20497.2  -2258.74  231.627  2502.4
460  192  2025-06-10 20-56-37  1968  20509  -2256.54  231.714  2502.58
461  192  2025-06-10 20-56-37  1969.6  20520.8  -2254.34  231.8  2502.76
462  192  2025-06-10 20-56-37  1971.2  20532.5  -2252.14  231.886  2502.94
463  192  2025-06-10 20-56-37  1972.8  20544.3  -2249.94  231.973  2503.12
464  192  2025-06-10 20-56-37  1974.4  20556.1  -2247.74  232.059  2503.3
465  192  2025-06-10 20-56-37  1976  20568  -2245.55  232.145  2503.47
466  192  2025-06-10 20-56-37  1977.6  20579.8  -2243.35  232.232  2503.65
467  192  2025-06-10 20-56-37  1979.2  20591.6  -2241.16  232.318  2503.83
468  192  2025-06-10 20-56-37  1980.8  20603.4  -2238.96  232.404  2504.01
469  192  2025-06-10 20-56-37  1982.4  20615.3  -2236.77  232.491  2504.18
470  192  2025-06-10 20-56-37  1984  20627.2  -2234.58  232.577  2504.36
471  192  2025-06-10 20-56-37  1985.6  20639  -2232.39  232.663  2504.54
472  192  2025-06-10 20-56-37  1987.2  20650.9  -2230.19  232.75  2504.71
473  192  2025-06-10 20-56-37  1988.8  20662.8  -2228  232.836  2504.89
474  192  2025-06-10 20-56-37  1990.4  20674.7  -2225.81  232.922  2505.07
475  192  2025-06-10 20-56-37  1992  20686.6  -2223.62  233.009  2505.24
476  192  2025-06-10 20-56-37  1993.6  20698.5  -2221.44  233.095  2505.42
477  192  2025-06-10 20-56-37  1995.2  20710.4  -2219.25  233.181  2505.59
478  192  2025-06-10 20-56-37  1996.8  20722.3  -2217.06  233.268  2505.77
479  192  2025-06-10 20-56-37  1998.4  20734.3  -2214.88  233.354  2505.94
480  192  2025-06-10 20-56-37  2000  20746.2  -2212.69  233.44  2506.12
481  192  2025-06-10 20-56-37  2001.6  20758.2  -2210.51  233.527  2506.29
482  192  2025-06-10 20-56-37  2003.2  20770.1  -2208.32  233.613  2506.47
483  192  2025-06-10 20-56-37  2004.8  20782.1  -2206.14  233.699  2506.64
484  192  2025-06-10 20-56-37  2006.4  20794.1  -2203.96  233.786  2506.82
485  192  2025-06-10 20-56-37  2008  20806.1  -2201.77  233.872  2506.99
486  192  2025-06-10 20-56-37  2009.6  20818.1  -2199.59  233.958  2507.16
487  192  2025-06-10 20-56-37  2011.2  20830.1  -2197.41  234.045  2507.34
488  192  2025-06-10 20-56-37  2012.8  20842.1  -2195.23  234.131  2507.51
489  192  2025-06-10 20-56-37  2014.4  20854.1  -2193.05  234.217  2507.68
490  192  2025-06-10 20-56-37  2016  20866.2  -2190.87  234.304  2507.86
491  192  2025-06-10 20-56-37  2017.6  20878.2  -2188.7  234.39  2508.03
492  192  2025-06-10 20-56-37  2019.2  20890.3  -2186.52  234.476  2508.2
493  192  2025-06-10 20-56-37  2020.8  20902.3  -2184.34  234.563  2508.37
494  192  2025-06-10 20-56-37  2022.4  20914.4  -2182.17  234.649  2508.55
495  192  2025-06-10 20-56-37  2024  20926.5  -2179.99  234.735  2508.72
496  192  2025-06-10 20-56-37  2025.6  20938.6  -2177.82  234.822  2508.89
497  192  2025-06-10 20-56-37  2027.2  20950.7  -2175.65  234.908  2509.06
498  192  2025-06-10 20-56-37  2028.8  20962.8  -2173.48  234.994  2509.23
499  192  2025-06-10 20-56-37  2030.4  20974.9  -2171.3  235.081  2509.4
500  192  2025-06-10 20-56-37  2032  20987  -2169.13  235.167  2509.58
501  192  2025-06-10 20-56-37  2033.6  20999.1  -2166.96  235.253  2509.75
502  192  2025-06-10 20-56-37  2035.2  21011.3  -2164.79  235.34  2509.92
503  192  2025-06-10 20-56-37  2036.8  21023.4  -2162.63  235.426  2510.09
504  192  2025-06-10 20-56-37  2038.4  21035.6  -2160.46  235.512  2510.26
505  192  2025-06-10 20-56-37  2040  21047.7  -2158.29  235.599  2510.43
506  192  2025-06-10 20-56-37  2041.6  21059.9  -2156.12  235.685  2510.6
507  192  2025-06-10 20-56-37  2043.2  21072.1  -2153.96  235.771  2510.77
508  192  2025-06-10 20-56-37  2044.8  21084.3  -2151.79  235.858  2510.94
509  192  2025-06-10 20-56-37  2046.4  21096.5  -2149.63  235.944  2511.11
510  192  2025-06-10 20-56-37  2048  21108.7  -2147.47  236.03  2511.28
511  192  2025-06-10 20-56-37  2049.6  21120.9  -2145.3  236.117  2511.44
512  192  2025-06-10 20-56-37  2051.2  21133.2  -2143.14  236.203  2511.61
513  192  2025-06-10 20-56-37  2052.8  21145.4  -2140.98  236.289  2511.78
514  192  2025-06-10 20-56-37  2054.4  21157.7  -2138.82  236.376  2511.95
515  192  2025-06-10 20-56-37  2056  21169.9  -2136.66  236.462  2512.12
