SN    USVID    CurTime    simTime    CurX    CurY    CurVel      CurYaw   
0  208  2025-06-14 16-04-31  0  17240  4.89843e-16  192  2672
1  208  2025-06-14 16-04-31  1.6  17248.3  9.97306e-16  194.878  2672
2  208  2025-06-14 16-04-31  3.2  17256.9  1.52207e-15  197.704  2672
3  208  2025-06-14 16-04-31  4.8  17265.7  2.06383e-15  200.479  2672
4  208  2025-06-14 16-04-31  6.4  17274.8  2.62228e-15  203.204  2672
5  208  2025-06-14 16-04-31  8  17284.2  3.19711e-15  205.881  2672
6  208  2025-06-14 16-04-31  9.6  17293.9  3.78804e-15  208.509  2672
7  208  2025-06-14 16-04-31  11.2  17303.8  4.39477e-15  211.09  2672
8  208  2025-06-14 16-04-31  12.8  17313.9  5.01702e-15  213.624  2672
9  208  2025-06-14 16-04-31  14.4  17324.3  5.6545e-15  216.113  2672
10  208  2025-06-14 16-04-31  128  17335  6.30695e-15  218.557  2672
11  208  2025-06-14 16-04-31  129.6  17345.9  6.9741e-15  220.957  2672
12  208  2025-06-14 16-04-31  131.2  17357  7.65568e-15  223.314  2672
13  208  2025-06-14 16-04-31  132.8  17368.4  8.35143e-15  225.629  2672
14  208  2025-06-14 16-04-31  134.4  17380  9.0611e-15  227.902  2672
15  208  2025-06-14 16-04-31  136  17391.8  9.78444e-15  230.134  2672
16  208  2025-06-14 16-04-31  137.6  17403.8  1.05212e-14  232.326  2672
17  208  2025-06-14 16-04-31  139.2  17416.1  1.12711e-14  234.478  2672
18  208  2025-06-14 16-04-31  140.8  17428.5  1.2034e-14  236.592  2672
19  208  2025-06-14 16-04-31  142.4  17441.2  1.28096e-14  238.668  2672
20  208  2025-06-14 16-04-31  144  17454.1  1.35977e-14  240.706  2672
21  208  2025-06-14 16-04-31  145.6  17467.1  1.4398e-14  242.708  2672
22  208  2025-06-14 16-04-31  147.2  17480.4  1.52104e-14  244.674  2672
23  208  2025-06-14 16-04-31  148.8  17493.9  1.60345e-14  246.604  2672
24  208  2025-06-14 16-04-31  150.4  17507.5  1.68703e-14  248.5  2672
25  208  2025-06-14 16-04-31  152  17521.4  1.77175e-14  250.361  2672
26  208  2025-06-14 16-04-31  153.6  17535.4  1.85759e-14  252.189  2672
27  208  2025-06-14 16-04-31  155.2  17549.6  1.94453e-14  253.984  2672
28  208  2025-06-14 16-04-31  156.8  17564  2.03255e-14  255.747  2672
29  208  2025-06-14 16-04-31  158.4  17578.5  2.12162e-14  257.479  2672
30  208  2025-06-14 16-04-31  160  17593.2  2.21174e-14  259.179  2672
31  208  2025-06-14 16-04-31  161.6  17608.1  2.30288e-14  260.848  2672
32  208  2025-06-14 16-04-31  163.2  17623.2  2.39503e-14  262.488  2672
33  208  2025-06-14 16-04-31  164.8  17638.4  2.48816e-14  264.098  2672
34  208  2025-06-14 16-04-31  166.4  17653.7  2.58225e-14  265.679  2672
35  208  2025-06-14 16-04-31  168  17669.3  2.6773e-14  267.231  2672
36  208  2025-06-14 16-04-31  169.6  17684.9  2.77328e-14  268.756  2672
37  208  2025-06-14 16-04-31  171.2  17700.8  2.87018e-14  270.253  2672
38  208  2025-06-14 16-04-31  172.8  17716.7  2.96798e-14  271.724  2672
39  208  2025-06-14 16-04-31  174.4  17732.8  3.06667e-14  1393.17  2672
40  208  2025-06-14 16-04-31  176  17749.1  3.16622e-14  1394.59  2672
41  208  2025-06-14 16-04-31  177.6  17765.5  3.26662e-14  1395.98  2672
42  208  2025-06-14 16-04-31  179.2  17782  3.36786e-14  1397.35  2672
43  208  2025-06-14 16-04-31  180.8  17798.7  3.46993e-14  1398.69  2672
44  208  2025-06-14 16-04-31  182.4  17815.5  3.5728e-14  1400.01  2672
45  208  2025-06-14 16-04-31  184  17832.4  3.67646e-14  1401.3  2672
46  208  2025-06-14 16-04-31  185.6  17849.5  3.7809e-14  1402.57  2672
47  208  2025-06-14 16-04-31  187.2  17866.7  3.88611e-14  1403.82  2672
48  208  2025-06-14 16-04-31  188.8  17884  3.99207e-14  1405.05  2672
49  208  2025-06-14 16-04-31  190.4  17901.4  4.09876e-14  1406.25  2672
50  208  2025-06-14 16-04-31  192  17918.9  4.20618e-14  1407.43  2672
51  208  2025-06-14 16-04-31  193.6  17936.6  4.31431e-14  1408.6  2672
52  208  2025-06-14 16-04-31  195.2  17954.4  4.42314e-14  1409.74  2672
53  208  2025-06-14 16-04-31  196.8  17972.3  4.53265e-14  1410.86  2672
54  208  2025-06-14 16-04-31  198.4  17990.3  4.64284e-14  1411.96  2672
55  208  2025-06-14 16-04-31  200  18008.4  4.75369e-14  1413.04  2672
56  208  2025-06-14 16-04-31  201.6  18026.6  4.86519e-14  1414.1  2672
57  208  2025-06-14 16-04-31  203.2  18044.9  4.97733e-14  1415.14  2672
58  208  2025-06-14 16-04-31  204.8  18063.3  5.09009e-14  1416.16  2672
59  208  2025-06-14 16-04-31  206.4  18081.8  5.20346e-14  1417.17  2672
60  208  2025-06-14 16-04-31  208  18100.4  5.31745e-14  1418.15  2672
61  208  2025-06-14 16-04-31  209.6  18119.1  5.43202e-14  1419.12  2672
62  208  2025-06-14 16-04-31  211.2  18138  5.54718e-14  1420.07  2672
63  208  2025-06-14 16-04-31  212.8  18156.9  5.6629e-14  1421  2672
64  208  2025-06-14 16-04-31  214.4  18175.8  5.77919e-14  1421.92  2672
65  208  2025-06-14 16-04-31  216  18194.9  5.89604e-14  1422.82  2672
66  208  2025-06-14 16-04-31  217.6  18214.1  6.01342e-14  1423.71  2672
67  208  2025-06-14 16-04-31  219.2  18233.4  6.13133e-14  1424.58  2672
68  208  2025-06-14 16-04-31  220.8  18252.7  6.24977e-14  1425.43  2672
69  208  2025-06-14 16-04-31  222.4  18272.1  6.36872e-14  1426.27  2672
70  208  2025-06-14 16-04-31  224  18291.6  6.48818e-14  1427.09  2672
71  208  2025-06-14 16-04-31  225.6  18311.2  6.60812e-14  1427.9  2672
72  208  2025-06-14 16-04-31  227.2  18330.9  6.72856e-14  1428.69  2672
73  208  2025-06-14 16-04-31  228.8  18350.6  6.84947e-14  1429.47  2672
74  208  2025-06-14 16-04-31  230.4  18370.5  6.97085e-14  1430.23  2672
75  208  2025-06-14 16-04-31  232  18390.4  7.09269e-14  1430.99  2672
76  208  2025-06-14 16-04-31  233.6  18410.3  7.21498e-14  1431.72  2672
77  208  2025-06-14 16-04-31  235.2  18430.4  7.33771e-14  1432.45  2672
78  208  2025-06-14 16-04-31  236.8  18450.5  7.46088e-14  1433.16  2672
79  208  2025-06-14 16-04-31  238.4  18470.7  7.58448e-14  1433.86  2672
80  208  2025-06-14 16-04-31  240  18490.9  7.7085e-14  1434.54  2672
81  208  2025-06-14 16-04-31  241.6  18511.3  7.83293e-14  1435.22  2672
82  208  2025-06-14 16-04-31  243.2  18531.6  7.95777e-14  1435.88  2672
83  208  2025-06-14 16-04-31  244.8  18552.1  8.083e-14  1436.53  2672
84  208  2025-06-14 16-04-31  246.4  18572.6  8.20862e-14  1437.17  2672
85  208  2025-06-14 16-04-31  248  18593.2  8.33463e-14  1437.79  2672
86  208  2025-06-14 16-04-31  249.6  18613.8  8.46102e-14  1438.41  2672
87  208  2025-06-14 16-04-31  251.2  18634.5  8.58777e-14  1439.01  2672
88  208  2025-06-14 16-04-31  252.8  18655.3  8.71489e-14  1439.61  2672
89  208  2025-06-14 16-04-31  254.4  18676.1  8.84236e-14  1440.19  2672
90  208  2025-06-14 16-04-31  256  18697  8.97019e-14  1440.76  2672
91  208  2025-06-14 16-04-31  257.6  18717.9  9.09836e-14  1441.32  2672
92  208  2025-06-14 16-04-31  259.2  18738.9  9.22686e-14  1441.87  2672
93  208  2025-06-14 16-04-31  260.8  18760  9.3557e-14  1442.42  2672
94  208  2025-06-14 16-04-31  262.4  18781  9.48486e-14  1442.95  2672
95  208  2025-06-14 16-04-31  264  18802.2  9.61435e-14  1443.47  2672
96  208  2025-06-14 16-04-31  265.6  18823.4  9.74415e-14  1443.98  2672
97  208  2025-06-14 16-04-31  267.2  18844.6  9.87425e-14  1444.49  2672
98  208  2025-06-14 16-04-31  268.8  18865.9  1.00047e-13  1444.98  2672
99  208  2025-06-14 16-04-31  270.4  18887.3  1.01354e-13  1445.47  2672
100  208  2025-06-14 16-04-31  1392  18908.7  1.02664e-13  1445.95  2672
101  208  2025-06-14 16-04-31  1393.6  18930.1  1.03977e-13  1446.41  2672
102  208  2025-06-14 16-04-31  1395.2  18951.6  1.05292e-13  1446.87  2672
103  208  2025-06-14 16-04-31  1396.8  18973.1  1.06611e-13  1447.33  2672
104  208  2025-06-14 16-04-31  1398.4  18994.7  1.07932e-13  1447.77  2672
105  208  2025-06-14 16-04-31  1400  19016.3  1.09256e-13  1448.21  2672
106  208  2025-06-14 16-04-31  1401.6  19038  1.10582e-13  1448.63  2672
107  208  2025-06-14 16-04-31  1403.2  19059.7  1.11911e-13  1449.05  2672
108  208  2025-06-14 16-04-31  1404.8  19081.5  1.13243e-13  1449.47  2672
109  208  2025-06-14 16-04-31  1406.4  19103.2  1.14577e-13  1449.87  2672
110  208  2025-06-14 16-04-31  1408  19125.1  1.15913e-13  1450.27  2672
111  208  2025-06-14 16-04-31  1409.6  19146.9  1.17252e-13  1450.66  2672
112  208  2025-06-14 16-04-31  1411.2  19168.8  1.18593e-13  1451.04  2672
113  208  2025-06-14 16-04-31  1412.8  19190.8  1.19937e-13  1451.42  2672
114  208  2025-06-14 16-04-31  1414.4  19212.8  1.21283e-13  1451.79  2672
115  208  2025-06-14 16-04-31  1416  19234.8  1.22631e-13  1452.16  2672
116  208  2025-06-14 16-04-31  1417.6  19256.8  1.23981e-13  1452.51  2672
117  208  2025-06-14 16-04-31  1419.2  19278.9  1.25333e-13  1452.86  2672
118  208  2025-06-14 16-04-31  1420.8  19301  1.26688e-13  1453.21  2672
119  208  2025-06-14 16-04-31  1422.4  19323.2  1.28044e-13  1453.55  2672
120  208  2025-06-14 16-04-31  1424  19345.4  1.29403e-13  1453.88  2672
121  208  2025-06-14 16-04-31  1425.6  19367.6  1.30763e-13  1454.2  2672
122  208  2025-06-14 16-04-31  1427.2  19389.9  1.32126e-13  1454.52  2672
123  208  2025-06-14 16-04-31  1428.8  19412.1  1.3349e-13  1454.84  2672
124  208  2025-06-14 16-04-31  1430.4  19434.4  1.34857e-13  1455.15  2672
125  208  2025-06-14 16-04-31  1432  19456.8  1.36225e-13  1455.45  2672
126  208  2025-06-14 16-04-31  1433.6  19479.2  1.37595e-13  1455.75  2672
127  208  2025-06-14 16-04-31  1435.2  19501.6  1.38967e-13  1456.04  2672
128  208  2025-06-14 16-04-31  1436.8  19524  1.4034e-13  1456.33  2672
129  208  2025-06-14 16-04-31  1438.4  19546.5  1.41715e-13  1456.61  2672
130  208  2025-06-14 16-04-31  1440  19569  1.43092e-13  1456.89  2672
131  208  2025-06-14 16-04-31  1441.6  19591.5  1.44471e-13  1457.16  2672
132  208  2025-06-14 16-04-31  1443.2  19614  1.45851e-13  1457.42  2672
133  208  2025-06-14 16-04-31  1444.8  19636.6  1.47233e-13  1457.69  2672
134  208  2025-06-14 16-04-31  1446.4  19659.2  1.48617e-13  1457.94  2672
135  208  2025-06-14 16-04-31  1448  19681.8  1.50002e-13  1458.2  2672
136  208  2025-06-14 16-04-31  1449.6  19704.4  1.51388e-13  1458.44  2672
137  208  2025-06-14 16-04-31  1451.2  19727.1  1.52776e-13  1458.69  2672
138  208  2025-06-14 16-04-31  1452.8  19749.8  1.54166e-13  1458.93  2672
139  208  2025-06-14 16-04-31  1454.4  19772.5  1.55557e-13  1459.16  2672
140  208  2025-06-14 16-04-31  1456  19795.3  1.56949e-13  1459.39  2672
141  208  2025-06-14 16-04-31  1457.6  19818  1.58343e-13  1459.62  2672
142  208  2025-06-14 16-04-31  1459.2  19840.8  1.59738e-13  1459.84  2672
143  208  2025-06-14 16-04-31  1460.8  19863.6  1.61134e-13  1460.06  2672
144  208  2025-06-14 16-04-31  1462.4  19886.4  1.62532e-13  1460.28  2672
145  208  2025-06-14 16-04-31  1464  19909.3  1.63931e-13  1460.49  2672
146  208  2025-06-14 16-04-31  1465.6  19932.2  1.65331e-13  1460.69  2672
147  208  2025-06-14 16-04-31  1467.2  19955  1.66733e-13  1460.9  2672
148  208  2025-06-14 16-04-31  1468.8  19978  1.68136e-13  1461.1  2672
149  208  2025-06-14 16-04-31  1470.4  20000.9  1.6954e-13  1461.29  2672
150  208  2025-06-14 16-04-31  1472  20023.8  1.70945e-13  1461.49  2672
151  208  2025-06-14 16-04-31  1473.6  20046.8  1.72351e-13  1461.68  2672
152  208  2025-06-14 16-04-31  1475.2  20069.8  1.73759e-13  1461.86  2672
153  208  2025-06-14 16-04-31  1476.8  20092.8  1.75167e-13  1462.04  2672
154  208  2025-06-14 16-04-31  1478.4  20115.8  1.76577e-13  1462.22  2672
155  208  2025-06-14 16-04-31  1480  20138.9  1.77988e-13  1462.4  2672
156  208  2025-06-14 16-04-31  1481.6  20161.9  1.79399e-13  1462.57  2672
157  208  2025-06-14 16-04-31  1483.2  20185  1.80812e-13  1462.74  2672
158  208  2025-06-14 16-04-31  1484.8  20208.1  1.82226e-13  1462.91  2672
159  208  2025-06-14 16-04-31  1486.4  20231.2  1.83641e-13  1463.07  2672
160  208  2025-06-14 16-04-31  1488  20254.3  1.85057e-13  1463.23  2672
161  208  2025-06-14 16-04-31  1489.6  20277.4  1.86474e-13  1463.39  2672
162  208  2025-06-14 16-04-31  1491.2  20300.6  1.87891e-13  1463.54  2672
163  208  2025-06-14 16-04-31  1492.8  20323.8  1.8931e-13  1463.7  2672
164  208  2025-06-14 16-04-31  1494.4  20347  1.9073e-13  1463.85  2672
165  208  2025-06-14 16-04-31  1496  20370.2  1.9215e-13  1463.99  2672
166  208  2025-06-14 16-04-31  1497.6  20393.4  1.93571e-13  1464.14  2672
167  208  2025-06-14 16-04-31  1499.2  20416.6  1.94994e-13  1464.28  2672
168  208  2025-06-14 16-04-31  1500.8  20439.8  1.96417e-13  1464.42  2672
169  208  2025-06-14 16-04-31  1502.4  20463.1  1.97841e-13  1464.55  2672
170  208  2025-06-14 16-04-31  1504  20486.4  1.99265e-13  1464.69  2672
171  208  2025-06-14 16-04-31  1505.6  20509.6  2.00691e-13  1464.82  2672
172  208  2025-06-14 16-04-31  1507.2  20532.9  2.02117e-13  1464.95  2672
173  208  2025-06-14 16-04-31  1508.8  20556.2  2.03544e-13  1465.07  2672
174  208  2025-06-14 16-04-31  1510.4  20579.6  2.04972e-13  1465.2  2672
175  208  2025-06-14 16-04-31  1512  20602.9  2.06401e-13  1465.32  2672
176  208  2025-06-14 16-04-31  1513.6  20626.2  2.0783e-13  1465.44  2672
177  208  2025-06-14 16-04-31  1515.2  20649.6  2.0926e-13  1465.56  2672
178  208  2025-06-14 16-04-31  1516.8  20673  2.10691e-13  1465.68  2672
179  208  2025-06-14 16-04-31  1518.4  20696.3  2.12123e-13  1465.79  2672
180  208  2025-06-14 16-04-31  1520  20719.7  2.13555e-13  1465.9  2672
181  208  2025-06-14 16-04-31  1521.6  20743.1  2.14988e-13  1466.01  2672
182  208  2025-06-14 16-04-31  1523.2  20766.5  2.16421e-13  1466.12  2672
183  208  2025-06-14 16-04-31  1524.8  20790  2.17855e-13  1466.22  2672
184  208  2025-06-14 16-04-31  1526.4  20813.4  2.1929e-13  1466.33  2672
185  208  2025-06-14 16-04-31  1528  20836.8  2.20726e-13  1466.43  2672
186  208  2025-06-14 16-04-31  1529.6  20860.3  2.22162e-13  1466.53  2672
187  208  2025-06-14 16-04-31  1531.2  20883.8  2.23598e-13  1466.63  2672
188  208  2025-06-14 16-04-31  1532.8  20907.2  2.25036e-13  1466.72  2672
189  208  2025-06-14 16-04-31  1534.4  20930.7  2.26473e-13  1466.82  2672
190  208  2025-06-14 16-04-31  1536  20954.2  2.27912e-13  1466.91  2672
191  208  2025-06-14 16-04-31  1537.6  20977.7  2.29351e-13  1467  2672
192  208  2025-06-14 16-04-31  1539.2  21001.2  2.3079e-13  1467.09  2672
193  208  2025-06-14 16-04-31  1540.8  21024.7  2.3223e-13  1467.18  2672
194  208  2025-06-14 16-04-31  1542.4  21048.3  2.33671e-13  1467.27  2672
195  208  2025-06-14 16-04-31  1544  21071.8  2.35112e-13  1467.35  2672
196  208  2025-06-14 16-04-31  1545.6  21095.3  2.36553e-13  1467.44  2672
197  208  2025-06-14 16-04-31  1547.2  21118.9  2.37996e-13  1467.52  2672
198  208  2025-06-14 16-04-31  1548.8  21142.5  2.39438e-13  1467.6  2672
199  208  2025-06-14 16-04-31  1550.4  21166  2.40881e-13  1467.68  2672
200  208  2025-06-14 16-04-31  1552  21189.6  2.42325e-13  1467.76  2672
201  208  2025-06-14 16-04-31  1553.6  21213.2  2.43769e-13  1467.83  2672
202  208  2025-06-14 16-04-31  1555.2  21236.8  2.45213e-13  1467.91  2672
203  208  2025-06-14 16-04-31  1556.8  21260.4  2.46658e-13  1467.98  2672
204  208  2025-06-14 16-04-31  1558.4  21284  2.48104e-13  1468.05  2672
205  208  2025-06-14 16-04-31  1560  21307.6  2.49549e-13  1468.13  2672
206  208  2025-06-14 16-04-31  1561.6  21331.2  2.50996e-13  1468.2  2672
207  208  2025-06-14 16-04-31  1563.2  21354.8  2.52442e-13  1468.26  2672
208  208  2025-06-14 16-04-31  1564.8  21378.5  2.53889e-13  1468.33  2672
209  208  2025-06-14 16-04-31  1566.4  21402.1  2.55337e-13  1468.4  2672
210  208  2025-06-14 16-04-31  1568  21425.7  2.56785e-13  1468.46  2672
211  208  2025-06-14 16-04-31  1569.6  21449.4  2.58233e-13  1468.53  2672
212  208  2025-06-14 16-04-31  1571.2  21473.1  2.59681e-13  1468.59  2672
213  208  2025-06-14 16-04-31  1572.8  21496.7  2.6113e-13  1468.65  2672
214  208  2025-06-14 16-04-31  1574.4  21520.4  2.6258e-13  1468.71  2672
215  208  2025-06-14 16-04-31  1576  21544.1  2.6403e-13  1468.77  2672
216  208  2025-06-14 16-04-31  1577.6  21567.8  2.6548e-13  1468.83  2672
217  208  2025-06-14 16-04-31  1579.2  21591.4  2.6693e-13  1468.88  2672
218  208  2025-06-14 16-04-31  1580.8  21615.1  2.68381e-13  1468.94  2672
219  208  2025-06-14 16-04-31  1582.4  21638.8  2.69832e-13  1468.99  2672
220  208  2025-06-14 16-04-31  1584  21662.5  2.71284e-13  1469.05  2672
221  208  2025-06-14 16-04-31  1585.6  21686.3  2.72735e-13  1469.1  2672
222  208  2025-06-14 16-04-31  1587.2  21710  2.74187e-13  1469.15  2672
223  208  2025-06-14 16-04-31  1588.8  21733.7  2.7564e-13  1469.21  2672
224  208  2025-06-14 16-04-31  1590.4  21757.4  2.77093e-13  1469.26  2672
225  208  2025-06-14 16-04-31  1592  21781.1  2.78546e-13  1469.3  2672
226  208  2025-06-14 16-04-31  1593.6  21804.9  2.79999e-13  1469.35  2672
227  208  2025-06-14 16-04-31  1595.2  21828.6  2.81453e-13  1469.4  2672
228  208  2025-06-14 16-04-31  1596.8  21852.4  2.82906e-13  1469.45  2672
229  208  2025-06-14 16-04-31  1598.4  21876.1  2.84361e-13  1469.49  2672
230  208  2025-06-14 16-04-31  1600  21899.9  2.85815e-13  1469.54  2672
231  208  2025-06-14 16-04-31  1601.6  21923.6  2.8727e-13  1469.58  2672
232  208  2025-06-14 16-04-31  1603.2  21947.4  2.88725e-13  1469.63  2672
233  208  2025-06-14 16-04-31  1604.8  21971.2  2.9018e-13  1469.67  2672
234  208  2025-06-14 16-04-31  1606.4  21994.9  2.91636e-13  1469.71  2672
235  208  2025-06-14 16-04-31  1608  22018.7  2.93091e-13  1469.75  2672
236  208  2025-06-14 16-04-31  1609.6  22042.5  2.94547e-13  1469.79  2672
237  208  2025-06-14 16-04-31  1611.2  22066.3  2.96004e-13  1469.83  2672
238  208  2025-06-14 16-04-31  1612.8  22090.1  2.9746e-13  1469.87  2672
239  208  2025-06-14 16-04-31  1614.4  22113.8  2.98917e-13  1469.91  2672
240  208  2025-06-14 16-04-31  1616  22137.6  3.00374e-13  1469.95  2672
241  208  2025-06-14 16-04-31  1617.6  22161.4  3.01831e-13  1469.98  2672
242  208  2025-06-14 16-04-31  1619.2  22185.2  3.03288e-13  1470.02  2672
243  208  2025-06-14 16-04-31  1620.8  22209  3.04746e-13  1470.06  2672
244  208  2025-06-14 16-04-31  1622.4  22232.9  3.06204e-13  1470.09  2672
245  208  2025-06-14 16-04-31  1624  22256.7  3.07662e-13  1470.13  2672
246  208  2025-06-14 16-04-31  1625.6  22280.5  3.0912e-13  1470.16  2672
247  208  2025-06-14 16-04-31  1627.2  22304.3  3.10579e-13  1470.19  2672
248  208  2025-06-14 16-04-31  1628.8  22328.1  3.12037e-13  1470.22  2672
249  208  2025-06-14 16-04-31  1630.4  22351.9  3.13496e-13  1470.26  2672
250  208  2025-06-14 16-04-31  1632  22375.8  3.14955e-13  1470.29  2672
251  208  2025-06-14 16-04-31  1633.6  22399.6  3.16414e-13  1470.32  2672
252  208  2025-06-14 16-04-31  1635.2  22423.4  3.17874e-13  1470.35  2672
253  208  2025-06-14 16-04-31  1636.8  22447.3  3.19333e-13  1470.38  2672
254  208  2025-06-14 16-04-31  1638.4  22471.1  3.20793e-13  1470.41  2672
255  208  2025-06-14 16-04-31  1640  22495  3.22253e-13  1470.44  2672
256  208  2025-06-14 16-04-31  1641.6  22518.8  3.23713e-13  1470.46  2672
257  208  2025-06-14 16-04-31  1643.2  22542.7  3.25174e-13  1470.49  2672
258  208  2025-06-14 16-04-31  1644.8  22566.5  3.26634e-13  1470.52  2672
259  208  2025-06-14 16-04-31  1646.4  22590.4  3.28095e-13  1470.55  2672
260  208  2025-06-14 16-04-31  1648  22614.2  3.29555e-13  1470.57  2672
261  208  2025-06-14 16-04-31  1649.6  22638.1  3.31016e-13  1470.6  2672
262  208  2025-06-14 16-04-31  1651.2  22661.9  3.32477e-13  1470.62  2672
263  208  2025-06-14 16-04-31  1652.8  22685.8  3.33939e-13  1470.65  2672
264  208  2025-06-14 16-04-31  1654.4  22709.7  3.354e-13  1470.67  2672
265  208  2025-06-14 16-04-31  1656  22733.5  3.36862e-13  1470.7  2672
266  208  2025-06-14 16-04-31  1657.6  22757.4  3.38323e-13  1470.72  2672
267  208  2025-06-14 16-04-31  1659.2  22781.3  3.39785e-13  1470.74  2672
268  208  2025-06-14 16-04-31  1660.8  22805.2  3.41247e-13  1470.77  2672
269  208  2025-06-14 16-04-31  1662.4  22829.1  3.42709e-13  1470.79  2672
270  208  2025-06-14 16-04-31  1664  22852.9  3.44171e-13  1470.81  2672
271  208  2025-06-14 16-04-31  1665.6  22876.8  3.45634e-13  1470.83  2672
272  208  2025-06-14 16-04-31  1667.2  22900.7  3.47096e-13  1470.85  2672
273  208  2025-06-14 16-04-31  1668.8  22924.6  3.48559e-13  1470.87  2672
274  208  2025-06-14 16-04-31  1670.4  22948.5  3.50022e-13  1470.89  2672
275  208  2025-06-14 16-04-31  1672  22972.4  3.51485e-13  1470.91  2672
276  208  2025-06-14 16-04-31  1673.6  22996.3  3.52948e-13  1470.93  2672
277  208  2025-06-14 16-04-31  1675.2  23020.2  3.54411e-13  1470.95  2672
278  208  2025-06-14 16-04-31  1676.8  23044.1  3.55874e-13  1470.97  2672
279  208  2025-06-14 16-04-31  1678.4  23068  3.57337e-13  1470.99  2672
280  208  2025-06-14 16-04-31  1680  23091.9  3.58801e-13  1471.01  2672
281  208  2025-06-14 16-04-31  1681.6  23115.8  3.60264e-13  1471.02  2672
282  208  2025-06-14 16-04-31  1683.2  23139.7  3.61728e-13  1471.04  2672
283  208  2025-06-14 16-04-31  1684.8  23163.6  3.63192e-13  1471.06  2672
284  208  2025-06-14 16-04-31  1686.4  23187.5  3.64655e-13  1471.08  2672
285  208  2025-06-14 16-04-31  1688  23211.4  3.66119e-13  1471.09  2672
286  208  2025-06-14 16-04-31  1689.6  23235.3  3.67584e-13  1471.11  2672
287  208  2025-06-14 16-04-31  1691.2  23259.2  3.69048e-13  1471.13  2672
288  208  2025-06-14 16-04-31  1692.8  23283.1  3.70512e-13  1471.14  2672
289  208  2025-06-14 16-04-31  1694.4  23307  3.71976e-13  1471.16  2672
290  208  2025-06-14 16-04-31  1696  23331  3.73441e-13  1471.17  2672
291  208  2025-06-14 16-04-31  1697.6  23354.9  3.74905e-13  1471.19  2672
292  208  2025-06-14 16-04-31  1699.2  23378.8  3.7637e-13  1471.2  2672
293  208  2025-06-14 16-04-31  1700.8  23402.7  3.77835e-13  1471.22  2672
294  208  2025-06-14 16-04-31  1702.4  23426.6  3.793e-13  1471.23  2672
295  208  2025-06-14 16-04-31  1704  23450.6  3.80764e-13  1471.24  2672
296  208  2025-06-14 16-04-31  1705.6  23474.5  3.82229e-13  1471.26  2672
297  208  2025-06-14 16-04-31  1707.2  23498.4  3.83694e-13  1471.27  2672
298  208  2025-06-14 16-04-31  1708.8  23522.3  3.8516e-13  1471.28  2672
299  208  2025-06-14 16-04-31  1710.4  23546.3  3.86625e-13  1471.3  2672
300  208  2025-06-14 16-04-31  1712  23570.2  3.8809e-13  1471.31  2672
301  208  2025-06-14 16-04-31  1713.6  23594.1  3.89555e-13  1471.32  2672
302  208  2025-06-14 16-04-31  1715.2  23618.1  3.91021e-13  1471.33  2672
303  208  2025-06-14 16-04-31  1716.8  23642  3.92486e-13  1471.35  2672
304  208  2025-06-14 16-04-31  1718.4  23665.9  3.93952e-13  1471.36  2672
305  208  2025-06-14 16-04-31  1720  23689.9  3.95418e-13  1471.37  2672
306  208  2025-06-14 16-04-31  1721.6  23713.8  3.96883e-13  1471.38  2672
307  208  2025-06-14 16-04-31  1723.2  23737.8  3.98349e-13  1471.39  2672
308  208  2025-06-14 16-04-31  1724.8  23761.7  3.99815e-13  1471.4  2672
309  208  2025-06-14 16-04-31  1726.4  23785.6  4.01281e-13  1471.41  2672
310  208  2025-06-14 16-04-31  1728  23809.6  4.02747e-13  1471.42  2672
311  208  2025-06-14 16-04-31  1729.6  23833.5  4.04213e-13  1471.43  2672
312  208  2025-06-14 16-04-31  1731.2  23857.5  4.05679e-13  1471.44  2672
313  208  2025-06-14 16-04-31  1732.8  23881.4  4.07145e-13  1471.45  2672
314  208  2025-06-14 16-04-31  1734.4  23905.4  4.08612e-13  1471.46  2672
315  208  2025-06-14 16-04-31  1736  23929.3  4.10078e-13  1471.47  2672
316  208  2025-06-14 16-04-31  1737.6  23953.3  4.11544e-13  1471.48  2672
317  208  2025-06-14 16-04-31  1739.2  23977.2  4.13011e-13  1471.49  2672
318  208  2025-06-14 16-04-31  1740.8  24001.2  4.14477e-13  1471.5  2672
319  208  2025-06-14 16-04-31  1742.4  24025.1  4.15944e-13  1471.51  2672
320  208  2025-06-14 16-04-31  1744  24049.1  4.1741e-13  1471.52  2672
321  208  2025-06-14 16-04-31  1745.6  24073  4.18877e-13  1471.53  2672
322  208  2025-06-14 16-04-31  1747.2  24097  4.20344e-13  1471.54  2672
323  208  2025-06-14 16-04-31  1748.8  24120.9  4.2181e-13  1471.54  2672
324  208  2025-06-14 16-04-31  1750.4  24144.9  4.23277e-13  1471.55  2672
325  208  2025-06-14 16-04-31  1752  24168.8  4.24744e-13  1471.56  2672
326  208  2025-06-14 16-04-31  1753.6  24192.8  4.26211e-13  1471.57  2672
327  208  2025-06-14 16-04-31  1755.2  24216.7  4.27678e-13  1471.58  2672
328  208  2025-06-14 16-04-31  1756.8  24240.7  4.29145e-13  1471.58  2672
329  208  2025-06-14 16-04-31  1758.4  24264.7  4.30612e-13  1471.59  2672
330  208  2025-06-14 16-04-31  1760  24288.6  4.32079e-13  1471.6  2672
331  208  2025-06-14 16-04-31  1761.6  24312.6  4.33546e-13  1471.61  2672
332  208  2025-06-14 16-04-31  1763.2  24336.5  4.35013e-13  1471.61  2672
333  208  2025-06-14 16-04-31  1764.8  24360.5  4.3648e-13  1471.62  2672
334  208  2025-06-14 16-04-31  1766.4  24384.5  4.37948e-13  1471.63  2672
335  208  2025-06-14 16-04-31  1768  24408.4  4.39415e-13  1471.63  2672
336  208  2025-06-14 16-04-31  1769.6  24432.4  4.40882e-13  1471.64  2672
337  208  2025-06-14 16-04-31  1771.2  24456.4  4.4235e-13  1471.65  2672
338  208  2025-06-14 16-04-31  1772.8  24480.3  4.43817e-13  1471.65  2672
339  208  2025-06-14 16-04-31  1774.4  24504.3  4.45285e-13  1471.66  2672
340  208  2025-06-14 16-04-31  1776  24528.3  4.46752e-13  1471.67  2672
341  208  2025-06-14 16-04-31  1777.6  24552.2  4.4822e-13  1471.67  2672
342  208  2025-06-14 16-04-31  1779.2  24576.2  4.49687e-13  1471.68  2672
343  208  2025-06-14 16-04-31  1780.8  24600.2  4.51155e-13  1471.68  2672
344  208  2025-06-14 16-04-31  1782.4  24624.1  4.52622e-13  1471.69  2672
345  208  2025-06-14 16-04-31  1784  24648.1  4.5409e-13  1471.69  2672
346  208  2025-06-14 16-04-31  1785.6  24672.1  4.55558e-13  1471.7  2672
347  208  2025-06-14 16-04-31  1787.2  24696  4.57025e-13  1471.71  2672
348  208  2025-06-14 16-04-31  1788.8  24720  4.58493e-13  1471.71  2672
349  208  2025-06-14 16-04-31  1790.4  24744  4.59961e-13  1471.72  2672
350  208  2025-06-14 16-04-31  1792  24768  4.61429e-13  1471.72  2672
351  208  2025-06-14 16-04-31  1793.6  24791.9  4.62897e-13  1471.73  2672
352  208  2025-06-14 16-04-31  1795.2  24815.9  4.64364e-13  1471.73  2672
353  208  2025-06-14 16-04-31  1796.8  24839.9  4.65832e-13  1471.74  2672
354  208  2025-06-14 16-04-31  1798.4  24863.8  4.673e-13  1471.74  2672
355  208  2025-06-14 16-04-31  1800  24887.8  4.68768e-13  1471.75  2672
356  208  2025-06-14 16-04-31  1801.6  24911.8  4.70236e-13  1471.75  2672
357  208  2025-06-14 16-04-31  1803.2  24935.8  4.71704e-13  1471.75  2672
358  208  2025-06-14 16-04-31  1804.8  24959.7  4.73172e-13  1471.76  2672
359  208  2025-06-14 16-04-31  1806.4  24983.7  4.7464e-13  1471.76  2672
360  208  2025-06-14 16-04-31  1808  25007.7  4.76109e-13  1471.77  2672
361  208  2025-06-14 16-04-31  1809.6  25031.7  4.77577e-13  1471.77  2672
362  208  2025-06-14 16-04-31  1811.2  25055.7  4.79045e-13  1471.78  2672
363  208  2025-06-14 16-04-31  1812.8  25079.6  4.80513e-13  1471.78  2672
364  208  2025-06-14 16-04-31  1814.4  25103.6  4.81981e-13  1471.78  2672
365  208  2025-06-14 16-04-31  1816  25127.6  4.83449e-13  1471.79  2672
366  208  2025-06-14 16-04-31  1817.6  25151.6  4.84918e-13  1471.79  2672
367  208  2025-06-14 16-04-31  1819.2  25175.5  4.86386e-13  1471.8  2672
368  208  2025-06-14 16-04-31  1820.8  25199.5  4.87854e-13  1471.8  2672
369  208  2025-06-14 16-04-31  1822.4  25223.5  4.89323e-13  1471.8  2672
370  208  2025-06-14 16-04-31  1824  25247.5  4.90791e-13  1471.81  2672
371  208  2025-06-14 16-04-31  1825.6  25271.5  4.92259e-13  1471.81  2672
372  208  2025-06-14 16-04-31  1827.2  25295.5  4.93728e-13  1471.81  2672
373  208  2025-06-14 16-04-31  1828.8  25319.4  4.95196e-13  1471.82  2672
374  208  2025-06-14 16-04-31  1830.4  25343.4  4.96664e-13  1471.82  2672
375  208  2025-06-14 16-04-31  1832  25367.4  4.98133e-13  1471.82  2672
376  208  2025-06-14 16-04-31  1833.6  25391.4  4.99601e-13  1471.83  2672
377  208  2025-06-14 16-04-31  1835.2  25415.4  5.0107e-13  1471.83  2672
378  208  2025-06-14 16-04-31  1836.8  25439.3  5.02538e-13  1471.83  2672
379  208  2025-06-14 16-04-31  1838.4  25463.3  5.04007e-13  1471.84  2672
380  208  2025-06-14 16-04-31  1840  25487.3  5.05475e-13  1471.84  2672
381  208  2025-06-14 16-04-31  1841.6  25511.3  5.06944e-13  1471.84  2672
382  208  2025-06-14 16-04-31  1843.2  25535.3  5.08413e-13  1471.84  2672
383  208  2025-06-14 16-04-31  1844.8  25559.3  5.09881e-13  1471.85  2672
384  208  2025-06-14 16-04-31  1846.4  25583.3  5.1135e-13  1471.85  2672
385  208  2025-06-14 16-04-31  1848  25607.2  5.12818e-13  1471.85  2672
386  208  2025-06-14 16-04-31  1849.6  25631.2  5.14287e-13  1471.85  2672
387  208  2025-06-14 16-04-31  1851.2  25655.2  5.15756e-13  1471.86  2672
388  208  2025-06-14 16-04-31  1852.8  25679.2  5.17224e-13  1471.86  2672
389  208  2025-06-14 16-04-31  1854.4  25703.2  5.18693e-13  1471.86  2672
390  208  2025-06-14 16-04-31  1856  25727.2  5.20162e-13  1471.87  2672
391  208  2025-06-14 16-04-31  1857.6  25751.2  5.2163e-13  1471.87  2672
392  208  2025-06-14 16-04-31  1859.2  25775.1  5.23099e-13  1471.87  2672
393  208  2025-06-14 16-04-31  1860.8  25799.1  5.24568e-13  1471.87  2672
394  208  2025-06-14 16-04-31  1862.4  25823.1  5.26037e-13  1471.87  2672
395  208  2025-06-14 16-04-31  1864  25847.1  5.27505e-13  1471.88  2672
396  208  2025-06-14 16-04-31  1865.6  25871.1  5.28974e-13  1471.88  2672
397  208  2025-06-14 16-04-31  1867.2  25895.1  5.30443e-13  1471.88  2672
398  208  2025-06-14 16-04-31  1868.8  25919.1  5.31912e-13  1471.88  2672
399  208  2025-06-14 16-04-31  1870.4  25943.1  5.33381e-13  1471.89  2672
400  208  2025-06-14 16-04-31  1872  25967  5.34849e-13  1471.89  2672
401  208  2025-06-14 16-04-31  1873.6  25991  5.36318e-13  1471.89  2672
402  208  2025-06-14 16-04-31  1875.2  26015  5.37787e-13  1471.89  2672
403  208  2025-06-14 16-04-31  1876.8  26039  5.39256e-13  1471.89  2672
404  208  2025-06-14 16-04-31  1878.4  26063  5.40725e-13  1471.9  2672
405  208  2025-06-14 16-04-31  1880  26087  5.42194e-13  1471.9  2672
406  208  2025-06-14 16-04-31  1881.6  26111  5.43663e-13  1471.9  2672
407  208  2025-06-14 16-04-31  1883.2  26135  5.45132e-13  1471.9  2672
408  208  2025-06-14 16-04-31  1884.8  26159  5.46601e-13  1471.9  2672
409  208  2025-06-14 16-04-31  1886.4  26183  5.4807e-13  1471.9  2672
410  208  2025-06-14 16-04-31  1888  26206.9  5.49539e-13  1471.91  2672
411  208  2025-06-14 16-04-31  1889.6  26230.9  5.51007e-13  1471.91  2672
412  208  2025-06-14 16-04-31  1891.2  26254.9  5.52476e-13  1471.91  2672
413  208  2025-06-14 16-04-31  1892.8  26278.9  5.53945e-13  1471.91  2672
414  208  2025-06-14 16-04-31  1894.4  26302.9  5.55414e-13  1471.91  2672
415  208  2025-06-14 16-04-31  1896  26326.9  5.56883e-13  1471.91  2672
416  208  2025-06-14 16-04-31  1897.6  26350.9  5.58352e-13  1471.92  2672
417  208  2025-06-14 16-04-31  1899.2  26374.9  5.59821e-13  1471.92  2672
418  208  2025-06-14 16-04-31  1900.8  26398.9  5.61291e-13  1471.92  2672
419  208  2025-06-14 16-04-31  1902.4  26422.9  5.6276e-13  1471.92  2672
420  208  2025-06-14 16-04-31  1904  26446.9  5.64229e-13  1471.92  2672
421  208  2025-06-14 16-04-31  1905.6  26470.8  5.65698e-13  1471.92  2672
422  208  2025-06-14 16-04-31  1907.2  26494.8  5.67167e-13  1471.92  2672
423  208  2025-06-14 16-04-31  1908.8  26518.8  5.68636e-13  1471.93  2672
424  208  2025-06-14 16-04-31  1910.4  26542.8  5.70105e-13  1471.93  2672
425  208  2025-06-14 16-04-31  1912  26566.8  5.71574e-13  1471.93  2672
426  208  2025-06-14 16-04-31  1913.6  26590.8  5.73043e-13  1471.93  2672
427  208  2025-06-14 16-04-31  1915.2  26614.8  5.74512e-13  1471.93  2672
428  208  2025-06-14 16-04-31  1916.8  26638.8  5.75981e-13  1471.93  2672
429  208  2025-06-14 16-04-31  1918.4  26662.8  5.7745e-13  1471.93  2672
430  208  2025-06-14 16-04-31  1920  26686.8  5.7892e-13  1471.93  2672
431  208  2025-06-14 16-04-31  1921.6  26710.8  5.80389e-13  1471.94  2672
432  208  2025-06-14 16-04-31  1923.2  26734.8  5.81858e-13  1471.94  2672
433  208  2025-06-14 16-04-31  1924.8  26758.8  5.83327e-13  1471.94  2672
434  208  2025-06-14 16-04-31  1926.4  26782.8  5.84796e-13  1471.94  2672
435  208  2025-06-14 16-04-31  1928  26806.8  5.86265e-13  1471.94  2672
436  208  2025-06-14 16-04-31  1929.6  26830.7  5.87734e-13  1471.94  2672
437  208  2025-06-14 16-04-31  1931.2  26854.7  5.89204e-13  1471.94  2672
438  208  2025-06-14 16-04-31  1932.8  26878.7  5.90673e-13  1471.94  2672
439  208  2025-06-14 16-04-31  1934.4  26902.7  5.92142e-13  1471.94  2672
440  208  2025-06-14 16-04-31  1936  26926.7  5.93611e-13  1471.95  2672
441  208  2025-06-14 16-04-31  1937.6  26950.7  5.9508e-13  1471.95  2672
442  208  2025-06-14 16-04-31  1939.2  26974.7  5.9655e-13  1471.95  2672
443  208  2025-06-14 16-04-31  1940.8  26998.7  5.98019e-13  1471.95  2672
444  208  2025-06-14 16-04-31  1942.4  27022.7  5.99488e-13  1471.95  2672
445  208  2025-06-14 16-04-31  1944  27046.7  6.00957e-13  1471.95  2672
446  208  2025-06-14 16-04-31  1945.6  27070.7  6.02426e-13  1471.95  2672
447  208  2025-06-14 16-04-31  1947.2  27094.7  6.03896e-13  1471.95  2672
448  208  2025-06-14 16-04-31  1948.8  27118.7  6.05365e-13  1471.95  2672
449  208  2025-06-14 16-04-31  1950.4  27142.7  6.06834e-13  1471.95  2672
450  208  2025-06-14 16-04-31  1952  27166.7  6.08303e-13  1471.95  2672
451  208  2025-06-14 16-04-31  1953.6  27190.7  6.09773e-13  1471.96  2672
452  208  2025-06-14 16-04-31  1955.2  27214.7  6.11242e-13  1471.96  2672
453  208  2025-06-14 16-04-31  1956.8  27238.7  6.12711e-13  1471.96  2672
454  208  2025-06-14 16-04-31  1958.4  27262.7  6.14181e-13  1471.96  2672
455  208  2025-06-14 16-04-31  1960  27286.7  6.1565e-13  1471.96  2672
456  208  2025-06-14 16-04-31  1961.6  27310.7  6.17119e-13  1471.96  2672
457  208  2025-06-14 16-04-31  1963.2  27334.6  6.18588e-13  1471.96  2672
458  208  2025-06-14 16-04-31  1964.8  27358.6  6.20058e-13  1471.96  2672
459  208  2025-06-14 16-04-31  1966.4  27382.6  6.21527e-13  1471.96  2672
460  208  2025-06-14 16-04-31  1968  27406.6  6.22996e-13  1471.96  2672
461  208  2025-06-14 16-04-31  1969.6  27430.6  6.24466e-13  1471.96  2672
462  208  2025-06-14 16-04-31  1971.2  27454.6  6.25935e-13  1471.96  2672
463  208  2025-06-14 16-04-31  1972.8  27478.6  6.27404e-13  1471.96  2672
464  208  2025-06-14 16-04-31  1974.4  27502.6  6.28873e-13  1471.96  2672
465  208  2025-06-14 16-04-31  1976  27526.6  6.30343e-13  1471.97  2672
466  208  2025-06-14 16-04-31  1977.6  27550.6  6.31812e-13  1471.97  2672
467  208  2025-06-14 16-04-31  1979.2  27574.6  6.33281e-13  1471.97  2672
468  208  2025-06-14 16-04-31  1980.8  27598.6  6.34751e-13  1471.97  2672
469  208  2025-06-14 16-04-31  1982.4  27622.6  6.3622e-13  1471.97  2672
470  208  2025-06-14 16-04-31  1984  27646.6  6.37689e-13  1471.97  2672
471  208  2025-06-14 16-04-31  1985.6  27670.6  6.39159e-13  1471.97  2672
472  208  2025-06-14 16-04-31  1987.2  27694.6  6.40628e-13  1471.97  2672
473  208  2025-06-14 16-04-31  1988.8  27718.6  6.42097e-13  1471.97  2672
474  208  2025-06-14 16-04-31  1990.4  27742.6  6.43567e-13  1471.97  2672
475  208  2025-06-14 16-04-31  1992  27766.6  6.45036e-13  1471.97  2672
476  208  2025-06-14 16-04-31  1993.6  27790.6  6.46505e-13  1471.97  2672
477  208  2025-06-14 16-04-31  1995.2  27814.6  6.47975e-13  1471.97  2672
478  208  2025-06-14 16-04-31  1996.8  27838.6  6.49444e-13  1471.97  2672
479  208  2025-06-14 16-04-31  1998.4  27862.6  6.50914e-13  1471.97  2672
480  208  2025-06-14 16-04-31  2000  27886.6  6.52383e-13  1471.97  2672
481  208  2025-06-14 16-04-31  2001.6  27910.6  6.53852e-13  1471.97  2672
482  208  2025-06-14 16-04-31  2003.2  27934.6  6.55322e-13  1471.97  2672
483  208  2025-06-14 16-04-31  2004.8  27958.6  6.56791e-13  1471.98  2672
484  208  2025-06-14 16-04-31  2006.4  27982.6  6.5826e-13  1471.98  2672
485  208  2025-06-14 16-04-31  2008  28006.6  6.5973e-13  1471.98  2672
486  208  2025-06-14 16-04-31  2009.6  28030.6  6.61199e-13  1471.98  2672
487  208  2025-06-14 16-04-31  2011.2  28054.6  6.62669e-13  1471.98  2672
488  208  2025-06-14 16-04-31  2012.8  28078.6  6.64138e-13  1471.98  2672
489  208  2025-06-14 16-04-31  2014.4  28102.6  6.65607e-13  1471.98  2672
490  208  2025-06-14 16-04-31  2016  28126.5  6.67077e-13  1471.98  2672
491  208  2025-06-14 16-04-31  2017.6  28150.5  6.68546e-13  1471.98  2672
492  208  2025-06-14 16-04-31  2019.2  28174.5  6.70016e-13  1471.98  2672
493  208  2025-06-14 16-04-31  2020.8  28198.5  6.71485e-13  1471.98  2672
494  208  2025-06-14 16-04-31  2022.4  28222.5  6.72954e-13  1471.98  2672
495  208  2025-06-14 16-04-31  2024  28246.5  6.74424e-13  1471.98  2672
496  208  2025-06-14 16-04-31  2025.6  28270.5  6.75893e-13  1471.98  2672
497  208  2025-06-14 16-04-31  2027.2  28294.5  6.77363e-13  1471.98  2672
498  208  2025-06-14 16-04-31  2028.8  28318.5  6.78832e-13  1471.98  2672
499  208  2025-06-14 16-04-31  2030.4  28342.5  6.80301e-13  1471.98  2672
500  208  2025-06-14 16-04-31  2032  28366.5  6.81771e-13  1471.98  2672
501  208  2025-06-14 16-04-31  2033.6  28390.5  6.8324e-13  1471.98  2672
502  208  2025-06-14 16-04-31  2035.2  28414.5  6.8471e-13  1471.98  2672
503  208  2025-06-14 16-04-31  2036.8  140439  6.86179e-13  1471.98  2672
504  208  2025-06-14 16-04-31  2038.4  140463  6.87648e-13  1471.98  2672
505  208  2025-06-14 16-04-31  2040  140487  6.89118e-13  1471.98  2672
506  208  2025-06-14 16-04-31  2041.6  140511  6.90587e-13  1471.98  2672
507  208  2025-06-14 16-04-31  2043.2  140535  6.92057e-13  1471.98  2672
508  208  2025-06-14 16-04-31  2044.8  140559  6.93526e-13  1471.98  2672
509  208  2025-06-14 16-04-31  2046.4  140583  6.94995e-13  1471.96  2672
510  208  2025-06-14 16-04-31  2048  140607  6.96465e-13  1471.92  2672
511  208  2025-06-14 16-04-31  2049.6  140630  6.97933e-13  1471.87  2672
512  208  2025-06-14 16-04-31  2051.2  140654  6.99401e-13  1471.79  2672
513  208  2025-06-14 16-04-31  2052.8  140678  7.00869e-13  1471.69  2672
514  208  2025-06-14 16-04-31  2054.4  140702  7.02336e-13  1471.58  2672
515  208  2025-06-14 16-04-31  2056  140726  7.03802e-13  1471.44  2672
516  208  2025-06-14 16-04-31  2057.6  140750  7.05267e-13  1471.29  2672
517  208  2025-06-14 16-04-31  2059.2  140774  7.06732e-13  1471.12  2672
518  208  2025-06-14 16-04-31  2060.8  140798  7.08195e-13  1470.94  2672
519  208  2025-06-14 16-04-31  2062.4  140822  7.09656e-13  1470.74  2672
520  208  2025-06-14 16-04-31  2064  140846  7.11117e-13  1470.52  2672
521  208  2025-06-14 16-04-31  2065.6  140870  7.12576e-13  1470.28  2672
522  208  2025-06-14 16-04-31  2067.2  140893  7.14033e-13  1470.04  2672
523  208  2025-06-14 16-04-31  2068.8  140917  7.15489e-13  1469.77  2672
524  208  2025-06-14 16-04-31  2070.4  140941  7.16943e-13  1469.49  2672
525  208  2025-06-14 16-04-31  2072  140965  7.18396e-13  1469.2  2672
526  208  2025-06-14 16-04-31  2073.6  140988  7.19846e-13  1468.89  2672
527  208  2025-06-14 16-04-31  2075.2  141012  7.21295e-13  1468.56  2672
528  208  2025-06-14 16-04-31  2076.8  141036  7.22741e-13  1468.23  2672
529  208  2025-06-14 16-04-31  2078.4  141059  7.24185e-13  1467.88  2672
530  208  2025-06-14 16-04-31  2080  141083  7.25627e-13  1467.51  2672
531  208  2025-06-14 16-04-31  2081.6  141106  7.27067e-13  1467.14  2672
532  208  2025-06-14 16-04-31  2083.2  141130  7.28505e-13  1466.75  2672
533  208  2025-06-14 16-04-31  2084.8  141153  7.2994e-13  1466.35  2672
534  208  2025-06-14 16-04-31  2086.4  141177  7.31372e-13  1465.94  2672
535  208  2025-06-14 16-04-31  2088  141200  7.32802e-13  1465.51  2672
536  208  2025-06-14 16-04-31  2089.6  141223  7.34229e-13  1465.08  2672
537  208  2025-06-14 16-04-31  2091.2  141247  7.35653e-13  1464.63  2672
538  208  2025-06-14 16-04-31  2092.8  141270  7.37075e-13  1464.17  2672
539  208  2025-06-14 16-04-31  2094.4  141293  7.38494e-13  1463.71  2672
540  208  2025-06-14 16-04-31  2096  141316  7.39909e-13  1463.23  2672
541  208  2025-06-14 16-04-31  2097.6  141339  7.41322e-13  1462.74  2672
542  208  2025-06-14 16-04-31  2099.2  141362  7.42732e-13  1462.24  2672
543  208  2025-06-14 16-04-31  2100.8  141385  7.44139e-13  1461.73  2672
544  208  2025-06-14 16-04-31  2102.4  141408  7.45542e-13  1461.22  2672
545  208  2025-06-14 16-04-31  2104  141431  7.46943e-13  1460.69  2672
546  208  2025-06-14 16-04-31  2105.6  141454  7.4834e-13  1460.16  2672
547  208  2025-06-14 16-04-31  2107.2  141476  7.49733e-13  1459.62  2672
