SN    USVID    CurTime    simTime    CurX    CurY    CurVel      CurYaw   
0  144  2025-06-09 22-12-13  0  2440  14512  192  2672
1  144  2025-06-09 22-12-13  1.6  2448.01  14511.9  192.058  2680.08
2  144  2025-06-09 22-12-13  3.2  2456.02  14511.8  192.115  2688.24
3  144  2025-06-09 22-12-13  4.8  2464.03  14511.6  192.173  2696.48
4  144  2025-06-09 22-12-13  6.4  2472.05  14511.3  192.23  2704.8
5  144  2025-06-09 22-12-13  8  2480.07  14510.9  192.288  2713.2
6  144  2025-06-09 22-12-13  9.6  2488.09  14510.5  192.345  2721.68
7  144  2025-06-09 22-12-13  11.2  2496.12  14510  192.403  2730.24
8  144  2025-06-09 22-12-13  12.8  2504.14  14509.4  192.46  2738.88
9  144  2025-06-09 22-12-13  14.4  2512.16  14508.7  192.518  2747.6
10  144  2025-06-09 22-12-13  128  2520.19  14508  192.576  2756.4
11  144  2025-06-09 22-12-13  129.6  2528.21  14507.2  192.633  2765.28
12  144  2025-06-09 22-12-13  131.2  2536.23  14506.3  192.691  2774.24
13  144  2025-06-09 22-12-13  132.8  2544.25  14505.4  192.748  2775.2
14  144  2025-06-09 22-12-13  134.4  2552.28  14504.4  192.806  2776.16
15  144  2025-06-09 22-12-13  136  2560.31  14503.5  192.863  2777.12
16  144  2025-06-09 22-12-13  137.6  2568.35  14502.6  192.921  2778.08
17  144  2025-06-09 22-12-13  139.2  2576.39  14501.6  192.978  2779.04
18  144  2025-06-09 22-12-13  140.8  2584.44  14500.7  193.036  2780
19  144  2025-06-09 22-12-13  142.4  2592.49  14499.7  193.094  2780.96
20  144  2025-06-09 22-12-13  144  2600.55  14498.8  193.151  2781.92
21  144  2025-06-09 22-12-13  145.6  2608.61  14497.8  193.209  2782.88
22  144  2025-06-09 22-12-13  147.2  2616.68  14496.8  193.266  2783.84
23  144  2025-06-09 22-12-13  148.8  2624.75  14495.8  193.324  2784.8
24  144  2025-06-09 22-12-13  150.4  2632.83  14494.8  193.381  2785.76
25  144  2025-06-09 22-12-13  152  2640.91  14493.8  193.439  2786.72
26  144  2025-06-09 22-12-13  153.6  2648.99  14492.7  193.496  2787.68
27  144  2025-06-09 22-12-13  155.2  2657.08  14491.7  193.554  2788.64
28  144  2025-06-09 22-12-13  156.8  2665.17  14490.7  193.612  2789.6
29  144  2025-06-09 22-12-13  158.4  2673.27  14489.6  193.669  2790.56
30  144  2025-06-09 22-12-13  160  2681.38  14488.6  193.727  2791.52
31  144  2025-06-09 22-12-13  161.6  2689.48  14487.5  193.784  2792.48
32  144  2025-06-09 22-12-13  163.2  2697.6  14486.4  193.842  2793.44
33  144  2025-06-09 22-12-13  164.8  2705.71  14485.3  193.899  2794.4
34  144  2025-06-09 22-12-13  166.4  2713.83  14484.2  193.957  2795.36
35  144  2025-06-09 22-12-13  168  2721.96  14483.1  194.014  2796.32
36  144  2025-06-09 22-12-13  169.6  2730.09  14482  194.072  2797.28
37  144  2025-06-09 22-12-13  171.2  2738.23  14480.9  194.13  2798.24
38  144  2025-06-09 22-12-13  172.8  2746.37  14479.7  194.187  2799.2
39  144  2025-06-09 22-12-13  174.4  2754.51  14478.6  194.245  2800.16
40  144  2025-06-09 22-12-13  176  2762.66  14477.4  194.302  2801.12
41  144  2025-06-09 22-12-13  177.6  2770.81  14476.3  194.36  2802.08
42  144  2025-06-09 22-12-13  179.2  2778.97  14475.1  194.417  2803.04
43  144  2025-06-09 22-12-13  180.8  2787.13  14473.9  194.475  2804
44  144  2025-06-09 22-12-13  182.4  2795.3  14472.7  194.532  2804.96
45  144  2025-06-09 22-12-13  184  2803.47  14471.5  194.59  2805.92
46  144  2025-06-09 22-12-13  185.6  2811.65  14470.3  194.648  2806.88
47  144  2025-06-09 22-12-13  187.2  2819.83  14469.1  194.705  2807.84
48  144  2025-06-09 22-12-13  188.8  2828.01  14467.8  194.763  2808.8
49  144  2025-06-09 22-12-13  190.4  14036.2  14466.6  194.82  2809.76
50  144  2025-06-09 22-12-13  192  14044.4  14465.3  194.878  2810.72
51  144  2025-06-09 22-12-13  193.6  14052.6  14464.1  194.935  2811.68
52  144  2025-06-09 22-12-13  195.2  14060.8  14462.8  194.993  2812.64
53  144  2025-06-09 22-12-13  196.8  14069  14461.5  195.05  2813.6
54  144  2025-06-09 22-12-13  198.4  14077.2  14460.3  195.108  2814.56
55  144  2025-06-09 22-12-13  200  14085.4  14459  195.166  2815.52
56  144  2025-06-09 22-12-13  201.6  14093.6  14457.7  195.223  2816.48
57  144  2025-06-09 22-12-13  203.2  14101.9  14456.3  195.281  2817.44
58  144  2025-06-09 22-12-13  204.8  14110.1  14455  195.338  2818.4
59  144  2025-06-09 22-12-13  206.4  14118.3  14453.7  195.396  2819.36
60  144  2025-06-09 22-12-13  208  14126.6  14452.3  195.453  2820.32
61  144  2025-06-09 22-12-13  209.6  14134.8  14451  195.511  2821.28
62  144  2025-06-09 22-12-13  211.2  14143  14449.6  195.568  2822.24
63  144  2025-06-09 22-12-13  212.8  14151.3  14448.2  195.626  2823.2
64  144  2025-06-09 22-12-13  214.4  14159.5  14446.9  195.684  2824.16
65  144  2025-06-09 22-12-13  216  14167.8  14445.5  195.741  2825.12
66  144  2025-06-09 22-12-13  217.6  14176.1  14444.1  195.799  2826.08
67  144  2025-06-09 22-12-13  219.2  14184.3  14442.7  195.856  2827.04
68  144  2025-06-09 22-12-13  220.8  14192.6  14441.2  195.914  2828
69  144  2025-06-09 22-12-13  222.4  14200.9  14439.8  195.971  2828.96
70  144  2025-06-09 22-12-13  224  14209.2  14438.4  196.029  2829.92
71  144  2025-06-09 22-12-13  225.6  14217.4  14436.9  196.086  2830.88
72  144  2025-06-09 22-12-13  227.2  14225.7  14435.5  196.144  2831.84
73  144  2025-06-09 22-12-13  228.8  14234  14434  196.202  14032.8
74  144  2025-06-09 22-12-13  230.4  14242.3  14432.5  196.259  14033.8
75  144  2025-06-09 22-12-13  232  14250.6  14431  196.317  14034.7
76  144  2025-06-09 22-12-13  233.6  14258.9  14429.5  196.374  14035.7
77  144  2025-06-09 22-12-13  235.2  14267.2  14428  196.432  14036.6
78  144  2025-06-09 22-12-13  236.8  14275.5  14426.5  196.489  14037.6
79  144  2025-06-09 22-12-13  238.4  14283.9  14425  196.547  14038.6
80  144  2025-06-09 22-12-13  240  14292.2  14423.4  196.604  14039.5
81  144  2025-06-09 22-12-13  241.6  14300.5  14421.9  196.662  14040.5
82  144  2025-06-09 22-12-13  243.2  14308.8  14420.3  196.72  14041.4
83  144  2025-06-09 22-12-13  244.8  14317.2  14418.8  196.777  14042.4
84  144  2025-06-09 22-12-13  246.4  14325.5  14417.2  196.835  14043.4
85  144  2025-06-09 22-12-13  248  14333.8  14415.6  196.892  14044.3
86  144  2025-06-09 22-12-13  249.6  14342.2  14414  196.95  14045.3
87  144  2025-06-09 22-12-13  251.2  14350.5  14412.4  197.007  14046.2
88  144  2025-06-09 22-12-13  252.8  14358.9  14410.8  197.065  14047.2
89  144  2025-06-09 22-12-13  254.4  14367.2  14409.1  197.122  14048.2
90  144  2025-06-09 22-12-13  256  14375.6  14407.5  197.18  14049.1
91  144  2025-06-09 22-12-13  257.6  14383.9  14405.9  197.238  14050.1
92  144  2025-06-09 22-12-13  259.2  14392.3  14404.2  197.295  14051
93  144  2025-06-09 22-12-13  260.8  14400.7  14402.5  197.353  14052
94  144  2025-06-09 22-12-13  262.4  14409.1  14400.9  197.41  14053
95  144  2025-06-09 22-12-13  264  14417.4  14399.2  197.468  14053.9
96  144  2025-06-09 22-12-13  265.6  14425.8  14397.5  197.525  14054.9
97  144  2025-06-09 22-12-13  267.2  14434.2  14395.8  197.583  14055.8
98  144  2025-06-09 22-12-13  268.8  14442.6  14394.1  197.641  14056.8
99  144  2025-06-09 22-12-13  270.4  14451  14392.3  197.698  14057.8
100  144  2025-06-09 22-12-13  1392  14459.4  14390.6  197.756  14058.7
101  144  2025-06-09 22-12-13  1393.6  14467.8  14388.9  197.813  14059.7
102  144  2025-06-09 22-12-13  1395.2  14476.2  14387.1  197.871  14060.6
103  144  2025-06-09 22-12-13  1396.8  14484.6  14385.3  197.928  14061.6
104  144  2025-06-09 22-12-13  1398.4  14493  14383.6  197.986  14062.6
105  144  2025-06-09 22-12-13  1400  14501.4  14381.8  198.043  14063.5
106  144  2025-06-09 22-12-13  1401.6  14509.9  14380  198.101  14064.5
107  144  2025-06-09 22-12-13  1403.2  14518.3  14378.2  198.159  14065.4
108  144  2025-06-09 22-12-13  1404.8  14526.7  14376.4  198.216  14066.4
109  144  2025-06-09 22-12-13  1406.4  14535.2  14374.6  198.274  14067.4
110  144  2025-06-09 22-12-13  1408  14543.6  14372.7  198.331  14068.3
111  144  2025-06-09 22-12-13  1409.6  14552  14370.9  198.389  14069.3
112  144  2025-06-09 22-12-13  1411.2  14560.5  14369  198.446  14070.2
113  144  2025-06-09 22-12-13  1412.8  14568.9  14367.2  198.504  14071.2
114  144  2025-06-09 22-12-13  1414.4  14577.4  14365.3  198.561  14072.2
115  144  2025-06-09 22-12-13  1416  14585.8  14363.4  198.619  14073.1
116  144  2025-06-09 22-12-13  1417.6  14594.3  14361.5  198.677  14074.1
117  144  2025-06-09 22-12-13  1419.2  14602.7  14359.6  198.734  14075
118  144  2025-06-09 22-12-13  1420.8  14611.2  14357.7  198.792  14076
119  144  2025-06-09 22-12-13  1422.4  14619.7  14355.8  198.849  14077
120  144  2025-06-09 22-12-13  1424  14628.1  14353.8  198.907  14077.9
121  144  2025-06-09 22-12-13  1425.6  14636.6  14351.9  198.964  14078.9
122  144  2025-06-09 22-12-13  1427.2  14645.1  14349.9  199.022  14079.8
123  144  2025-06-09 22-12-13  1428.8  14653.6  14347.9  199.079  14080.8
124  144  2025-06-09 22-12-13  1430.4  14662.1  14346  199.137  14081.8
125  144  2025-06-09 22-12-13  1432  14670.6  14344  199.195  14082.7
126  144  2025-06-09 22-12-13  1433.6  14679.1  14342  199.252  14083.7
127  144  2025-06-09 22-12-13  1435.2  14687.6  14340  199.31  14084.6
128  144  2025-06-09 22-12-13  1436.8  14696.1  14338  199.367  14085.6
129  144  2025-06-09 22-12-13  1438.4  14704.6  14335.9  199.425  14086.6
130  144  2025-06-09 22-12-13  1440  14713.1  14333.9  199.482  14087.5
131  144  2025-06-09 22-12-13  1441.6  14721.6  14331.8  199.54  14088.5
132  144  2025-06-09 22-12-13  1443.2  14730.1  14329.8  199.597  14089.4
133  144  2025-06-09 22-12-13  1444.8  14738.6  14327.7  199.655  14090.4
134  144  2025-06-09 22-12-13  1446.4  14747.1  14325.6  199.713  14091.4
135  144  2025-06-09 22-12-13  1448  14755.7  14323.6  199.77  14092.3
136  144  2025-06-09 22-12-13  1449.6  14764.2  14321.5  199.828  14093.3
137  144  2025-06-09 22-12-13  1451.2  14772.7  14319.3  199.885  14094.2
138  144  2025-06-09 22-12-13  1452.8  14781.2  14317.2  199.943  14095.2
139  144  2025-06-09 22-12-13  1454.4  14789.8  14315.1  200  14096.2
140  144  2025-06-09 22-12-13  1456  14798.3  14313  200.058  14097.1
141  144  2025-06-09 22-12-13  1457.6  14806.9  14310.8  200.115  14098.1
142  144  2025-06-09 22-12-13  1459.2  14815.4  14308.6  200.173  14099
143  144  2025-06-09 22-12-13  1460.8  14824  14306.5  200.231  14100
144  144  2025-06-09 22-12-13  1462.4  14832.5  14304.3  200.288  14101
145  144  2025-06-09 22-12-13  1464  14841.1  14302.1  200.346  14101.9
146  144  2025-06-09 22-12-13  1465.6  14849.6  14299.9  200.403  14102.9
147  144  2025-06-09 22-12-13  1467.2  14858.2  14297.7  200.461  14103.8
148  144  2025-06-09 22-12-13  1468.8  14866.8  14295.5  200.518  14104.8
149  144  2025-06-09 22-12-13  1470.4  14875.4  14293.2  200.576  14105.8
150  144  2025-06-09 22-12-13  1472  14883.9  14291  200.633  14106.7
151  144  2025-06-09 22-12-13  1473.6  14892.5  14288.7  200.691  14107.7
152  144  2025-06-09 22-12-13  1475.2  14901.1  14286.5  200.749  14108.6
153  144  2025-06-09 22-12-13  1476.8  14909.7  14284.2  200.806  14109.6
154  144  2025-06-09 22-12-13  1478.4  14918.3  14281.9  200.864  14110.6
155  144  2025-06-09 22-12-13  1480  14926.8  14279.6  200.921  14111.5
156  144  2025-06-09 22-12-13  1481.6  14935.4  14277.3  200.979  14112.5
157  144  2025-06-09 22-12-13  1483.2  14944  14275  201.036  14113.4
158  144  2025-06-09 22-12-13  1484.8  14952.6  14272.6  201.094  14114.4
159  144  2025-06-09 22-12-13  1486.4  14961.2  14270.3  201.151  14115.4
160  144  2025-06-09 22-12-13  1488  14969.8  14268  201.209  14116.3
161  144  2025-06-09 22-12-13  1489.6  14978.5  14265.6  201.267  14117.3
162  144  2025-06-09 22-12-13  1491.2  14987.1  14263.2  201.324  14118.2
163  144  2025-06-09 22-12-13  1492.8  14995.7  14260.8  201.382  14119.2
164  144  2025-06-09 22-12-13  1494.4  15004.3  14258.5  201.439  14120.2
165  144  2025-06-09 22-12-13  1496  15012.9  14256.1  201.497  14121.1
166  144  2025-06-09 22-12-13  1497.6  15021.5  14253.6  201.554  14122.1
167  144  2025-06-09 22-12-13  1499.2  15030.2  14251.2  201.612  14123
168  144  2025-06-09 22-12-13  1500.8  15038.8  14248.8  201.669  14124
169  144  2025-06-09 22-12-13  1502.4  15047.4  14246.3  201.727  14125
170  144  2025-06-09 22-12-13  1504  15056.1  14243.9  201.785  14125.9
171  144  2025-06-09 22-12-13  1505.6  15064.7  14241.4  201.842  14126.9
172  144  2025-06-09 22-12-13  1507.2  15073.4  14238.9  201.9  14127.8
173  144  2025-06-09 22-12-13  1508.8  15082  14236.5  201.957  14128.8
174  144  2025-06-09 22-12-13  1510.4  15090.6  14234  202.015  14129.8
175  144  2025-06-09 22-12-13  1512  15099.3  14231.4  202.072  14130.7
176  144  2025-06-09 22-12-13  1513.6  15108  14228.9  202.13  14131.7
177  144  2025-06-09 22-12-13  1515.2  15116.6  14226.4  202.187  14132.6
178  144  2025-06-09 22-12-13  1516.8  15125.3  14223.9  202.245  14133.6
179  144  2025-06-09 22-12-13  1518.4  15133.9  14221.3  202.303  14134.6
180  144  2025-06-09 22-12-13  1520  15142.6  14218.7  202.36  14135.5
181  144  2025-06-09 22-12-13  1521.6  15151.3  14216.2  202.418  14136.5
182  144  2025-06-09 22-12-13  1523.2  15159.9  14213.6  202.475  14137.4
183  144  2025-06-09 22-12-13  1524.8  15168.6  14211  202.533  14138.4
184  144  2025-06-09 22-12-13  1526.4  15177.3  14208.4  202.59  14139.4
185  144  2025-06-09 22-12-13  1528  15186  14205.8  202.648  14140.3
186  144  2025-06-09 22-12-13  1529.6  15194.6  14203.1  202.705  14141.3
187  144  2025-06-09 22-12-13  1531.2  15203.3  14200.5  202.763  14142.2
188  144  2025-06-09 22-12-13  1532.8  15212  14197.9  202.821  14143.2
189  144  2025-06-09 22-12-13  1534.4  15220.7  14195.2  202.878  14144.2
190  144  2025-06-09 22-12-13  1536  15229.4  14192.5  202.936  14145.1
191  144  2025-06-09 22-12-13  1537.6  15238.1  14189.9  202.993  14146.1
192  144  2025-06-09 22-12-13  1539.2  15246.8  14187.2  203.051  14147
193  144  2025-06-09 22-12-13  1540.8  15255.5  14184.5  203.108  14148
194  144  2025-06-09 22-12-13  1542.4  15264.2  14181.8  203.166  14149
195  144  2025-06-09 22-12-13  1544  15272.9  14179  203.223  14149.9
196  144  2025-06-09 22-12-13  1545.6  15281.6  14176.3  203.281  14150.9
197  144  2025-06-09 22-12-13  1547.2  15290.3  14173.5  203.339  14151.8
198  144  2025-06-09 22-12-13  1548.8  15299  14170.8  203.396  14152.8
199  144  2025-06-09 22-12-13  1550.4  15307.8  14168  203.454  14153.8
200  144  2025-06-09 22-12-13  1552  15316.5  14165.2  203.511  14154.7
201  144  2025-06-09 22-12-13  1553.6  15325.2  14162.5  203.569  14155.7
202  144  2025-06-09 22-12-13  1555.2  15333.9  14159.7  203.626  14156.6
203  144  2025-06-09 22-12-13  1556.8  15342.7  14156.8  203.684  14157.6
204  144  2025-06-09 22-12-13  1558.4  15351.4  14154  203.741  14158.6
205  144  2025-06-09 22-12-13  1560  15360.1  14151.2  203.799  14159.5
206  144  2025-06-09 22-12-13  1561.6  15368.8  14148.4  203.857  14160.5
207  144  2025-06-09 22-12-13  1563.2  15377.6  14145.5  203.914  14161.4
208  144  2025-06-09 22-12-13  1564.8  15386.3  14142.6  203.972  14162.4
209  144  2025-06-09 22-12-13  1566.4  15395.1  14139.8  204.029  14163.4
210  144  2025-06-09 22-12-13  1568  15403.8  14136.9  204.087  14164.3
211  144  2025-06-09 22-12-13  1569.6  15412.6  14134  204.144  14165.3
212  144  2025-06-09 22-12-13  1571.2  15421.3  14131.1  204.202  14166.2
213  144  2025-06-09 22-12-13  1572.8  15430.1  14128.1  204.259  14167.2
214  144  2025-06-09 22-12-13  1574.4  15438.8  14125.2  204.317  14168.2
215  144  2025-06-09 22-12-13  1576  15447.6  14122.3  204.375  14169.1
216  144  2025-06-09 22-12-13  1577.6  15456.3  14119.3  204.432  14170.1
217  144  2025-06-09 22-12-13  1579.2  15465.1  14116.4  204.49  14171
218  144  2025-06-09 22-12-13  1580.8  15473.9  14113.4  204.547  14172
219  144  2025-06-09 22-12-13  1582.4  15482.6  14110.4  204.605  14173
220  144  2025-06-09 22-12-13  1584  15491.4  14107.4  204.662  14173.9
221  144  2025-06-09 22-12-13  1585.6  15500.2  14104.4  204.72  14174.9
222  144  2025-06-09 22-12-13  1587.2  15508.9  14101.4  204.777  14175.8
223  144  2025-06-09 22-12-13  1588.8  15517.7  14098.3  204.835  14176.8
224  144  2025-06-09 22-12-13  1590.4  15526.5  14095.3  204.893  14177.8
225  144  2025-06-09 22-12-13  1592  15535.3  14092.2  204.95  14178.7
226  144  2025-06-09 22-12-13  1593.6  15544  14089.2  205.008  14179.7
227  144  2025-06-09 22-12-13  1595.2  15552.8  14086.1  205.065  14180.6
228  144  2025-06-09 22-12-13  1596.8  15561.6  14083  205.123  14181.6
229  144  2025-06-09 22-12-13  1598.4  15570.4  14079.9  205.18  14182.6
230  144  2025-06-09 22-12-13  1600  15579.2  14076.8  205.238  14183.5
231  144  2025-06-09 22-12-13  1601.6  15588  14073.7  205.295  14184.5
232  144  2025-06-09 22-12-13  1603.2  15596.8  14070.6  205.353  14185.4
233  144  2025-06-09 22-12-13  1604.8  15605.6  14067.4  205.411  14186.4
234  144  2025-06-09 22-12-13  1606.4  15614.4  14064.3  205.468  14187.4
235  144  2025-06-09 22-12-13  1608  15623.2  14061.1  205.526  14188.3
236  144  2025-06-09 22-12-13  1609.6  15632  14057.9  205.583  14189.3
237  144  2025-06-09 22-12-13  1611.2  15640.8  14054.8  205.641  14190.2
238  144  2025-06-09 22-12-13  1612.8  15649.6  14051.6  205.698  14191.2
239  144  2025-06-09 22-12-13  1614.4  15658.4  14048.4  205.756  14192.2
240  144  2025-06-09 22-12-13  1616  15667.2  14045.1  205.813  14193.1
241  144  2025-06-09 22-12-13  1617.6  15676  14041.9  205.871  14194.1
242  144  2025-06-09 22-12-13  1619.2  15684.8  14038.7  205.929  14195
243  144  2025-06-09 22-12-13  1620.8  15693.7  14035.4  205.986  14196
244  144  2025-06-09 22-12-13  1622.4  15702.5  14032.1  206.044  14197
245  144  2025-06-09 22-12-13  1624  15711.3  2828.87  206.101  14197.9
246  144  2025-06-09 22-12-13  1625.6  15720.1  2825.58  206.159  14198.9
247  144  2025-06-09 22-12-13  1627.2  15729  2822.28  206.216  14199.8
248  144  2025-06-09 22-12-13  1628.8  15737.8  2818.97  206.274  14200.8
249  144  2025-06-09 22-12-13  1630.4  15746.6  2815.65  206.331  14201.8
250  144  2025-06-09 22-12-13  1632  15755.4  2812.32  206.389  14202.7
251  144  2025-06-09 22-12-13  1633.6  15764.3  2808.98  206.447  14203.7
252  144  2025-06-09 22-12-13  1635.2  15773.1  2805.62  206.504  14204.6
253  144  2025-06-09 22-12-13  1636.8  15782  2802.26  206.562  14205.6
254  144  2025-06-09 22-12-13  1638.4  15790.8  2798.88  206.619  14206.6
255  144  2025-06-09 22-12-13  1640  15799.6  2795.49  206.677  14207.5
256  144  2025-06-09 22-12-13  1641.6  15808.5  2792.09  206.734  14208.5
257  144  2025-06-09 22-12-13  1643.2  15817.3  2788.68  206.792  14209.4
258  144  2025-06-09 22-12-13  1644.8  15826.2  2785.26  206.849  14210.4
259  144  2025-06-09 22-12-13  1646.4  15835  2781.83  206.907  14211.4
260  144  2025-06-09 22-12-13  1648  15843.9  2778.38  206.965  14212.3
261  144  2025-06-09 22-12-13  1649.6  15852.7  2774.93  207.022  14213.3
262  144  2025-06-09 22-12-13  1651.2  15861.6  2771.46  207.08  14214.2
263  144  2025-06-09 22-12-13  1652.8  15870.4  2767.98  207.137  14215.2
264  144  2025-06-09 22-12-13  1654.4  15879.3  2764.49  207.195  14216.2
265  144  2025-06-09 22-12-13  1656  15888.1  2760.99  207.252  14217.1
266  144  2025-06-09 22-12-13  1657.6  15897  2757.47  207.31  14218.1
267  144  2025-06-09 22-12-13  1659.2  15905.9  2753.95  207.367  14219
268  144  2025-06-09 22-12-13  1660.8  15914.7  2750.41  207.425  14220
269  144  2025-06-09 22-12-13  1662.4  15923.6  2746.87  207.483  14220.9
270  144  2025-06-09 22-12-13  1664  15932.4  2743.31  207.54  14221.9
271  144  2025-06-09 22-12-13  1665.6  15941.3  2739.74  207.598  14222.9
272  144  2025-06-09 22-12-13  1667.2  15950.2  2736.16  207.655  14223.8
273  144  2025-06-09 22-12-13  1668.8  15959.1  2732.56  207.713  14224.8
274  144  2025-06-09 22-12-13  1670.4  15967.9  2728.96  207.77  14225.7
275  144  2025-06-09 22-12-13  1672  15976.8  2725.34  207.828  14226.7
276  144  2025-06-09 22-12-13  1673.6  15985.7  2721.71  207.885  14227.7
277  144  2025-06-09 22-12-13  1675.2  15994.6  2718.08  207.943  14228.6
278  144  2025-06-09 22-12-13  1676.8  16003.4  2714.43  208.001  14229.6
279  144  2025-06-09 22-12-13  1678.4  16012.3  2710.76  208.058  14230.5
280  144  2025-06-09 22-12-13  1680  16021.2  2707.09  208.116  14231.5
281  144  2025-06-09 22-12-13  1681.6  16030.1  2703.4  208.173  14232.5
282  144  2025-06-09 22-12-13  1683.2  16039  2699.71  208.231  14233.4
283  144  2025-06-09 22-12-13  1684.8  16047.9  2696  208.288  14234.4
284  144  2025-06-09 22-12-13  1686.4  16056.7  2692.28  208.346  14235.3
285  144  2025-06-09 22-12-13  1688  16065.6  2688.55  208.404  14236.3
286  144  2025-06-09 22-12-13  1689.6  16074.5  2684.81  208.461  14237.3
287  144  2025-06-09 22-12-13  1691.2  16083.4  2681.05  208.519  14238.2
288  144  2025-06-09 22-12-13  1692.8  16092.3  2677.29  208.576  14239.2
289  144  2025-06-09 22-12-13  1694.4  16101.2  2673.51  208.634  14240.1
290  144  2025-06-09 22-12-13  1696  16110.1  2669.72  208.691  14241.1
291  144  2025-06-09 22-12-13  1697.6  16119  2665.92  208.749  14242.1
292  144  2025-06-09 22-12-13  1699.2  16127.9  2662.11  208.806  14243
293  144  2025-06-09 22-12-13  1700.8  16136.8  2658.29  208.864  14244
294  144  2025-06-09 22-12-13  1702.4  16145.7  2654.45  208.922  14244.9
295  144  2025-06-09 22-12-13  1704  16154.6  2650.6  208.979  14245.9
296  144  2025-06-09 22-12-13  1705.6  16163.5  2646.78  209.037  14243.6
297  144  2025-06-09 22-12-13  1707.2  16172.4  2642.97  209.094  14241.3
298  144  2025-06-09 22-12-13  1708.8  16181.4  2639.18  209.152  14239
299  144  2025-06-09 22-12-13  1710.4  16190.3  2635.42  209.065  14236.6
300  144  2025-06-09 22-12-13  1712  16199.3  2631.69  208.979  14234.2
301  144  2025-06-09 22-12-13  1713.6  16208.2  2627.99  208.893  14231.8
302  144  2025-06-09 22-12-13  1715.2  16217.2  2624.31  208.806  14229.3
303  144  2025-06-09 22-12-13  1716.8  16226.1  2620.56  208.864  14236.5
304  144  2025-06-09 22-12-13  1718.4  16235  2616.73  208.922  14243.8
305  144  2025-06-09 22-12-13  1720  16243.9  2612.84  208.835  14251.1
306  144  2025-06-09 22-12-13  1721.6  16252.7  2608.88  208.749  14258.5
307  144  2025-06-09 22-12-13  1723.2  16261.5  2604.85  208.663  14266
308  144  2025-06-09 22-12-13  1724.8  16270.3  2600.76  208.576  14273.5
309  144  2025-06-09 22-12-13  1726.4  16279  2596.59  208.49  14281.1
310  144  2025-06-09 22-12-13  1728  16287.6  2592.36  208.404  14288.7
311  144  2025-06-09 22-12-13  1729.6  16296.2  2588.06  208.317  14296.4
312  144  2025-06-09 22-12-13  1731.2  16304.8  2583.69  208.231  14304.2
313  144  2025-06-09 22-12-13  1732.8  16313.3  2579.25  208.145  14312.1
314  144  2025-06-09 22-12-13  1734.4  16321.9  2574.81  208.202  14311.9
315  144  2025-06-09 22-12-13  1736  16330.4  2570.37  208.26  14311.7
316  144  2025-06-09 22-12-13  1737.6  16339  2565.92  208.317  14311.5
317  144  2025-06-09 22-12-13  1739.2  16347.5  2561.48  208.375  14311.3
318  144  2025-06-09 22-12-13  1740.8  16356.1  2557.04  208.432  14311
319  144  2025-06-09 22-12-13  1742.4  16364.6  2552.59  208.49  14310.8
320  144  2025-06-09 22-12-13  1744  16373.2  2548.15  208.547  14310.5
321  144  2025-06-09 22-12-13  1745.6  16381.8  2543.7  208.605  14310.2
322  144  2025-06-09 22-12-13  1747.2  16390.4  2539.26  208.663  14309.9
323  144  2025-06-09 22-12-13  1748.8  16398.9  2534.73  208.72  14319.3
324  144  2025-06-09 22-12-13  1750.4  16407.4  2530.1  208.778  14328.7
325  144  2025-06-09 22-12-13  1752  16415.9  2525.39  208.835  14338.3
326  144  2025-06-09 22-12-13  1753.6  16424.3  2520.58  208.893  14347.9
327  144  2025-06-09 22-12-13  1755.2  16432.7  2515.68  208.95  14357.6
328  144  2025-06-09 22-12-13  1756.8  16441  2510.69  209.008  14367.3
329  144  2025-06-09 22-12-13  1758.4  16449.2  2505.61  209.065  14377.2
330  144  2025-06-09 22-12-13  1760  16457.5  2500.43  209.123  14387.1
331  144  2025-06-09 22-12-13  1761.6  16465.7  2495.25  209.037  14389.1
332  144  2025-06-09 22-12-13  1763.2  16473.9  2490.04  209.094  14391
333  144  2025-06-09 22-12-13  1764.8  16482  2484.81  209.152  14392.9
334  144  2025-06-09 22-12-13  1766.4  16490.2  2479.56  209.209  14394.9
335  144  2025-06-09 22-12-13  1768  16498.4  2474.29  209.267  14396.8
336  144  2025-06-09 22-12-13  1769.6  16506.6  2469  209.324  14398.8
337  144  2025-06-09 22-12-13  1771.2  16514.7  2463.69  209.382  14400.7
338  144  2025-06-09 22-12-13  1772.8  16522.9  2458.36  209.44  14402.6
339  144  2025-06-09 22-12-13  1774.4  16531  2453.01  209.497  14404.6
340  144  2025-06-09 22-12-13  1776  16539.2  2447.64  209.555  14406.5
341  144  2025-06-09 22-12-13  1777.6  16547.3  2442.25  209.612  14408.4
342  144  2025-06-09 22-12-13  1779.2  16555.5  2436.84  209.67  14410.4
343  144  2025-06-09 22-12-13  1780.8  16563.5  2431.32  209.727  14422
344  144  2025-06-09 22-12-13  1782.4  16571.5  2425.69  209.785  14433.7
345  144  2025-06-09 22-12-13  1784  16579.5  2419.96  209.842  14445.6
346  144  2025-06-09 22-12-13  1785.6  16587.3  2414.13  209.9  14457.5
347  144  2025-06-09 22-12-13  1787.2  16595.1  2408.19  209.958  14469.5
348  144  2025-06-09 22-12-13  1788.8  16602.8  2402.14  210.015  14481.6
349  144  2025-06-09 22-12-13  1790.4  16610.5  2395.99  210.073  14493.8
350  144  2025-06-09 22-12-13  1792  16618  2389.73  210.13  14506.1
351  144  2025-06-09 22-12-13  1793.6  16625.5  2383.36  210.188  14518.5
352  144  2025-06-09 22-12-13  1795.2  16632.9  2376.89  210.245  14531
353  144  2025-06-09 22-12-13  1796.8  16640.2  2370.32  210.303  14543.6
354  144  2025-06-09 22-12-13  1798.4  16647.4  2363.64  210.36  14556.3
355  144  2025-06-09 22-12-13  1800  16654.5  2356.85  210.418  14569.1
356  144  2025-06-09 22-12-13  1801.6  16661.6  2349.97  210.476  14581.9
357  144  2025-06-09 22-12-13  1803.2  16668.5  2342.98  210.533  14594.7
358  144  2025-06-09 22-12-13  1804.8  16675.4  2335.89  210.591  14607.5
359  144  2025-06-09 22-12-13  1806.4  16682.1  2328.71  210.648  14620.3
360  144  2025-06-09 22-12-13  1808  16688.8  2321.42  210.706  14633.1
361  144  2025-06-09 22-12-13  1809.6  16695.4  2314.04  210.763  14645.9
362  144  2025-06-09 22-12-13  1811.2  16701.8  2306.56  210.821  14658.7
363  144  2025-06-09 22-12-13  1812.8  16708.2  2298.99  210.878  14671.5
364  144  2025-06-09 22-12-13  1814.4  16714.4  2291.33  210.936  14684.3
365  144  2025-06-09 22-12-13  1816  16720.7  2283.69  210.994  14679.4
366  144  2025-06-09 22-12-13  1817.6  16727.1  2276.09  211.051  14674.4
367  144  2025-06-09 22-12-13  1819.2  16733.3  2268.39  211.109  14687.2
368  144  2025-06-09 22-12-13  1820.8  16739.6  2260.72  211.166  14682.2
369  144  2025-06-09 22-12-13  1822.4  16746  2253.09  211.224  14677.2
370  144  2025-06-09 22-12-13  1824  16752.3  2245.48  211.281  14672.1
371  144  2025-06-09 22-12-13  1825.6  16758.6  2237.78  211.339  14684.7
372  144  2025-06-09 22-12-13  1827.2  16764.9  2230.12  211.396  14679.6
373  144  2025-06-09 22-12-13  1828.8  16771.3  2222.48  211.454  14674.4
374  144  2025-06-09 22-12-13  1830.4  16777.7  2214.88  211.512  14669.2
375  144  2025-06-09 22-12-13  1832  16784.1  2207.18  211.569  14681.6
376  144  2025-06-09 22-12-13  1833.6  16790.4  2199.52  211.627  14676.4
377  144  2025-06-09 22-12-13  1835.2  16796.8  2191.89  211.684  14671.1
378  144  2025-06-09 22-12-13  1836.8  16803.3  2184.29  211.742  14665.7
379  144  2025-06-09 22-12-13  1838.4  16809.7  2176.61  211.799  14678
380  144  2025-06-09 22-12-13  1840  16816.1  2168.95  211.857  14672.6
381  144  2025-06-09 22-12-13  1841.6  16822.5  2161.33  211.914  14667.2
382  144  2025-06-09 22-12-13  1843.2  16828.9  2153.62  211.972  14679.4
383  144  2025-06-09 22-12-13  1844.8  16835.3  2145.95  212.03  14674
384  144  2025-06-09 22-12-13  1846.4  16841.8  2138.31  212.087  14668.5
385  144  2025-06-09 22-12-13  1848  16848.3  2130.7  212.145  14662.9
386  144  2025-06-09 22-12-13  1849.6  16854.7  2123  212.202  14674.9
387  144  2025-06-09 22-12-13  1851.2  16861.2  2115.34  212.26  14669.4
388  144  2025-06-09 22-12-13  1852.8  16867.7  2107.71  212.317  14663.7
389  144  2025-06-09 22-12-13  1854.4  16874.1  2100  212.375  14675.7
390  144  2025-06-09 22-12-13  1856  16880.6  2092.32  212.432  14670.1
391  144  2025-06-09 22-12-13  1857.6  16887.1  2084.67  212.49  14664.4
392  144  2025-06-09 22-12-13  1859.2  16893.7  2077.07  212.548  14658.5
393  144  2025-06-09 22-12-13  1860.8  16900.2  2069.37  212.605  14670.4
394  144  2025-06-09 22-12-13  1862.4  16906.7  2061.71  212.663  14664.6
395  144  2025-06-09 22-12-13  1864  16913.3  2054.09  212.72  14658.8
396  144  2025-06-09 22-12-13  1865.6  16919.8  2046.38  212.778  14670.6
397  144  2025-06-09 22-12-13  1867.2  16926.3  2038.71  212.835  14664.7
398  144  2025-06-09 22-12-13  1868.8  16932.9  2031.07  212.893  14658.8
399  144  2025-06-09 22-12-13  1870.4  16939.4  2023.35  212.95  14670.6
400  144  2025-06-09 22-12-13  1872  16946  2015.67  213.008  14664.6
401  144  2025-06-09 22-12-13  1873.6  16952.6  2008.02  213.066  14658.6
402  144  2025-06-09 22-12-13  1875.2  16959.2  2000.41  213.123  14652.6
403  144  2025-06-09 22-12-13  1876.8  16965.8  1992.72  213.181  14664.2
404  144  2025-06-09 22-12-13  1878.4  16972.4  1985.06  213.238  14658.1
405  144  2025-06-09 22-12-13  1880  16979.1  1977.45  213.296  14652
406  144  2025-06-09 22-12-13  1881.6  16985.7  1969.74  213.353  14663.5
407  144  2025-06-09 22-12-13  1883.2  16992.3  1962.08  213.411  14657.4
408  144  2025-06-09 22-12-13  1884.8  16999  1954.45  213.468  14651.2
409  144  2025-06-09 22-12-13  1886.4  17005.6  1946.74  213.526  14662.7
410  144  2025-06-09 22-12-13  1888  17012.3  1939.07  213.584  14656.5
411  144  2025-06-09 22-12-13  1889.6  17019  1931.45  213.641  14650.2
412  144  2025-06-09 22-12-13  1891.2  17025.6  1923.73  213.699  14661.6
413  144  2025-06-09 22-12-13  1892.8  17032.3  1916.05  213.756  14655.4
414  144  2025-06-09 22-12-13  1894.4  17039.1  1908.42  213.814  14649
415  144  2025-06-09 22-12-13  1896  17045.7  1900.7  213.871  14660.4
416  144  2025-06-09 22-12-13  1897.6  17052.4  1893.02  213.929  14654.1
417  144  2025-06-09 22-12-13  1899.2  17059.2  1885.39  213.986  14647.7
418  144  2025-06-09 22-12-13  1900.8  17065.8  1877.66  214.044  14659
419  144  2025-06-09 22-12-13  1902.4  17072.6  1869.98  214.102  14652.6
420  144  2025-06-09 22-12-13  1904  17079.3  1862.34  214.159  14646.1
421  144  2025-06-09 22-12-13  1905.6  17086  1854.62  214.217  14657.4
422  144  2025-06-09 22-12-13  1907.2  17092.8  1846.94  214.274  14650.9
423  144  2025-06-09 22-12-13  1908.8  17099.6  1839.3  214.332  14644.4
424  144  2025-06-09 22-12-13  1910.4  17106.3  1831.58  214.389  14655.6
425  144  2025-06-09 22-12-13  1912  17113.1  1823.9  214.447  14649
426  144  2025-06-09 22-12-13  1913.6  17119.9  1816.26  214.504  14642.5
427  144  2025-06-09 22-12-13  1915.2  17126.7  1808.54  214.562  14653.6
428  144  2025-06-09 22-12-13  1916.8  17133.5  1800.86  214.62  14647
429  144  2025-06-09 22-12-13  1918.4  17140.4  1793.23  214.677  14640.3
430  144  2025-06-09 22-12-13  1920  17147.1  1785.51  214.735  14651.4
431  144  2025-06-09 22-12-13  1921.6  17154  1777.83  214.792  14644.7
432  144  2025-06-09 22-12-13  1923.2  17160.9  1770.21  214.85  14638
433  144  2025-06-09 22-12-13  1924.8  17167.7  1762.49  214.907  14649
434  144  2025-06-09 22-12-13  1926.4  17174.6  1754.82  214.965  14642.3
435  144  2025-06-09 22-12-13  1928  17181.5  1747.2  215.022  14635.5
436  144  2025-06-09 22-12-13  1929.6  17188.3  1739.49  215.08  14646.4
437  144  2025-06-09 22-12-13  1931.2  17195.2  1731.83  215.138  14639.6
438  144  2025-06-09 22-12-13  1932.8  17202.2  1724.22  215.195  14632.8
439  144  2025-06-09 22-12-13  1934.4  17209.1  1716.51  215.253  14643.6
440  144  2025-06-09 22-12-13  1936  17216  1708.86  215.31  14636.8
441  144  2025-06-09 22-12-13  1937.6  17223  1701.26  215.368  14629.9
442  144  2025-06-09 22-12-13  1939.2  17229.9  1693.57  215.425  14640.7
443  144  2025-06-09 22-12-13  1940.8  17236.9  1685.92  215.483  14633.8
444  144  2025-06-09 22-12-13  1942.4  17243.8  1678.19  215.54  14644.6
445  144  2025-06-09 22-12-13  1944  17250.8  1670.51  215.598  14637.7
446  144  2025-06-09 22-12-13  1945.6  17257.8  1662.88  215.656  14630.7
447  144  2025-06-09 22-12-13  1947.2  17264.7  1655.16  215.713  14641.5
448  144  2025-06-09 22-12-13  1948.8  17271.7  1647.49  215.771  14634.5
449  144  2025-06-09 22-12-13  1950.4  17278.7  1639.87  215.828  14627.5
450  144  2025-06-09 22-12-13  1952  17285.7  1632.16  215.886  14638.2
451  144  2025-06-09 22-12-13  1953.6  17292.7  1624.51  215.943  14631.2
452  144  2025-06-09 22-12-13  1955.2  17299.8  1616.9  216.001  14624.1
453  144  2025-06-09 22-12-13  1956.8  17306.8  1609.21  216.058  14634.7
454  144  2025-06-09 22-12-13  1958.4  17313.9  1601.56  216.116  14627.6
455  144  2025-06-09 22-12-13  1960  17320.9  1593.84  216.174  14638.2
456  144  2025-06-09 22-12-13  1961.6  17327.9  1586.16  216.231  14631.2
457  144  2025-06-09 22-12-13  1963.2  17335.1  1578.53  216.289  14624.1
458  144  2025-06-09 22-12-13  1964.8  17342.1  1570.82  216.346  14634.6
459  144  2025-06-09 22-12-13  1966.4  17349.2  1563.15  216.404  14627.5
460  144  2025-06-09 22-12-13  1968  17356.3  1555.54  216.461  14620.3
461  144  2025-06-09 22-12-13  1969.6  17363.4  1547.85  216.519  14630.8
462  144  2025-06-09 22-12-13  1971.2  17370.5  1540.2  216.576  14623.6
463  144  2025-06-09 22-12-13  1972.8  17377.6  1532.47  216.634  14634.1
464  144  2025-06-09 22-12-13  1974.4  17384.7  1524.79  216.692  14627
465  144  2025-06-09 22-12-13  1976  17391.9  1517.16  216.749  14619.7
466  144  2025-06-09 22-12-13  1977.6  17399  1509.45  216.807  14630.2
467  144  2025-06-09 22-12-13  1979.2  17406.1  1501.79  216.864  14622.9
468  144  2025-06-09 22-12-13  1980.8  17413.4  1494.18  216.922  14615.6
469  144  2025-06-09 22-12-13  1982.4  17420.5  1486.49  216.979  14626
470  144  2025-06-09 22-12-13  1984  17427.7  1478.85  217.037  14618.7
471  144  2025-06-09 22-12-13  1985.6  17434.8  1471.12  217.094  14629.1
472  144  2025-06-09 22-12-13  1987.2  17442  1463.45  217.152  14621.8
473  144  2025-06-09 22-12-13  1988.8  17449.3  1455.83  217.21  14614.5
474  144  2025-06-09 22-12-13  1990.4  17456.5  1448.13  217.267  14624.8
475  144  2025-06-09 22-12-13  1992  17463.7  1440.47  217.325  14617.4
476  144  2025-06-09 22-12-13  1993.6  17470.9  1432.74  217.382  14627.8
477  144  2025-06-09 22-12-13  1995.2  17478.1  1425.05  217.44  14620.5
478  144  2025-06-09 22-12-13  1996.8  17485.4  1417.42  217.497  14613.1
479  144  2025-06-09 22-12-13  1998.4  17492.6  1409.71  217.555  14623.4
480  144  2025-06-09 22-12-13  2000  17499.8  1402.05  217.612  14616
481  144  2025-06-09 22-12-13  2001.6  17507.2  1394.44  217.67  14608.5
482  144  2025-06-09 22-12-13  2003.2  17514.4  266.753  217.728  14618.7
483  144  2025-06-09 22-12-13  2004.8  17521.7  259.117  217.785  14611.3
484  144  2025-06-09 22-12-13  2006.4  17529  251.396  217.843  14621.5
485  144  2025-06-09 22-12-13  2008  17536.3  243.73  217.9  14614.1
486  144  2025-06-09 22-12-13  2009.6  17543.7  236.12  217.958  14606.5
487  144  2025-06-09 22-12-13  2011.2  17551  228.424  218.015  14616.7
488  144  2025-06-09 22-12-13  2012.8  17558.3  220.784  218.073  14609.2
489  144  2025-06-09 22-12-13  2014.4  17565.6  213.059  218.13  14619.4
490  144  2025-06-09 22-12-13  2016  17572.9  205.389  218.188  14611.9
491  144  2025-06-09 22-12-13  2017.6  17580.3  197.776  218.246  14604.3
492  144  2025-06-09 22-12-13  2019.2  17587.7  190.077  218.303  14614.5
