SN    USVID    CurTime    simTime    CurX    CurY    CurVel      CurYaw   
0  192  2025-06-09 22-12-13  0  16040  -14512  192  2672
1  192  2025-06-09 22-12-13  1.6  16048  -14512.1  192.058  2681.7
2  192  2025-06-09 22-12-13  3.2  16056  -14512.3  192.115  2691.49
3  192  2025-06-09 22-12-13  4.8  16064  -14512.5  192.173  2701.38
4  192  2025-06-09 22-12-13  6.4  16072  -14512.9  192.23  2711.36
5  192  2025-06-09 22-12-13  8  16080.1  -14513.3  192.288  2721.44
6  192  2025-06-09 22-12-13  9.6  16088.1  -14513.8  192.345  2731.62
7  192  2025-06-09 22-12-13  11.2  16096.1  -14514.4  192.403  2741.89
8  192  2025-06-09 22-12-13  12.8  16104.1  -14515.1  192.46  2752.26
9  192  2025-06-09 22-12-13  14.4  16112.1  -14515.9  192.518  2762.72
10  192  2025-06-09 22-12-13  128  16120.1  -14516.8  192.576  2773.28
11  192  2025-06-09 22-12-13  129.6  16128.1  -14517.8  192.633  2783.94
12  192  2025-06-09 22-12-13  131.2  16136.1  -14518.9  192.691  2794.69
13  192  2025-06-09 22-12-13  132.8  16144.1  -14520  192.748  2805.54
14  192  2025-06-09 22-12-13  134.4  16152.1  -14521.3  192.806  2816.48
15  192  2025-06-09 22-12-13  136  16160.1  -14522.7  192.863  2827.52
16  192  2025-06-09 22-12-13  137.6  16168  -14524.1  192.921  14038.7
17  192  2025-06-09 22-12-13  139.2  16176  -14525.7  192.978  14049.9
18  192  2025-06-09 22-12-13  140.8  16183.9  -14527.4  193.036  14061.2
19  192  2025-06-09 22-12-13  142.4  16191.8  -14529.1  193.094  14072.6
20  192  2025-06-09 22-12-13  144  16199.7  -14531  193.151  14084.2
21  192  2025-06-09 22-12-13  145.6  16207.6  -14532.9  193.209  14095.8
22  192  2025-06-09 22-12-13  147.2  16215.5  -14535  193.266  14107.5
23  192  2025-06-09 22-12-13  148.8  16223.3  -14537.2  193.324  14119.3
24  192  2025-06-09 22-12-13  150.4  16231.2  -14539.3  193.381  14113.4
25  192  2025-06-09 22-12-13  152  16239  -14541.5  193.439  14125.2
26  192  2025-06-09 22-12-13  153.6  16246.8  -14543.7  193.496  14119.4
27  192  2025-06-09 22-12-13  155.2  16254.7  -14545.8  193.554  14113.5
28  192  2025-06-09 22-12-13  156.8  16262.6  -14548  193.612  14125.2
29  192  2025-06-09 22-12-13  158.4  16270.4  -14550.2  193.669  14119.3
30  192  2025-06-09 22-12-13  160  16278.3  -14552.3  193.727  14113.3
31  192  2025-06-09 22-12-13  161.6  16286.2  -14554.6  193.784  14125
32  192  2025-06-09 22-12-13  163.2  16294.1  -14556.7  193.842  14119
33  192  2025-06-09 22-12-13  164.8  16302  -14558.9  193.899  14112.9
34  192  2025-06-09 22-12-13  166.4  16309.9  -14561.1  193.957  14124.6
35  192  2025-06-09 22-12-13  168  16317.8  -14563.3  194.014  14118.5
36  192  2025-06-09 22-12-13  169.6  16325.7  -14565.4  194.072  14112.4
37  192  2025-06-09 22-12-13  171.2  16333.6  -14567.6  194.13  14124
38  192  2025-06-09 22-12-13  172.8  16341.6  -14569.8  194.187  14117.9
39  192  2025-06-09 22-12-13  174.4  16349.5  -14571.9  194.245  14111.7
40  192  2025-06-09 22-12-13  176  16357.4  -14574.2  194.302  14123.2
41  192  2025-06-09 22-12-13  177.6  16365.4  -14576.3  194.36  14117
42  192  2025-06-09 22-12-13  179.2  16373.3  -14578.5  194.417  14110.7
43  192  2025-06-09 22-12-13  180.8  16381.3  -14580.7  194.475  14122.2
44  192  2025-06-09 22-12-13  182.4  16389.2  -14582.9  194.532  14115.9
45  192  2025-06-09 22-12-13  184  16397.2  -14585  194.59  14109.6
46  192  2025-06-09 22-12-13  185.6  16405.2  -14587.2  194.648  14121
47  192  2025-06-09 22-12-13  187.2  16413.2  -14589.4  194.705  14114.7
48  192  2025-06-09 22-12-13  188.8  16421.2  -14591.5  194.763  14108.3
49  192  2025-06-09 22-12-13  190.4  16429.1  -14593.7  194.82  14119.6
50  192  2025-06-09 22-12-13  192  16437.1  -14595.8  194.878  14113.2
51  192  2025-06-09 22-12-13  193.6  16445.1  -14598.1  194.935  14124.6
52  192  2025-06-09 22-12-13  195.2  16453.1  -14600.3  194.993  14118.2
53  192  2025-06-09 22-12-13  196.8  16461.2  -14602.4  195.05  14111.8
54  192  2025-06-09 22-12-13  198.4  16469.2  -14604.7  195.108  14123.1
55  192  2025-06-09 22-12-13  200  16477.2  -14606.9  195.166  14116.6
56  192  2025-06-09 22-12-13  201.6  16485.2  -14609  195.223  14110.1
57  192  2025-06-09 22-12-13  203.2  16493.2  -14611.3  195.281  14121.3
58  192  2025-06-09 22-12-13  204.8  16501.3  -14613.4  195.338  14114.9
59  192  2025-06-09 22-12-13  206.4  16509.3  -14615.6  195.396  14108.3
60  192  2025-06-09 22-12-13  208  16517.4  -14617.8  195.453  14119.4
61  192  2025-06-09 22-12-13  209.6  16525.5  -14620  195.511  14112.9
62  192  2025-06-09 22-12-13  211.2  16533.5  -14622.2  195.568  14124
63  192  2025-06-09 22-12-13  212.8  16541.6  -14624.4  195.626  14117.5
64  192  2025-06-09 22-12-13  214.4  16549.6  -14626.6  195.684  14110.9
65  192  2025-06-09 22-12-13  216  16557.7  -14628.9  195.741  14122
66  192  2025-06-09 22-12-13  217.6  16565.8  -14631.1  195.799  14115.4
67  192  2025-06-09 22-12-13  219.2  16573.9  -14633.2  195.856  14108.7
68  192  2025-06-09 22-12-13  220.8  16582  -14635.4  195.914  14119.8
69  192  2025-06-09 22-12-13  222.4  16590.1  -14637.6  195.971  14113.1
70  192  2025-06-09 22-12-13  224  16598.2  -14639.7  196.029  14106.4
71  192  2025-06-09 22-12-13  225.6  16606.3  -14642  196.086  14117.3
72  192  2025-06-09 22-12-13  227.2  16614.5  -14644.1  196.144  14110.6
73  192  2025-06-09 22-12-13  228.8  16622.6  -14646.4  196.202  14121.6
74  192  2025-06-09 22-12-13  230.4  16630.7  -14648.6  196.259  14114.9
75  192  2025-06-09 22-12-13  232  16638.9  -14650.8  196.317  14108.1
76  192  2025-06-09 22-12-13  233.6  16647  -14653  196.374  14119
77  192  2025-06-09 22-12-13  235.2  16655.2  -14655.2  196.432  14112.2
78  192  2025-06-09 22-12-13  236.8  16663.3  -14657.3  196.489  14105.4
79  192  2025-06-09 22-12-13  238.4  16671.5  -14659.5  196.547  14116.2
80  192  2025-06-09 22-12-13  240  16679.7  -14661.7  196.604  14109.4
81  192  2025-06-09 22-12-13  241.6  16687.8  -14664  196.662  14120.3
82  192  2025-06-09 22-12-13  243.2  16696  -14666.2  196.72  14113.5
83  192  2025-06-09 22-12-13  244.8  16704.2  -14668.3  196.777  14106.6
84  192  2025-06-09 22-12-13  246.4  16712.4  -14670.6  196.835  14117.4
85  192  2025-06-09 22-12-13  248  16720.6  -14672.7  196.892  14110.5
86  192  2025-06-09 22-12-13  249.6  16728.8  -14675  196.95  14121.3
87  192  2025-06-09 22-12-13  251.2  16737  -14677.3  197.007  14114.4
88  192  2025-06-09 22-12-13  252.8  16745.2  -14679.4  197.065  14107.5
89  192  2025-06-09 22-12-13  254.4  16753.4  -14681.7  197.122  14118.2
90  192  2025-06-09 22-12-13  256  16761.6  -14683.9  197.18  14111.3
91  192  2025-06-09 22-12-13  257.6  16769.9  -14686  197.238  14104.3
92  192  2025-06-09 22-12-13  259.2  16778.1  -14688.2  197.295  14115
93  192  2025-06-09 22-12-13  260.8  16786.4  -14690.4  197.353  14108
94  192  2025-06-09 22-12-13  262.4  16794.6  -14692.7  197.41  14118.7
95  192  2025-06-09 22-12-13  264  16802.9  -14694.9  197.468  14111.7
96  192  2025-06-09 22-12-13  265.6  16811.1  -14697  197.525  14104.7
97  192  2025-06-09 22-12-13  267.2  16819.4  -14699.3  197.583  14115.3
98  192  2025-06-09 22-12-13  268.8  16827.7  -14701.5  197.641  14108.3
99  192  2025-06-09 22-12-13  270.4  16835.9  -14703.8  197.698  14118.9
100  192  2025-06-09 22-12-13  1392  16844.2  -14706  197.756  14111.9
101  192  2025-06-09 22-12-13  1393.6  16852.5  -14708.1  197.813  14104.8
102  192  2025-06-09 22-12-13  1395.2  16860.8  -14710.4  197.871  14115.4
103  192  2025-06-09 22-12-13  1396.8  16869.1  -14712.6  197.928  14108.3
104  192  2025-06-09 22-12-13  1398.4  16877.4  -14714.8  197.986  14115.7
105  192  2025-06-09 22-12-13  1400  16885.7  -14717.2  197.9  14123.1
106  192  2025-06-09 22-12-13  1401.6  16893.9  -14719.5  197.813  14130.6
107  192  2025-06-09 22-12-13  1403.2  16902.2  -14722  197.727  14138.2
108  192  2025-06-09 22-12-13  1404.8  16910.4  -14724.4  197.784  14137.7
109  192  2025-06-09 22-12-13  1406.4  16918.6  -14726.9  197.698  14137.3
110  192  2025-06-09 22-12-13  1408  16926.8  -14729.3  197.612  14136.8
111  192  2025-06-09 22-12-13  1409.6  16935  -14731.8  197.525  14136.3
112  192  2025-06-09 22-12-13  1411.2  16943.2  -14734.2  197.439  14135.8
113  192  2025-06-09 22-12-13  1412.8  16951.4  -14736.6  197.353  14135.3
114  192  2025-06-09 22-12-13  1414.4  16959.6  -14739  197.266  14134.7
115  192  2025-06-09 22-12-13  1416  16967.7  -14741.5  197.324  14143.9
116  192  2025-06-09 22-12-13  1417.6  16975.9  -14744.1  197.382  14153.1
117  192  2025-06-09 22-12-13  1419.2  16984  -14746.7  197.439  14162.4
118  192  2025-06-09 22-12-13  1420.8  16992.1  -14749.5  197.497  14171.7
119  192  2025-06-09 22-12-13  1422.4  17000.1  -14752.3  197.554  14181.2
120  192  2025-06-09 22-12-13  1424  17008.2  -14755.2  197.612  14190.7
121  192  2025-06-09 22-12-13  1425.6  17016.2  -14758.2  197.669  14200.4
122  192  2025-06-09 22-12-13  1427.2  17024.2  -14761.3  197.727  14210
123  192  2025-06-09 22-12-13  1428.8  17032.2  -14764.4  197.641  14211.7
124  192  2025-06-09 22-12-13  1430.4  17040.2  -14767.6  197.698  14213.4
125  192  2025-06-09 22-12-13  1432  17048.2  -14770.7  197.756  14215.1
126  192  2025-06-09 22-12-13  1433.6  17056.1  -14773.8  197.813  14216.8
127  192  2025-06-09 22-12-13  1435.2  17064.1  -14777  197.871  14218.5
128  192  2025-06-09 22-12-13  1436.8  17072.1  -14780.2  197.928  14220.2
129  192  2025-06-09 22-12-13  1438.4  17080.1  -14783.4  197.986  14221.9
130  192  2025-06-09 22-12-13  1440  17088  -14786.7  198.043  14233.3
131  192  2025-06-09 22-12-13  1441.6  17096  -14790  198.101  14227
132  192  2025-06-09 22-12-13  1443.2  17104  -14793.2  198.159  14220.7
133  192  2025-06-09 22-12-13  1444.8  17112  -14796.3  198.216  14214.2
134  192  2025-06-09 22-12-13  1446.4  17120.1  -14799.4  198.274  14207.7
135  192  2025-06-09 22-12-13  1448  17128.2  -14802.4  198.331  14201.1
136  192  2025-06-09 22-12-13  1449.6  17136.3  -14805.4  198.389  14194.4
137  192  2025-06-09 22-12-13  1451.2  17144.4  -14808.3  198.446  14187.6
138  192  2025-06-09 22-12-13  1452.8  17152.6  -14811.2  198.504  14180.8
139  192  2025-06-09 22-12-13  1454.4  17160.8  -14814  198.561  14173.8
140  192  2025-06-09 22-12-13  1456  17169  -14816.7  198.619  14166.8
141  192  2025-06-09 22-12-13  1457.6  17177.2  -14819.4  198.677  14159.7
142  192  2025-06-09 22-12-13  1459.2  17185.5  -14822  198.734  14152.6
143  192  2025-06-09 22-12-13  1460.8  17193.8  -14824.5  198.792  14145.3
144  192  2025-06-09 22-12-13  1462.4  17202.1  -14827  198.849  14138
145  192  2025-06-09 22-12-13  1464  17210.5  -14829.5  198.907  14130.6
146  192  2025-06-09 22-12-13  1465.6  17218.8  -14831.8  198.964  14123.1
147  192  2025-06-09 22-12-13  1467.2  17227.2  -14834.1  199.022  14115.5
148  192  2025-06-09 22-12-13  1468.8  17235.7  -14836.3  199.079  14107.9
149  192  2025-06-09 22-12-13  1470.4  17244.1  -14838.5  199.137  14100.2
150  192  2025-06-09 22-12-13  1472  17252.5  -14840.7  199.195  14110.1
151  192  2025-06-09 22-12-13  1473.6  17261  -14842.9  199.252  14102.4
152  192  2025-06-09 22-12-13  1475.2  17269.4  -14845.1  199.31  14112.4
153  192  2025-06-09 22-12-13  1476.8  17277.9  -14847.3  199.367  14104.7
154  192  2025-06-09 22-12-13  1478.4  17286.3  -14849.6  199.425  14114.7
155  192  2025-06-09 22-12-13  1480  17294.8  -14851.8  199.482  14107
156  192  2025-06-09 22-12-13  1481.6  17303.3  -14854  199.54  14099.3
157  192  2025-06-09 22-12-13  1483.2  17311.7  -14856.2  199.597  14109.2
158  192  2025-06-09 22-12-13  1484.8  17320.2  -14858.4  199.655  14101.5
159  192  2025-06-09 22-12-13  1486.4  17328.7  -14860.7  199.713  14111.4
160  192  2025-06-09 22-12-13  1488  17337.2  -14862.8  199.77  14103.7
161  192  2025-06-09 22-12-13  1489.6  17345.7  -14865.1  199.828  14113.6
162  192  2025-06-09 22-12-13  1491.2  17354.2  -14867.4  199.885  14105.9
163  192  2025-06-09 22-12-13  1492.8  17362.7  -14869.5  199.943  14098.1
164  192  2025-06-09 22-12-13  1494.4  17371.2  -14871.7  200  14108
165  192  2025-06-09 22-12-13  1496  17379.7  -14873.9  200.058  14100.3
166  192  2025-06-09 22-12-13  1497.6  17388.3  -14876.2  200.115  14110.2
167  192  2025-06-09 22-12-13  1499.2  17396.8  -14878.4  200.173  14102.4
168  192  2025-06-09 22-12-13  1500.8  17405.3  -14880.7  200.231  14112.4
169  192  2025-06-09 22-12-13  1502.4  17413.9  -14882.9  200.288  14104.6
170  192  2025-06-09 22-12-13  1504  17422.4  -14885.2  200.346  14114.6
171  192  2025-06-09 22-12-13  1505.6  17430.9  -14887.4  200.403  14106.8
172  192  2025-06-09 22-12-13  1507.2  17439.5  -14889.6  200.461  14099
173  192  2025-06-09 22-12-13  1508.8  17448.1  -14891.9  200.518  14108.9
174  192  2025-06-09 22-12-13  1510.4  17456.7  -14894  200.576  14101.1
175  192  2025-06-09 22-12-13  1512  17465.2  -14896.3  200.633  14111
176  192  2025-06-09 22-12-13  1513.6  17473.8  -14898.5  200.691  14103.3
177  192  2025-06-09 22-12-13  1515.2  17482.4  -14900.8  200.749  14113.2
178  192  2025-06-09 22-12-13  1516.8  17491  -14903.1  200.806  14105.4
179  192  2025-06-09 22-12-13  1518.4  17499.6  -14905.3  200.864  14097.6
180  192  2025-06-09 22-12-13  1520  17508.2  -14907.5  200.921  14107.4
181  192  2025-06-09 22-12-13  1521.6  17516.8  -14909.7  200.979  14099.6
182  192  2025-06-09 22-12-13  1523.2  17525.4  -14912  201.036  14109.5
183  192  2025-06-09 22-12-13  1524.8  17534.1  -14914.2  201.094  14101.7
184  192  2025-06-09 22-12-13  1526.4  17542.7  -14916.5  201.151  14111.6
185  192  2025-06-09 22-12-13  1528  17551.3  -14918.7  201.209  14103.8
186  192  2025-06-09 22-12-13  1529.6  17559.9  -14921  201.267  14113.7
187  192  2025-06-09 22-12-13  1531.2  17568.6  -14923.3  201.324  14105.9
188  192  2025-06-09 22-12-13  1532.8  17577.2  -14925.5  201.382  14098
189  192  2025-06-09 22-12-13  1534.4  17585.9  -14927.8  201.439  14107.9
190  192  2025-06-09 22-12-13  1536  17594.6  -14930  201.497  14100
191  192  2025-06-09 22-12-13  1537.6  17603.2  -14932.3  201.554  14109.9
192  192  2025-06-09 22-12-13  1539.2  17611.9  -14934.5  201.612  14102.1
193  192  2025-06-09 22-12-13  1540.8  17620.6  -14936.8  201.669  14112
194  192  2025-06-09 22-12-13  1542.4  17629.2  -14939.1  201.727  14104.1
195  192  2025-06-09 22-12-13  1544  17638  -14941.2  201.785  14096.3
196  192  2025-06-09 22-12-13  1545.6  17646.6  -14943.5  201.842  14106.1
197  192  2025-06-09 22-12-13  1547.2  17655.4  -14945.7  201.9  14098.2
198  192  2025-06-09 22-12-13  1548.8  17664.1  -14948  201.957  14108
199  192  2025-06-09 22-12-13  1550.4  17672.8  -14950.2  202.015  14100.2
200  192  2025-06-09 22-12-13  1552  17681.5  -14952.5  202.072  14110
201  192  2025-06-09 22-12-13  1553.6  17690.2  -14954.8  202.13  14102.2
202  192  2025-06-09 22-12-13  1555.2  17698.9  -14957.1  202.187  14112
203  192  2025-06-09 22-12-13  1556.8  17707.7  -14959.3  202.245  14104.2
204  192  2025-06-09 22-12-13  1558.4  17716.4  -14961.5  202.303  14096.3
205  192  2025-06-09 22-12-13  1560  17725.2  -14963.8  202.36  14106.1
206  192  2025-06-09 22-12-13  1561.6  17733.9  -14966  202.418  14098.2
207  192  2025-06-09 22-12-13  1563.2  17742.7  -14968.3  202.475  14108
208  192  2025-06-09 22-12-13  1564.8  17751.5  -14970.6  202.533  14100.1
209  192  2025-06-09 22-12-13  1566.4  17760.2  -14972.9  202.59  14110
210  192  2025-06-09 22-12-13  1568  17769  -14975.1  202.648  14102.1
211  192  2025-06-09 22-12-13  1569.6  17777.8  -14977.5  202.705  14111.9
212  192  2025-06-09 22-12-13  1571.2  17786.6  -14979.8  202.763  14104.1
213  192  2025-06-09 22-12-13  1572.8  17795.4  -14982  202.821  14096.2
214  192  2025-06-09 22-12-13  1574.4  17804.2  -14984.3  202.878  14106
215  192  2025-06-09 22-12-13  1576  17813  -14986.5  202.936  14098
216  192  2025-06-09 22-12-13  1577.6  17821.8  -14988.8  202.993  14107.8
217  192  2025-06-09 22-12-13  1579.2  17830.6  -14991  203.051  14100
218  192  2025-06-09 22-12-13  1580.8  17839.4  -14993.4  203.108  14109.8
219  192  2025-06-09 22-12-13  1582.4  17848.2  -14995.6  203.166  14101.9
220  192  2025-06-09 22-12-13  1584  17857.1  -14997.8  203.223  14093.9
221  192  2025-06-09 22-12-13  1585.6  17865.9  -15000.1  203.281  14103.7
222  192  2025-06-09 22-12-13  1587.2  17874.8  -15002.3  203.339  14095.7
223  192  2025-06-09 22-12-13  1588.8  17883.6  -15004.6  203.396  14105.5
224  192  2025-06-09 22-12-13  1590.4  17892.5  -15006.8  203.454  14097.6
225  192  2025-06-09 22-12-13  1592  17901.4  -15009.2  203.511  14107.4
226  192  2025-06-09 22-12-13  1593.6  17910.2  -15011.4  203.569  14099.5
227  192  2025-06-09 22-12-13  1595.2  17919.1  -15013.7  203.626  14109.2
228  192  2025-06-09 22-12-13  1596.8  17928  -15016  203.684  14101.4
229  192  2025-06-09 22-12-13  1598.4  17936.9  -15018.2  203.741  14093.4
230  192  2025-06-09 22-12-13  1600  17945.8  -15020.5  203.799  14103.1
231  192  2025-06-09 22-12-13  1601.6  17954.7  -15022.7  203.857  14095.2
232  192  2025-06-09 22-12-13  1603.2  17963.6  -15025  203.914  14104.9
233  192  2025-06-09 22-12-13  1604.8  17972.5  -15027.3  203.972  14097
234  192  2025-06-09 22-12-13  1606.4  17981.4  -15029.6  204.029  14106.7
235  192  2025-06-09 22-12-13  1608  17990.3  -15031.8  204.087  14098.8
236  192  2025-06-09 22-12-13  1609.6  17999.3  -15034.2  204.144  14108.6
237  192  2025-06-09 22-12-13  1611.2  18008.2  -15036.5  204.202  14100.7
238  192  2025-06-09 22-12-13  1612.8  18017.1  -15038.7  204.259  14092.7
239  192  2025-06-09 22-12-13  1614.4  18026.1  -15041  204.317  14102.4
240  192  2025-06-09 22-12-13  1616  18035.1  -15043.2  204.375  14094.4
241  192  2025-06-09 22-12-13  1617.6  18044  -15045.5  204.432  14104.2
242  192  2025-06-09 22-12-13  1619.2  18053  -15047.7  204.49  14096.2
243  192  2025-06-09 22-12-13  1620.8  18061.9  -15050.1  204.547  14106
244  192  2025-06-09 22-12-13  1622.4  18070.9  -15052.3  204.605  14098
245  192  2025-06-09 22-12-13  1624  18079.9  -15054.7  204.662  14107.8
246  192  2025-06-09 22-12-13  1625.6  18088.9  -15057  204.72  14099.9
247  192  2025-06-09 22-12-13  1627.2  18097.9  -15059.2  204.777  14091.9
248  192  2025-06-09 22-12-13  1628.8  18106.9  -15061.5  204.835  14101.6
249  192  2025-06-09 22-12-13  1630.4  18115.9  -15063.7  204.893  14093.6
250  192  2025-06-09 22-12-13  1632  18124.9  -15066  204.95  14103.3
251  192  2025-06-09 22-12-13  1633.6  18133.9  -15068.3  205.008  14095.3
252  192  2025-06-09 22-12-13  1635.2  18142.9  -15070.6  205.065  14105.1
253  192  2025-06-09 22-12-13  1636.8  18152  -15072.9  205.123  14097.1
254  192  2025-06-09 22-12-13  1638.4  18161  -15075.2  205.18  14106.8
255  192  2025-06-09 22-12-13  1640  18170  -15077.5  205.238  14098.9
256  192  2025-06-09 22-12-13  1641.6  18179  -15079.9  205.295  14108.7
257  192  2025-06-09 22-12-13  1643.2  18188.1  -15082.2  205.353  14100.8
258  192  2025-06-09 22-12-13  1644.8  18197.1  -15084.4  205.411  14092.8
259  192  2025-06-09 22-12-13  1646.4  18206.2  -15086.8  205.468  14102.4
260  192  2025-06-09 22-12-13  1648  18215.3  -15089  205.526  14094.5
261  192  2025-06-09 22-12-13  1649.6  18224.3  -15091.4  205.583  14104.2
262  192  2025-06-09 22-12-13  1651.2  18233.4  -15093.6  205.641  14096.2
263  192  2025-06-09 22-12-13  1652.8  18242.5  -15096  205.698  14105.9
264  192  2025-06-09 22-12-13  1654.4  18251.6  -15098.3  205.756  14098
265  192  2025-06-09 22-12-13  1656  18260.7  -15100.7  205.813  14107.7
266  192  2025-06-09 22-12-13  1657.6  18269.8  -15103  205.871  14099.8
267  192  2025-06-09 22-12-13  1659.2  18278.9  -15105.2  205.929  14091.8
268  192  2025-06-09 22-12-13  1660.8  18288  -15107.5  205.986  14101.5
269  192  2025-06-09 22-12-13  1662.4  18297.1  -15109.8  206.044  14093.5
270  192  2025-06-09 22-12-13  1664  18306.2  -15112.1  206.101  14103.2
271  192  2025-06-09 22-12-13  1665.6  18315.4  -15114.4  206.159  14095.2
272  192  2025-06-09 22-12-13  1667.2  18324.5  -15116.8  206.216  14104.9
273  192  2025-06-09 22-12-13  1668.8  18333.6  -15119.1  206.274  14096.9
274  192  2025-06-09 22-12-13  1670.4  18342.8  -15121.4  206.331  14106.6
275  192  2025-06-09 22-12-13  1672  18351.9  -15123.8  206.389  14098.7
276  192  2025-06-09 22-12-13  1673.6  18361.1  -15126  206.447  14090.7
277  192  2025-06-09 22-12-13  1675.2  18370.2  -15128.3  206.504  14100.3
278  192  2025-06-09 22-12-13  1676.8  18379.4  -15130.6  206.562  14092.3
279  192  2025-06-09 22-12-13  1678.4  18388.6  -15132.9  206.619  14102
280  192  2025-06-09 22-12-13  1680  18397.8  -15135.2  206.677  14094
281  192  2025-06-09 22-12-13  1681.6  18407  -15137.6  206.734  14103.7
282  192  2025-06-09 22-12-13  1683.2  18416.2  -15139.8  206.792  14095.7
283  192  2025-06-09 22-12-13  1684.8  18425.3  -15142.2  206.849  14105.4
284  192  2025-06-09 22-12-13  1686.4  18434.5  -15144.5  206.907  14097.4
285  192  2025-06-09 22-12-13  1688  18443.8  -15146.8  206.965  14089.4
286  192  2025-06-09 22-12-13  1689.6  18453  -15149.1  207.022  14099
287  192  2025-06-09 22-12-13  1691.2  18462.2  -15151.4  207.08  14091
288  192  2025-06-09 22-12-13  1692.8  18471.4  -15153.7  207.137  14100.7
289  192  2025-06-09 22-12-13  1694.4  18480.7  -15156  207.195  14092.7
290  192  2025-06-09 22-12-13  1696  18489.9  -15158.3  207.252  14102.3
291  192  2025-06-09 22-12-13  1697.6  18499.2  -15160.6  207.31  14094.3
292  192  2025-06-09 22-12-13  1699.2  18508.4  -15163  207.367  14104
293  192  2025-06-09 22-12-13  1700.8  18517.7  -15165.3  207.425  14096
294  192  2025-06-09 22-12-13  1702.4  18526.9  -15167.7  207.483  14105.8
295  192  2025-06-09 22-12-13  1704  18536.2  -15170.1  207.54  14097.8
296  192  2025-06-09 22-12-13  1705.6  18545.5  -15172.3  207.598  14089.7
297  192  2025-06-09 22-12-13  1707.2  18554.7  -15174.7  207.655  14099.4
298  192  2025-06-09 22-12-13  1708.8  18564  -15176.9  207.713  14091.4
299  192  2025-06-09 22-12-13  1710.4  18573.3  -15179.3  207.77  14101
300  192  2025-06-09 22-12-13  1712  18582.6  -15181.6  207.828  14093
301  192  2025-06-09 22-12-13  1713.6  18591.9  -15184  207.885  14102.7
302  192  2025-06-09 22-12-13  1715.2  18601.2  -15186.3  207.943  14094.7
303  192  2025-06-09 22-12-13  1716.8  18610.5  -15188.7  208.001  14104.4
304  192  2025-06-09 22-12-13  1718.4  18619.8  -15191  208.058  14096.4
305  192  2025-06-09 22-12-13  1720  18629.2  -15193.3  208.116  14088.3
306  192  2025-06-09 22-12-13  1721.6  18638.5  -15195.6  208.173  14098
307  192  2025-06-09 22-12-13  1723.2  18647.8  -15197.9  208.231  14089.9
308  192  2025-06-09 22-12-13  1724.8  18657.2  -15200.2  208.288  14099.6
309  192  2025-06-09 22-12-13  1726.4  18666.5  -15202.5  208.346  14091.5
310  192  2025-06-09 22-12-13  1728  18675.9  -15204.9  208.404  14101.2
311  192  2025-06-09 22-12-13  1729.6  18685.2  -15207.2  208.461  14093.2
312  192  2025-06-09 22-12-13  1731.2  18694.6  -15209.6  208.519  14102.9
313  192  2025-06-09 22-12-13  1732.8  18704  -15211.9  208.576  14094.9
314  192  2025-06-09 22-12-13  1734.4  18713.4  -15214.2  208.634  14086.8
315  192  2025-06-09 22-12-13  1736  18722.7  -15216.5  208.691  14096.4
316  192  2025-06-09 22-12-13  1737.6  18732.2  -15218.8  208.749  14088.3
317  192  2025-06-09 22-12-13  1739.2  18741.5  -15221.2  208.806  14098
318  192  2025-06-09 22-12-13  1740.8  18751  -15223.4  208.864  14089.9
319  192  2025-06-09 22-12-13  1742.4  18760.4  -15225.8  208.922  14099.6
320  192  2025-06-09 22-12-13  1744  18769.8  -15228.1  208.979  14091.5
321  192  2025-06-09 22-12-13  1745.6  18779.2  -15230.5  209.037  14101.2
322  192  2025-06-09 22-12-13  1747.2  18788.6  -15232.8  209.094  14093.2
323  192  2025-06-09 22-12-13  1748.8  18798  -15235.3  209.152  14102.9
324  192  2025-06-09 22-12-13  1750.4  18807.4  -15237.6  209.209  14094.9
325  192  2025-06-09 22-12-13  1752  18816.9  -15239.9  209.267  14086.8
326  192  2025-06-09 22-12-13  1753.6  18826.3  -15242.2  209.324  14096.4
327  192  2025-06-09 22-12-13  1755.2  18835.8  -15244.5  209.382  14088.3
328  192  2025-06-09 22-12-13  1756.8  18845.3  -15246.9  209.44  14098
329  192  2025-06-09 22-12-13  1758.4  18854.7  -15249.2  209.497  14089.9
330  192  2025-06-09 22-12-13  1760  18864.2  -15251.6  209.555  14099.6
331  192  2025-06-09 22-12-13  1761.6  18873.7  -15253.9  209.612  14091.5
332  192  2025-06-09 22-12-13  1763.2  18883.1  -15256.3  209.67  14101.2
333  192  2025-06-09 22-12-13  1764.8  18892.6  -15258.6  209.727  14093.2
334  192  2025-06-09 22-12-13  1766.4  18902.1  -15260.9  209.785  14085.1
335  192  2025-06-09 22-12-13  1768  18911.6  -15263.2  209.842  14094.7
336  192  2025-06-09 22-12-13  1769.6  18921.2  -15265.5  209.9  14086.6
337  192  2025-06-09 22-12-13  1771.2  18930.7  -15267.9  209.958  14096.2
338  192  2025-06-09 22-12-13  1772.8  18940.2  -15270.2  210.015  14088.2
339  192  2025-06-09 22-12-13  1774.4  18949.7  -15272.6  210.073  14097.8
340  192  2025-06-09 22-12-13  1776  18959.3  -15274.9  210.13  14089.7
341  192  2025-06-09 22-12-13  1777.6  18968.8  -15277.3  210.188  14099.4
342  192  2025-06-09 22-12-13  1779.2  18978.3  -15279.6  210.245  14091.4
343  192  2025-06-09 22-12-13  1780.8  18987.8  -15282  210.303  14101
344  192  2025-06-09 22-12-13  1782.4  18997.4  -15284.4  210.36  14093
345  192  2025-06-09 22-12-13  1784  19007  -15286.7  210.418  14084.9
346  192  2025-06-09 22-12-13  1785.6  19016.5  -15289  210.476  14094.5
347  192  2025-06-09 22-12-13  1787.2  19026.1  -15291.3  210.533  14086.4
348  192  2025-06-09 22-12-13  1788.8  19035.7  -15293.7  210.591  14096
349  192  2025-06-09 22-12-13  1790.4  19045.3  -15296  210.648  14088
350  192  2025-06-09 22-12-13  1792  19054.8  -15298.4  210.706  14097.6
351  192  2025-06-09 22-12-13  1793.6  19064.4  -15300.7  210.763  14089.6
352  192  2025-06-09 22-12-13  1795.2  19074  -15303.1  210.821  14099.2
353  192  2025-06-09 22-12-13  1796.8  19083.6  -15305.5  210.878  14091.2
354  192  2025-06-09 22-12-13  1798.4  19093.2  -15307.9  210.936  14100.8
355  192  2025-06-09 22-12-13  1800  19102.8  -15310.3  210.994  14092.8
356  192  2025-06-09 22-12-13  1801.6  19112.5  -15312.6  211.051  14084.7
357  192  2025-06-09 22-12-13  1803.2  19122.1  -15314.9  211.109  14094.3
358  192  2025-06-09 22-12-13  1804.8  19131.7  -15317.2  211.166  14086.3
359  192  2025-06-09 22-12-13  1806.4  19141.4  -15319.6  211.224  14095.9
360  192  2025-06-09 22-12-13  1808  19151  -15322  211.281  14087.8
361  192  2025-06-09 22-12-13  1809.6  19160.7  -15324.4  211.339  14097.4
362  192  2025-06-09 22-12-13  1811.2  19170.3  -15326.7  211.396  14089.4
363  192  2025-06-09 22-12-13  1812.8  19180  -15329.2  211.454  14099
364  192  2025-06-09 22-12-13  1814.4  19189.6  -15331.5  211.512  14091
365  192  2025-06-09 22-12-13  1816  19199.3  -15333.8  211.569  14082.9
366  192  2025-06-09 22-12-13  1817.6  19209  -15336.2  211.627  14092.5
367  192  2025-06-09 22-12-13  1819.2  19218.7  -15338.4  211.684  14084.4
368  192  2025-06-09 22-12-13  1820.8  19228.4  -15340.8  211.742  14094
369  192  2025-06-09 22-12-13  1822.4  19238.1  -15343.1  211.799  14085.9
370  192  2025-06-09 22-12-13  1824  19247.8  -15345.5  211.857  14095.5
371  192  2025-06-09 22-12-13  1825.6  19257.5  -15347.9  211.914  14087.5
372  192  2025-06-09 22-12-13  1827.2  19267.2  -15350.3  211.972  14097.1
373  192  2025-06-09 22-12-13  1828.8  19276.9  -15352.7  212.03  14089
374  192  2025-06-09 22-12-13  1830.4  19286.6  -15355.1  212.087  14098.7
375  192  2025-06-09 22-12-13  1832  19296.4  -15357.5  212.145  14090.7
376  192  2025-06-09 22-12-13  1833.6  19306.1  -15359.7  212.202  14082.5
377  192  2025-06-09 22-12-13  1835.2  19315.9  -15362.1  212.26  14092.1
378  192  2025-06-09 22-12-13  1836.8  19325.6  -15364.4  212.317  14084
379  192  2025-06-09 22-12-13  1838.4  19335.4  -15366.8  212.375  14093.6
380  192  2025-06-09 22-12-13  1840  19345.1  -15369.2  212.432  14085.6
381  192  2025-06-09 22-12-13  1841.6  19354.9  -15371.6  212.49  14095.2
382  192  2025-06-09 22-12-13  1843.2  19364.7  -15373.9  212.548  14087.1
383  192  2025-06-09 22-12-13  1844.8  19374.4  -15376.4  212.605  14096.7
384  192  2025-06-09 22-12-13  1846.4  19384.2  -15378.7  212.663  14088.7
385  192  2025-06-09 22-12-13  1848  19394  -15381  212.72  14080.6
386  192  2025-06-09 22-12-13  1849.6  19403.8  -15383.4  212.778  14090.1
387  192  2025-06-09 22-12-13  1851.2  19413.6  -15385.7  212.835  14082
388  192  2025-06-09 22-12-13  1852.8  19423.4  -15388  212.893  14091.6
389  192  2025-06-09 22-12-13  1854.4  19433.3  -15390.4  212.95  14083.5
390  192  2025-06-09 22-12-13  1856  19443.1  -15392.8  213.008  14093.1
391  192  2025-06-09 22-12-13  1857.6  19452.9  -15395.1  213.066  14085
392  192  2025-06-09 22-12-13  1859.2  19462.7  -15397.5  213.123  14094.6
393  192  2025-06-09 22-12-13  1860.8  19472.6  -15399.9  213.181  14086.6
394  192  2025-06-09 22-12-13  1862.4  19482.4  -15402.3  213.238  14096.2
395  192  2025-06-09 22-12-13  1864  19492.2  -15404.7  213.296  14088.2
396  192  2025-06-09 22-12-13  1865.6  19502.1  -15407  213.353  14080
397  192  2025-06-09 22-12-13  1867.2  19512  -15409.4  213.411  14089.6
398  192  2025-06-09 22-12-13  1868.8  19521.9  -15411.7  213.468  14081.5
399  192  2025-06-09 22-12-13  1870.4  19531.7  -15414.1  213.526  14091.1
400  192  2025-06-09 22-12-13  1872  19541.6  -15416.4  213.584  14083
401  192  2025-06-09 22-12-13  1873.6  19551.5  -15418.8  213.641  14092.6
402  192  2025-06-09 22-12-13  1875.2  19561.4  -15421.1  213.699  14084.5
403  192  2025-06-09 22-12-13  1876.8  19571.3  -15423.6  213.756  14094.1
404  192  2025-06-09 22-12-13  1878.4  19581.2  -15425.9  213.814  14086
405  192  2025-06-09 22-12-13  1880  19591  -15428.4  213.871  14095.7
406  192  2025-06-09 22-12-13  1881.6  19601  -15430.8  213.929  14087.6
407  192  2025-06-09 22-12-13  1883.2  19610.9  -15433.1  213.986  14079.5
408  192  2025-06-09 22-12-13  1884.8  19620.8  -15435.4  214.044  14089.1
409  192  2025-06-09 22-12-13  1886.4  19630.8  -15437.8  214.102  14081
410  192  2025-06-09 22-12-13  1888  19640.7  -15440.2  214.159  14090.5
411  192  2025-06-09 22-12-13  1889.6  19650.6  -15442.5  214.217  14082.4
412  192  2025-06-09 22-12-13  1891.2  19660.6  -15444.9  214.274  14092
413  192  2025-06-09 22-12-13  1892.8  19670.5  -15447.3  214.332  14084
414  192  2025-06-09 22-12-13  1894.4  19680.5  -15449.7  214.389  14093.6
415  192  2025-06-09 22-12-13  1896  19690.5  -15452.1  214.447  14085.5
416  192  2025-06-09 22-12-13  1897.6  19700.4  -15454.6  214.504  14095.2
417  192  2025-06-09 22-12-13  1899.2  19710.4  -15456.9  214.562  14087.1
418  192  2025-06-09 22-12-13  1900.8  19720.4  -15459.2  214.62  14079
419  192  2025-06-09 22-12-13  1902.4  19730.4  -15461.6  214.677  14088.5
420  192  2025-06-09 22-12-13  1904  19740.4  -15464  214.735  14080.4
421  192  2025-06-09 22-12-13  1905.6  19750.4  -15466.4  214.792  14090
422  192  2025-06-09 22-12-13  1907.2  19760.4  -15468.7  214.85  14081.9
423  192  2025-06-09 22-12-13  1908.8  19770.4  -15471.2  214.907  14091.5
424  192  2025-06-09 22-12-13  1910.4  19780.4  -15473.5  214.965  14083.4
425  192  2025-06-09 22-12-13  1912  19790.4  -15476  215.022  14093.1
426  192  2025-06-09 22-12-13  1913.6  19800.4  -15478.3  215.08  14085
427  192  2025-06-09 22-12-13  1915.2  19810.5  -15480.6  215.138  14076.8
428  192  2025-06-09 22-12-13  1916.8  19820.5  -15483  215.195  14086.4
429  192  2025-06-09 22-12-13  1918.4  19830.6  -15485.3  215.253  14078.3
430  192  2025-06-09 22-12-13  1920  19840.6  -15487.7  215.31  14087.8
431  192  2025-06-09 22-12-13  1921.6  19850.7  -15490.1  215.368  14079.7
432  192  2025-06-09 22-12-13  1923.2  19860.8  -15492.5  215.425  14089.3
433  192  2025-06-09 22-12-13  1924.8  19870.8  -15494.8  215.483  14081.2
434  192  2025-06-09 22-12-13  1926.4  19880.9  -15497.3  215.54  14090.8
435  192  2025-06-09 22-12-13  1928  19891  -15499.6  215.598  14082.7
436  192  2025-06-09 22-12-13  1929.6  19901.1  -15502.1  215.656  14092.4
437  192  2025-06-09 22-12-13  1931.2  19911.2  -15504.5  215.713  14084.3
438  192  2025-06-09 22-12-13  1932.8  19921.3  -15506.8  215.771  14076.1
439  192  2025-06-09 22-12-13  1934.4  19931.4  -15509.2  215.828  14085.7
440  192  2025-06-09 22-12-13  1936  19941.5  -15511.5  215.886  14077.6
441  192  2025-06-09 22-12-13  1937.6  19951.6  -15513.9  215.943  14087.1
442  192  2025-06-09 22-12-13  1939.2  19961.7  -15516.2  216.001  14079
443  192  2025-06-09 22-12-13  1940.8  19971.9  -15518.7  216.058  14088.6
444  192  2025-06-09 22-12-13  1942.4  19982  -15521  216.116  14080.5
445  192  2025-06-09 22-12-13  1944  19992.1  -15523.5  216.174  14090.1
446  192  2025-06-09 22-12-13  1945.6  20002.3  -15525.8  216.231  14082
447  192  2025-06-09 22-12-13  1947.2  20012.4  -15528.3  216.289  14091.6
448  192  2025-06-09 22-12-13  1948.8  20022.6  -15530.7  216.346  14083.6
449  192  2025-06-09 22-12-13  1950.4  20032.8  -15533  216.404  14075.4
450  192  2025-06-09 22-12-13  1952  20042.9  -15535.4  216.461  14085
451  192  2025-06-09 22-12-13  1953.6  20053.1  -15537.7  216.519  14076.9
452  192  2025-06-09 22-12-13  1955.2  20063.3  -15540.1  216.576  14086.4
453  192  2025-06-09 22-12-13  1956.8  20073.5  -15542.5  216.634  14078.3
454  192  2025-06-09 22-12-13  1958.4  20083.7  -15544.9  216.692  14087.9
455  192  2025-06-09 22-12-13  1960  20093.9  -15547.3  216.749  14079.8
456  192  2025-06-09 22-12-13  1961.6  20104.1  -15549.7  216.807  14089.4
457  192  2025-06-09 22-12-13  1963.2  20114.3  -15552.1  216.864  14081.3
458  192  2025-06-09 22-12-13  1964.8  20124.5  -15554.6  216.922  14090.9
459  192  2025-06-09 22-12-13  1966.4  20134.7  -15557  216.979  14082.9
460  192  2025-06-09 22-12-13  1968  20144.9  -15559.3  217.037  14074.7
461  192  2025-06-09 22-12-13  1969.6  20155.2  -15561.7  217.094  14084.3
462  192  2025-06-09 22-12-13  1971.2  20165.4  -15564  217.152  14076.2
463  192  2025-06-09 22-12-13  1972.8  20175.7  -15566.5  217.21  14085.7
464  192  2025-06-09 22-12-13  1974.4  20185.9  -15568.8  217.267  14077.6
465  192  2025-06-09 22-12-13  1976  20196.2  -15571.2  217.325  14087.2
466  192  2025-06-09 22-12-13  1977.6  20206.4  -15573.6  217.382  14079.1
467  192  2025-06-09 22-12-13  1979.2  20216.7  -15576.1  217.44  14088.7
468  192  2025-06-09 22-12-13  1980.8  20227  -15578.5  217.497  14080.6
469  192  2025-06-09 22-12-13  1982.4  20237.3  -15580.7  217.555  14072.5
470  192  2025-06-09 22-12-13  1984  20247.6  -15583.1  217.612  14082
471  192  2025-06-09 22-12-13  1985.6  20257.9  -15585.4  217.67  14073.9
472  192  2025-06-09 22-12-13  1987.2  20268.2  -15587.9  217.728  14083.4
473  192  2025-06-09 22-12-13  1988.8  20278.5  -15590.2  217.785  14075.3
474  192  2025-06-09 22-12-13  1990.4  20288.8  -15592.6  217.843  14084.8
475  192  2025-06-09 22-12-13  1992  20299.1  -15595  217.9  14076.7
476  192  2025-06-09 22-12-13  1993.6  20309.4  -15597.4  217.958  14086.3
477  192  2025-06-09 22-12-13  1995.2  20319.7  -15599.8  218.015  14078.2
478  192  2025-06-09 22-12-13  1996.8  20330.1  -15602.3  218.073  14087.8
479  192  2025-06-09 22-12-13  1998.4  20340.4  -15604.7  218.13  14079.7
480  192  2025-06-09 22-12-13  2000  20350.8  -15606.9  218.188  14071.6
481  192  2025-06-09 22-12-13  2001.6  20361.1  -15609.3  218.246  14081.1
482  192  2025-06-09 22-12-13  2003.2  20371.5  -15611.7  218.303  14073
483  192  2025-06-09 22-12-13  2004.8  20381.9  -15614.1  218.361  14082.5
484  192  2025-06-09 22-12-13  2006.4  20392.2  -15616.4  218.418  14074.4
485  192  2025-06-09 22-12-13  2008  20402.6  -15618.9  218.476  14084
486  192  2025-06-09 22-12-13  2009.6  20413  -15621.2  218.533  14075.9
487  192  2025-06-09 22-12-13  2011.2  20423.4  -15623.7  218.591  14085.4
488  192  2025-06-09 22-12-13  2012.8  20433.8  -15626  218.648  14077.3
489  192  2025-06-09 22-12-13  2014.4  20444.1  -15628.5  218.706  14086.9
490  192  2025-06-09 22-12-13  2016  20454.5  -15630.9  218.764  14078.9
491  192  2025-06-09 22-12-13  2017.6  20465  -15633.2  218.821  14070.7
492  192  2025-06-09 22-12-13  2019.2  20475.4  -15635.6  218.879  14080.2
