SN    USVID    CurTime    simTime    CurX    CurY    CurVel      CurYaw   
0  128  2025-06-09 22-33-56  0  8  4.89843e-16  192  2672
1  128  2025-06-09 22-33-56  1.6  128.006  9.80038e-16  192.058  2672
2  128  2025-06-09 22-33-56  3.2  136.017  1.47058e-15  192.115  2672
3  128  2025-06-09 22-33-56  4.8  144.035  1.96148e-15  192.173  2672
4  128  2025-06-09 22-33-56  6.4  152.058  2.45274e-15  192.23  2672
5  128  2025-06-09 22-33-56  8  160.086  2.94434e-15  192.288  2672
6  128  2025-06-09 22-33-56  9.6  168.121  3.4363e-15  192.345  2672
7  128  2025-06-09 22-33-56  11.2  176.161  3.92861e-15  192.403  2672
8  128  2025-06-09 22-33-56  12.8  184.207  4.42127e-15  192.46  2672
9  128  2025-06-09 22-33-56  14.4  192.259  4.91428e-15  192.518  2672
10  128  2025-06-09 22-33-56  128  200.317  5.40765e-15  192.576  2672
11  128  2025-06-09 22-33-56  129.6  208.38  5.90137e-15  192.633  2672
12  128  2025-06-09 22-33-56  131.2  216.449  6.39544e-15  192.691  2672
13  128  2025-06-09 22-33-56  132.8  224.524  6.88987e-15  192.748  2672
14  128  2025-06-09 22-33-56  134.4  232.604  7.38464e-15  192.806  2672
15  128  2025-06-09 22-33-56  136  240.691  7.87977e-15  192.863  2672
16  128  2025-06-09 22-33-56  137.6  248.783  8.37525e-15  192.921  2672
17  128  2025-06-09 22-33-56  139.2  256.881  8.87109e-15  192.978  2672
18  128  2025-06-09 22-33-56  140.8  264.984  9.36727e-15  193.036  2672
19  128  2025-06-09 22-33-56  142.4  1393.09  9.86381e-15  193.094  2672
20  128  2025-06-09 22-33-56  144  1401.21  1.03607e-14  193.151  2672
21  128  2025-06-09 22-33-56  145.6  1409.33  1.08579e-14  193.209  2672
22  128  2025-06-09 22-33-56  147.2  1417.46  1.13555e-14  193.266  2672
23  128  2025-06-09 22-33-56  148.8  1425.59  1.18535e-14  193.324  2672
24  128  2025-06-09 22-33-56  150.4  1433.73  1.23518e-14  193.381  2672
25  128  2025-06-09 22-33-56  152  1441.87  1.28504e-14  193.439  2672
26  128  2025-06-09 22-33-56  153.6  1450.02  1.33494e-14  193.496  2672
27  128  2025-06-09 22-33-56  155.2  1458.18  1.38488e-14  193.554  2672
28  128  2025-06-09 22-33-56  156.8  1466.34  1.43485e-14  193.612  2672
29  128  2025-06-09 22-33-56  158.4  1474.5  1.48486e-14  193.669  2672
30  128  2025-06-09 22-33-56  160  1482.68  1.5349e-14  193.727  2672
31  128  2025-06-09 22-33-56  161.6  1490.85  1.58498e-14  193.784  2672
32  128  2025-06-09 22-33-56  163.2  1499.04  1.63509e-14  193.842  2672
33  128  2025-06-09 22-33-56  164.8  1507.23  1.68524e-14  193.899  2672
34  128  2025-06-09 22-33-56  166.4  1515.42  1.73542e-14  193.957  2672
35  128  2025-06-09 22-33-56  168  1523.63  1.78564e-14  194.014  2672
36  128  2025-06-09 22-33-56  169.6  1531.83  1.83589e-14  194.072  2672
37  128  2025-06-09 22-33-56  171.2  1540.05  1.88618e-14  194.13  2672
38  128  2025-06-09 22-33-56  172.8  1548.26  1.9365e-14  194.187  2672
39  128  2025-06-09 22-33-56  174.4  1556.49  1.98686e-14  194.245  2672
40  128  2025-06-09 22-33-56  176  1564.72  2.03725e-14  194.302  2672
41  128  2025-06-09 22-33-56  177.6  1572.96  2.08768e-14  194.36  2672
42  128  2025-06-09 22-33-56  179.2  1581.2  2.13815e-14  194.417  2672
43  128  2025-06-09 22-33-56  180.8  1589.44  2.18865e-14  194.475  2672
44  128  2025-06-09 22-33-56  182.4  1597.7  2.23918e-14  194.532  2672
45  128  2025-06-09 22-33-56  184  1605.96  2.28975e-14  194.59  2672
46  128  2025-06-09 22-33-56  185.6  1614.22  2.34036e-14  194.648  2672
47  128  2025-06-09 22-33-56  187.2  1622.49  2.391e-14  194.705  2672
48  128  2025-06-09 22-33-56  188.8  1630.77  2.44167e-14  194.763  2672
49  128  2025-06-09 22-33-56  190.4  1639.05  2.49238e-14  194.82  2672
50  128  2025-06-09 22-33-56  192  1647.34  2.54313e-14  194.878  2672
51  128  2025-06-09 22-33-56  193.6  1655.63  2.59391e-14  194.935  2672
52  128  2025-06-09 22-33-56  195.2  1663.93  2.64473e-14  194.993  2672
53  128  2025-06-09 22-33-56  196.8  1672.24  2.69558e-14  195.05  2672
54  128  2025-06-09 22-33-56  198.4  1680.55  2.74647e-14  195.108  2672
55  128  2025-06-09 22-33-56  200  1688.86  2.79739e-14  195.166  2672
56  128  2025-06-09 22-33-56  201.6  1697.19  2.84835e-14  195.223  2672
57  128  2025-06-09 22-33-56  203.2  1705.51  2.89934e-14  195.281  2672
58  128  2025-06-09 22-33-56  204.8  1713.85  2.95037e-14  195.338  2672
59  128  2025-06-09 22-33-56  206.4  1722.19  3.00143e-14  195.396  2672
60  128  2025-06-09 22-33-56  208  1730.53  3.05253e-14  195.453  2672
61  128  2025-06-09 22-33-56  209.6  1738.88  3.10367e-14  195.511  2672
62  128  2025-06-09 22-33-56  211.2  1747.24  3.15484e-14  195.568  2672
63  128  2025-06-09 22-33-56  212.8  1755.6  3.20604e-14  195.626  2672
64  128  2025-06-09 22-33-56  214.4  1763.97  3.25728e-14  195.684  2672
65  128  2025-06-09 22-33-56  216  1772.35  3.30855e-14  195.741  2672
66  128  2025-06-09 22-33-56  217.6  1780.73  3.35986e-14  195.799  2672
67  128  2025-06-09 22-33-56  219.2  1789.11  3.41121e-14  195.856  2672
68  128  2025-06-09 22-33-56  220.8  1797.5  3.46259e-14  195.914  2672
69  128  2025-06-09 22-33-56  222.4  1805.9  3.51401e-14  195.971  2672
70  128  2025-06-09 22-33-56  224  1814.3  3.56546e-14  196.029  2672
71  128  2025-06-09 22-33-56  225.6  1822.71  3.61694e-14  196.086  2672
72  128  2025-06-09 22-33-56  227.2  1831.13  3.66847e-14  196.144  2672
73  128  2025-06-09 22-33-56  228.8  1839.55  3.72002e-14  196.202  2672
74  128  2025-06-09 22-33-56  230.4  1847.97  3.77162e-14  196.259  2672
75  128  2025-06-09 22-33-56  232  1856.4  3.82324e-14  196.317  2672
76  128  2025-06-09 22-33-56  233.6  1864.84  3.87491e-14  196.374  2672
77  128  2025-06-09 22-33-56  235.2  1873.28  3.9266e-14  196.432  2672
78  128  2025-06-09 22-33-56  236.8  1881.73  3.97834e-14  196.489  2672
79  128  2025-06-09 22-33-56  238.4  1890.19  4.0301e-14  196.547  2672
80  128  2025-06-09 22-33-56  240  1898.65  4.08191e-14  196.604  2672
81  128  2025-06-09 22-33-56  241.6  1907.11  4.13375e-14  196.662  2672
82  128  2025-06-09 22-33-56  243.2  1915.59  4.18562e-14  196.72  2672
83  128  2025-06-09 22-33-56  244.8  1924.06  4.23753e-14  196.777  2672
84  128  2025-06-09 22-33-56  246.4  1932.55  4.28947e-14  196.835  2672
85  128  2025-06-09 22-33-56  248  1941.04  4.34145e-14  196.892  2672
86  128  2025-06-09 22-33-56  249.6  1949.53  4.39347e-14  196.95  2672
87  128  2025-06-09 22-33-56  251.2  1958.03  4.44552e-14  197.007  2672
88  128  2025-06-09 22-33-56  252.8  1966.54  4.49761e-14  197.065  2672
89  128  2025-06-09 22-33-56  254.4  1975.05  4.54973e-14  197.122  2672
90  128  2025-06-09 22-33-56  256  1983.57  4.60188e-14  197.18  2672
91  128  2025-06-09 22-33-56  257.6  1992.09  4.65407e-14  197.238  2672
92  128  2025-06-09 22-33-56  259.2  2000.62  4.7063e-14  197.295  2672
93  128  2025-06-09 22-33-56  260.8  2009.16  4.75856e-14  197.353  2672
94  128  2025-06-09 22-33-56  262.4  2017.7  4.81086e-14  197.41  2672
95  128  2025-06-09 22-33-56  264  2026.25  4.86319e-14  197.468  2672
96  128  2025-06-09 22-33-56  265.6  2034.8  4.91556e-14  197.525  2672
97  128  2025-06-09 22-33-56  267.2  2043.36  4.96796e-14  197.583  2672
98  128  2025-06-09 22-33-56  268.8  2051.92  5.0204e-14  197.641  2672
99  128  2025-06-09 22-33-56  270.4  2060.49  5.07287e-14  197.698  2672
100  128  2025-06-09 22-33-56  1392  2069.07  5.12538e-14  197.756  2672
101  128  2025-06-09 22-33-56  1393.6  2077.65  5.17792e-14  197.813  2672
102  128  2025-06-09 22-33-56  1395.2  2086.23  5.2305e-14  197.871  2672
103  128  2025-06-09 22-33-56  1396.8  2094.83  5.28312e-14  197.928  2672
104  128  2025-06-09 22-33-56  1398.4  2103.43  5.33577e-14  197.986  2672
105  128  2025-06-09 22-33-56  1400  2112.03  5.38845e-14  198.043  2672
106  128  2025-06-09 22-33-56  1401.6  2120.64  5.44117e-14  198.101  2672
107  128  2025-06-09 22-33-56  1403.2  2129.26  5.49393e-14  198.159  2672
108  128  2025-06-09 22-33-56  1404.8  2137.88  5.54672e-14  198.216  2672
109  128  2025-06-09 22-33-56  1406.4  2146.5  5.59954e-14  198.274  2672
110  128  2025-06-09 22-33-56  1408  2155.14  5.6524e-14  198.331  2672
111  128  2025-06-09 22-33-56  1409.6  2163.78  5.7053e-14  198.389  2672
112  128  2025-06-09 22-33-56  1411.2  2172.42  5.75823e-14  198.446  2672
113  128  2025-06-09 22-33-56  1412.8  2181.07  5.8112e-14  198.504  2672
114  128  2025-06-09 22-33-56  1414.4  2189.73  5.8642e-14  198.561  2672
115  128  2025-06-09 22-33-56  1416  2198.39  5.91724e-14  198.619  2672
116  128  2025-06-09 22-33-56  1417.6  2207.06  5.97031e-14  198.677  2672
117  128  2025-06-09 22-33-56  1419.2  2215.73  6.02342e-14  198.734  2672
118  128  2025-06-09 22-33-56  1420.8  2224.41  6.07656e-14  198.792  2672
119  128  2025-06-09 22-33-56  1422.4  2233.1  6.12974e-14  198.849  2672
120  128  2025-06-09 22-33-56  1424  2241.79  6.18295e-14  198.907  2672
121  128  2025-06-09 22-33-56  1425.6  2250.48  6.2362e-14  198.964  2672
122  128  2025-06-09 22-33-56  1427.2  2259.18  6.28948e-14  199.022  2672
123  128  2025-06-09 22-33-56  1428.8  2267.89  6.3428e-14  199.079  2672
124  128  2025-06-09 22-33-56  1430.4  2276.61  6.39616e-14  199.137  2672
125  128  2025-06-09 22-33-56  1432  2285.33  6.44955e-14  199.195  2672
126  128  2025-06-09 22-33-56  1433.6  2294.05  6.50297e-14  199.252  2672
127  128  2025-06-09 22-33-56  1435.2  2302.78  6.55643e-14  199.31  2672
128  128  2025-06-09 22-33-56  1436.8  2311.52  6.60993e-14  199.367  2672
129  128  2025-06-09 22-33-56  1438.4  2320.26  6.66346e-14  199.425  2672
130  128  2025-06-09 22-33-56  1440  2329.01  6.71702e-14  199.482  2672
131  128  2025-06-09 22-33-56  1441.6  2337.76  6.77062e-14  199.54  2672
132  128  2025-06-09 22-33-56  1443.2  2346.52  6.82426e-14  199.597  2672
133  128  2025-06-09 22-33-56  1444.8  2355.29  6.87793e-14  199.655  2672
134  128  2025-06-09 22-33-56  1446.4  2364.06  6.93164e-14  199.713  2672
135  128  2025-06-09 22-33-56  1448  2372.84  6.98538e-14  199.77  2672
136  128  2025-06-09 22-33-56  1449.6  2381.62  7.03916e-14  199.828  2672
137  128  2025-06-09 22-33-56  1451.2  2390.41  7.09297e-14  199.885  2672
138  128  2025-06-09 22-33-56  1452.8  2399.2  7.14682e-14  199.943  2672
139  128  2025-06-09 22-33-56  1454.4  2408  7.2007e-14  200  2672
140  128  2025-06-09 22-33-56  1456  2416.81  7.25462e-14  200.058  2672
141  128  2025-06-09 22-33-56  1457.6  2425.62  7.30857e-14  200.115  2672
142  128  2025-06-09 22-33-56  1459.2  2434.44  7.36256e-14  200.173  2672
143  128  2025-06-09 22-33-56  1460.8  2443.26  7.41658e-14  200.231  2672
144  128  2025-06-09 22-33-56  1462.4  2452.09  7.47064e-14  200.288  2672
145  128  2025-06-09 22-33-56  1464  2460.92  7.52474e-14  200.346  2672
146  128  2025-06-09 22-33-56  1465.6  2469.76  7.57887e-14  200.403  2672
147  128  2025-06-09 22-33-56  1467.2  2478.61  7.63303e-14  200.461  2672
148  128  2025-06-09 22-33-56  1468.8  2487.46  7.68723e-14  200.518  2672
149  128  2025-06-09 22-33-56  1470.4  2496.32  7.74147e-14  200.576  2672
150  128  2025-06-09 22-33-56  1472  2505.18  7.79574e-14  200.633  2672
151  128  2025-06-09 22-33-56  1473.6  2514.05  7.85004e-14  200.691  2672
152  128  2025-06-09 22-33-56  1475.2  2522.93  7.90438e-14  200.749  2672
153  128  2025-06-09 22-33-56  1476.8  2531.81  7.95876e-14  200.806  2672
154  128  2025-06-09 22-33-56  1478.4  2540.69  8.01317e-14  200.864  2672
155  128  2025-06-09 22-33-56  1480  2549.59  8.06762e-14  200.921  2672
156  128  2025-06-09 22-33-56  1481.6  2558.48  8.1221e-14  200.979  2672
157  128  2025-06-09 22-33-56  1483.2  2567.39  8.17662e-14  201.036  2672
158  128  2025-06-09 22-33-56  1484.8  2576.3  8.23117e-14  201.094  2672
159  128  2025-06-09 22-33-56  1486.4  2585.21  8.28576e-14  201.151  2672
160  128  2025-06-09 22-33-56  1488  2594.13  8.34038e-14  201.209  2672
161  128  2025-06-09 22-33-56  1489.6  2603.06  8.39504e-14  201.267  2672
162  128  2025-06-09 22-33-56  1491.2  2611.99  8.44973e-14  201.324  2672
163  128  2025-06-09 22-33-56  1492.8  2620.93  8.50446e-14  201.382  2672
164  128  2025-06-09 22-33-56  1494.4  2629.87  8.55922e-14  201.439  2672
165  128  2025-06-09 22-33-56  1496  2638.82  8.61402e-14  201.497  2672
166  128  2025-06-09 22-33-56  1497.6  2647.78  8.66886e-14  201.554  2672
167  128  2025-06-09 22-33-56  1499.2  2656.74  8.72373e-14  201.612  2672
168  128  2025-06-09 22-33-56  1500.8  2665.71  8.77863e-14  201.669  2672
169  128  2025-06-09 22-33-56  1502.4  2674.68  8.83357e-14  201.727  2672
170  128  2025-06-09 22-33-56  1504  2683.66  8.88855e-14  201.785  2672
171  128  2025-06-09 22-33-56  1505.6  2692.64  8.94356e-14  201.842  2672
172  128  2025-06-09 22-33-56  1507.2  2701.62  8.99852e-14  201.756  2672
173  128  2025-06-09 22-33-56  1508.8  2710.6  -0.0791592  201.813  2680.08
174  128  2025-06-09 22-33-56  1510.4  2719.58  -0.238358  201.871  2688.24
175  128  2025-06-09 22-33-56  1512  2728.57  -0.47847  201.928  2696.48
176  128  2025-06-09 22-33-56  1513.6  2737.57  -0.800364  201.986  2704.8
177  128  2025-06-09 22-33-56  1515.2  2746.56  -1.2049  202.044  2713.2
178  128  2025-06-09 22-33-56  1516.8  2755.56  -1.69294  202.101  2721.68
179  128  2025-06-09 22-33-56  1518.4  2764.56  -2.26534  202.159  2730.24
180  128  2025-06-09 22-33-56  1520  2773.55  -2.92292  202.216  2738.88
181  128  2025-06-09 22-33-56  1521.6  2782.55  -3.66654  202.274  2747.6
182  128  2025-06-09 22-33-56  1523.2  2791.55  -4.49701  202.331  2756.4
183  128  2025-06-09 22-33-56  1524.8  2800.54  -5.41515  202.389  2765.28
184  128  2025-06-09 22-33-56  1526.4  2809.53  -6.42178  202.446  2774.24
185  128  2025-06-09 22-33-56  1528  2818.51  -7.51769  202.504  2783.28
186  128  2025-06-09 22-33-56  1529.6  2827.49  -8.70368  202.562  2792.4
187  128  2025-06-09 22-33-56  1531.2  14036.5  -9.98051  202.619  2801.6
188  128  2025-06-09 22-33-56  1532.8  14045.4  -11.349  202.677  2810.88
189  128  2025-06-09 22-33-56  1534.4  14054.4  -12.8098  202.734  2820.24
190  128  2025-06-09 22-33-56  1536  14063.3  -14.3637  202.792  2829.68
191  128  2025-06-09 22-33-56  1537.6  14072.3  -128.012  202.849  14039.2
192  128  2025-06-09 22-33-56  1539.2  14081.2  -129.754  202.907  14048.8
193  128  2025-06-09 22-33-56  1540.8  14090.1  -131.592  202.964  14058.5
194  128  2025-06-09 22-33-56  1542.4  14099  -133.525  203.022  14068.2
195  128  2025-06-09 22-33-56  1544  14107.9  -135.555  203.08  14078.1
196  128  2025-06-09 22-33-56  1545.6  14116.7  -137.683  203.137  14088
197  128  2025-06-09 22-33-56  1547.2  14125.6  -139.908  203.195  14098
198  128  2025-06-09 22-33-56  1548.8  14134.4  -142.233  203.252  14108.1
199  128  2025-06-09 22-33-56  1550.4  14143.2  -144.656  203.31  14118.2
200  128  2025-06-09 22-33-56  1552  14152  -147.179  203.367  14128.5
201  128  2025-06-09 22-33-56  1553.6  14160.7  -149.802  203.425  14138.8
202  128  2025-06-09 22-33-56  1555.2  14169.5  -152.526  203.482  14149.2
203  128  2025-06-09 22-33-56  1556.8  14178.2  -155.352  203.54  14159.7
204  128  2025-06-09 22-33-56  1558.4  14186.9  -158.28  203.598  14170.2
205  128  2025-06-09 22-33-56  1560  14195.5  -161.31  203.655  14180.9
206  128  2025-06-09 22-33-56  1561.6  14204.1  -164.443  203.713  14191.6
207  128  2025-06-09 22-33-56  1563.2  14212.7  -167.679  203.77  14202.4
208  128  2025-06-09 22-33-56  1564.8  14221.3  -171.019  203.828  14213.3
209  128  2025-06-09 22-33-56  1566.4  14229.8  -174.464  203.885  14224.2
210  128  2025-06-09 22-33-56  1568  14238.3  -178.013  203.943  14235.3
211  128  2025-06-09 22-33-56  1569.6  14246.7  -181.666  204  14246.4
212  128  2025-06-09 22-33-56  1571.2  14255.1  -185.425  204.058  14257.6
213  128  2025-06-09 22-33-56  1572.8  14263.5  -189.289  204.116  14268.8
214  128  2025-06-09 22-33-56  1574.4  14271.8  -193.257  204.173  14280
215  128  2025-06-09 22-33-56  1576  14280.1  -197.329  204.231  14291.2
216  128  2025-06-09 22-33-56  1577.6  14288.3  -201.505  204.288  14302.4
217  128  2025-06-09 22-33-56  1579.2  14296.5  -205.783  204.346  14313.6
218  128  2025-06-09 22-33-56  1580.8  14304.6  -210.164  204.403  14324.8
219  128  2025-06-09 22-33-56  1582.4  14312.7  -214.646  204.461  14336
220  128  2025-06-09 22-33-56  1584  14320.7  -219.23  204.518  14347.2
221  128  2025-06-09 22-33-56  1585.6  14328.7  -223.915  204.576  14358.4
222  128  2025-06-09 22-33-56  1587.2  14336.7  -228.63  204.634  14361.6
223  128  2025-06-09 22-33-56  1588.8  14344.7  -233.377  204.691  14364.8
224  128  2025-06-09 22-33-56  1590.4  14352.6  -238.154  204.749  14368
225  128  2025-06-09 22-33-56  1592  14360.6  -242.961  204.806  14371.2
226  128  2025-06-09 22-33-56  1593.6  14368.5  -247.799  204.864  14374.4
227  128  2025-06-09 22-33-56  1595.2  14376.4  -252.668  204.921  14377.6
228  128  2025-06-09 22-33-56  1596.8  14384.3  -257.568  204.979  14380.8
229  128  2025-06-09 22-33-56  1598.4  14392.2  -262.498  205.036  14384
230  128  2025-06-09 22-33-56  1600  14400.1  -267.459  205.094  14387.2
231  128  2025-06-09 22-33-56  1601.6  14407.9  -1392.45  205.152  14390.4
232  128  2025-06-09 22-33-56  1603.2  14415.7  -1397.55  205.065  14403.2
233  128  2025-06-09 22-33-56  1604.8  14423.4  -1402.75  205.123  14416
234  128  2025-06-09 22-33-56  1606.4  14431.2  -1407.92  205.18  14411.1
235  128  2025-06-09 22-33-56  1608  14439  -1413.05  205.238  14406.2
236  128  2025-06-09 22-33-56  1609.6  14446.8  -1418.14  205.295  14401.1
237  128  2025-06-09 22-33-56  1611.2  14454.6  -1423.19  205.353  14396
238  128  2025-06-09 22-33-56  1612.8  14462.5  -1428.2  205.411  14390.8
239  128  2025-06-09 22-33-56  1614.4  14470.4  -1433.17  205.468  14385.5
240  128  2025-06-09 22-33-56  1616  14478.4  -1438.09  205.526  14380.2
241  128  2025-06-09 22-33-56  1617.6  14486.3  -1443.12  205.583  14392.5
242  128  2025-06-09 22-33-56  1619.2  14494.2  -1448.11  205.641  14387.2
243  128  2025-06-09 22-33-56  1620.8  14502.2  -1453.06  205.698  14381.7
244  128  2025-06-09 22-33-56  1622.4  14510.2  -1457.96  205.756  14376.2
245  128  2025-06-09 22-33-56  1624  14518.1  -1462.97  205.813  14388.4
246  128  2025-06-09 22-33-56  1625.6  14526.1  -1467.93  205.871  14382.9
247  128  2025-06-09 22-33-56  1627.2  14534.1  -1472.85  205.929  14377.4
248  128  2025-06-09 22-33-56  1628.8  14542  -1477.88  205.986  14389.5
249  128  2025-06-09 22-33-56  1630.4  14550  -1482.87  206.044  14383.9
250  128  2025-06-09 22-33-56  1632  14558  -1487.8  206.101  14378.3
251  128  2025-06-09 22-33-56  1633.6  14565.9  -1492.85  206.159  14390.4
252  128  2025-06-09 22-33-56  1635.2  14573.9  -1497.85  206.216  14384.8
253  128  2025-06-09 22-33-56  1636.8  14581.9  -1502.8  206.274  14379.1
254  128  2025-06-09 22-33-56  1638.4  14590  -1507.7  206.331  14373.3
255  128  2025-06-09 22-33-56  1640  14598  -1512.72  206.389  14385.2
256  128  2025-06-09 22-33-56  1641.6  14606  -1517.68  206.447  14379.4
257  128  2025-06-09 22-33-56  1643.2  14614.1  -1522.6  206.504  14373.6
258  128  2025-06-09 22-33-56  1644.8  14622.1  -1527.62  206.562  14385.5
259  128  2025-06-09 22-33-56  1646.4  14630.2  -1532.6  206.619  14379.6
260  128  2025-06-09 22-33-56  1648  14638.3  -1537.52  206.677  14373.7
261  128  2025-06-09 22-33-56  1649.6  14646.3  -1542.56  206.734  14385.5
262  128  2025-06-09 22-33-56  1651.2  14654.3  -1547.54  206.792  14379.6
263  128  2025-06-09 22-33-56  1652.8  14662.4  -1552.48  206.849  14373.7
264  128  2025-06-09 22-33-56  1654.4  14670.5  -1557.52  206.907  14385.4
265  128  2025-06-09 22-33-56  1656  14678.6  -1562.51  206.965  14379.4
266  128  2025-06-09 22-33-56  1657.6  14686.7  -1567.45  207.022  14373.4
267  128  2025-06-09 22-33-56  1659.2  14694.7  -1572.5  207.08  14385.1
268  128  2025-06-09 22-33-56  1660.8  14702.8  -1577.5  207.137  14379.1
269  128  2025-06-09 22-33-56  1662.4  14711  -1582.45  207.195  14373
270  128  2025-06-09 22-33-56  1664  14719  -1587.5  207.252  14384.6
271  128  2025-06-09 22-33-56  1665.6  14727.1  -1592.5  207.31  14378.5
272  128  2025-06-09 22-33-56  1667.2  14735.3  -1597.45  207.367  14372.3
273  128  2025-06-09 22-33-56  1668.8  14743.4  -1602.51  207.425  14383.9
274  128  2025-06-09 22-33-56  1670.4  14751.5  -1607.51  207.483  14377.7
275  128  2025-06-09 22-33-56  1672  14759.7  -1612.46  207.54  14371.5
276  128  2025-06-09 22-33-56  1673.6  14767.8  -1617.52  207.598  14383
277  128  2025-06-09 22-33-56  1675.2  14776  -1622.52  207.655  14376.8
278  128  2025-06-09 22-33-56  1676.8  14784.2  -1627.48  207.713  14370.5
279  128  2025-06-09 22-33-56  1678.4  14792.3  -1632.53  207.77  14381.9
280  128  2025-06-09 22-33-56  1680  14800.5  -1637.54  207.828  14375.6
281  128  2025-06-09 22-33-56  1681.6  14808.7  -1642.48  207.885  14369.2
282  128  2025-06-09 22-33-56  1683.2  14816.8  -1647.54  207.943  14380.6
283  128  2025-06-09 22-33-56  1684.8  14825  -1652.54  208.001  14374.3
284  128  2025-06-09 22-33-56  1686.4  14833.3  -1657.49  208.058  14367.8
285  128  2025-06-09 22-33-56  1688  14841.4  -1662.54  208.116  14379.1
286  128  2025-06-09 22-33-56  1689.6  14849.7  -1667.53  208.173  14372.7
287  128  2025-06-09 22-33-56  1691.2  14857.9  -1672.47  208.231  14366.2
288  128  2025-06-09 22-33-56  1692.8  14866.1  -1677.52  208.288  14377.5
289  128  2025-06-09 22-33-56  1694.4  14874.4  -1682.5  208.346  14371
290  128  2025-06-09 22-33-56  1696  14882.6  -1687.44  208.404  14364.4
291  128  2025-06-09 22-33-56  1697.6  14890.9  -1692.47  208.461  14375.6
292  128  2025-06-09 22-33-56  1699.2  14899.1  -1697.45  208.519  14369.1
293  128  2025-06-09 22-33-56  1700.8  14907.4  -1702.38  208.576  14362.5
294  128  2025-06-09 22-33-56  1702.4  14915.7  -1707.41  208.634  14373.6
295  128  2025-06-09 22-33-56  1704  14924  -1712.38  208.691  14367
296  128  2025-06-09 22-33-56  1705.6  14932.3  -1717.29  208.749  14360.3
297  128  2025-06-09 22-33-56  1707.2  14940.6  -1722.31  208.806  14371.3
298  128  2025-06-09 22-33-56  1708.8  14948.9  -1727.26  208.864  14364.7
299  128  2025-06-09 22-33-56  1710.4  14957.2  -1732.32  208.922  14375.7
300  128  2025-06-09 22-33-56  1712  14965.5  -1737.33  208.979  14369.1
301  128  2025-06-09 22-33-56  1713.6  14973.8  -1742.28  209.037  14362.3
302  128  2025-06-09 22-33-56  1715.2  14982.1  -1747.32  209.094  14373.3
303  128  2025-06-09 22-33-56  1716.8  14990.5  -1752.32  209.152  14366.6
304  128  2025-06-09 22-33-56  1718.4  14998.8  -1757.25  209.209  14359.8
305  128  2025-06-09 22-33-56  1720  15007.2  -1762.28  209.267  14370.7
306  128  2025-06-09 22-33-56  1721.6  15015.5  -1767.26  209.324  14364
307  128  2025-06-09 22-33-56  1723.2  15023.8  -1772.34  209.382  14374.9
308  128  2025-06-09 22-33-56  1724.8  15032.2  -1777.36  209.44  14368.1
309  128  2025-06-09 22-33-56  1726.4  15040.6  -1782.32  209.497  14361.3
310  128  2025-06-09 22-33-56  1728  15048.9  -1787.38  209.555  14372.2
311  128  2025-06-09 22-33-56  1729.6  15057.3  -1792.38  209.612  14365.4
312  128  2025-06-09 22-33-56  1731.2  15065.7  -1797.32  209.67  14358.5
313  128  2025-06-09 22-33-56  1732.8  15074.1  -1802.37  209.727  14369.3
314  128  2025-06-09 22-33-56  1734.4  15082.5  -1807.35  209.785  14362.4
315  128  2025-06-09 22-33-56  1736  15091  -1812.28  209.842  14355.4
316  128  2025-06-09 22-33-56  1737.6  15099.4  -1817.3  209.9  14366.2
317  128  2025-06-09 22-33-56  1739.2  15107.8  -1822.27  209.958  14359.2
318  128  2025-06-09 22-33-56  1740.8  15116.2  -1827.33  210.015  14370
319  128  2025-06-09 22-33-56  1742.4  15124.6  -1832.34  210.073  14363
320  128  2025-06-09 22-33-56  1744  15133.1  -1837.28  210.13  14356
321  128  2025-06-09 22-33-56  1745.6  15141.5  -1842.33  210.188  14366.7
322  128  2025-06-09 22-33-56  1747.2  15150  -1847.31  210.245  14359.7
323  128  2025-06-09 22-33-56  1748.8  15158.4  -1852.4  210.303  14370.4
324  128  2025-06-09 22-33-56  1750.4  15166.9  -1857.42  210.36  14363.5
325  128  2025-06-09 22-33-56  1752  15175.4  -1862.38  210.418  14356.4
326  128  2025-06-09 22-33-56  1753.6  15183.8  -1867.45  210.476  14367
327  128  2025-06-09 22-33-56  1755.2  15192.3  -1872.45  210.533  14360
328  128  2025-06-09 22-33-56  1756.8  15200.8  -1877.39  210.591  14352.9
329  128  2025-06-09 22-33-56  1758.4  15209.3  -1882.42  210.648  14363.5
330  128  2025-06-09 22-33-56  1760  15217.9  -1887.4  210.706  14356.4
331  128  2025-06-09 22-33-56  1761.6  15226.3  -1892.48  210.763  14366.9
332  128  2025-06-09 22-33-56  1763.2  15234.8  -1897.49  210.821  14359.9
333  128  2025-06-09 22-33-56  1764.8  15243.4  -1902.44  210.878  14352.7
334  128  2025-06-09 22-33-56  1766.4  15251.9  -1907.49  210.936  14363.2
335  128  2025-06-09 22-33-56  1768  15260.5  -1912.48  210.994  14356.1
336  128  2025-06-09 22-33-56  1769.6  15269  -1917.57  211.051  14366.6
337  128  2025-06-09 22-33-56  1771.2  15277.5  -1922.59  211.109  14359.5
338  128  2025-06-09 22-33-56  1772.8  15286.1  -1927.56  211.166  14352.3
339  128  2025-06-09 22-33-56  1774.4  15294.6  -1932.62  211.224  14362.7
340  128  2025-06-09 22-33-56  1776  15303.2  -1937.61  211.281  14355.5
341  128  2025-06-09 22-33-56  1777.6  15311.7  -1942.71  211.339  14366
342  128  2025-06-09 22-33-56  1779.2  15320.3  -1947.75  211.396  14358.8
343  128  2025-06-09 22-33-56  1780.8  15328.9  -1952.71  211.454  14351.6
344  128  2025-06-09 22-33-56  1782.4  15337.5  -1957.78  211.512  14362
345  128  2025-06-09 22-33-56  1784  15346.1  -1962.79  211.569  14354.8
346  128  2025-06-09 22-33-56  1785.6  15354.7  -1967.73  211.627  14347.4
347  128  2025-06-09 22-33-56  1787.2  15363.3  -1972.77  211.684  14357.8
348  128  2025-06-09 22-33-56  1788.8  15372  -1977.74  211.742  14350.5
349  128  2025-06-09 22-33-56  1790.4  15380.6  -1982.81  211.799  14360.9
350  128  2025-06-09 22-33-56  1792  15389.2  -1987.82  211.857  14353.6
351  128  2025-06-09 22-33-56  1793.6  15397.8  -1992.93  211.914  14364
352  128  2025-06-09 22-33-56  1795.2  15406.4  -1997.97  211.972  14356.7
353  128  2025-06-09 22-33-56  1796.8  15415.1  -2002.95  212.03  14349.3
354  128  2025-06-09 22-33-56  1798.4  15423.7  -2008.02  212.087  14359.7
355  128  2025-06-09 22-33-56  1800  15432.4  -2013.03  212.145  14352.3
356  128  2025-06-09 22-33-56  1801.6  15441.1  -2017.98  212.202  14344.9
357  128  2025-06-09 22-33-56  1803.2  15449.8  -2023.02  212.26  14355.2
358  128  2025-06-09 22-33-56  1804.8  15458.5  -2028  212.317  14347.8
359  128  2025-06-09 22-33-56  1806.4  15467.2  -2033.07  212.375  14358.1
360  128  2025-06-09 22-33-56  1808  15475.9  -2038.08  212.432  14350.7
361  128  2025-06-09 22-33-56  1809.6  15484.5  -2043.19  212.49  14361
362  128  2025-06-09 22-33-56  1811.2  15493.2  -2048.23  212.548  14353.6
363  128  2025-06-09 22-33-56  1812.8  15502  -2053.21  212.605  14346.1
364  128  2025-06-09 22-33-56  1814.4  15510.7  -2058.28  212.663  14356.4
365  128  2025-06-09 22-33-56  1816  15519.4  -2063.29  212.72  14348.9
366  128  2025-06-09 22-33-56  1817.6  15528.1  -2068.4  212.778  14359.2
367  128  2025-06-09 22-33-56  1819.2  15536.8  -2073.44  212.835  14351.8
368  128  2025-06-09 22-33-56  1820.8  15545.6  -2078.41  212.893  14344.3
369  128  2025-06-09 22-33-56  1822.4  15554.3  -2083.48  212.95  14354.5
370  128  2025-06-09 22-33-56  1824  15563.1  -2088.48  213.008  14347
371  128  2025-06-09 22-33-56  1825.6  15571.8  -2093.58  213.066  14357.2
372  128  2025-06-09 22-33-56  1827.2  15580.6  -2098.62  213.123  14349.7
373  128  2025-06-09 22-33-56  1828.8  15589.4  -2103.58  213.181  14342.2
374  128  2025-06-09 22-33-56  1830.4  15598.2  -2108.65  213.238  14352.3
375  128  2025-06-09 22-33-56  1832  15607  -2113.64  213.296  14344.8
376  128  2025-06-09 22-33-56  1833.6  15615.7  -2118.74  213.353  14354.9
377  128  2025-06-09 22-33-56  1835.2  15624.6  -2123.76  213.411  14347.4
378  128  2025-06-09 22-33-56  1836.8  15633.4  -2128.72  213.468  14339.8
379  128  2025-06-09 22-33-56  1838.4  15642.2  -2133.78  213.526  14349.9
380  128  2025-06-09 22-33-56  1840  15651.1  -2138.76  213.584  14342.3
381  128  2025-06-09 22-33-56  1841.6  15659.9  -2143.85  213.641  14352.4
382  128  2025-06-09 22-33-56  1843.2  15668.7  -2148.87  213.699  14344.9
383  128  2025-06-09 22-33-56  1844.8  15677.6  -2153.81  213.756  14337.2
384  128  2025-06-09 22-33-56  1846.4  15686.4  -2158.86  213.814  14347.3
385  128  2025-06-09 22-33-56  1848  15695.3  -2163.83  213.871  14339.6
386  128  2025-06-09 22-33-56  1849.6  15704.2  -2168.9  213.929  14349.7
387  128  2025-06-09 22-33-56  1851.2  15713.1  -2173.91  213.986  14342.1
388  128  2025-06-09 22-33-56  1852.8  15721.9  -2179.01  214.044  14352.2
389  128  2025-06-09 22-33-56  1854.4  15730.8  -2184.04  214.102  14344.6
390  128  2025-06-09 22-33-56  1856  15739.7  -2189.01  214.159  14336.9
391  128  2025-06-09 22-33-56  1857.6  15748.6  -2194.07  214.217  14346.9
392  128  2025-06-09 22-33-56  1859.2  15757.5  -2199.06  214.274  14339.2
393  128  2025-06-09 22-33-56  1860.8  15766.4  -2204.15  214.332  14349.3
394  128  2025-06-09 22-33-56  1862.4  15775.3  -2209.17  214.389  14341.6
395  128  2025-06-09 22-33-56  1864  15784.2  -2214.28  214.447  14351.7
396  128  2025-06-09 22-33-56  1865.6  15793.1  -2219.33  214.504  14344
397  128  2025-06-09 22-33-56  1867.2  15802.1  -2224.31  214.562  14336.3
398  128  2025-06-09 22-33-56  1868.8  15811  -2229.38  214.62  14346.3
399  128  2025-06-09 22-33-56  1870.4  15820  -2234.39  214.677  14338.6
400  128  2025-06-09 22-33-56  1872  15828.9  -2239.49  214.735  14348.6
401  128  2025-06-09 22-33-56  1873.6  15837.9  -2244.52  214.792  14340.9
402  128  2025-06-09 22-33-56  1875.2  15846.9  -2249.48  214.85  14333.2
403  128  2025-06-09 22-33-56  1876.8  15855.8  -2254.54  214.907  14343.1
404  128  2025-06-09 22-33-56  1878.4  15864.8  -2259.53  214.965  14335.4
405  128  2025-06-09 22-33-56  1880  15873.8  -2264.61  215.022  14345.3
406  128  2025-06-09 22-33-56  1881.6  15882.8  -2269.62  215.08  14337.6
407  128  2025-06-09 22-33-56  1883.2  15891.8  -2274.74  215.138  14347.6
408  128  2025-06-09 22-33-56  1884.8  15900.8  -2279.78  215.195  14339.8
409  128  2025-06-09 22-33-56  1886.4  15909.8  -2284.75  215.253  14332
410  128  2025-06-09 22-33-56  1888  15918.9  -2289.64  215.31  14324.2
411  128  2025-06-09 22-33-56  1889.6  15928  -2294.45  215.224  14316.2
412  128  2025-06-09 22-33-56  1891.2  15937.2  -2299.27  215.281  14317.9
413  128  2025-06-09 22-33-56  1892.8  15946.3  -2304.12  215.339  14319.6
414  128  2025-06-09 22-33-56  1894.4  15955.4  -2308.99  215.397  14321.3
415  128  2025-06-09 22-33-56  1896  15964.5  -2313.87  215.454  14323
416  128  2025-06-09 22-33-56  1897.6  15973.7  -2318.78  215.512  14324.7
417  128  2025-06-09 22-33-56  1899.2  15982.8  -2323.71  215.569  14326.4
418  128  2025-06-09 22-33-56  1900.8  15991.9  -2328.65  215.627  14328.2
419  128  2025-06-09 22-33-56  1902.4  16001  -2333.62  215.684  14330
420  128  2025-06-09 22-33-56  1904  16010.1  -2338.61  215.742  14331.8
421  128  2025-06-09 22-33-56  1905.6  16019.2  -2343.62  215.799  14333.6
422  128  2025-06-09 22-33-56  1907.2  16028.3  -2348.65  215.857  14335.4
423  128  2025-06-09 22-33-56  1908.8  16037.3  -2353.7  215.915  14337.2
424  128  2025-06-09 22-33-56  1910.4  16046.4  -2358.77  215.972  14339.1
425  128  2025-06-09 22-33-56  1912  16055.5  -2363.85  215.886  14341
426  128  2025-06-09 22-33-56  1913.6  16064.6  -2368.88  215.943  14334.8
427  128  2025-06-09 22-33-56  1915.2  16073.7  -2373.85  216.001  14328.5
428  128  2025-06-09 22-33-56  1916.8  16082.9  -2378.76  216.058  14322.2
429  128  2025-06-09 22-33-56  1918.4  16092.1  -2383.6  216.116  14315.8
430  128  2025-06-09 22-33-56  1920  16101.3  -2388.38  216.174  14309.4
431  128  2025-06-09 22-33-56  1921.6  16110.6  -2393.11  216.231  14302.9
432  128  2025-06-09 22-33-56  1923.2  16120  -2397.76  216.289  14296.3
433  128  2025-06-09 22-33-56  1924.8  16129.3  -2402.35  216.346  14289.6
434  128  2025-06-09 22-33-56  1926.4  16138.8  -2406.88  216.404  14282.9
435  128  2025-06-09 22-33-56  1928  16148.2  -2411.34  216.461  14276.2
436  128  2025-06-09 22-33-56  1929.6  16157.7  -2415.73  216.519  14269.3
437  128  2025-06-09 22-33-56  1931.2  16167.2  -2420.05  216.576  14262.4
438  128  2025-06-09 22-33-56  1932.8  16176.8  -2424.3  216.634  14255.5
439  128  2025-06-09 22-33-56  1934.4  16186.4  -2428.48  216.692  14248.5
440  128  2025-06-09 22-33-56  1936  16196  -2432.58  216.749  14241.4
441  128  2025-06-09 22-33-56  1937.6  16205.7  -2436.62  216.807  14234.2
442  128  2025-06-09 22-33-56  1939.2  16215.4  -2440.58  216.864  14227
443  128  2025-06-09 22-33-56  1940.8  16225.1  -2444.46  216.922  14219.7
444  128  2025-06-09 22-33-56  1942.4  16234.9  -2448.27  216.979  14212.4
445  128  2025-06-09 22-33-56  1944  16244.7  -2452  217.037  14205
446  128  2025-06-09 22-33-56  1945.6  16254.6  -2455.66  217.094  14197.5
447  128  2025-06-09 22-33-56  1947.2  16264.5  -2459.23  217.152  14190
448  128  2025-06-09 22-33-56  1948.8  16274.4  -2462.73  217.21  14182.4
449  128  2025-06-09 22-33-56  1950.4  16284.4  -2466.14  217.267  14174.7
450  128  2025-06-09 22-33-56  1952  16294.4  -2469.47  217.325  14167
451  128  2025-06-09 22-33-56  1953.6  16304.4  -2472.72  217.382  14159.2
452  128  2025-06-09 22-33-56  1955.2  16314.4  -2475.88  217.44  14151.3
453  128  2025-06-09 22-33-56  1956.8  16324.5  -2478.96  217.497  14143.4
454  128  2025-06-09 22-33-56  1958.4  16334.6  -2481.95  217.555  14135.4
455  128  2025-06-09 22-33-56  1960  16344.8  -2484.85  217.612  14127.4
456  128  2025-06-09 22-33-56  1961.6  16355  -2487.67  217.67  14119.3
457  128  2025-06-09 22-33-56  1963.2  16365.2  -2490.4  217.728  14111.1
458  128  2025-06-09 22-33-56  1964.8  16375.4  -2493.03  217.785  14102.8
459  128  2025-06-09 22-33-56  1966.4  16385.7  -2495.58  217.843  14094.5
460  128  2025-06-09 22-33-56  1968  16396  -2498.03  217.9  14086.2
461  128  2025-06-09 22-33-56  1969.6  16406.4  -2500.39  217.958  14077.7
462  128  2025-06-09 22-33-56  1971.2  16416.7  -2502.65  218.015  14069.2
463  128  2025-06-09 22-33-56  1972.8  16427.1  -2504.82  218.073  14060.7
464  128  2025-06-09 22-33-56  1974.4  16437.5  -2506.89  218.13  14052.1
465  128  2025-06-09 22-33-56  1976  16447.9  -2508.86  218.188  14043.4
466  128  2025-06-09 22-33-56  1977.6  16458.4  -2510.73  218.102  14034.6
467  128  2025-06-09 22-33-56  1979.2  16468.8  -2512.62  218.015  14035.5
468  128  2025-06-09 22-33-56  1980.8  16479.2  -2514.51  217.929  14036.4
469  128  2025-06-09 22-33-56  1982.4  16489.6  -2516.4  217.843  14037.4
470  128  2025-06-09 22-33-56  1984  16500.1  -2518.22  217.756  2830.26
471  128  2025-06-09 22-33-56  1985.6  16510.5  -2519.95  217.67  2823.1
472  128  2025-06-09 22-33-56  1987.2  16520.9  -2521.6  217.584  2815.9
473  128  2025-06-09 22-33-56  1988.8  16531.4  -2523.17  217.497  2808.66
474  128  2025-06-09 22-33-56  1990.4  16541.8  -2524.69  217.555  2804.59
475  128  2025-06-09 22-33-56  1992  16552.3  -2526.17  217.612  2800.51
476  128  2025-06-09 22-33-56  1993.6  16562.7  -2527.6  217.67  2796.42
477  128  2025-06-09 22-33-56  1995.2  16573.2  -2528.98  217.728  2792.3
478  128  2025-06-09 22-33-56  1996.8  16583.7  -2530.26  217.785  2783.33
479  128  2025-06-09 22-33-56  1998.4  16594.2  -2531.44  217.843  2774.29
480  128  2025-06-09 22-33-56  2000  16604.8  -2532.52  217.9  2765.18
481  128  2025-06-09 22-33-56  2001.6  16615.3  -2533.49  217.814  2756.02
482  128  2025-06-09 22-33-56  2003.2  16625.8  -2534.35  217.728  2746.78
483  128  2025-06-09 22-33-56  2004.8  16636.4  -2535.1  217.641  2737.49
484  128  2025-06-09 22-33-56  2006.4  16646.9  -2535.75  217.555  2728.13
485  128  2025-06-09 22-33-56  2008  16657.4  -2536.28  217.469  2718.7
486  128  2025-06-09 22-33-56  2009.6  16668  -2536.71  217.382  2709.22
487  128  2025-06-09 22-33-56  2011.2  16678.5  -2537.03  217.296  2699.66
488  128  2025-06-09 22-33-56  2012.8  16689  -2537.24  217.21  2690.06
489  128  2025-06-09 22-33-56  2014.4  16699.5  -2537.33  217.123  2680.46
490  128  2025-06-09 22-33-56  2016  16710  -2537.32  217.037  2670.86
491  128  2025-06-09 22-33-56  2017.6  16720.5  -2537.2  216.951  2661.26
492  128  2025-06-09 22-33-56  2019.2  16731  -2536.96  216.864  2651.66
493  128  2025-06-09 22-33-56  2020.8  16741.5  -2536.62  216.778  2642.06
494  128  2025-06-09 22-33-56  2022.4  16752  -2536.26  216.835  2640.48
495  128  2025-06-09 22-33-56  2024  16762.4  -2535.88  216.893  2638.91
496  128  2025-06-09 22-33-56  2025.6  16772.9  -2535.49  216.951  2637.36
497  128  2025-06-09 22-33-56  2027.2  16783.4  -2535.07  217.008  2635.82
498  128  2025-06-09 22-33-56  2028.8  16793.9  -2534.64  217.066  2634.3
499  128  2025-06-09 22-33-56  2030.4  16804.4  -2534.19  217.123  2632.8
500  128  2025-06-09 22-33-56  2032  16814.9  -2533.73  217.181  2631.31
501  128  2025-06-09 22-33-56  2033.6  16825.4  -2533.24  217.238  2629.84
502  128  2025-06-09 22-33-56  2035.2  16836  -2532.74  217.296  2628.38
503  128  2025-06-09 22-33-56  2036.8  16846.5  -2532.22  217.353  2626.94
504  128  2025-06-09 22-33-56  2038.4  16857  -2531.69  217.411  2625.52
505  128  2025-06-09 22-33-56  2040  16867.5  -2531.14  217.469  2624.11
506  128  2025-06-09 22-33-56  2041.6  16878.1  -2530.57  217.526  2622.72
507  128  2025-06-09 22-33-56  2043.2  16888.6  -2529.99  217.584  2621.34
508  128  2025-06-09 22-33-56  2044.8  16899.2  -2529.39  217.641  2619.98
509  128  2025-06-09 22-33-56  2046.4  16909.7  -2528.66  217.699  2608.94
510  128  2025-06-09 22-33-56  2048  16920.3  -2527.81  217.756  2597.82
511  128  2025-06-09 22-33-56  2049.6  16930.8  -2527.03  217.814  2604.4
512  128  2025-06-09 22-33-56  2051.2  16941.4  -2526.32  217.871  2611.07
513  128  2025-06-09 22-33-56  2052.8  16951.9  -2525.7  217.929  2617.84
514  128  2025-06-09 22-33-56  2054.4  16962.5  -2525.15  217.987  2624.7
515  128  2025-06-09 22-33-56  2056  16973.1  -2524.69  218.044  2631.66
516  128  2025-06-09 22-33-56  2057.6  16983.7  -2524.3  218.102  2638.72
517  128  2025-06-09 22-33-56  2059.2  16994.3  -2524  218.159  2645.87
518  128  2025-06-09 22-33-56  2060.8  17005  -2523.78  218.217  2653.12
519  128  2025-06-09 22-33-56  2062.4  17015.6  -2523.65  218.274  2660.46
520  128  2025-06-09 22-33-56  2064  17026.2  -2523.6  218.332  2667.9
521  128  2025-06-09 22-33-56  2065.6  17036.9  -2523.64  218.389  2675.44
522  128  2025-06-09 22-33-56  2067.2  17047.5  -2523.77  218.447  2683.07
523  128  2025-06-09 22-33-56  2068.8  17058.1  -2523.99  218.505  2690.8
524  128  2025-06-09 22-33-56  2070.4  17068.8  -2524.3  218.562  2698.62
525  128  2025-06-09 22-33-56  2072  17079.5  -2524.7  218.62  2706.54
526  128  2025-06-09 22-33-56  2073.6  17090.1  -2525.19  218.677  2714.56
527  128  2025-06-09 22-33-56  2075.2  17100.8  -2525.78  218.735  2722.67
528  128  2025-06-09 22-33-56  2076.8  17111.4  -2526.47  218.792  2730.88
529  128  2025-06-09 22-33-56  2078.4  17122.1  -2527.25  218.85  2739.18
530  128  2025-06-09 22-33-56  2080  17132.7  -2528.13  218.908  2747.58
531  128  2025-06-09 22-33-56  2081.6  17143.4  -2529.11  218.965  2756.08
532  128  2025-06-09 22-33-56  2083.2  17154  -2530.19  219.023  2764.67
533  128  2025-06-09 22-33-56  2084.8  17164.7  -2531.37  219.08  2773.36
534  128  2025-06-09 22-33-56  2086.4  17175.3  -2532.66  219.138  2782.14
535  128  2025-06-09 22-33-56  2088  17185.9  -2534.04  219.195  2791.02
536  128  2025-06-09 22-33-56  2089.6  17196.6  -2535.54  219.253  2800
537  128  2025-06-09 22-33-56  2091.2  17207.2  -2537.13  219.31  2809.07
538  128  2025-06-09 22-33-56  2092.8  17217.8  -2538.84  219.368  2818.24
539  128  2025-06-09 22-33-56  2094.4  17228.4  -2540.65  219.426  2827.5
540  128  2025-06-09 22-33-56  2096  17238.9  -2542.58  219.483  14036.9
541  128  2025-06-09 22-33-56  2097.6  17249.5  -2544.61  219.541  14046.3
542  128  2025-06-09 22-33-56  2099.2  17260  -2546.75  219.598  14055.9
543  128  2025-06-09 22-33-56  2100.8  17270.6  -2549.01  219.656  14065.5
544  128  2025-06-09 22-33-56  2102.4  17281.1  -2551.38  219.713  14075.3
545  128  2025-06-09 22-33-56  2104  17291.6  -2553.86  219.771  14085.1
546  128  2025-06-09 22-33-56  2105.6  17302  -2556.46  219.828  14095
547  128  2025-06-09 22-33-56  2107.2  17312.5  -2559.17  219.886  14105.1
548  128  2025-06-09 22-33-56  2108.8  17322.9  -2562  219.944  14115.2
549  128  2025-06-09 22-33-56  2110.4  17333.3  -2564.95  220.001  14125.4
550  128  2025-06-09 22-33-56  2112  17343.6  -2568.01  220.059  14135.7
551  128  2025-06-09 22-33-56  2113.6  17354  -2571.2  220.116  14146.2
552  128  2025-06-09 22-33-56  2115.2  17364.3  -2574.51  220.174  14156.7
553  128  2025-06-09 22-33-56  2116.8  17374.5  -2577.93  220.231  14167.3
554  128  2025-06-09 22-33-56  2118.4  17384.8  -2581.48  220.289  14178
555  128  2025-06-09 22-33-56  2120  17395  -2585.15  220.346  14188.8
556  128  2025-06-09 22-33-56  2121.6  17405.1  -2588.94  220.404  14199.7
557  128  2025-06-09 22-33-56  2123.2  17415.2  -2592.86  220.462  14210.7
558  128  2025-06-09 22-33-56  2124.8  17425.3  -2596.9  220.519  14221.8
559  128  2025-06-09 22-33-56  2126.4  17435.3  -2601.06  220.577  14232.9
560  128  2025-06-09 22-33-56  2128  17445.4  -2605.16  220.634  14226.4
561  128  2025-06-09 22-33-56  2129.6  17455.5  -2609.19  220.692  14219.9
562  128  2025-06-09 22-33-56  2131.2  17465.6  -2613.14  220.749  14213.2
563  128  2025-06-09 22-33-56  2132.8  17475.8  -2617.02  220.807  14206.5
564  128  2025-06-09 22-33-56  2134.4  17486  -2620.83  220.864  14199.7
565  128  2025-06-09 22-33-56  2136  17496.2  -2624.56  220.778  14192.8
566  128  2025-06-09 22-33-56  2137.6  17506.4  -2628.21  220.692  14185.8
567  128  2025-06-09 22-33-56  2139.2  17516.7  -2631.78  220.605  14178.7
568  128  2025-06-09 22-33-56  2140.8  17527  -2635.26  220.519  14171.6
569  128  2025-06-09 22-33-56  2142.4  17537.3  -2638.66  220.433  14164.4
570  128  2025-06-09 22-33-56  2144  17547.6  -2642.09  220.49  14166.8
571  128  2025-06-09 22-33-56  2145.6  17557.9  -2645.55  220.548  14169.2
572  128  2025-06-09 22-33-56  2147.2  17568.1  -2649.03  220.605  14171.6
573  128  2025-06-09 22-33-56  2148.8  17578.4  -2652.55  220.663  14174.1
574  128  2025-06-09 22-33-56  2150.4  17588.7  -2656.1  220.721  14176.5
575  128  2025-06-09 22-33-56  2152  17599  -2659.67  220.778  14179
576  128  2025-06-09 22-33-56  2153.6  17609.2  -2663.28  220.836  14181.5
577  128  2025-06-09 22-33-56  2155.2  17619.5  -2666.91  220.893  14184
578  128  2025-06-09 22-33-56  2156.8  17629.8  -2670.58  220.951  14186.6
579  128  2025-06-09 22-33-56  2158.4  17640  -2674.27  221.008  14189.1
580  128  2025-06-09 22-33-56  2160  17650.3  -2678  221.066  14191.7
581  128  2025-06-09 22-33-56  2161.6  17660.5  -2681.76  221.123  14194.2
582  128  2025-06-09 22-33-56  2163.2  17670.8  -2685.55  221.181  14196.8
583  128  2025-06-09 22-33-56  2164.8  17681  -2689.36  221.239  14199.4
584  128  2025-06-09 22-33-56  2166.4  17691.2  -2693.22  221.296  14202.1
585  128  2025-06-09 22-33-56  2168  17701.4  -2697.1  221.354  14204.7
586  128  2025-06-09 22-33-56  2169.6  17711.7  -2701.01  221.411  14207.4
587  128  2025-06-09 22-33-56  2171.2  17721.9  -2704.96  221.469  14210
588  128  2025-06-09 22-33-56  2172.8  17732.1  -2708.93  221.526  14212.7
589  128  2025-06-09 22-33-56  2174.4  17742.3  -2712.94  221.584  14215.4
590  128  2025-06-09 22-33-56  2176  17752.5  -2716.99  221.641  14218.1
591  128  2025-06-09 22-33-56  2177.6  17762.7  -2721.06  221.699  14220.9
592  128  2025-06-09 22-33-56  2179.2  17772.8  -2725.17  221.757  14223.6
593  128  2025-06-09 22-33-56  2180.8  17783  -2729.31  221.814  14226.4
594  128  2025-06-09 22-33-56  2182.4  17793.2  -2733.48  221.872  14229.2
595  128  2025-06-09 22-33-56  2184  17803.3  -2737.69  221.929  14232
596  128  2025-06-09 22-33-56  2185.6  17813.5  -2741.93  221.987  14234.8
597  128  2025-06-09 22-33-56  2187.2  17823.6  -2746.11  222.044  14229.6
598  128  2025-06-09 22-33-56  2188.8  17833.9  -2750.24  222.102  14224.2
599  128  2025-06-09 22-33-56  2190.4  17844.1  -2754.31  222.159  14218.9
600  128  2025-06-09 22-33-56  2192  17854.4  -2758.32  222.217  14213.4
601  128  2025-06-09 22-33-56  2193.6  17864.7  -2762.27  222.275  14207.9
602  128  2025-06-09 22-33-56  2195.2  17875  -2766.16  222.332  14202.4
603  128  2025-06-09 22-33-56  2196.8  17885.3  -2769.99  222.39  14196.7
604  128  2025-06-09 22-33-56  2198.4  17895.7  -2773.76  222.447  14191
605  128  2025-06-09 22-33-56  2200  17906.1  -2777.46  222.505  14185.3
606  128  2025-06-09 22-33-56  2201.6  17916.6  -2781.1  222.562  14179.4
607  128  2025-06-09 22-33-56  2203.2  17927  -2784.67  222.62  14173.6
608  128  2025-06-09 22-33-56  2204.8  17937.5  -2788.18  222.677  14167.6
609  128  2025-06-09 22-33-56  2206.4  17948.1  -2791.62  222.735  14161.6
610  128  2025-06-09 22-33-56  2208  17958.6  -2794.99  222.793  14155.5
611  128  2025-06-09 22-33-56  2209.6  17969.2  -2798.29  222.85  14149.4
612  128  2025-06-09 22-33-56  2211.2  17979.8  -2801.53  222.908  14143.2
613  128  2025-06-09 22-33-56  2212.8  17990.4  -2804.69  222.965  14136.9
614  128  2025-06-09 22-33-56  2214.4  18001.1  -2807.78  223.023  14130.5
615  128  2025-06-09 22-33-56  2216  18011.8  -2810.8  223.08  14124.1
616  128  2025-06-09 22-33-56  2217.6  18022.5  -2813.74  223.138  14117.7
617  128  2025-06-09 22-33-56  2219.2  18033.3  -2816.61  223.195  14111.2
618  128  2025-06-09 22-33-56  2220.8  18044  -2819.4  223.253  14104.6
619  128  2025-06-09 22-33-56  2222.4  18054.8  -2822.11  223.311  14097.9
620  128  2025-06-09 22-33-56  2224  18065.6  -2824.75  223.368  14091.2
621  128  2025-06-09 22-33-56  2225.6  18076.5  -2827.31  223.426  14084.4
622  128  2025-06-09 22-33-56  2227.2  18087.4  -2829.79  223.483  14077.6
623  128  2025-06-09 22-33-56  2228.8  18098.2  -14032.2  223.541  14070.6
624  128  2025-06-09 22-33-56  2230.4  18109.2  -14034.5  223.598  14063.7
625  128  2025-06-09 22-33-56  2232  18120.1  -14036.7  223.656  14056.6
626  128  2025-06-09 22-33-56  2233.6  18131.1  -14038.9  223.713  14049.5
627  128  2025-06-09 22-33-56  2235.2  18142  -14041  223.771  14042.4
628  128  2025-06-09 22-33-56  2236.8  18153.1  -14042.9  223.829  14035.1
629  128  2025-06-09 22-33-56  2238.4  18164.1  -14044.8  223.886  2827.82
630  128  2025-06-09 22-33-56  2240  18175.1  -14046.6  223.944  2820.46
631  128  2025-06-09 22-33-56  2241.6  18186.2  -14048.3  224.001  2813.04
632  128  2025-06-09 22-33-56  2243.2  18197.3  -14050  224.059  2805.55
633  128  2025-06-09 22-33-56  2244.8  18208.4  -14051.6  224.116  2806.08
634  128  2025-06-09 22-33-56  2246.4  18219.5  -14053.2  224.174  2806.62
635  128  2025-06-09 22-33-56  2248  18230.6  -14054.9  224.231  2807.18
636  128  2025-06-09 22-33-56  2249.6  18241.7  -14056.6  224.289  2807.76
637  128  2025-06-09 22-33-56  2251.2  18252.8  -14058.2  224.347  2808.35
638  128  2025-06-09 22-33-56  2252.8  18263.9  -14059.9  224.404  2808.96
639  128  2025-06-09 22-33-56  2254.4  18275  -14061.6  224.462  2809.58
640  128  2025-06-09 22-33-56  2256  18286.2  -14063.3  224.519  2810.22
641  128  2025-06-09 22-33-56  2257.6  18297.3  -14065  224.577  2810.88
642  128  2025-06-09 22-33-56  2259.2  18308.4  -14066.7  224.634  2811.55
643  128  2025-06-09 22-33-56  2260.8  18319.6  -14068.4  224.692  2812.24
644  128  2025-06-09 22-33-56  2262.4  18330.7  -14070.1  224.749  2812.94
645  128  2025-06-09 22-33-56  2264  18341.8  -14071.8  224.807  2813.66
646  128  2025-06-09 22-33-56  2265.6  18353  -14073.6  224.865  2814.4
647  128  2025-06-09 22-33-56  2267.2  18364.1  -14075.4  224.922  2815.15
648  128  2025-06-09 22-33-56  2268.8  18375.3  -14077.1  224.98  2815.92
649  128  2025-06-09 22-33-56  2270.4  18386.5  -14078.9  225.037  2816.7
650  128  2025-06-09 22-33-56  2272  18397.6  -14080.7  225.095  2817.5
651  128  2025-06-09 22-33-56  2273.6  18408.8  -14082.5  225.152  2818.32
652  128  2025-06-09 22-33-56  2275.2  18420  -14084.3  225.21  2819.15
653  128  2025-06-09 22-33-56  2276.8  18431.2  -14086.1  225.267  2820
654  128  2025-06-09 22-33-56  2278.4  18442.3  -14087.9  225.325  2820.86
655  128  2025-06-09 22-33-56  2280  18453.5  -14089.8  225.383  2821.74
656  128  2025-06-09 22-33-56  2281.6  18464.7  -14091.6  225.44  2822.64
657  128  2025-06-09 22-33-56  2283.2  18475.9  -14093.5  225.498  2823.55
658  128  2025-06-09 22-33-56  2284.8  18487.1  -14095.4  225.555  2824.48
659  128  2025-06-09 22-33-56  2286.4  18498.3  -14097.3  225.613  2825.42
660  128  2025-06-09 22-33-56  2288  18509.5  -14099.2  225.67  2826.38
661  128  2025-06-09 22-33-56  2289.6  18520.7  -14101.1  225.728  2827.36
662  128  2025-06-09 22-33-56  2291.2  18531.9  -14103  225.785  2828.35
663  128  2025-06-09 22-33-56  2292.8  18543.2  -14105  225.843  2829.36
664  128  2025-06-09 22-33-56  2294.4  18554.4  -14106.9  225.901  2830.38
665  128  2025-06-09 22-33-56  2296  18565.6  -14108.9  225.958  2831.42
666  128  2025-06-09 22-33-56  2297.6  18576.8  -14110.9  226.016  14032.5
667  128  2025-06-09 22-33-56  2299.2  18588.1  -14112.9  226.073  14033.6
668  128  2025-06-09 22-33-56  2300.8  18599.3  -14114.9  226.131  14034.6
669  128  2025-06-09 22-33-56  2302.4  18610.5  -14116.9  226.188  14035.7
670  128  2025-06-09 22-33-56  2304  18621.8  -14119  226.246  14036.9
671  128  2025-06-09 22-33-56  2305.6  18633  -14121  226.303  14038
672  128  2025-06-09 22-33-56  2307.2  18644.3  -14123.1  226.361  14039.2
673  128  2025-06-09 22-33-56  2308.8  18655.5  -14125.2  226.419  14040.3
674  128  2025-06-09 22-33-56  2310.4  18666.8  -14127.3  226.476  14041.5
675  128  2025-06-09 22-33-56  2312  18678  -14129.4  226.534  14042.7
676  128  2025-06-09 22-33-56  2313.6  18689.3  -14131.6  226.591  14043.9
677  128  2025-06-09 22-33-56  2315.2  18700.5  -14133.7  226.649  14045.2
678  128  2025-06-09 22-33-56  2316.8  18711.8  -14135.7  226.735  2831.81
679  128  2025-06-09 22-33-56  2318.4  18723.2  -14137.5  226.821  2819.01
680  128  2025-06-09 22-33-56  2320  18734.5  -14139.2  226.908  2806.73
681  128  2025-06-09 22-33-56  2321.6  18745.9  -14140.9  226.994  2805.99
682  128  2025-06-09 22-33-56  2323.2  18757.3  -14142.6  227.08  2805.26
683  128  2025-06-09 22-33-56  2324.8  18768.7  -14144.2  227.167  2804.52
684  128  2025-06-09 22-33-56  2326.4  18780.1  -14145.9  227.253  2803.79
685  128  2025-06-09 22-33-56  2328  18791.5  -14147.5  227.339  2803.06
686  128  2025-06-09 22-33-56  2329.6  18803  -14149.2  227.426  2802.32
687  128  2025-06-09 22-33-56  2331.2  18814.4  -14150.8  227.512  2801.59
