SN    USVID    CurTime    simTime    CurX    CurY    CurVel      CurYaw   
0  144  2025-06-11 20-55-20  0  2440  14512  192  2672
1  144  2025-06-11 20-55-20  1.6  2448.01  14512  192.058  2672
2  144  2025-06-11 20-55-20  3.2  2456.02  14512  192.115  2672
3  144  2025-06-11 20-55-20  4.8  2464.03  14512  192.173  2672
4  144  2025-06-11 20-55-20  6.4  2472.06  14512  192.23  2672
5  144  2025-06-11 20-55-20  8  2480.09  14512  192.288  2672
6  144  2025-06-11 20-55-20  9.6  2488.12  14512  192.345  2672
7  144  2025-06-11 20-55-20  11.2  2496.16  14512  192.403  2672
8  144  2025-06-11 20-55-20  12.8  2504.21  14512  192.46  2672
9  144  2025-06-11 20-55-20  14.4  2512.26  14512  192.518  2672
10  144  2025-06-11 20-55-20  128  2520.32  14512  192.576  2672
11  144  2025-06-11 20-55-20  129.6  2528.38  14512  192.633  2672
12  144  2025-06-11 20-55-20  131.2  2536.45  14512  192.691  2672
13  144  2025-06-11 20-55-20  132.8  2544.52  14512  192.748  2672
14  144  2025-06-11 20-55-20  134.4  2552.6  14512  192.806  2672
15  144  2025-06-11 20-55-20  136  2560.69  14512  192.863  2672
16  144  2025-06-11 20-55-20  137.6  2568.78  14512  192.921  2672
17  144  2025-06-11 20-55-20  139.2  2576.88  14512  192.978  2672
18  144  2025-06-11 20-55-20  140.8  2584.98  14512  193.036  2672
19  144  2025-06-11 20-55-20  142.4  2593.09  14512  193.094  2672
20  144  2025-06-11 20-55-20  144  2601.21  14512  193.151  2672
21  144  2025-06-11 20-55-20  145.6  2609.33  14512  193.209  2672
22  144  2025-06-11 20-55-20  147.2  2617.46  14512  193.266  2672
23  144  2025-06-11 20-55-20  148.8  2625.59  14512  193.324  2672
24  144  2025-06-11 20-55-20  150.4  2633.73  14512  193.381  2672
25  144  2025-06-11 20-55-20  152  2641.87  14512  193.439  2672
26  144  2025-06-11 20-55-20  153.6  2650.02  14512  193.496  2672
27  144  2025-06-11 20-55-20  155.2  2658.18  14512  193.554  2672
28  144  2025-06-11 20-55-20  156.8  2666.34  14512  193.612  2672
29  144  2025-06-11 20-55-20  158.4  2674.5  14512  193.669  2672
30  144  2025-06-11 20-55-20  160  2682.68  14512  193.727  2672
31  144  2025-06-11 20-55-20  161.6  2690.85  14512  193.784  2672
32  144  2025-06-11 20-55-20  163.2  2699.04  14512  193.842  2672
33  144  2025-06-11 20-55-20  164.8  2707.23  14512  193.899  2672
34  144  2025-06-11 20-55-20  166.4  2715.42  14512  193.957  2672
35  144  2025-06-11 20-55-20  168  2723.63  14512  194.014  2672
36  144  2025-06-11 20-55-20  169.6  2731.83  14512  194.072  2672
37  144  2025-06-11 20-55-20  171.2  2740.05  14512  194.13  2672
38  144  2025-06-11 20-55-20  172.8  2748.26  14512  194.187  2672
39  144  2025-06-11 20-55-20  174.4  2756.49  14512  194.245  2672
40  144  2025-06-11 20-55-20  176  2764.72  14512  194.302  2672
41  144  2025-06-11 20-55-20  177.6  2772.96  14512  194.36  2672
42  144  2025-06-11 20-55-20  179.2  2781.2  14512  194.417  2672
43  144  2025-06-11 20-55-20  180.8  2789.44  14512  194.475  2672
44  144  2025-06-11 20-55-20  182.4  2797.7  14512  194.532  2672
45  144  2025-06-11 20-55-20  184  2805.96  14512  194.59  2672
46  144  2025-06-11 20-55-20  185.6  2814.22  14512  194.648  2672
47  144  2025-06-11 20-55-20  187.2  2822.49  14512  194.705  2672
48  144  2025-06-11 20-55-20  188.8  2830.77  14512  194.763  2672
49  144  2025-06-11 20-55-20  190.4  14039.1  14512  194.82  2672
50  144  2025-06-11 20-55-20  192  14047.3  14512  194.878  2672
51  144  2025-06-11 20-55-20  193.6  14055.6  14512  194.935  2672
52  144  2025-06-11 20-55-20  195.2  14063.9  14512  194.993  2672
53  144  2025-06-11 20-55-20  196.8  14072.2  14512  195.05  2672
54  144  2025-06-11 20-55-20  198.4  14080.5  14512  195.108  2672
55  144  2025-06-11 20-55-20  200  14088.9  14512  195.166  2672
56  144  2025-06-11 20-55-20  201.6  14097.2  14512  195.223  2672
57  144  2025-06-11 20-55-20  203.2  14105.5  14512  195.281  2672
58  144  2025-06-11 20-55-20  204.8  14113.8  14512  195.338  2672
59  144  2025-06-11 20-55-20  206.4  14122.2  14512  195.396  2672
60  144  2025-06-11 20-55-20  208  14130.5  14512  195.453  2672
61  144  2025-06-11 20-55-20  209.6  14138.9  14512  195.511  2672
62  144  2025-06-11 20-55-20  211.2  14147.2  14512  195.568  2672
63  144  2025-06-11 20-55-20  212.8  14155.6  14512  195.626  2672
64  144  2025-06-11 20-55-20  214.4  14164  14512  195.684  2672
65  144  2025-06-11 20-55-20  216  14172.3  14512  195.741  2672
66  144  2025-06-11 20-55-20  217.6  14180.7  14512  195.799  2672
67  144  2025-06-11 20-55-20  219.2  14189.1  14512  195.856  2672
68  144  2025-06-11 20-55-20  220.8  14197.5  14512  195.914  2672
69  144  2025-06-11 20-55-20  222.4  14205.9  14512  195.971  2672
70  144  2025-06-11 20-55-20  224  14214.3  14512  196.029  2672
71  144  2025-06-11 20-55-20  225.6  14222.7  14512  196.086  2672
72  144  2025-06-11 20-55-20  227.2  14231.1  14512  196.144  2672
73  144  2025-06-11 20-55-20  228.8  14239.5  14512  196.202  2672
74  144  2025-06-11 20-55-20  230.4  14248  14512  196.259  2672
75  144  2025-06-11 20-55-20  232  14256.4  14512  196.317  2672
76  144  2025-06-11 20-55-20  233.6  14264.8  14512  196.374  2672
77  144  2025-06-11 20-55-20  235.2  14273.3  14512  196.432  2672
78  144  2025-06-11 20-55-20  236.8  14281.7  14512  196.489  2672
79  144  2025-06-11 20-55-20  238.4  14290.2  14512  196.547  2672
80  144  2025-06-11 20-55-20  240  14298.6  14512  196.604  2672
81  144  2025-06-11 20-55-20  241.6  14307.1  14512  196.662  2672
82  144  2025-06-11 20-55-20  243.2  14315.6  14512  196.72  2672
83  144  2025-06-11 20-55-20  244.8  14324.1  14512  196.777  2672
84  144  2025-06-11 20-55-20  246.4  14332.5  14512  196.835  2672
85  144  2025-06-11 20-55-20  248  14341  14512  196.892  2672
86  144  2025-06-11 20-55-20  249.6  14349.5  14512  196.95  2672
87  144  2025-06-11 20-55-20  251.2  14358  14512  197.007  2672
88  144  2025-06-11 20-55-20  252.8  14366.5  14512  197.065  2672
89  144  2025-06-11 20-55-20  254.4  14375.1  14512  197.122  2672
90  144  2025-06-11 20-55-20  256  14383.6  14512  197.18  2672
91  144  2025-06-11 20-55-20  257.6  14392.1  14512  197.238  2672
92  144  2025-06-11 20-55-20  259.2  14400.6  14512  197.295  2672
93  144  2025-06-11 20-55-20  260.8  14409.2  14512  197.353  2672
94  144  2025-06-11 20-55-20  262.4  14417.7  14512  197.41  2672
95  144  2025-06-11 20-55-20  264  14426.2  14512  197.468  2672
96  144  2025-06-11 20-55-20  265.6  14434.8  14512  197.525  2672
97  144  2025-06-11 20-55-20  267.2  14443.4  14512  197.583  2672
98  144  2025-06-11 20-55-20  268.8  14451.9  14512  197.641  2672
99  144  2025-06-11 20-55-20  270.4  14460.5  14512  197.698  2672
100  144  2025-06-11 20-55-20  1392  14469.1  14512  197.756  2672
101  144  2025-06-11 20-55-20  1393.6  14477.6  14512  197.813  2672
102  144  2025-06-11 20-55-20  1395.2  14486.2  14512  197.871  2672
103  144  2025-06-11 20-55-20  1396.8  14494.8  14512  197.928  2672
104  144  2025-06-11 20-55-20  1398.4  14503.4  14512  197.986  2672
105  144  2025-06-11 20-55-20  1400  14512  14512  198.043  2672
106  144  2025-06-11 20-55-20  1401.6  14520.6  14512  198.101  2672
107  144  2025-06-11 20-55-20  1403.2  14529.3  14512  198.159  2672
108  144  2025-06-11 20-55-20  1404.8  14537.9  14512  198.216  2672
109  144  2025-06-11 20-55-20  1406.4  14546.5  14512  198.274  2672
110  144  2025-06-11 20-55-20  1408  14555.1  14512  198.331  2672
111  144  2025-06-11 20-55-20  1409.6  14563.8  14512  198.389  2672
112  144  2025-06-11 20-55-20  1411.2  14572.4  14512  198.446  2672
113  144  2025-06-11 20-55-20  1412.8  14581.1  14512  198.504  2672
114  144  2025-06-11 20-55-20  1414.4  14589.7  14512  198.561  2672
115  144  2025-06-11 20-55-20  1416  14598.4  14512  198.619  2672
116  144  2025-06-11 20-55-20  1417.6  14607.1  14512  198.677  2672
117  144  2025-06-11 20-55-20  1419.2  14615.7  14512  198.734  2672
118  144  2025-06-11 20-55-20  1420.8  14624.4  14512  198.792  2672
119  144  2025-06-11 20-55-20  1422.4  14633.1  14512  198.849  2672
120  144  2025-06-11 20-55-20  1424  14641.8  14512  198.907  2672
121  144  2025-06-11 20-55-20  1425.6  14650.5  14512  198.964  2672
122  144  2025-06-11 20-55-20  1427.2  14659.2  14512  199.022  2672
123  144  2025-06-11 20-55-20  1428.8  14667.9  14512  199.079  2672
124  144  2025-06-11 20-55-20  1430.4  14676.6  14512  199.137  2672
125  144  2025-06-11 20-55-20  1432  14685.3  14512  199.195  2672
126  144  2025-06-11 20-55-20  1433.6  14694.1  14512  199.252  2672
127  144  2025-06-11 20-55-20  1435.2  14702.8  14512  199.31  2672
128  144  2025-06-11 20-55-20  1436.8  14711.5  14512  199.367  2672
129  144  2025-06-11 20-55-20  1438.4  14720.3  14512  199.425  2672
130  144  2025-06-11 20-55-20  1440  14729  14512  199.482  2672
131  144  2025-06-11 20-55-20  1441.6  14737.8  14512  199.54  2672
132  144  2025-06-11 20-55-20  1443.2  14746.5  14512  199.597  2672
133  144  2025-06-11 20-55-20  1444.8  14755.3  14512  199.655  2672
134  144  2025-06-11 20-55-20  1446.4  14764.1  14512  199.713  2672
135  144  2025-06-11 20-55-20  1448  14772.8  14512  199.77  2672
136  144  2025-06-11 20-55-20  1449.6  14781.6  14512  199.828  2672
137  144  2025-06-11 20-55-20  1451.2  14790.4  14512  199.885  2672
138  144  2025-06-11 20-55-20  1452.8  14799.2  14512  199.943  2672
139  144  2025-06-11 20-55-20  1454.4  14808  14512  200  2672
140  144  2025-06-11 20-55-20  1456  14816.8  14512  200.058  2672
141  144  2025-06-11 20-55-20  1457.6  14825.6  14512  200.115  2672
142  144  2025-06-11 20-55-20  1459.2  14834.4  14512  200.173  2672
143  144  2025-06-11 20-55-20  1460.8  14843.3  14512  200.231  2672
144  144  2025-06-11 20-55-20  1462.4  14852.1  14512  200.288  2672
145  144  2025-06-11 20-55-20  1464  14860.9  14512  200.346  2672
146  144  2025-06-11 20-55-20  1465.6  14869.8  14512  200.403  2672
147  144  2025-06-11 20-55-20  1467.2  14878.6  14512  200.461  2672
148  144  2025-06-11 20-55-20  1468.8  14887.5  14512  200.518  2672
149  144  2025-06-11 20-55-20  1470.4  14896.3  14512  200.576  2672
150  144  2025-06-11 20-55-20  1472  14905.2  14512  200.633  2672
151  144  2025-06-11 20-55-20  1473.6  14914.1  14512  200.691  2672
152  144  2025-06-11 20-55-20  1475.2  14922.9  14512  200.749  2672
153  144  2025-06-11 20-55-20  1476.8  14931.8  14512  200.806  2672
154  144  2025-06-11 20-55-20  1478.4  14940.7  14512  200.864  2672
155  144  2025-06-11 20-55-20  1480  14949.6  14512  200.921  2672
156  144  2025-06-11 20-55-20  1481.6  14958.5  14512  200.979  2672
157  144  2025-06-11 20-55-20  1483.2  14967.4  14512  201.036  2672
158  144  2025-06-11 20-55-20  1484.8  14976.3  14512  201.094  2672
159  144  2025-06-11 20-55-20  1486.4  14985.2  14512  201.151  2672
160  144  2025-06-11 20-55-20  1488  14994.1  14512  201.209  2672
161  144  2025-06-11 20-55-20  1489.6  15003.1  14512  201.267  2672
162  144  2025-06-11 20-55-20  1491.2  15012  14512  201.324  2672
163  144  2025-06-11 20-55-20  1492.8  15020.9  14512  201.382  2672
164  144  2025-06-11 20-55-20  1494.4  15029.9  14512  201.439  2672
165  144  2025-06-11 20-55-20  1496  15038.8  14512  201.497  2672
166  144  2025-06-11 20-55-20  1497.6  15047.8  14512  201.554  2672
167  144  2025-06-11 20-55-20  1499.2  15056.7  14512  201.612  2672
168  144  2025-06-11 20-55-20  1500.8  15065.7  14512  201.669  2672
169  144  2025-06-11 20-55-20  1502.4  15074.7  14512  201.727  2672
170  144  2025-06-11 20-55-20  1504  15083.7  14512  201.785  2672
171  144  2025-06-11 20-55-20  1505.6  15092.6  14512  201.842  2672
172  144  2025-06-11 20-55-20  1507.2  15101.6  14512  201.9  2672
173  144  2025-06-11 20-55-20  1508.8  15110.6  14512  201.957  2672
174  144  2025-06-11 20-55-20  1510.4  15119.6  14512  202.015  2672
175  144  2025-06-11 20-55-20  1512  15128.6  14512  202.072  2672
176  144  2025-06-11 20-55-20  1513.6  15137.6  14512  202.13  2672
177  144  2025-06-11 20-55-20  1515.2  15146.7  14512  202.187  2672
178  144  2025-06-11 20-55-20  1516.8  15155.7  14512  202.245  2672
179  144  2025-06-11 20-55-20  1518.4  15164.7  14512  202.303  2672
180  144  2025-06-11 20-55-20  1520  15173.8  14512  202.36  2672
181  144  2025-06-11 20-55-20  1521.6  15182.8  14512  202.418  2672
182  144  2025-06-11 20-55-20  1523.2  15191.8  14512  202.475  2672
183  144  2025-06-11 20-55-20  1524.8  15200.9  14512  202.533  2672
184  144  2025-06-11 20-55-20  1526.4  15210  14512  202.59  2672
185  144  2025-06-11 20-55-20  1528  15219  14512  202.648  2672
186  144  2025-06-11 20-55-20  1529.6  15228.1  14512  202.705  2672
187  144  2025-06-11 20-55-20  1531.2  15237.2  14512  202.763  2672
188  144  2025-06-11 20-55-20  1532.8  15246.3  14512  202.821  2672
189  144  2025-06-11 20-55-20  1534.4  15255.3  14512  202.878  2672
190  144  2025-06-11 20-55-20  1536  15264.4  14512  202.936  2672
191  144  2025-06-11 20-55-20  1537.6  15273.5  14512  202.993  2672
192  144  2025-06-11 20-55-20  1539.2  15282.6  14512  203.051  2672
193  144  2025-06-11 20-55-20  1540.8  15291.8  14512  203.108  2672
194  144  2025-06-11 20-55-20  1542.4  15300.9  14512  203.166  2672
195  144  2025-06-11 20-55-20  1544  15310  14512  203.223  2672
196  144  2025-06-11 20-55-20  1545.6  15319.1  14512  203.281  2672
197  144  2025-06-11 20-55-20  1547.2  15328.3  14512  203.339  2672
198  144  2025-06-11 20-55-20  1548.8  15337.4  14512  203.396  2672
199  144  2025-06-11 20-55-20  1550.4  15346.5  14512  203.454  2672
200  144  2025-06-11 20-55-20  1552  15355.7  14512  203.511  2672
201  144  2025-06-11 20-55-20  1553.6  15364.8  14512  203.569  2672
202  144  2025-06-11 20-55-20  1555.2  15374  14512  203.626  2672
203  144  2025-06-11 20-55-20  1556.8  15383.2  14512  203.684  2672
204  144  2025-06-11 20-55-20  1558.4  15392.3  14512  203.741  2672
205  144  2025-06-11 20-55-20  1560  15401.5  14512  203.799  2672
206  144  2025-06-11 20-55-20  1561.6  15410.7  14512  203.857  2672
207  144  2025-06-11 20-55-20  1563.2  15419.9  14512  203.914  2672
208  144  2025-06-11 20-55-20  1564.8  15429.1  14512  203.972  2672
209  144  2025-06-11 20-55-20  1566.4  15438.3  14512  204.029  2672
210  144  2025-06-11 20-55-20  1568  15447.5  14512  204.087  2672
211  144  2025-06-11 20-55-20  1569.6  15456.7  14512  204.144  2672
212  144  2025-06-11 20-55-20  1571.2  15466  14512  204.202  2672
213  144  2025-06-11 20-55-20  1572.8  15475.2  14512  204.259  2672
214  144  2025-06-11 20-55-20  1574.4  15484.4  14512  204.317  2672
215  144  2025-06-11 20-55-20  1576  15493.6  14512  204.375  2672
216  144  2025-06-11 20-55-20  1577.6  15502.9  14512  204.432  2672
217  144  2025-06-11 20-55-20  1579.2  15512.1  14512  204.49  2672
218  144  2025-06-11 20-55-20  1580.8  15521.4  14512  204.547  2672
219  144  2025-06-11 20-55-20  1582.4  15530.7  14512  204.605  2672
220  144  2025-06-11 20-55-20  1584  15539.9  14512  204.662  2672
221  144  2025-06-11 20-55-20  1585.6  15549.2  14512  204.72  2672
222  144  2025-06-11 20-55-20  1587.2  15558.5  14512  204.777  2672
223  144  2025-06-11 20-55-20  1588.8  15567.8  14512  204.835  2672
224  144  2025-06-11 20-55-20  1590.4  15577  14512  204.893  2672
225  144  2025-06-11 20-55-20  1592  15586.3  14512  204.95  2672
226  144  2025-06-11 20-55-20  1593.6  15595.6  14512  205.008  2672
227  144  2025-06-11 20-55-20  1595.2  15604.9  14512  205.065  2672
228  144  2025-06-11 20-55-20  1596.8  15614.3  14512  205.123  2672
229  144  2025-06-11 20-55-20  1598.4  15623.6  14512  205.18  2672
230  144  2025-06-11 20-55-20  1600  15632.9  14512  205.238  2672
231  144  2025-06-11 20-55-20  1601.6  15642.2  14512  205.295  2672
232  144  2025-06-11 20-55-20  1603.2  15651.6  14512  205.353  2672
233  144  2025-06-11 20-55-20  1604.8  15660.9  14512  205.411  2672
234  144  2025-06-11 20-55-20  1606.4  15670.3  14512  205.468  2672
235  144  2025-06-11 20-55-20  1608  15679.6  14512  205.526  2672
236  144  2025-06-11 20-55-20  1609.6  15689  14512  205.583  2672
237  144  2025-06-11 20-55-20  1611.2  15698.3  14512  205.641  2672
238  144  2025-06-11 20-55-20  1612.8  15707.7  14512  205.698  2672
239  144  2025-06-11 20-55-20  1614.4  15717.1  14512  205.756  2672
240  144  2025-06-11 20-55-20  1616  15726.5  14512  205.813  2672
241  144  2025-06-11 20-55-20  1617.6  15735.8  14512  205.871  2672
242  144  2025-06-11 20-55-20  1619.2  15745.2  14512  205.929  2672
243  144  2025-06-11 20-55-20  1620.8  15754.6  14512  205.986  2672
244  144  2025-06-11 20-55-20  1622.4  15764  14512  206.044  2672
245  144  2025-06-11 20-55-20  1624  15773.4  14512  206.101  2672
246  144  2025-06-11 20-55-20  1625.6  15782.9  14512  206.159  2672
247  144  2025-06-11 20-55-20  1627.2  15792.3  14512  206.216  2672
248  144  2025-06-11 20-55-20  1628.8  15801.7  14512  206.274  2672
249  144  2025-06-11 20-55-20  1630.4  15811.1  14512  206.331  2672
250  144  2025-06-11 20-55-20  1632  15820.6  14512  206.389  2672
251  144  2025-06-11 20-55-20  1633.6  15830  14512  206.447  2672
252  144  2025-06-11 20-55-20  1635.2  15839.5  14512  206.504  2672
253  144  2025-06-11 20-55-20  1636.8  15848.9  14512  206.562  2672
254  144  2025-06-11 20-55-20  1638.4  15858.4  14512  206.619  2672
255  144  2025-06-11 20-55-20  1640  15867.9  14512  206.677  2672
256  144  2025-06-11 20-55-20  1641.6  15877.3  14512  206.734  2672
257  144  2025-06-11 20-55-20  1643.2  15886.8  14512  206.792  2672
258  144  2025-06-11 20-55-20  1644.8  15896.3  14512  206.849  2672
259  144  2025-06-11 20-55-20  1646.4  15905.8  14512  206.907  2672
260  144  2025-06-11 20-55-20  1648  15915.3  14512  206.965  2672
261  144  2025-06-11 20-55-20  1649.6  15924.8  14512  207.022  2672
262  144  2025-06-11 20-55-20  1651.2  15934.3  14512  207.08  2672
263  144  2025-06-11 20-55-20  1652.8  15943.8  14512  207.137  2672
264  144  2025-06-11 20-55-20  1654.4  15953.3  14512  207.195  2672
265  144  2025-06-11 20-55-20  1656  15962.9  14512  207.252  2672
266  144  2025-06-11 20-55-20  1657.6  15972.4  14512  207.31  2672
267  144  2025-06-11 20-55-20  1659.2  15981.9  14512  207.367  2672
268  144  2025-06-11 20-55-20  1660.8  15991.5  14512  207.425  2672
269  144  2025-06-11 20-55-20  1662.4  16001  14512  207.483  2672
270  144  2025-06-11 20-55-20  1664  16010.6  14512  207.54  2672
271  144  2025-06-11 20-55-20  1665.6  16020.1  14512  207.598  2672
272  144  2025-06-11 20-55-20  1667.2  16029.7  14512  207.655  2672
273  144  2025-06-11 20-55-20  1668.8  16039.3  14512  207.713  2672
274  144  2025-06-11 20-55-20  1670.4  16048.8  14512  207.77  2672
275  144  2025-06-11 20-55-20  1672  16058.4  14512  207.828  2672
276  144  2025-06-11 20-55-20  1673.6  16068  14512  207.885  2672
277  144  2025-06-11 20-55-20  1675.2  16077.6  14512  207.943  2672
278  144  2025-06-11 20-55-20  1676.8  16087.2  14512  208.001  2672
279  144  2025-06-11 20-55-20  1678.4  16096.8  14512  208.058  2672
280  144  2025-06-11 20-55-20  1680  16106.4  14512  208.116  2672
281  144  2025-06-11 20-55-20  1681.6  16116  14512  208.173  2672
282  144  2025-06-11 20-55-20  1683.2  16125.7  14512  208.231  2672
283  144  2025-06-11 20-55-20  1684.8  16135.3  14512  208.288  2672
284  144  2025-06-11 20-55-20  1686.4  16144.9  14512  208.346  2672
285  144  2025-06-11 20-55-20  1688  16154.6  14512  208.404  2672
286  144  2025-06-11 20-55-20  1689.6  16164.2  14512  208.461  2672
287  144  2025-06-11 20-55-20  1691.2  16173.9  14512  208.519  2672
288  144  2025-06-11 20-55-20  1692.8  16183.5  14512  208.576  2672
289  144  2025-06-11 20-55-20  1694.4  16193.2  14512  208.634  2672
290  144  2025-06-11 20-55-20  1696  16202.9  14512  208.691  2672
291  144  2025-06-11 20-55-20  1697.6  16212.5  14512  208.749  2672
292  144  2025-06-11 20-55-20  1699.2  16222.2  14512  208.806  2672
293  144  2025-06-11 20-55-20  1700.8  16231.9  14512  208.864  2672
294  144  2025-06-11 20-55-20  1702.4  16241.6  14512  208.922  2672
295  144  2025-06-11 20-55-20  1704  16251.3  14512  208.979  2672
296  144  2025-06-11 20-55-20  1705.6  16261  14512  209.037  2672
297  144  2025-06-11 20-55-20  1707.2  16270.7  14512  209.094  2672
298  144  2025-06-11 20-55-20  1708.8  16280.4  14512  209.152  2672
299  144  2025-06-11 20-55-20  1710.4  16290.1  14512  209.209  2672
300  144  2025-06-11 20-55-20  1712  16299.9  14512  209.267  2672
301  144  2025-06-11 20-55-20  1713.6  16309.6  14512  209.324  2672
302  144  2025-06-11 20-55-20  1715.2  16319.3  14512  209.382  2672
303  144  2025-06-11 20-55-20  1716.8  16329.1  14512  209.44  2672
304  144  2025-06-11 20-55-20  1718.4  16338.8  14512  209.497  2672
305  144  2025-06-11 20-55-20  1720  16348.6  14512  209.555  2672
306  144  2025-06-11 20-55-20  1721.6  16358.3  14512  209.612  2672
307  144  2025-06-11 20-55-20  1723.2  16368.1  14512  209.67  2672
308  144  2025-06-11 20-55-20  1724.8  16377.9  14512  209.727  2672
309  144  2025-06-11 20-55-20  1726.4  16387.7  14512  209.785  2672
310  144  2025-06-11 20-55-20  1728  16397.4  14512  209.842  2672
311  144  2025-06-11 20-55-20  1729.6  16407.2  14512  209.9  2672
312  144  2025-06-11 20-55-20  1731.2  16417  14512  209.958  2672
313  144  2025-06-11 20-55-20  1732.8  16426.8  14512  210.015  2672
314  144  2025-06-11 20-55-20  1734.4  16436.6  14512  210.073  2672
315  144  2025-06-11 20-55-20  1736  16446.5  14512  210.13  2672
316  144  2025-06-11 20-55-20  1737.6  16456.3  14512  210.188  2672
317  144  2025-06-11 20-55-20  1739.2  16466.1  14512  210.245  2672
318  144  2025-06-11 20-55-20  1740.8  16475.9  14512  210.303  2672
319  144  2025-06-11 20-55-20  1742.4  16485.8  14512  210.36  2672
320  144  2025-06-11 20-55-20  1744  16495.6  14512  210.418  2672
321  144  2025-06-11 20-55-20  1745.6  16505.5  14512  210.476  2672
322  144  2025-06-11 20-55-20  1747.2  16515.3  14512  210.533  2672
323  144  2025-06-11 20-55-20  1748.8  16525.2  14512  210.591  2672
324  144  2025-06-11 20-55-20  1750.4  16535  14512  210.648  2672
325  144  2025-06-11 20-55-20  1752  16544.9  14512  210.706  2672
326  144  2025-06-11 20-55-20  1753.6  16554.8  14512  210.763  2672
327  144  2025-06-11 20-55-20  1755.2  16564.7  14512  210.821  2672
328  144  2025-06-11 20-55-20  1756.8  16574.6  14512  210.878  2672
329  144  2025-06-11 20-55-20  1758.4  16584.4  14512  210.936  2672
330  144  2025-06-11 20-55-20  1760  16594.3  14512  210.994  2672
331  144  2025-06-11 20-55-20  1761.6  16604.2  14512  211.051  2672
332  144  2025-06-11 20-55-20  1763.2  16614.2  14512  211.109  2672
333  144  2025-06-11 20-55-20  1764.8  16624.1  14512  211.166  2672
334  144  2025-06-11 20-55-20  1766.4  16634  14512  211.224  2672
335  144  2025-06-11 20-55-20  1768  16643.9  14512  211.281  2672
336  144  2025-06-11 20-55-20  1769.6  16653.9  14512  211.339  2672
337  144  2025-06-11 20-55-20  1771.2  16663.8  14512  211.396  2672
338  144  2025-06-11 20-55-20  1772.8  16673.7  14511.8  211.483  2688
339  144  2025-06-11 20-55-20  1774.4  16683.7  14511.7  211.54  2688.17
340  144  2025-06-11 20-55-20  1776  16693.7  14511.5  211.598  2688.35
341  144  2025-06-11 20-55-20  1777.6  16703.6  14511.3  211.655  2688.52
342  144  2025-06-11 20-55-20  1779.2  16713.6  14511.1  211.713  2688.7
343  144  2025-06-11 20-55-20  1780.8  16723.6  14510.9  211.771  2688.87
344  144  2025-06-11 20-55-20  1782.4  16733.5  14510.7  211.828  2689.05
345  144  2025-06-11 20-55-20  1784  16743.5  14510.6  211.886  2689.22
346  144  2025-06-11 20-55-20  1785.6  16753.5  14510.4  211.943  2689.4
347  144  2025-06-11 20-55-20  1787.2  16763.5  14510.2  212.001  2689.57
348  144  2025-06-11 20-55-20  1788.8  16773.5  14510  212.058  2689.75
349  144  2025-06-11 20-55-20  1790.4  16783.5  14509.8  212.116  2689.92
350  144  2025-06-11 20-55-20  1792  16793.6  14509.6  212.173  2690.1
351  144  2025-06-11 20-55-20  1793.6  16803.6  14509.4  212.231  2690.27
352  144  2025-06-11 20-55-20  1795.2  16813.6  14509.2  212.289  2690.45
353  144  2025-06-11 20-55-20  1796.8  16823.6  14509  212.346  2690.62
354  144  2025-06-11 20-55-20  1798.4  16833.7  14508.8  212.404  2690.8
355  144  2025-06-11 20-55-20  1800  16843.7  14508.6  212.461  2690.97
356  144  2025-06-11 20-55-20  1801.6  16853.8  14508.4  212.519  2691.15
357  144  2025-06-11 20-55-20  1803.2  16863.8  14508.1  212.576  2691.32
358  144  2025-06-11 20-55-20  1804.8  16873.9  14507.9  212.634  2691.5
359  144  2025-06-11 20-55-20  1806.4  16883.9  14507.7  212.691  2691.67
360  144  2025-06-11 20-55-20  1808  16894  14507.5  212.749  2691.85
361  144  2025-06-11 20-55-20  1809.6  16904.1  14507.3  212.807  2692.02
362  144  2025-06-11 20-55-20  1811.2  16914.2  14507.1  212.864  2692.2
363  144  2025-06-11 20-55-20  1812.8  16924.3  14506.8  212.922  2692.37
364  144  2025-06-11 20-55-20  1814.4  16934.4  14506.6  212.979  2692.54
365  144  2025-06-11 20-55-20  1816  16944.5  14506.2  213.066  2708.54
366  144  2025-06-11 20-55-20  1817.6  16954.6  14505.8  213.123  2708.88
367  144  2025-06-11 20-55-20  1819.2  16964.7  14505.4  213.181  2709.22
368  144  2025-06-11 20-55-20  1820.8  16974.8  14505  213.238  2709.56
369  144  2025-06-11 20-55-20  1822.4  16984.9  14504.6  213.296  2709.9
370  144  2025-06-11 20-55-20  1824  16995  14504.1  213.353  2710.24
371  144  2025-06-11 20-55-20  1825.6  17005.2  14503.7  213.411  2710.57
372  144  2025-06-11 20-55-20  1827.2  17015.3  14503.3  213.468  2710.91
373  144  2025-06-11 20-55-20  1828.8  17025.5  14502.8  213.526  2711.25
374  144  2025-06-11 20-55-20  1830.4  17035.6  14502.4  213.584  2711.59
375  144  2025-06-11 20-55-20  1832  17045.8  14502  213.641  2711.93
376  144  2025-06-11 20-55-20  1833.6  17055.9  14501.5  213.699  2712.27
377  144  2025-06-11 20-55-20  1835.2  17066.1  14501.1  213.756  2712.6
378  144  2025-06-11 20-55-20  1836.8  17076.3  14500.6  213.814  2712.94
379  144  2025-06-11 20-55-20  1838.4  17086.4  14500.1  213.871  2713.28
380  144  2025-06-11 20-55-20  1840  17096.6  14499.7  213.929  2713.62
381  144  2025-06-11 20-55-20  1841.6  17106.8  14499.2  213.986  2713.96
382  144  2025-06-11 20-55-20  1843.2  17117  14498.7  214.044  2714.3
383  144  2025-06-11 20-55-20  1844.8  17127.2  14498.3  214.102  2714.63
384  144  2025-06-11 20-55-20  1846.4  17137.4  14497.8  214.159  2714.97
385  144  2025-06-11 20-55-20  1848  17147.6  14497.3  214.217  2715.31
386  144  2025-06-11 20-55-20  1849.6  17157.8  14496.8  214.274  2715.65
387  144  2025-06-11 20-55-20  1851.2  17168  14496.3  214.332  2715.99
388  144  2025-06-11 20-55-20  1852.8  17178.3  14495.8  214.389  2716.32
389  144  2025-06-11 20-55-20  1854.4  17188.5  14495.3  214.447  2716.66
390  144  2025-06-11 20-55-20  1856  17198.7  14494.8  214.504  2717
391  144  2025-06-11 20-55-20  1857.6  17209  14494.3  214.562  2717.34
392  144  2025-06-11 20-55-20  1859.2  17219.2  14493.8  214.62  2717.68
393  144  2025-06-11 20-55-20  1860.8  17229.5  14493.3  214.677  2718.02
394  144  2025-06-11 20-55-20  1862.4  17239.8  14492.8  214.735  2718.35
395  144  2025-06-11 20-55-20  1864  17250  14492.3  214.792  2718.69
396  144  2025-06-11 20-55-20  1865.6  17260.3  14491.7  214.85  2719.03
397  144  2025-06-11 20-55-20  1867.2  17270.6  14491.2  214.907  2719.37
398  144  2025-06-11 20-55-20  1868.8  17280.9  14490.7  214.965  2719.71
399  144  2025-06-11 20-55-20  1870.4  17291.1  14490.1  215.022  2720.05
400  144  2025-06-11 20-55-20  1872  17301.4  14489.6  215.08  2720.38
401  144  2025-06-11 20-55-20  1873.6  17311.7  14489  215.138  2720.72
402  144  2025-06-11 20-55-20  1875.2  17322  14488.5  215.195  2721.06
403  144  2025-06-11 20-55-20  1876.8  17332.3  14487.9  215.253  2721.4
404  144  2025-06-11 20-55-20  1878.4  17342.7  14487.4  215.31  2721.74
405  144  2025-06-11 20-55-20  1880  17353  14486.8  215.368  2722.08
406  144  2025-06-11 20-55-20  1881.6  17363.3  14486.2  215.425  2722.41
407  144  2025-06-11 20-55-20  1883.2  17373.6  14485.7  215.483  2722.75
408  144  2025-06-11 20-55-20  1884.8  17384  14485.1  215.54  2723.09
409  144  2025-06-11 20-55-20  1886.4  17394.3  14484.5  215.598  2723.43
410  144  2025-06-11 20-55-20  1888  17404.7  14483.9  215.656  2723.77
411  144  2025-06-11 20-55-20  1889.6  17415  14483.3  215.713  2724.1
412  144  2025-06-11 20-55-20  1891.2  17425.4  14482.7  215.771  2724.44
413  144  2025-06-11 20-55-20  1892.8  17435.8  14482.1  215.828  2724.78
414  144  2025-06-11 20-55-20  1894.4  17446.1  14481.5  215.886  2725.12
415  144  2025-06-11 20-55-20  1896  17456.5  14480.9  215.943  2725.46
416  144  2025-06-11 20-55-20  1897.6  17466.9  14480.3  216.001  2725.8
417  144  2025-06-11 20-55-20  1899.2  17477.3  14479.7  216.058  2726.13
418  144  2025-06-11 20-55-20  1900.8  17487.7  14479.1  216.116  2726.47
419  144  2025-06-11 20-55-20  1902.4  17498.1  14478.5  216.174  2726.81
420  144  2025-06-11 20-55-20  1904  17508.5  14477.8  216.231  2727.15
421  144  2025-06-11 20-55-20  1905.6  17518.9  14477.2  216.289  2727.49
422  144  2025-06-11 20-55-20  1907.2  17529.3  14476.6  216.346  2727.83
423  144  2025-06-11 20-55-20  1908.8  17539.7  14475.9  216.404  2728.16
424  144  2025-06-11 20-55-20  1910.4  17550.1  14475.3  216.461  2728.5
425  144  2025-06-11 20-55-20  1912  17560.6  14474.5  216.548  2743.28
426  144  2025-06-11 20-55-20  1913.6  17571  14473.7  216.461  2743.76
427  144  2025-06-11 20-55-20  1915.2  17581.4  14472.8  216.375  2744.25
428  144  2025-06-11 20-55-20  1916.8  17591.8  14472  216.289  2744.73
429  144  2025-06-11 20-55-20  1918.4  17602.2  14471.2  216.202  2745.21
430  144  2025-06-11 20-55-20  1920  17612.5  14470.3  216.116  2745.69
431  144  2025-06-11 20-55-20  1921.6  17622.9  14469.5  216.03  2746.17
432  144  2025-06-11 20-55-20  1923.2  17633.3  14468.7  215.943  2746.65
433  144  2025-06-11 20-55-20  1924.8  17643.6  14467.8  215.857  2747.13
434  144  2025-06-11 20-55-20  1926.4  17654  14467  215.771  2747.62
435  144  2025-06-11 20-55-20  1928  17664.3  14466.1  215.684  2748.1
436  144  2025-06-11 20-55-20  1929.6  17674.6  14465.2  215.598  2748.58
437  144  2025-06-11 20-55-20  1931.2  17684.9  14464.4  215.512  2749.06
438  144  2025-06-11 20-55-20  1932.8  17695.2  14463.5  215.425  2749.54
439  144  2025-06-11 20-55-20  1934.4  17705.5  14462.6  215.339  2750.02
440  144  2025-06-11 20-55-20  1936  17715.8  14461.7  215.253  2750.5
441  144  2025-06-11 20-55-20  1937.6  17726.1  14460.8  215.166  2750.98
442  144  2025-06-11 20-55-20  1939.2  17736.4  14459.9  215.08  2751.47
443  144  2025-06-11 20-55-20  1940.8  17746.6  14459  214.994  2751.95
444  144  2025-06-11 20-55-20  1942.4  17756.9  14458.1  214.907  2752.43
445  144  2025-06-11 20-55-20  1944  17767.1  14457.2  214.821  2752.91
446  144  2025-06-11 20-55-20  1945.6  17777.4  14456.3  214.735  2753.39
447  144  2025-06-11 20-55-20  1947.2  17787.6  14455.4  214.648  2753.87
448  144  2025-06-11 20-55-20  1948.8  17797.8  14454.5  214.562  2754.35
449  144  2025-06-11 20-55-20  1950.4  17808  14453.6  214.476  2754.84
450  144  2025-06-11 20-55-20  1952  17818.2  14452.6  214.389  2755.32
451  144  2025-06-11 20-55-20  1953.6  17828.4  14451.7  214.303  2755.8
452  144  2025-06-11 20-55-20  1955.2  17838.6  14450.8  214.217  2756.28
453  144  2025-06-11 20-55-20  1956.8  17848.7  14449.8  214.13  2756.76
454  144  2025-06-11 20-55-20  1958.4  17858.9  14448.9  214.044  2757.24
455  144  2025-06-11 20-55-20  1960  17869  14447.9  213.958  2757.72
456  144  2025-06-11 20-55-20  1961.6  17879.2  14447  213.871  2758.2
457  144  2025-06-11 20-55-20  1963.2  17889.3  14446  213.785  2758.69
458  144  2025-06-11 20-55-20  1964.8  17899.4  14445  213.699  2759.17
459  144  2025-06-11 20-55-20  1966.4  17909.6  14444.1  213.612  2759.65
460  144  2025-06-11 20-55-20  1968  17919.7  14443.1  213.526  2760.13
461  144  2025-06-11 20-55-20  1969.6  17929.8  14442.1  213.44  2760.61
462  144  2025-06-11 20-55-20  1971.2  17939.9  14441.1  213.353  2761.09
463  144  2025-06-11 20-55-20  1972.8  17949.9  14440.1  213.267  2761.57
464  144  2025-06-11 20-55-20  1974.4  17960  14439.2  213.181  2762.06
465  144  2025-06-11 20-55-20  1976  17970.1  14438.2  213.094  2762.54
466  144  2025-06-11 20-55-20  1977.6  17980.1  14437.2  213.008  2763.02
467  144  2025-06-11 20-55-20  1979.2  17990.2  14436.2  212.922  2763.5
468  144  2025-06-11 20-55-20  1980.8  18000.2  14435.1  212.835  2763.98
469  144  2025-06-11 20-55-20  1982.4  18010.2  14434.1  212.749  2764.46
470  144  2025-06-11 20-55-20  1984  18020.2  14433.1  212.663  2764.94
471  144  2025-06-11 20-55-20  1985.6  18030.2  14432.1  212.576  2765.42
472  144  2025-06-11 20-55-20  1987.2  18040.2  14431.1  212.49  2765.91
473  144  2025-06-11 20-55-20  1988.8  18050.2  14430  212.404  2766.39
474  144  2025-06-11 20-55-20  1990.4  18060.2  14429  212.317  2766.87
475  144  2025-06-11 20-55-20  1992  18070.2  14427.9  212.231  2767.35
476  144  2025-06-11 20-55-20  1993.6  18080.1  14426.9  212.145  2767.83
477  144  2025-06-11 20-55-20  1995.2  18090.1  14425.9  212.058  2768.31
478  144  2025-06-11 20-55-20  1996.8  18100  14424.8  211.972  2768.79
479  144  2025-06-11 20-55-20  1998.4  18109.9  14423.7  211.886  2769.27
480  144  2025-06-11 20-55-20  2000  18119.9  14422.7  211.799  2769.76
481  144  2025-06-11 20-55-20  2001.6  18129.8  14421.6  211.713  2770.24
482  144  2025-06-11 20-55-20  2003.2  18139.7  14420.5  211.627  2770.72
483  144  2025-06-11 20-55-20  2004.8  18149.6  14419.5  211.54  2771.2
484  144  2025-06-11 20-55-20  2006.4  18159.5  14418.4  211.454  2771.68
485  144  2025-06-11 20-55-20  2008  18169.3  14417.3  211.368  2772.16
486  144  2025-06-11 20-55-20  2009.6  18179.2  14416.2  211.281  2772.64
487  144  2025-06-11 20-55-20  2011.2  18189.1  14415.1  211.195  2773.13
488  144  2025-06-11 20-55-20  2012.8  18198.9  14414  211.109  2773.61
489  144  2025-06-11 20-55-20  2014.4  18208.8  14412.9  211.022  2774.09
490  144  2025-06-11 20-55-20  2016  18218.6  14411.8  210.936  2774.57
491  144  2025-06-11 20-55-20  2017.6  18228.4  14410.7  210.85  2775.05
492  144  2025-06-11 20-55-20  2019.2  18238.2  14409.6  210.763  2775.53
493  144  2025-06-11 20-55-20  2020.8  18248  14408.5  210.677  2776.01
494  144  2025-06-11 20-55-20  2022.4  18257.8  14407.4  210.591  2776.49
495  144  2025-06-11 20-55-20  2024  18267.6  14406.2  210.504  2776.98
496  144  2025-06-11 20-55-20  2025.6  18277.4  14405.1  210.418  2777.46
497  144  2025-06-11 20-55-20  2027.2  18287.2  14404  210.332  2777.94
498  144  2025-06-11 20-55-20  2028.8  18296.9  14402.8  210.245  2778.42
499  144  2025-06-11 20-55-20  2030.4  18306.7  14401.7  210.159  2778.9
500  144  2025-06-11 20-55-20  2032  18316.4  14400.5  210.073  2779.38
501  144  2025-06-11 20-55-20  2033.6  18326.1  14399.4  209.986  2779.86
502  144  2025-06-11 20-55-20  2035.2  18335.9  14398.2  209.9  2780.35
503  144  2025-06-11 20-55-20  2036.8  18345.6  14397.1  209.814  2780.83
504  144  2025-06-11 20-55-20  2038.4  18355.3  14395.9  209.727  2781.31
505  144  2025-06-11 20-55-20  2040  18365  14394.8  209.641  2781.79
506  144  2025-06-11 20-55-20  2041.6  18374.7  14393.6  209.555  2782.27
507  144  2025-06-11 20-55-20  2043.2  18384.3  14392.4  209.468  2782.75
508  144  2025-06-11 20-55-20  2044.8  18394  14391.2  209.382  2783.23
509  144  2025-06-11 20-55-20  2046.4  18403.7  14390  209.296  2783.71
510  144  2025-06-11 20-55-20  2048  18413.3  14388.9  209.209  2784.2
511  144  2025-06-11 20-55-20  2049.6  18422.9  14387.7  209.123  2784.68
512  144  2025-06-11 20-55-20  2051.2  18432.6  14386.5  209.037  2785.16
513  144  2025-06-11 20-55-20  2052.8  18442.2  14385.3  208.95  2785.64
514  144  2025-06-11 20-55-20  2054.4  18451.8  14384.1  208.864  2786.12
515  144  2025-06-11 20-55-20  2056  18461.4  14382.9  208.778  2786.6
516  144  2025-06-11 20-55-20  2057.6  18471  14381.7  208.691  2787.08
517  144  2025-06-11 20-55-20  2059.2  18480.6  14380.4  208.605  2787.57
518  144  2025-06-11 20-55-20  2060.8  18490.2  14379.2  208.519  2788.05
519  144  2025-06-11 20-55-20  2062.4  18499.7  14378  208.432  2788.53
520  144  2025-06-11 20-55-20  2064  18509.3  14376.8  208.346  2789.01
521  144  2025-06-11 20-55-20  2065.6  18518.8  14375.5  208.26  2789.49
522  144  2025-06-11 20-55-20  2067.2  18528.4  14374.3  208.173  2789.97
523  144  2025-06-11 20-55-20  2068.8  18537.9  14373.1  208.087  2790.45
524  144  2025-06-11 20-55-20  2070.4  18547.4  14371.8  208.001  2790.93
525  144  2025-06-11 20-55-20  2072  18556.9  14370.6  207.914  2791.42
526  144  2025-06-11 20-55-20  2073.6  18566.4  14369.3  207.828  2791.9
527  144  2025-06-11 20-55-20  2075.2  18575.9  14368.1  207.742  2792.38
528  144  2025-06-11 20-55-20  2076.8  18585.4  14366.8  207.799  2792.86
529  144  2025-06-11 20-55-20  2078.4  18594.9  14365.6  207.713  2793.34
530  144  2025-06-11 20-55-20  2080  18604.4  14364.3  207.77  2793.82
531  144  2025-06-11 20-55-20  2081.6  18613.9  14363  207.684  2794.3
532  144  2025-06-11 20-55-20  2083.2  18623.4  14361.7  207.742  2794.79
533  144  2025-06-11 20-55-20  2084.8  18632.8  14360.5  207.655  2795.27
534  144  2025-06-11 20-55-20  2086.4  18642.3  14359.2  207.713  2795.75
535  144  2025-06-11 20-55-20  2088  18651.8  14357.9  207.626  2796.23
536  144  2025-06-11 20-55-20  2089.6  18661.3  14356.6  207.684  2796.71
537  144  2025-06-11 20-55-20  2091.2  18670.8  14355.3  207.598  2797.19
538  144  2025-06-11 20-55-20  2092.8  18680.2  14354  207.655  2797.67
539  144  2025-06-11 20-55-20  2094.4  18689.7  14352.7  207.713  2798.15
540  144  2025-06-11 20-55-20  2096  18699.2  14351.3  207.626  2798.64
541  144  2025-06-11 20-55-20  2097.6  18708.7  14350  207.684  2799.12
542  144  2025-06-11 20-55-20  2099.2  18718.1  14348.7  207.598  2799.6
543  144  2025-06-11 20-55-20  2100.8  18727.6  14347.4  207.655  2800.08
544  144  2025-06-11 20-55-20  2102.4  18737.1  14346  207.569  2800.56
545  144  2025-06-11 20-55-20  2104  18746.5  14344.7  207.626  2801.04
546  144  2025-06-11 20-55-20  2105.6  18756  14343.3  207.54  2801.52
547  144  2025-06-11 20-55-20  2107.2  18765.5  14342  207.598  2802
548  144  2025-06-11 20-55-20  2108.8  18774.9  14340.6  207.655  2802.49
549  144  2025-06-11 20-55-20  2110.4  18784.4  14339.3  207.569  2802.97
550  144  2025-06-11 20-55-20  2112  18793.8  14337.9  207.626  2803.45
551  144  2025-06-11 20-55-20  2113.6  18803.3  14336.5  207.54  2803.93
552  144  2025-06-11 20-55-20  2115.2  18812.8  14335.2  207.598  2804.41
553  144  2025-06-11 20-55-20  2116.8  18822.2  14333.8  207.655  2804.89
554  144  2025-06-11 20-55-20  2118.4  18831.7  14332.4  207.569  2805.37
555  144  2025-06-11 20-55-20  2120  18841.1  14331  207.626  2805.86
556  144  2025-06-11 20-55-20  2121.6  18850.6  14329.6  207.54  2806.34
557  144  2025-06-11 20-55-20  2123.2  18860.1  14328.2  207.598  2806.82
558  144  2025-06-11 20-55-20  2124.8  18869.5  14326.8  207.655  2807.3
559  144  2025-06-11 20-55-20  2126.4  18879  14325.4  207.569  2807.78
560  144  2025-06-11 20-55-20  2128  18888.4  14324  207.626  2808.26
561  144  2025-06-11 20-55-20  2129.6  18897.9  14322.5  207.684  2808.74
562  144  2025-06-11 20-55-20  2131.2  18907.3  14321.1  207.598  2809.22
563  144  2025-06-11 20-55-20  2132.8  18916.8  14319.7  207.655  2809.71
564  144  2025-06-11 20-55-20  2134.4  18926.3  14318.3  207.713  2810.19
565  144  2025-06-11 20-55-20  2136  18935.7  14316.8  207.626  2810.67
566  144  2025-06-11 20-55-20  2137.6  18945.2  14315.4  207.684  2811.15
567  144  2025-06-11 20-55-20  2139.2  18954.6  14313.9  207.598  2811.63
568  144  2025-06-11 20-55-20  2140.8  18964.1  14312.5  207.655  2812.11
569  144  2025-06-11 20-55-20  2142.4  18973.5  14311  207.713  2812.59
570  144  2025-06-11 20-55-20  2144  18983  14309.5  207.626  2813.08
571  144  2025-06-11 20-55-20  2145.6  18992.4  14308.1  207.684  2813.56
572  144  2025-06-11 20-55-20  2147.2  19001.9  14306.6  207.742  2814.04
573  144  2025-06-11 20-55-20  2148.8  19011.4  14305.1  207.799  2814.52
574  144  2025-06-11 20-55-20  2150.4  19020.8  14303.6  207.713  2815
575  144  2025-06-11 20-55-20  2152  19030.3  14302.1  207.77  2815.48
576  144  2025-06-11 20-55-20  2153.6  19039.7  14300.6  207.828  2815.96
577  144  2025-06-11 20-55-20  2155.2  19049.2  14299.1  207.742  2816.44
578  144  2025-06-11 20-55-20  2156.8  19058.7  14297.6  207.799  2816.93
579  144  2025-06-11 20-55-20  2158.4  19068.1  14296.1  207.857  2817.41
580  144  2025-06-11 20-55-20  2160  19077.6  14294.6  207.77  2817.89
581  144  2025-06-11 20-55-20  2161.6  19087  14293.1  207.828  2818.37
582  144  2025-06-11 20-55-20  2163.2  19096.5  14291.5  207.885  2818.85
583  144  2025-06-11 20-55-20  2164.8  19106  14290  207.943  2819.33
584  144  2025-06-11 20-55-20  2166.4  19115.4  14288.4  207.857  2819.81
585  144  2025-06-11 20-55-20  2168  19124.9  14286.9  207.914  2820.3
586  144  2025-06-11 20-55-20  2169.6  19134.4  14285.4  207.972  2820.78
587  144  2025-06-11 20-55-20  2171.2  19143.8  14283.8  207.885  2821.26
588  144  2025-06-11 20-55-20  2172.8  19153.3  14282.2  207.943  2821.74
589  144  2025-06-11 20-55-20  2174.4  19162.8  14280.7  208.001  2822.22
590  144  2025-06-11 20-55-20  2176  19172.3  14279.1  208.058  2822.7
591  144  2025-06-11 20-55-20  2177.6  19181.7  14277.5  207.972  2823.18
592  144  2025-06-11 20-55-20  2179.2  19191.2  14275.9  208.029  2823.66
593  144  2025-06-11 20-55-20  2180.8  19200.7  14274.4  208.087  2824.15
594  144  2025-06-11 20-55-20  2182.4  19210.1  14272.8  208.145  2824.63
595  144  2025-06-11 20-55-20  2184  19219.6  14271.2  208.202  2825.11
596  144  2025-06-11 20-55-20  2185.6  19229.1  14269.6  208.116  2825.59
597  144  2025-06-11 20-55-20  2187.2  19238.6  14268  208.173  2826.07
598  144  2025-06-11 20-55-20  2188.8  19248.1  14266.3  208.231  2826.55
599  144  2025-06-11 20-55-20  2190.4  19257.6  14264.7  208.288  2827.03
600  144  2025-06-11 20-55-20  2192  19267.1  14263.1  208.202  2827.52
601  144  2025-06-11 20-55-20  2193.6  19276.5  14261.5  208.26  2828
602  144  2025-06-11 20-55-20  2195.2  19286  14259.8  208.317  2828.48
603  144  2025-06-11 20-55-20  2196.8  19295.5  14258.2  208.375  2828.96
604  144  2025-06-11 20-55-20  2198.4  19305  14256.5  208.432  2829.44
605  144  2025-06-11 20-55-20  2200  19314.5  14254.9  208.346  2829.92
606  144  2025-06-11 20-55-20  2201.6  19324  14253.2  208.404  2830.4
607  144  2025-06-11 20-55-20  2203.2  19333.5  14251.6  208.461  2830.88
608  144  2025-06-11 20-55-20  2204.8  19343  14249.9  208.519  2831.37
609  144  2025-06-11 20-55-20  2206.4  19352.5  14248.2  208.576  2831.85
610  144  2025-06-11 20-55-20  2208  19362  14246.5  208.49  14032.3
611  144  2025-06-11 20-55-20  2209.6  19371.5  14244.9  208.547  14032.8
612  144  2025-06-11 20-55-20  2211.2  19381.1  14243.2  208.605  14033.3
613  144  2025-06-11 20-55-20  2212.8  19390.6  14241.5  208.663  14033.8
614  144  2025-06-11 20-55-20  2214.4  19400.1  14239.8  208.72  14034.3
615  144  2025-06-11 20-55-20  2216  19409.6  14238.1  208.778  14034.7
616  144  2025-06-11 20-55-20  2217.6  19419.1  14236.3  208.691  14035.2
617  144  2025-06-11 20-55-20  2219.2  19428.7  14234.6  208.749  14035.7
618  144  2025-06-11 20-55-20  2220.8  19438.2  14232.9  208.806  14036.2
619  144  2025-06-11 20-55-20  2222.4  19447.7  14231.2  208.864  14036.7
620  144  2025-06-11 20-55-20  2224  19457.2  14229.4  208.922  14037.1
621  144  2025-06-11 20-55-20  2225.6  19466.8  14227.7  208.979  14037.6
622  144  2025-06-11 20-55-20  2227.2  19476.3  14225.9  208.893  14038.1
623  144  2025-06-11 20-55-20  2228.8  19485.9  14224.2  208.95  14038.6
624  144  2025-06-11 20-55-20  2230.4  19495.4  14222.4  209.008  14039.1
625  144  2025-06-11 20-55-20  2232  19504.9  14220.7  208.922  14039.5
626  144  2025-06-11 20-55-20  2233.6  19514.4  14218.9  208.835  14040
627  144  2025-06-11 20-55-20  2235.2  19524  14217.1  208.749  14040.5
628  144  2025-06-11 20-55-20  2236.8  19533.5  14215.4  208.663  14041
629  144  2025-06-11 20-55-20  2238.4  19543  14213.6  208.576  14041.5
630  144  2025-06-11 20-55-20  2240  19552.4  14211.8  208.49  14042
631  144  2025-06-11 20-55-20  2241.6  19561.9  14210  208.404  14042.4
632  144  2025-06-11 20-55-20  2243.2  19571.4  14208.2  208.317  14042.9
633  144  2025-06-11 20-55-20  2244.8  19580.8  14206.5  208.231  14043.4
634  144  2025-06-11 20-55-20  2246.4  19590.3  14204.7  208.145  14043.9
635  144  2025-06-11 20-55-20  2248  19599.7  14202.9  208.058  14044.4
636  144  2025-06-11 20-55-20  2249.6  19609.1  14201.1  207.972  14044.8
637  144  2025-06-11 20-55-20  2251.2  19618.6  14199.3  207.885  14045.3
638  144  2025-06-11 20-55-20  2252.8  19628  14197.5  207.799  14045.8
639  144  2025-06-11 20-55-20  2254.4  19637.4  14195.7  207.713  14046.3
640  144  2025-06-11 20-55-20  2256  19646.8  14193.8  207.626  14046.8
641  144  2025-06-11 20-55-20  2257.6  19656.1  14192  207.54  14047.2
642  144  2025-06-11 20-55-20  2259.2  19665.5  14190.2  207.454  14047.7
643  144  2025-06-11 20-55-20  2260.8  19674.9  14188.3  207.511  14054.7
644  144  2025-06-11 20-55-20  2262.4  19684.2  14186.4  207.569  14061.7
645  144  2025-06-11 20-55-20  2264  19693.6  14184.3  207.626  14068.8
646  144  2025-06-11 20-55-20  2265.6  19702.9  14182.2  207.684  14075.9
647  144  2025-06-11 20-55-20  2267.2  19712.2  14180  207.742  14083.1
648  144  2025-06-11 20-55-20  2268.8  19721.5  14177.8  207.799  14090.4
649  144  2025-06-11 20-55-20  2270.4  19730.8  14175.4  207.857  14097.7
650  144  2025-06-11 20-55-20  2272  19740.1  14173  207.914  14105.1
651  144  2025-06-11 20-55-20  2273.6  19749.4  14170.5  207.972  14112.5
652  144  2025-06-11 20-55-20  2275.2  19758.6  14168  208.029  14120.1
653  144  2025-06-11 20-55-20  2276.8  19767.9  14165.3  208.087  14127.6
654  144  2025-06-11 20-55-20  2278.4  19777.1  14162.6  208.145  14135.3
655  144  2025-06-11 20-55-20  2280  19786.3  14159.8  208.202  14143
656  144  2025-06-11 20-55-20  2281.6  19795.5  14156.9  208.26  14150.8
657  144  2025-06-11 20-55-20  2283.2  19804.6  14153.9  208.317  14158.6
658  144  2025-06-11 20-55-20  2284.8  19813.8  14150.9  208.375  14166.5
659  144  2025-06-11 20-55-20  2286.4  19822.9  14147.8  208.432  14174.5
660  144  2025-06-11 20-55-20  2288  19832  14144.6  208.49  14182.5
661  144  2025-06-11 20-55-20  2289.6  19841.1  14141.4  208.547  14177.7
662  144  2025-06-11 20-55-20  2291.2  19850.2  14138.2  208.605  14185.7
663  144  2025-06-11 20-55-20  2292.8  19859.4  14135  208.663  14180.9
664  144  2025-06-11 20-55-20  2294.4  19868.5  14131.8  208.72  14176
665  144  2025-06-11 20-55-20  2296  19877.6  14128.6  208.778  14184
666  144  2025-06-11 20-55-20  2297.6  19886.8  14125.4  208.835  14179.1
667  144  2025-06-11 20-55-20  2299.2  19895.9  14122.1  208.893  14187.1
668  144  2025-06-11 20-55-20  2300.8  19905  14118.9  208.95  14182.2
669  144  2025-06-11 20-55-20  2302.4  19914.2  14115.8  209.008  14177.2
670  144  2025-06-11 20-55-20  2304  19923.4  14112.5  209.065  14185.1
671  144  2025-06-11 20-55-20  2305.6  19932.5  14109.3  209.123  14180.2
672  144  2025-06-11 20-55-20  2307.2  19941.7  14106.1  209.181  14175.1
673  144  2025-06-11 20-55-20  2308.8  19950.9  14102.9  209.238  14183
674  144  2025-06-11 20-55-20  2310.4  19960.1  14099.7  209.296  14177.9
675  144  2025-06-11 20-55-20  2312  19969.2  14096.5  209.353  14185.8
676  144  2025-06-11 20-55-20  2313.6  19978.4  14093.2  209.411  14180.8
677  144  2025-06-11 20-55-20  2315.2  19987.7  14090.1  209.468  14175.7
678  144  2025-06-11 20-55-20  2316.8  19996.8  14086.8  209.526  14183.5
679  144  2025-06-11 20-55-20  2318.4  20006.1  14083.6  209.583  14178.4
680  144  2025-06-11 20-55-20  2320  20015.3  14080.5  209.641  14173.2
681  144  2025-06-11 20-55-20  2321.6  20024.5  14077.2  209.699  14180.9
682  144  2025-06-11 20-55-20  2323.2  20033.8  14074  209.756  14175.8
683  144  2025-06-11 20-55-20  2324.8  20043  14070.8  209.814  14183.5
684  144  2025-06-11 20-55-20  2326.4  20052.2  14067.6  209.871  14178.3
685  144  2025-06-11 20-55-20  2328  20061.5  14064.4  209.929  14173.1
686  144  2025-06-11 20-55-20  2329.6  20070.8  14061.2  209.986  14180.8
687  144  2025-06-11 20-55-20  2331.2  20080  14058  210.044  14175.6
688  144  2025-06-11 20-55-20  2332.8  20089.3  14054.9  210.101  14170.3
689  144  2025-06-11 20-55-20  2334.4  20098.6  14051.6  210.159  14177.9
690  144  2025-06-11 20-55-20  2336  20107.9  14048.5  210.217  14172.6
691  144  2025-06-11 20-55-20  2337.6  20117.2  14045.2  210.274  14180.2
692  144  2025-06-11 20-55-20  2339.2  20126.5  14042  210.332  14174.9
693  144  2025-06-11 20-55-20  2340.8  20135.8  14038.9  210.389  14169.6
694  144  2025-06-11 20-55-20  2342.4  20145.1  14035.7  210.447  14177.1
695  144  2025-06-11 20-55-20  2344  20154.4  14032.5  210.504  14171.7
696  144  2025-06-11 20-55-20  2345.6  20163.7  2829.29  210.562  14179.3
697  144  2025-06-11 20-55-20  2347.2  20173.1  2826.1  210.619  14173.9
698  144  2025-06-11 20-55-20  2348.8  20182.4  2822.96  210.677  14168.5
699  144  2025-06-11 20-55-20  2350.4  20191.8  2819.75  210.735  14176
700  144  2025-06-11 20-55-20  2352  20201.1  2816.59  210.792  14170.6
701  144  2025-06-11 20-55-20  2353.6  20210.5  2813.35  210.85  14178
702  144  2025-06-11 20-55-20  2355.2  20219.8  2810.16  210.907  14172.6
703  144  2025-06-11 20-55-20  2356.8  20229.2  2807.03  210.965  14167.1
704  144  2025-06-11 20-55-20  2358.4  20238.6  2803.82  211.022  14174.5
705  144  2025-06-11 20-55-20  2360  20248  2800.67  211.08  14169.1
706  144  2025-06-11 20-55-20  2361.6  20257.4  2797.44  211.137  14176.5
707  144  2025-06-11 20-55-20  2363.2  20266.7  2794.26  211.195  14171
708  144  2025-06-11 20-55-20  2364.8  20276.2  2791.14  211.253  14165.4
709  144  2025-06-11 20-55-20  2366.4  20285.6  2787.94  211.31  14172.8
710  144  2025-06-11 20-55-20  2368  20295  2784.79  211.368  14167.2
711  144  2025-06-11 20-55-20  2369.6  20304.4  2781.57  211.425  14174.6
712  144  2025-06-11 20-55-20  2371.2  20313.8  2778.4  211.483  14169
713  144  2025-06-11 20-55-20  2372.8  20323.2  2775.16  211.54  14176.4
714  144  2025-06-11 20-55-20  2374.4  20332.7  2771.97  211.598  14170.8
715  144  2025-06-11 20-55-20  2376  20342.1  2768.83  211.655  14165.2
716  144  2025-06-11 20-55-20  2377.6  20351.6  2765.62  211.713  14172.5
717  144  2025-06-11 20-55-20  2379.2  20361  2762.47  211.771  14166.9
718  144  2025-06-11 20-55-20  2380.8  20370.5  2759.24  211.828  14174.2
719  144  2025-06-11 20-55-20  2382.4  20380  2756.06  211.886  14168.6
720  144  2025-06-11 20-55-20  2384  20389.5  2752.94  211.943  14162.9
721  144  2025-06-11 20-55-20  2385.6  20398.9  2749.75  212.001  14170.1
722  144  2025-06-11 20-55-20  2387.2  20408.4  2746.61  212.058  14164.4
723  144  2025-06-11 20-55-20  2388.8  20417.9  2743.4  212.116  14171.6
724  144  2025-06-11 20-55-20  2390.4  20427.4  2740.24  212.173  14166
725  144  2025-06-11 20-55-20  2392  20436.9  2737.01  212.231  14173.2
726  144  2025-06-11 20-55-20  2393.6  20446.4  2733.83  212.289  14167.5
727  144  2025-06-11 20-55-20  2395.2  20456  2730.71  212.346  14161.8
728  144  2025-06-11 20-55-20  2396.8  20465.5  2727.51  212.404  14168.9
729  144  2025-06-11 20-55-20  2398.4  20475  2724.38  212.461  14163.2
730  144  2025-06-11 20-55-20  2400  20484.5  2721.16  212.519  14170.3
731  144  2025-06-11 20-55-20  2401.6  20494.1  2718.01  212.576  14164.6
732  144  2025-06-11 20-55-20  2403.2  20503.6  2714.77  212.634  14171.8
733  144  2025-06-11 20-55-20  2404.8  20513.2  2711.6  212.691  14166
734  144  2025-06-11 20-55-20  2406.4  20522.8  2708.48  212.749  14160.2
735  144  2025-06-11 20-55-20  2408  20532.3  2705.29  212.807  14167.3
736  144  2025-06-11 20-55-20  2409.6  20541.9  2702.16  212.864  14161.5
737  144  2025-06-11 20-55-20  2411.2  20551.5  2698.95  212.922  14168.6
738  144  2025-06-11 20-55-20  2412.8  20561.1  2695.8  212.979  14162.8
739  144  2025-06-11 20-55-20  2414.4  20570.6  2692.58  213.037  14169.9
740  144  2025-06-11 20-55-20  2416  20580.2  2689.41  213.094  14164.1
741  144  2025-06-11 20-55-20  2417.6  20589.9  2686.3  213.152  14158.2
742  144  2025-06-11 20-55-20  2419.2  20599.5  2683.12  213.209  14165.2
743  144  2025-06-11 20-55-20  2420.8  20609.1  2680  213.267  14159.4
744  144  2025-06-11 20-55-20  2422.4  20618.7  2676.8  213.325  14166.4
745  144  2025-06-11 20-55-20  2424  20628.4  2673.66  213.382  14160.5
746  144  2025-06-11 20-55-20  2425.6  20638  2670.45  213.44  14167.5
747  144  2025-06-11 20-55-20  2427.2  20647.6  2667.29  213.497  14161.7
748  144  2025-06-11 20-55-20  2428.8  20657.3  2664.2  213.555  14155.8
749  144  2025-06-11 20-55-20  2430.4  20667  2661.03  213.612  14162.7
750  144  2025-06-11 20-55-20  2432  20676.6  2657.92  213.67  14156.8
751  144  2025-06-11 20-55-20  2433.6  20686.3  2654.74  213.727  14163.7
752  144  2025-06-11 20-55-20  2435.2  20696  2651.62  213.785  14157.8
753  144  2025-06-11 20-55-20  2436.8  20705.7  2648.42  213.843  14164.8
754  144  2025-06-11 20-55-20  2438.4  20715.4  2645.28  213.9  14158.8
755  144  2025-06-11 20-55-20  2440  20725.1  2642.21  213.958  14152.9
