SN    USVID    CurTime    simTime    CurX    CurY    CurVel      CurYaw   
0  128  2025-06-09 22-33-43  0  8  4.89843e-16  192  2672
1  128  2025-06-09 22-33-43  1.6  128.006  9.80038e-16  192.058  2672
2  128  2025-06-09 22-33-43  3.2  136.017  1.47058e-15  192.115  2672
3  128  2025-06-09 22-33-43  4.8  144.035  1.96148e-15  192.173  2672
4  128  2025-06-09 22-33-43  6.4  152.058  2.45274e-15  192.23  2672
5  128  2025-06-09 22-33-43  8  160.086  2.94434e-15  192.288  2672
6  128  2025-06-09 22-33-43  9.6  168.121  3.4363e-15  192.345  2672
7  128  2025-06-09 22-33-43  11.2  176.161  3.92861e-15  192.403  2672
8  128  2025-06-09 22-33-43  12.8  184.207  4.42127e-15  192.46  2672
9  128  2025-06-09 22-33-43  14.4  192.259  4.91428e-15  192.518  2672
10  128  2025-06-09 22-33-43  128  200.317  5.40765e-15  192.576  2672
11  128  2025-06-09 22-33-43  129.6  208.38  5.90137e-15  192.633  2672
12  128  2025-06-09 22-33-43  131.2  216.449  6.39544e-15  192.691  2672
13  128  2025-06-09 22-33-43  132.8  224.524  6.88987e-15  192.748  2672
14  128  2025-06-09 22-33-43  134.4  232.604  7.38464e-15  192.806  2672
15  128  2025-06-09 22-33-43  136  240.691  7.87977e-15  192.863  2672
16  128  2025-06-09 22-33-43  137.6  248.783  8.37525e-15  192.921  2672
17  128  2025-06-09 22-33-43  139.2  256.881  8.87109e-15  192.978  2672
18  128  2025-06-09 22-33-43  140.8  264.984  9.36727e-15  193.036  2672
19  128  2025-06-09 22-33-43  142.4  1393.09  9.86381e-15  193.094  2672
20  128  2025-06-09 22-33-43  144  1401.21  1.03607e-14  193.151  2672
21  128  2025-06-09 22-33-43  145.6  1409.33  1.08579e-14  193.209  2672
22  128  2025-06-09 22-33-43  147.2  1417.46  1.13555e-14  193.266  2672
23  128  2025-06-09 22-33-43  148.8  1425.59  1.18535e-14  193.324  2672
24  128  2025-06-09 22-33-43  150.4  1433.73  1.23518e-14  193.381  2672
25  128  2025-06-09 22-33-43  152  1441.87  1.28504e-14  193.439  2672
26  128  2025-06-09 22-33-43  153.6  1450.02  1.33494e-14  193.496  2672
27  128  2025-06-09 22-33-43  155.2  1458.18  1.38488e-14  193.554  2672
28  128  2025-06-09 22-33-43  156.8  1466.34  1.43485e-14  193.612  2672
29  128  2025-06-09 22-33-43  158.4  1474.5  1.48486e-14  193.669  2672
30  128  2025-06-09 22-33-43  160  1482.68  1.5349e-14  193.727  2672
31  128  2025-06-09 22-33-43  161.6  1490.85  1.58498e-14  193.784  2672
32  128  2025-06-09 22-33-43  163.2  1499.04  1.63509e-14  193.842  2672
33  128  2025-06-09 22-33-43  164.8  1507.23  1.68524e-14  193.899  2672
34  128  2025-06-09 22-33-43  166.4  1515.42  1.73542e-14  193.957  2672
35  128  2025-06-09 22-33-43  168  1523.63  1.78564e-14  194.014  2672
36  128  2025-06-09 22-33-43  169.6  1531.83  1.83589e-14  194.072  2672
37  128  2025-06-09 22-33-43  171.2  1540.05  1.88618e-14  194.13  2672
38  128  2025-06-09 22-33-43  172.8  1548.26  1.9365e-14  194.187  2672
39  128  2025-06-09 22-33-43  174.4  1556.49  1.98686e-14  194.245  2672
40  128  2025-06-09 22-33-43  176  1564.72  2.03725e-14  194.302  2672
41  128  2025-06-09 22-33-43  177.6  1572.96  2.08768e-14  194.36  2672
42  128  2025-06-09 22-33-43  179.2  1581.2  2.13815e-14  194.417  2672
43  128  2025-06-09 22-33-43  180.8  1589.44  2.18865e-14  194.475  2672
44  128  2025-06-09 22-33-43  182.4  1597.7  2.23918e-14  194.532  2672
45  128  2025-06-09 22-33-43  184  1605.96  2.28975e-14  194.59  2672
46  128  2025-06-09 22-33-43  185.6  1614.22  2.34036e-14  194.648  2672
47  128  2025-06-09 22-33-43  187.2  1622.49  2.391e-14  194.705  2672
48  128  2025-06-09 22-33-43  188.8  1630.77  2.44167e-14  194.763  2672
49  128  2025-06-09 22-33-43  190.4  1639.05  2.49238e-14  194.82  2672
50  128  2025-06-09 22-33-43  192  1647.34  2.54313e-14  194.878  2672
51  128  2025-06-09 22-33-43  193.6  1655.63  2.59391e-14  194.935  2672
52  128  2025-06-09 22-33-43  195.2  1663.93  2.64473e-14  194.993  2672
53  128  2025-06-09 22-33-43  196.8  1672.24  2.69558e-14  195.05  2672
54  128  2025-06-09 22-33-43  198.4  1680.55  2.74647e-14  195.108  2672
55  128  2025-06-09 22-33-43  200  1688.86  2.79739e-14  195.166  2672
56  128  2025-06-09 22-33-43  201.6  1697.19  2.84835e-14  195.223  2672
57  128  2025-06-09 22-33-43  203.2  1705.51  2.89934e-14  195.281  2672
58  128  2025-06-09 22-33-43  204.8  1713.85  2.95037e-14  195.338  2672
59  128  2025-06-09 22-33-43  206.4  1722.19  3.00143e-14  195.396  2672
60  128  2025-06-09 22-33-43  208  1730.53  3.05253e-14  195.453  2672
61  128  2025-06-09 22-33-43  209.6  1738.88  3.10367e-14  195.511  2672
62  128  2025-06-09 22-33-43  211.2  1747.24  3.15484e-14  195.568  2672
63  128  2025-06-09 22-33-43  212.8  1755.6  3.20604e-14  195.626  2672
64  128  2025-06-09 22-33-43  214.4  1763.97  3.25728e-14  195.684  2672
65  128  2025-06-09 22-33-43  216  1772.35  3.30855e-14  195.741  2672
66  128  2025-06-09 22-33-43  217.6  1780.73  3.35986e-14  195.799  2672
67  128  2025-06-09 22-33-43  219.2  1789.11  3.41121e-14  195.856  2672
68  128  2025-06-09 22-33-43  220.8  1797.5  3.46259e-14  195.914  2672
69  128  2025-06-09 22-33-43  222.4  1805.9  3.51401e-14  195.971  2672
70  128  2025-06-09 22-33-43  224  1814.3  3.56546e-14  196.029  2672
71  128  2025-06-09 22-33-43  225.6  1822.71  3.61694e-14  196.086  2672
72  128  2025-06-09 22-33-43  227.2  1831.13  3.66847e-14  196.144  2672
73  128  2025-06-09 22-33-43  228.8  1839.55  3.72002e-14  196.202  2672
74  128  2025-06-09 22-33-43  230.4  1847.97  3.77162e-14  196.259  2672
75  128  2025-06-09 22-33-43  232  1856.4  3.82324e-14  196.317  2672
76  128  2025-06-09 22-33-43  233.6  1864.84  3.87491e-14  196.374  2672
77  128  2025-06-09 22-33-43  235.2  1873.28  3.9266e-14  196.432  2672
78  128  2025-06-09 22-33-43  236.8  1881.73  3.97834e-14  196.489  2672
79  128  2025-06-09 22-33-43  238.4  1890.19  4.0301e-14  196.547  2672
80  128  2025-06-09 22-33-43  240  1898.65  4.08191e-14  196.604  2672
81  128  2025-06-09 22-33-43  241.6  1907.11  4.13375e-14  196.662  2672
82  128  2025-06-09 22-33-43  243.2  1915.59  4.18562e-14  196.72  2672
83  128  2025-06-09 22-33-43  244.8  1924.06  4.23753e-14  196.777  2672
84  128  2025-06-09 22-33-43  246.4  1932.55  4.28947e-14  196.835  2672
85  128  2025-06-09 22-33-43  248  1941.04  4.34145e-14  196.892  2672
86  128  2025-06-09 22-33-43  249.6  1949.53  4.39347e-14  196.95  2672
87  128  2025-06-09 22-33-43  251.2  1958.03  4.44552e-14  197.007  2672
88  128  2025-06-09 22-33-43  252.8  1966.54  4.49761e-14  197.065  2672
89  128  2025-06-09 22-33-43  254.4  1975.05  4.54973e-14  197.122  2672
90  128  2025-06-09 22-33-43  256  1983.57  4.60188e-14  197.18  2672
91  128  2025-06-09 22-33-43  257.6  1992.09  4.65407e-14  197.238  2672
92  128  2025-06-09 22-33-43  259.2  2000.62  4.7063e-14  197.295  2672
93  128  2025-06-09 22-33-43  260.8  2009.16  4.75856e-14  197.353  2672
94  128  2025-06-09 22-33-43  262.4  2017.7  4.81086e-14  197.41  2672
95  128  2025-06-09 22-33-43  264  2026.25  4.86319e-14  197.468  2672
96  128  2025-06-09 22-33-43  265.6  2034.8  4.91556e-14  197.525  2672
97  128  2025-06-09 22-33-43  267.2  2043.36  4.96796e-14  197.583  2672
98  128  2025-06-09 22-33-43  268.8  2051.92  5.0204e-14  197.641  2672
99  128  2025-06-09 22-33-43  270.4  2060.49  5.07287e-14  197.698  2672
100  128  2025-06-09 22-33-43  1392  2069.07  5.12538e-14  197.756  2672
101  128  2025-06-09 22-33-43  1393.6  2077.65  5.17792e-14  197.813  2672
102  128  2025-06-09 22-33-43  1395.2  2086.23  5.2305e-14  197.871  2672
103  128  2025-06-09 22-33-43  1396.8  2094.83  5.28312e-14  197.928  2672
104  128  2025-06-09 22-33-43  1398.4  2103.43  5.33577e-14  197.986  2672
105  128  2025-06-09 22-33-43  1400  2112.03  5.38845e-14  198.043  2672
106  128  2025-06-09 22-33-43  1401.6  2120.64  5.44117e-14  198.101  2672
107  128  2025-06-09 22-33-43  1403.2  2129.26  5.49393e-14  198.159  2672
108  128  2025-06-09 22-33-43  1404.8  2137.88  5.54672e-14  198.216  2672
109  128  2025-06-09 22-33-43  1406.4  2146.5  5.59954e-14  198.274  2672
110  128  2025-06-09 22-33-43  1408  2155.14  5.6524e-14  198.331  2672
111  128  2025-06-09 22-33-43  1409.6  2163.78  5.7053e-14  198.389  2672
112  128  2025-06-09 22-33-43  1411.2  2172.42  5.75823e-14  198.446  2672
113  128  2025-06-09 22-33-43  1412.8  2181.07  5.8112e-14  198.504  2672
114  128  2025-06-09 22-33-43  1414.4  2189.73  5.8642e-14  198.561  2672
115  128  2025-06-09 22-33-43  1416  2198.39  5.91724e-14  198.619  2672
116  128  2025-06-09 22-33-43  1417.6  2207.06  5.97031e-14  198.677  2672
117  128  2025-06-09 22-33-43  1419.2  2215.73  6.02342e-14  198.734  2672
118  128  2025-06-09 22-33-43  1420.8  2224.41  6.07656e-14  198.792  2672
119  128  2025-06-09 22-33-43  1422.4  2233.1  6.12974e-14  198.849  2672
120  128  2025-06-09 22-33-43  1424  2241.79  6.18295e-14  198.907  2672
121  128  2025-06-09 22-33-43  1425.6  2250.48  6.2362e-14  198.964  2672
122  128  2025-06-09 22-33-43  1427.2  2259.18  6.28948e-14  199.022  2672
123  128  2025-06-09 22-33-43  1428.8  2267.89  6.3428e-14  199.079  2672
124  128  2025-06-09 22-33-43  1430.4  2276.61  6.39616e-14  199.137  2672
125  128  2025-06-09 22-33-43  1432  2285.33  6.44955e-14  199.195  2672
126  128  2025-06-09 22-33-43  1433.6  2294.05  6.50297e-14  199.252  2672
127  128  2025-06-09 22-33-43  1435.2  2302.78  6.55643e-14  199.31  2672
128  128  2025-06-09 22-33-43  1436.8  2311.52  6.60993e-14  199.367  2672
129  128  2025-06-09 22-33-43  1438.4  2320.26  6.66346e-14  199.425  2672
130  128  2025-06-09 22-33-43  1440  2329.01  6.71702e-14  199.482  2672
131  128  2025-06-09 22-33-43  1441.6  2337.76  6.77062e-14  199.54  2672
132  128  2025-06-09 22-33-43  1443.2  2346.52  6.82426e-14  199.597  2672
133  128  2025-06-09 22-33-43  1444.8  2355.29  6.87793e-14  199.655  2672
134  128  2025-06-09 22-33-43  1446.4  2364.06  6.93164e-14  199.713  2672
135  128  2025-06-09 22-33-43  1448  2372.84  6.98538e-14  199.77  2672
136  128  2025-06-09 22-33-43  1449.6  2381.62  7.03916e-14  199.828  2672
137  128  2025-06-09 22-33-43  1451.2  2390.41  7.09297e-14  199.885  2672
138  128  2025-06-09 22-33-43  1452.8  2399.2  7.14682e-14  199.943  2672
139  128  2025-06-09 22-33-43  1454.4  2408  7.2007e-14  200  2672
140  128  2025-06-09 22-33-43  1456  2416.81  7.25462e-14  200.058  2672
141  128  2025-06-09 22-33-43  1457.6  2425.62  7.30857e-14  200.115  2672
142  128  2025-06-09 22-33-43  1459.2  2434.44  7.36256e-14  200.173  2672
143  128  2025-06-09 22-33-43  1460.8  2443.26  7.41658e-14  200.231  2672
144  128  2025-06-09 22-33-43  1462.4  2452.09  7.47064e-14  200.288  2672
145  128  2025-06-09 22-33-43  1464  2460.92  7.52474e-14  200.346  2672
146  128  2025-06-09 22-33-43  1465.6  2469.76  7.57887e-14  200.403  2672
147  128  2025-06-09 22-33-43  1467.2  2478.61  7.63303e-14  200.461  2672
148  128  2025-06-09 22-33-43  1468.8  2487.46  7.68723e-14  200.518  2672
149  128  2025-06-09 22-33-43  1470.4  2496.32  7.74147e-14  200.576  2672
150  128  2025-06-09 22-33-43  1472  2505.18  7.79574e-14  200.633  2672
151  128  2025-06-09 22-33-43  1473.6  2514.05  7.85004e-14  200.691  2672
152  128  2025-06-09 22-33-43  1475.2  2522.93  7.90438e-14  200.749  2672
153  128  2025-06-09 22-33-43  1476.8  2531.81  7.95876e-14  200.806  2672
154  128  2025-06-09 22-33-43  1478.4  2540.69  8.01317e-14  200.864  2672
155  128  2025-06-09 22-33-43  1480  2549.59  8.06762e-14  200.921  2672
156  128  2025-06-09 22-33-43  1481.6  2558.48  8.1221e-14  200.979  2672
157  128  2025-06-09 22-33-43  1483.2  2567.39  8.17662e-14  201.036  2672
158  128  2025-06-09 22-33-43  1484.8  2576.3  8.23117e-14  201.094  2672
159  128  2025-06-09 22-33-43  1486.4  2585.21  8.28576e-14  201.151  2672
160  128  2025-06-09 22-33-43  1488  2594.13  8.34038e-14  201.209  2672
161  128  2025-06-09 22-33-43  1489.6  2603.06  8.39504e-14  201.267  2672
162  128  2025-06-09 22-33-43  1491.2  2611.99  8.44973e-14  201.324  2672
163  128  2025-06-09 22-33-43  1492.8  2620.93  8.50446e-14  201.382  2672
164  128  2025-06-09 22-33-43  1494.4  2629.87  8.55922e-14  201.439  2672
165  128  2025-06-09 22-33-43  1496  2638.82  8.61402e-14  201.497  2672
166  128  2025-06-09 22-33-43  1497.6  2647.78  8.66886e-14  201.554  2672
167  128  2025-06-09 22-33-43  1499.2  2656.74  8.72373e-14  201.612  2672
168  128  2025-06-09 22-33-43  1500.8  2665.71  8.77863e-14  201.669  2672
169  128  2025-06-09 22-33-43  1502.4  2674.68  8.83357e-14  201.727  2672
170  128  2025-06-09 22-33-43  1504  2683.66  8.88855e-14  201.785  2672
171  128  2025-06-09 22-33-43  1505.6  2692.64  8.94356e-14  201.842  2672
172  128  2025-06-09 22-33-43  1507.2  2701.63  8.9986e-14  201.9  2672
173  128  2025-06-09 22-33-43  1508.8  2710.63  9.05368e-14  201.957  2672
174  128  2025-06-09 22-33-43  1510.4  2719.63  9.1088e-14  202.015  2672
175  128  2025-06-09 22-33-43  1512  2728.64  9.16395e-14  202.072  2672
176  128  2025-06-09 22-33-43  1513.6  2737.65  9.21914e-14  202.13  2672
177  128  2025-06-09 22-33-43  1515.2  2746.67  9.27436e-14  202.187  2672
178  128  2025-06-09 22-33-43  1516.8  2755.69  9.32962e-14  202.245  2672
179  128  2025-06-09 22-33-43  1518.4  2764.72  9.38491e-14  202.303  2672
180  128  2025-06-09 22-33-43  1520  2773.76  9.44024e-14  202.36  2672
181  128  2025-06-09 22-33-43  1521.6  2782.8  -0.0796919  202.418  2680.08
182  128  2025-06-09 22-33-43  1523.2  2791.85  -0.239961  202.475  2688.24
183  128  2025-06-09 22-33-43  1524.8  2800.9  -0.481687  202.533  2696.48
184  128  2025-06-09 22-33-43  1526.4  2809.95  -0.805742  202.59  2704.8
185  128  2025-06-09 22-33-43  1528  2819.01  -1.213  202.648  2713.2
186  128  2025-06-09 22-33-43  1529.6  2828.06  -1.70431  202.705  2721.68
187  128  2025-06-09 22-33-43  1531.2  14037.1  -2.28054  202.763  2730.24
188  128  2025-06-09 22-33-43  1532.8  14046.2  -2.94253  202.821  2738.88
189  128  2025-06-09 22-33-43  1534.4  14055.2  -3.69112  202.878  2747.6
190  128  2025-06-09 22-33-43  1536  14064.3  -4.52715  202.936  2756.4
191  128  2025-06-09 22-33-43  1537.6  14073.3  -5.45144  202.993  2765.28
192  128  2025-06-09 22-33-43  1539.2  14082.4  -6.46479  203.051  2774.24
193  128  2025-06-09 22-33-43  1540.8  14091.4  -7.56802  203.108  2783.28
194  128  2025-06-09 22-33-43  1542.4  14100.5  -8.76192  203.166  2792.4
195  128  2025-06-09 22-33-43  1544  14109.5  -10.0473  203.223  2801.6
196  128  2025-06-09 22-33-43  1545.6  14118.5  -11.4248  203.281  2810.88
197  128  2025-06-09 22-33-43  1547.2  14127.5  -12.8954  203.339  2820.24
198  128  2025-06-09 22-33-43  1548.8  14136.5  -14.4597  203.396  2829.68
199  128  2025-06-09 22-33-43  1550.4  14145.5  -128.118  203.454  14039.2
200  128  2025-06-09 22-33-43  1552  14154.5  -129.872  203.511  14048.8
201  128  2025-06-09 22-33-43  1553.6  14163.5  -131.722  203.569  14058.5
202  128  2025-06-09 22-33-43  1555.2  14172.5  -133.574  203.626  14058.5
203  128  2025-06-09 22-33-43  1556.8  14181.4  -135.427  203.684  14058.6
204  128  2025-06-09 22-33-43  1558.4  14190.4  -137.282  203.741  14058.6
205  128  2025-06-09 22-33-43  1560  14199.4  -139.138  203.799  14058.6
206  128  2025-06-09 22-33-43  1561.6  14208.4  -140.995  203.857  14058.6
207  128  2025-06-09 22-33-43  1563.2  14217.4  -142.854  203.914  14058.6
208  128  2025-06-09 22-33-43  1564.8  14226.4  -144.713  203.972  14058.6
209  128  2025-06-09 22-33-43  1566.4  14235.4  -146.572  204.029  14058.5
210  128  2025-06-09 22-33-43  1568  14244.5  -148.433  204.087  14058.5
211  128  2025-06-09 22-33-43  1569.6  14253.5  -150.293  204.144  14058.4
212  128  2025-06-09 22-33-43  1571.2  14262.5  -152.154  204.202  14058.3
213  128  2025-06-09 22-33-43  1572.8  14271.5  -154.015  204.259  14058.2
214  128  2025-06-09 22-33-43  1574.4  14280.6  -155.876  204.317  14058.1
215  128  2025-06-09 22-33-43  1576  14289.6  -157.737  204.375  14057.9
216  128  2025-06-09 22-33-43  1577.6  14298.7  -159.597  204.432  14057.8
217  128  2025-06-09 22-33-43  1579.2  14307.8  -161.457  204.49  14057.6
218  128  2025-06-09 22-33-43  1580.8  14316.8  -163.315  204.547  14057.4
219  128  2025-06-09 22-33-43  1582.4  14325.9  -165.173  204.605  14057.2
220  128  2025-06-09 22-33-43  1584  14335  -167.03  204.662  14057
221  128  2025-06-09 22-33-43  1585.6  14344.1  -168.886  204.72  14056.7
222  128  2025-06-09 22-33-43  1587.2  14353.1  -170.74  204.777  14056.5
223  128  2025-06-09 22-33-43  1588.8  14362.2  -172.67  204.691  14064.3
224  128  2025-06-09 22-33-43  1590.4  14371.2  -174.676  204.605  14072.1
225  128  2025-06-09 22-33-43  1592  14380.3  -176.758  204.518  14080.1
226  128  2025-06-09 22-33-43  1593.6  14389.3  -178.916  204.432  14088.1
227  128  2025-06-09 22-33-43  1595.2  14398.2  -181.152  204.346  14096.1
228  128  2025-06-09 22-33-43  1596.8  14407.1  -183.464  204.259  14104.3
229  128  2025-06-09 22-33-43  1598.4  14416  -185.855  204.173  14112.5
230  128  2025-06-09 22-33-43  1600  14424.9  -188.322  204.087  14120.7
231  128  2025-06-09 22-33-43  1601.6  14433.8  -190.868  204  14129
232  128  2025-06-09 22-33-43  1603.2  14442.6  -193.493  203.914  14137.4
233  128  2025-06-09 22-33-43  1604.8  14451.3  -196.195  203.828  14145.9
234  128  2025-06-09 22-33-43  1606.4  14460.1  -198.977  203.741  14154.4
235  128  2025-06-09 22-33-43  1608  14468.8  -201.837  203.655  14163
236  128  2025-06-09 22-33-43  1609.6  14477.5  -204.777  203.569  14171.6
237  128  2025-06-09 22-33-43  1611.2  14486.1  -207.796  203.482  14180.3
238  128  2025-06-09 22-33-43  1612.8  14494.7  -210.894  203.396  14189.1
239  128  2025-06-09 22-33-43  1614.4  14503.3  -214.072  203.31  14197.9
240  128  2025-06-09 22-33-43  1616  14511.8  -217.33  203.223  14206.8
241  128  2025-06-09 22-33-43  1617.6  14520.3  -220.668  203.137  14215.8
242  128  2025-06-09 22-33-43  1619.2  14528.7  -224.086  203.051  14224.8
243  128  2025-06-09 22-33-43  1620.8  14537.1  -227.585  202.964  14233.9
244  128  2025-06-09 22-33-43  1622.4  14545.4  -231.163  202.878  14243
245  128  2025-06-09 22-33-43  1624  14553.8  -234.822  202.792  14252.2
246  128  2025-06-09 22-33-43  1625.6  14562  -238.561  202.705  14261.5
247  128  2025-06-09 22-33-43  1627.2  14570.3  -242.314  202.763  14262.8
248  128  2025-06-09 22-33-43  1628.8  14578.6  -246.08  202.821  14264
249  128  2025-06-09 22-33-43  1630.4  14586.8  -249.861  202.878  14265.3
250  128  2025-06-09 22-33-43  1632  14595.1  -253.654  202.936  14266.5
251  128  2025-06-09 22-33-43  1633.6  14603.3  -257.455  202.849  14267.7
252  128  2025-06-09 22-33-43  1635.2  14611.6  -261.262  202.763  14268.9
253  128  2025-06-09 22-33-43  1636.8  14619.8  -265.077  202.677  14270
254  128  2025-06-09 22-33-43  1638.4  14628  -268.898  202.59  14271.2
255  128  2025-06-09 22-33-43  1640  14636.2  -1392.73  202.504  14272.3
256  128  2025-06-09 22-33-43  1641.6  14644.4  -1396.56  202.418  14273.4
257  128  2025-06-09 22-33-43  1643.2  14652.6  -1400.4  202.331  14274.5
258  128  2025-06-09 22-33-43  1644.8  14660.7  -1404.25  202.245  14275.6
259  128  2025-06-09 22-33-43  1646.4  14668.9  -1408.1  202.159  14276.7
260  128  2025-06-09 22-33-43  1648  14677  -1411.96  202.072  14277.8
261  128  2025-06-09 22-33-43  1649.6  14685.2  -1415.82  201.986  14278.8
262  128  2025-06-09 22-33-43  1651.2  14693.3  -1419.69  201.9  14279.8
263  128  2025-06-09 22-33-43  1652.8  14701.4  -1423.56  201.813  14280.8
264  128  2025-06-09 22-33-43  1654.4  14709.5  -1427.44  201.727  14281.8
265  128  2025-06-09 22-33-43  1656  14717.5  -1431.33  201.641  14282.8
266  128  2025-06-09 22-33-43  1657.6  14725.6  -1435.21  201.554  14283.8
267  128  2025-06-09 22-33-43  1659.2  14733.7  -1439.11  201.468  14284.7
268  128  2025-06-09 22-33-43  1660.8  14741.7  -1443  201.382  14285.6
269  128  2025-06-09 22-33-43  1662.4  14749.7  -1446.91  201.295  14286.5
270  128  2025-06-09 22-33-43  1664  14757.8  -1450.81  201.209  14287.4
271  128  2025-06-09 22-33-43  1665.6  14765.7  -1454.81  201.267  14298
272  128  2025-06-09 22-33-43  1667.2  14773.7  -1458.91  201.324  14308.7
273  128  2025-06-09 22-33-43  1668.8  14781.6  -1463.1  201.382  14319.4
274  128  2025-06-09 22-33-43  1670.4  14789.4  -1467.39  201.439  14330.2
275  128  2025-06-09 22-33-43  1672  14797.2  -1471.77  201.497  14341.1
276  128  2025-06-09 22-33-43  1673.6  14805  -1476.25  201.554  14352.1
277  128  2025-06-09 22-33-43  1675.2  14812.7  -1480.82  201.612  14363.2
278  128  2025-06-09 22-33-43  1676.8  14820.3  -1485.49  201.669  14374.3
279  128  2025-06-09 22-33-43  1678.4  14827.9  -1490.26  201.727  14385.5
280  128  2025-06-09 22-33-43  1680  14835.5  -1495.12  201.785  14396.7
281  128  2025-06-09 22-33-43  1681.6  14843  -1500.08  201.842  14407.9
282  128  2025-06-09 22-33-43  1683.2  14850.4  -1505.13  201.9  14419.1
283  128  2025-06-09 22-33-43  1684.8  14857.8  -1510.28  201.957  14430.3
284  128  2025-06-09 22-33-43  1686.4  14865.1  -1515.52  202.015  14441.5
285  128  2025-06-09 22-33-43  1688  14872.4  -1520.79  202.072  14444.7
286  128  2025-06-09 22-33-43  1689.6  14879.7  -1526.08  202.13  14447.9
287  128  2025-06-09 22-33-43  1691.2  14887  -1531.41  202.187  14451.1
288  128  2025-06-09 22-33-43  1692.8  14894.3  -1536.76  202.245  14454.3
289  128  2025-06-09 22-33-43  1694.4  14901.5  -1542.15  202.303  14457.5
290  128  2025-06-09 22-33-43  1696  14908.7  -1547.56  202.36  14460.7
291  128  2025-06-09 22-33-43  1697.6  14916  -1553  202.418  14463.9
292  128  2025-06-09 22-33-43  1699.2  14923.2  -1558.47  202.475  14467.1
293  128  2025-06-09 22-33-43  1700.8  14930.4  -1563.96  202.533  14470.3
294  128  2025-06-09 22-33-43  1702.4  14937.5  -1569.56  202.446  14483.1
295  128  2025-06-09 22-33-43  1704  14944.5  -1575.25  202.504  14495.9
296  128  2025-06-09 22-33-43  1705.6  14951.6  -1580.91  202.562  14491
297  128  2025-06-09 22-33-43  1707.2  14958.7  -1586.54  202.619  14486
298  128  2025-06-09 22-33-43  1708.8  14965.8  -1592.13  202.677  14481
299  128  2025-06-09 22-33-43  1710.4  14973  -1597.68  202.734  14475.9
300  128  2025-06-09 22-33-43  1712  14980.2  -1603.2  202.792  14470.7
301  128  2025-06-09 22-33-43  1713.6  14987.5  -1608.68  202.849  14465.4
302  128  2025-06-09 22-33-43  1715.2  14994.7  -1614.12  202.907  14460
303  128  2025-06-09 22-33-43  1716.8  15002.1  -1619.52  202.964  14454.6
304  128  2025-06-09 22-33-43  1718.4  15009.4  -1624.88  203.022  14449.1
305  128  2025-06-09 22-33-43  1720  15016.8  -1630.19  203.08  14443.5
306  128  2025-06-09 22-33-43  1721.6  15024.2  -1635.47  203.137  14437.8
307  128  2025-06-09 22-33-43  1723.2  15031.7  -1640.7  203.195  14432
308  128  2025-06-09 22-33-43  1724.8  15039.2  -1645.89  203.252  14426.2
309  128  2025-06-09 22-33-43  1726.4  15046.8  -1651.03  203.31  14420.3
310  128  2025-06-09 22-33-43  1728  15054.4  -1656.12  203.367  14414.3
311  128  2025-06-09 22-33-43  1729.6  15062  -1661.17  203.425  14408.2
312  128  2025-06-09 22-33-43  1731.2  15069.6  -1666.17  203.482  14402
313  128  2025-06-09 22-33-43  1732.8  15077.3  -1671.12  203.54  14395.8
314  128  2025-06-09 22-33-43  1734.4  15085.1  -1676.02  203.598  14389.5
315  128  2025-06-09 22-33-43  1736  15092.9  -1680.87  203.655  14383.1
316  128  2025-06-09 22-33-43  1737.6  15100.7  -1685.67  203.713  14376.6
317  128  2025-06-09 22-33-43  1739.2  15108.5  -1690.41  203.77  14370
318  128  2025-06-09 22-33-43  1740.8  15116.4  -1695.1  203.828  14363.4
319  128  2025-06-09 22-33-43  1742.4  15124.3  -1699.89  203.885  14374.5
320  128  2025-06-09 22-33-43  1744  15132.1  -1704.62  203.943  14367.8
321  128  2025-06-09 22-33-43  1745.6  15140.1  -1709.3  204  14361.1
322  128  2025-06-09 22-33-43  1747.2  15147.9  -1714.08  204.058  14372.1
323  128  2025-06-09 22-33-43  1748.8  15155.8  -1718.8  204.116  14365.4
324  128  2025-06-09 22-33-43  1750.4  15163.7  -1723.62  204.173  14376.4
325  128  2025-06-09 22-33-43  1752  15171.6  -1728.39  204.231  14369.8
326  128  2025-06-09 22-33-43  1753.6  15179.5  -1733.1  204.288  14363
327  128  2025-06-09 22-33-43  1755.2  15187.4  -1737.9  204.346  14374
328  128  2025-06-09 22-33-43  1756.8  15195.3  -1742.66  204.403  14367.2
329  128  2025-06-09 22-33-43  1758.4  15203.3  -1747.35  204.461  14360.4
330  128  2025-06-09 22-33-43  1760  15211.2  -1752.15  204.518  14371.3
331  128  2025-06-09 22-33-43  1761.6  15219.2  -1756.88  204.576  14364.5
332  128  2025-06-09 22-33-43  1763.2  15227.1  -1761.72  204.634  14375.4
333  128  2025-06-09 22-33-43  1764.8  15235  -1766.5  204.691  14368.6
334  128  2025-06-09 22-33-43  1766.4  15243  -1771.22  204.749  14361.7
335  128  2025-06-09 22-33-43  1768  15250.9  -1776.04  204.806  14372.6
336  128  2025-06-09 22-33-43  1769.6  15258.9  -1780.8  204.864  14365.7
337  128  2025-06-09 22-33-43  1771.2  15266.9  -1785.51  204.921  14358.8
338  128  2025-06-09 22-33-43  1772.8  15274.9  -1790.31  204.979  14369.6
339  128  2025-06-09 22-33-43  1774.4  15282.9  -1795.06  205.036  14362.7
340  128  2025-06-09 22-33-43  1776  15290.8  -1799.9  205.094  14373.4
341  128  2025-06-09 22-33-43  1777.6  15298.8  -1804.68  205.152  14366.5
342  128  2025-06-09 22-33-43  1779.2  15306.9  -1809.41  205.209  14359.6
343  128  2025-06-09 22-33-43  1780.8  15314.8  -1814.23  205.267  14370.3
344  128  2025-06-09 22-33-43  1782.4  15322.9  -1819  205.324  14363.3
345  128  2025-06-09 22-33-43  1784  15330.9  -1823.71  205.382  14356.3
346  128  2025-06-09 22-33-43  1785.6  15338.9  -1828.51  205.439  14366.9
347  128  2025-06-09 22-33-43  1787.2  15347  -1833.25  205.497  14359.9
348  128  2025-06-09 22-33-43  1788.8  15355  -1838.1  205.554  14370.6
349  128  2025-06-09 22-33-43  1790.4  15363.1  -1842.88  205.612  14363.6
350  128  2025-06-09 22-33-43  1792  15371.1  -1847.6  205.67  14356.5
351  128  2025-06-09 22-33-43  1793.6  15379.2  -1852.42  205.727  14367.1
352  128  2025-06-09 22-33-43  1795.2  15387.3  -1857.18  205.785  14360
353  128  2025-06-09 22-33-43  1796.8  15395.4  -1861.88  205.842  14352.9
354  128  2025-06-09 22-33-43  1798.4  15403.5  -1866.68  205.9  14363.4
355  128  2025-06-09 22-33-43  1800  15411.6  -1871.41  205.957  14356.3
356  128  2025-06-09 22-33-43  1801.6  15419.6  -1876.25  206.015  14366.8
357  128  2025-06-09 22-33-43  1803.2  15427.7  -1881.02  206.072  14359.7
358  128  2025-06-09 22-33-43  1804.8  15435.9  -1885.73  206.13  14352.5
359  128  2025-06-09 22-33-43  1806.4  15444  -1890.54  206.188  14363
360  128  2025-06-09 22-33-43  1808  15452.1  -1895.28  206.245  14355.8
361  128  2025-06-09 22-33-43  1809.6  15460.2  -1900.12  206.303  14366.4
362  128  2025-06-09 22-33-43  1811.2  15468.4  -1904.91  206.36  14359.2
363  128  2025-06-09 22-33-43  1812.8  15476.5  -1909.63  206.418  14351.9
364  128  2025-06-09 22-33-43  1814.4  15484.7  -1914.44  206.475  14362.4
365  128  2025-06-09 22-33-43  1816  15492.8  -1919.2  206.533  14355.2
366  128  2025-06-09 22-33-43  1817.6  15501  -1924.05  206.59  14365.6
367  128  2025-06-09 22-33-43  1819.2  15509.1  -1928.84  206.648  14358.4
368  128  2025-06-09 22-33-43  1820.8  15517.3  -1933.56  206.706  14351.1
369  128  2025-06-09 22-33-43  1822.4  15525.5  -1938.39  206.763  14361.5
370  128  2025-06-09 22-33-43  1824  15533.7  -1943.15  206.821  14354.2
371  128  2025-06-09 22-33-43  1825.6  15541.8  -1948.01  206.878  14364.6
372  128  2025-06-09 22-33-43  1827.2  15550  -1952.8  206.936  14357.4
373  128  2025-06-09 22-33-43  1828.8  15558.3  -1957.53  206.993  14350
374  128  2025-06-09 22-33-43  1830.4  15566.5  -1962.36  207.051  14360.4
375  128  2025-06-09 22-33-43  1832  15574.7  -1967.13  207.108  14353.1
376  128  2025-06-09 22-33-43  1833.6  15582.9  -1971.99  207.166  14363.4
377  128  2025-06-09 22-33-43  1835.2  15591.1  -1976.78  207.224  14356.1
378  128  2025-06-09 22-33-43  1836.8  15599.4  -1981.52  207.281  14348.7
379  128  2025-06-09 22-33-43  1838.4  15607.6  -1986.35  207.339  14359
380  128  2025-06-09 22-33-43  1840  15615.8  -1991.11  207.396  14351.6
381  128  2025-06-09 22-33-43  1841.6  15624.1  -1995.98  207.454  14362
382  128  2025-06-09 22-33-43  1843.2  15632.3  -2000.78  207.511  14354.6
383  128  2025-06-09 22-33-43  1844.8  15640.6  -2005.51  207.569  14347.2
384  128  2025-06-09 22-33-43  1846.4  15648.9  -2010.34  207.626  14357.4
385  128  2025-06-09 22-33-43  1848  15657.2  -2015.11  207.684  14350
386  128  2025-06-09 22-33-43  1849.6  15665.4  -2019.97  207.742  14360.3
387  128  2025-06-09 22-33-43  1851.2  15673.7  -2024.77  207.799  14352.9
388  128  2025-06-09 22-33-43  1852.8  15682  -2029.5  207.857  14345.4
389  128  2025-06-09 22-33-43  1854.4  15690.3  -2034.33  207.914  14355.6
390  128  2025-06-09 22-33-43  1856  15698.7  -2039.09  207.972  14348.1
391  128  2025-06-09 22-33-43  1857.6  15706.9  -2043.95  208.029  14358.3
392  128  2025-06-09 22-33-43  1859.2  15715.3  -2048.74  208.087  14350.9
393  128  2025-06-09 22-33-43  1860.8  15723.6  -2053.47  208.145  14343.3
394  128  2025-06-09 22-33-43  1862.4  15732  -2058.3  208.202  14353.5
395  128  2025-06-09 22-33-43  1864  15740.3  -2063.05  208.26  14346
396  128  2025-06-09 22-33-43  1865.6  15748.7  -2067.91  208.317  14356.2
397  128  2025-06-09 22-33-43  1867.2  15757  -2072.7  208.375  14348.7
398  128  2025-06-09 22-33-43  1868.8  15765.3  -2077.58  208.432  14358.8
399  128  2025-06-09 22-33-43  1870.4  15773.7  -2082.4  208.49  14351.4
400  128  2025-06-09 22-33-43  1872  15782.1  -2087.15  208.547  14343.8
401  128  2025-06-09 22-33-43  1873.6  15790.5  -2092  208.605  14353.9
402  128  2025-06-09 22-33-43  1875.2  15798.9  -2096.78  208.663  14346.4
403  128  2025-06-09 22-33-43  1876.8  15807.2  -2101.66  208.72  14356.5
404  128  2025-06-09 22-33-43  1878.4  15815.6  -2106.47  208.778  14349
405  128  2025-06-09 22-33-43  1880  15824  -2111.21  208.835  14341.4
406  128  2025-06-09 22-33-43  1881.6  15832.4  -2116.05  208.893  14351.4
407  128  2025-06-09 22-33-43  1883.2  15840.9  -2120.82  208.95  14343.8
408  128  2025-06-09 22-33-43  1884.8  15849.3  -2125.69  209.008  14353.9
409  128  2025-06-09 22-33-43  1886.4  15857.7  -2130.49  209.065  14346.4
410  128  2025-06-09 22-33-43  1888  15866.1  -2135.39  209.123  14356.5
411  128  2025-06-09 22-33-43  1889.6  15874.5  -2140.22  209.181  14348.9
412  128  2025-06-09 22-33-43  1891.2  15883  -2144.98  209.238  14341.2
413  128  2025-06-09 22-33-43  1892.8  15891.4  -2149.84  209.296  14351.3
414  128  2025-06-09 22-33-43  1894.4  15899.9  -2154.63  209.353  14343.7
415  128  2025-06-09 22-33-43  1896  15908.3  -2159.52  209.411  14353.7
416  128  2025-06-09 22-33-43  1897.6  15916.8  -2164.34  209.468  14346.1
417  128  2025-06-09 22-33-43  1899.2  15925.3  -2169.09  209.526  14338.4
418  128  2025-06-09 22-33-43  1900.8  15933.8  -2173.94  209.583  14348.4
419  128  2025-06-09 22-33-43  1902.4  15942.3  -2178.71  209.641  14340.7
420  128  2025-06-09 22-33-43  1904  15950.8  -2183.59  209.699  14350.8
421  128  2025-06-09 22-33-43  1905.6  15959.3  -2188.39  209.756  14343.1
422  128  2025-06-09 22-33-43  1907.2  15967.8  -2193.29  209.814  14353.1
423  128  2025-06-09 22-33-43  1908.8  15976.3  -2198.13  209.871  14345.5
424  128  2025-06-09 22-33-43  1910.4  15984.8  -2202.89  209.929  14337.7
425  128  2025-06-09 22-33-43  1912  15993.3  -2207.75  209.986  14347.7
426  128  2025-06-09 22-33-43  1913.6  16001.9  -2212.54  210.044  14340
427  128  2025-06-09 22-33-43  1915.2  16010.4  -2217.43  210.101  14350
428  128  2025-06-09 22-33-43  1916.8  16018.9  -2222.24  210.159  14342.3
429  128  2025-06-09 22-33-43  1918.4  16027.5  -2226.99  210.217  14334.5
430  128  2025-06-09 22-33-43  1920  16036.1  -2231.84  210.274  14344.4
431  128  2025-06-09 22-33-43  1921.6  16044.7  -2236.61  210.332  14336.7
432  128  2025-06-09 22-33-43  1923.2  16053.2  -2241.48  210.389  14346.6
433  128  2025-06-09 22-33-43  1924.8  16061.8  -2246.28  210.447  14338.9
434  128  2025-06-09 22-33-43  1926.4  16070.4  -2251.17  210.504  14348.8
435  128  2025-06-09 22-33-43  1928  16079  -2256  210.562  14341.1
436  128  2025-06-09 22-33-43  1929.6  16087.6  -2260.76  210.619  14333.3
437  128  2025-06-09 22-33-43  1931.2  16096.2  -2265.61  210.677  14343.2
438  128  2025-06-09 22-33-43  1932.8  16104.8  -2270.39  210.735  14335.4
439  128  2025-06-09 22-33-43  1934.4  16113.4  -2275.26  210.792  14345.3
440  128  2025-06-09 22-33-43  1936  16122.1  -2280.07  210.85  14337.5
441  128  2025-06-09 22-33-43  1937.6  16130.7  -2284.97  210.907  14347.4
442  128  2025-06-09 22-33-43  1939.2  16139.3  -2289.81  210.965  14339.7
443  128  2025-06-09 22-33-43  1940.8  16148  -2294.57  211.022  14331.8
444  128  2025-06-09 22-33-43  1942.4  16156.6  -2299.42  211.08  14341.7
445  128  2025-06-09 22-33-43  1944  16165.3  -2304.21  211.137  14333.9
446  128  2025-06-09 22-33-43  1945.6  16173.9  -2309.09  211.195  14343.7
447  128  2025-06-09 22-33-43  1947.2  16182.6  -2313.9  211.253  14335.9
448  128  2025-06-09 22-33-43  1948.8  16191.3  -2318.81  211.31  14345.8
449  128  2025-06-09 22-33-43  1950.4  16199.9  -2323.65  211.368  14338
450  128  2025-06-09 22-33-43  1952  16208.7  -2328.41  211.425  14330.1
451  128  2025-06-09 22-33-43  1953.6  16217.3  -2333.27  211.483  14340
452  128  2025-06-09 22-33-43  1955.2  16226.1  -2338.06  211.54  14332.1
453  128  2025-06-09 22-33-43  1956.8  16234.7  -2342.95  211.598  14342
454  128  2025-06-09 22-33-43  1958.4  16243.5  -2347.76  211.655  14334.1
455  128  2025-06-09 22-33-43  1960  16252.2  -2352.67  211.713  14344
456  128  2025-06-09 22-33-43  1961.6  16260.9  -2357.51  211.771  14336.1
457  128  2025-06-09 22-33-43  1963.2  16269.6  -2362.27  211.828  14328.2
458  128  2025-06-09 22-33-43  1964.8  16278.4  -2367.14  211.886  14338
459  128  2025-06-09 22-33-43  1966.4  16287.1  -2371.92  211.943  14330.1
460  128  2025-06-09 22-33-43  1968  16295.9  -2376.81  212.001  14340
461  128  2025-06-09 22-33-43  1969.6  16304.6  -2381.62  212.058  14332.1
462  128  2025-06-09 22-33-43  1971.2  16313.4  -2386.53  212.116  14341.9
463  128  2025-06-09 22-33-43  1972.8  16322.1  -2391.37  212.173  14334
464  128  2025-06-09 22-33-43  1974.4  16331  -2396.14  212.231  14326.1
465  128  2025-06-09 22-33-43  1976  16339.7  -2401  212.289  14335.9
466  128  2025-06-09 22-33-43  1977.6  16348.5  -2405.78  212.346  14328
467  128  2025-06-09 22-33-43  1979.2  16357.3  -2410.67  212.404  14337.7
468  128  2025-06-09 22-33-43  1980.8  16366  -2415.64  212.317  14347.6
469  128  2025-06-09 22-33-43  1982.4  16374.7  -2420.62  212.375  14347.9
470  128  2025-06-09 22-33-43  1984  16383.5  -2425.61  212.432  14348.1
471  128  2025-06-09 22-33-43  1985.6  16392.2  -2430.6  212.49  14348.4
472  128  2025-06-09 22-33-43  1987.2  16400.9  -2435.59  212.548  14348.7
473  128  2025-06-09 22-33-43  1988.8  16409.6  -2440.6  212.605  14349
474  128  2025-06-09 22-33-43  1990.4  16418.4  -2445.6  212.663  14349.2
475  128  2025-06-09 22-33-43  1992  16427.1  -2450.61  212.72  14349.5
476  128  2025-06-09 22-33-43  1993.6  16435.8  -2455.71  212.778  14357.9
477  128  2025-06-09 22-33-43  1995.2  16444.5  -2460.89  212.835  14366.3
478  128  2025-06-09 22-33-43  1996.8  16453.1  -2466.15  212.893  14374.8
479  128  2025-06-09 22-33-43  1998.4  16461.6  -2471.49  212.95  14383.4
480  128  2025-06-09 22-33-43  2000  16470.2  -2476.92  213.008  14392.1
481  128  2025-06-09 22-33-43  2001.6  16478.6  -2482.43  213.066  14400.8
482  128  2025-06-09 22-33-43  2003.2  16487  -2488.03  213.123  14409.6
483  128  2025-06-09 22-33-43  2004.8  16495.4  -2493.71  213.181  14418.6
484  128  2025-06-09 22-33-43  2006.4  16503.7  -2499.47  213.238  14427.6
485  128  2025-06-09 22-33-43  2008  16512  -2505.33  213.296  14436.6
486  128  2025-06-09 22-33-43  2009.6  16520.2  -2511.26  213.353  14445.8
487  128  2025-06-09 22-33-43  2011.2  16528.4  -2517.29  213.411  14455
488  128  2025-06-09 22-33-43  2012.8  16536.5  -2523.4  213.468  14464.3
489  128  2025-06-09 22-33-43  2014.4  16544.5  -2529.59  213.526  14473.7
490  128  2025-06-09 22-33-43  2016  16552.6  -2535.78  213.44  14473.5
491  128  2025-06-09 22-33-43  2017.6  16560.6  -2541.96  213.353  14473.2
492  128  2025-06-09 22-33-43  2019.2  16568.6  -2548.13  213.267  14473
493  128  2025-06-09 22-33-43  2020.8  16576.6  -2554.3  213.181  14472.7
494  128  2025-06-09 22-33-43  2022.4  16584.7  -2560.46  213.094  14472.4
495  128  2025-06-09 22-33-43  2024  16592.7  -2566.61  213.008  14472.1
496  128  2025-06-09 22-33-43  2025.6  16600.7  -2572.75  212.922  14471.8
497  128  2025-06-09 22-33-43  2027.2  16608.7  -2578.89  212.979  14471.5
498  128  2025-06-09 22-33-43  2028.8  16616.7  -2585.04  213.037  14471.1
499  128  2025-06-09 22-33-43  2030.4  16624.7  -2591.25  213.094  14478.8
500  128  2025-06-09 22-33-43  2032  16632.6  -2597.53  213.152  14486.6
501  128  2025-06-09 22-33-43  2033.6  16640.6  -2603.76  213.209  14479.9
502  128  2025-06-09 22-33-43  2035.2  16648.6  -2609.94  213.267  14473.1
503  128  2025-06-09 22-33-43  2036.8  16656.7  -2616.06  213.325  14466.3
504  128  2025-06-09 22-33-43  2038.4  16664.8  -2622.12  213.382  14459.3
505  128  2025-06-09 22-33-43  2040  16673  -2628.12  213.44  14452.3
506  128  2025-06-09 22-33-43  2041.6  16681.2  -2634.06  213.497  14445.2
507  128  2025-06-09 22-33-43  2043.2  16689.5  -2639.94  213.555  14438
508  128  2025-06-09 22-33-43  2044.8  16697.8  -2645.75  213.612  14430.7
509  128  2025-06-09 22-33-43  2046.4  16706.2  -2651.51  213.67  14423.4
510  128  2025-06-09 22-33-43  2048  16714.7  -2657.2  213.727  14416
511  128  2025-06-09 22-33-43  2049.6  16723.1  -2662.82  213.785  14408.5
512  128  2025-06-09 22-33-43  2051.2  16731.7  -2668.37  213.843  14400.9
513  128  2025-06-09 22-33-43  2052.8  16740.3  -2673.86  213.9  14393.2
514  128  2025-06-09 22-33-43  2054.4  16748.9  -2679.28  213.958  14385.5
515  128  2025-06-09 22-33-43  2056  16757.6  -2684.62  214.015  14377.6
516  128  2025-06-09 22-33-43  2057.6  16766.3  -2689.9  214.073  14369.7
517  128  2025-06-09 22-33-43  2059.2  16775.1  -2695.1  214.13  14361.8
518  128  2025-06-09 22-33-43  2060.8  16784  -2700.22  214.188  14353.7
519  128  2025-06-09 22-33-43  2062.4  16792.9  -2705.27  214.245  14345.6
520  128  2025-06-09 22-33-43  2064  16801.8  -2710.24  214.303  14337.3
521  128  2025-06-09 22-33-43  2065.6  16810.8  -2715.14  214.361  14329
522  128  2025-06-09 22-33-43  2067.2  16819.8  -2719.95  214.418  14320.6
523  128  2025-06-09 22-33-43  2068.8  16828.9  -2724.69  214.476  14312.2
524  128  2025-06-09 22-33-43  2070.4  16838  -2729.51  214.533  14321.4
525  128  2025-06-09 22-33-43  2072  16847.1  -2734.26  214.591  14313
526  128  2025-06-09 22-33-43  2073.6  16856.1  -2739.1  214.648  14322.2
527  128  2025-06-09 22-33-43  2075.2  16865.2  -2743.86  214.706  14313.8
528  128  2025-06-09 22-33-43  2076.8  16874.3  -2748.72  214.763  14323
529  128  2025-06-09 22-33-43  2078.4  16883.4  -2753.49  214.821  14314.6
530  128  2025-06-09 22-33-43  2080  16892.4  -2758.36  214.879  14323.9
531  128  2025-06-09 22-33-43  2081.6  16901.6  -2763.15  214.936  14315.5
532  128  2025-06-09 22-33-43  2083.2  16910.6  -2768.03  214.994  14324.8
533  128  2025-06-09 22-33-43  2084.8  16919.7  -2772.83  215.051  14316.4
534  128  2025-06-09 22-33-43  2086.4  16928.9  -2777.55  215.109  14308
535  128  2025-06-09 22-33-43  2088  16938  -2782.37  215.166  14317.2
536  128  2025-06-09 22-33-43  2089.6  16947.2  -2787.1  215.224  14308.7
537  128  2025-06-09 22-33-43  2091.2  16956.3  -2791.93  215.281  14318
538  128  2025-06-09 22-33-43  2092.8  16965.5  -2796.68  215.339  14309.6
539  128  2025-06-09 22-33-43  2094.4  16974.6  -2801.52  215.397  14318.8
540  128  2025-06-09 22-33-43  2096  16983.8  -2806.28  215.454  14310.4
541  128  2025-06-09 22-33-43  2097.6  16993  -2811.14  215.512  14319.7
542  128  2025-06-09 22-33-43  2099.2  17002.2  -2815.91  215.569  14311.3
543  128  2025-06-09 22-33-43  2100.8  17011.3  -2820.78  215.627  14320.6
544  128  2025-06-09 22-33-43  2102.4  17020.5  -2825.57  215.684  14312.2
545  128  2025-06-09 22-33-43  2104  17029.7  -2830.46  215.742  14321.5
546  128  2025-06-09 22-33-43  2105.6  17038.9  -14035.3  215.799  14313.1
547  128  2025-06-09 22-33-43  2107.2  17048  -14040.2  215.857  14322.5
548  128  2025-06-09 22-33-43  2108.8  17057.2  -14045  215.915  14314.1
549  128  2025-06-09 22-33-43  2110.4  17066.5  -14049.7  215.972  14305.7
550  128  2025-06-09 22-33-43  2112  17075.7  -14054.6  216.03  14314.9
551  128  2025-06-09 22-33-43  2113.6  17084.9  -14059.3  216.087  14306.5
552  128  2025-06-09 22-33-43  2115.2  17094.2  -14064.2  216.145  14315.8
553  128  2025-06-09 22-33-43  2116.8  17103.4  -14068.9  216.202  14307.4
554  128  2025-06-09 22-33-43  2118.4  17112.7  -14073.8  216.26  14316.7
555  128  2025-06-09 22-33-43  2120  17121.9  -14078.6  216.317  14308.3
556  128  2025-06-09 22-33-43  2121.6  17131.2  -14083.4  216.375  14317.6
557  128  2025-06-09 22-33-43  2123.2  17140.4  -14088.2  216.433  14309.3
558  128  2025-06-09 22-33-43  2124.8  17149.7  -14093.1  216.49  14318.6
559  128  2025-06-09 22-33-43  2126.4  17159  -14097.9  216.548  14310.2
560  128  2025-06-09 22-33-43  2128  17168.2  -14102.8  216.605  14319.6
561  128  2025-06-09 22-33-43  2129.6  17177.5  -14107.7  216.663  14311.2
562  128  2025-06-09 22-33-43  2131.2  17186.8  -14112.4  216.72  14302.8
563  128  2025-06-09 22-33-43  2132.8  17196.1  -14117.2  216.778  14312.1
564  128  2025-06-09 22-33-43  2134.4  17205.4  -14122  216.835  14303.7
565  128  2025-06-09 22-33-43  2136  17214.7  -14126.9  216.893  14313
566  128  2025-06-09 22-33-43  2137.6  17224.1  -14131.6  216.951  14304.6
567  128  2025-06-09 22-33-43  2139.2  17233.4  -14136.5  217.008  14313.9
568  128  2025-06-09 22-33-43  2140.8  17242.8  -14141.3  217.066  14305.6
569  128  2025-06-09 22-33-43  2142.4  17252.1  -14146.2  217.123  14314.9
570  128  2025-06-09 22-33-43  2144  17261.4  -14151  217.181  14306.5
571  128  2025-06-09 22-33-43  2145.6  17270.7  -14155.9  217.238  14315.9
572  128  2025-06-09 22-33-43  2147.2  17280.1  -14160.7  217.296  14307.6
573  128  2025-06-09 22-33-43  2148.8  17289.5  -14165.4  217.353  14299.1
574  128  2025-06-09 22-33-43  2150.4  17298.9  -14170.2  217.411  14308.4
575  128  2025-06-09 22-33-43  2152  17308.3  -14175  217.469  14300
576  128  2025-06-09 22-33-43  2153.6  17317.7  -14179.8  217.526  14309.3
577  128  2025-06-09 22-33-43  2155.2  17327.1  -14184.6  217.584  14300.9
578  128  2025-06-09 22-33-43  2156.8  17336.5  -14189.5  217.641  14310.2
579  128  2025-06-09 22-33-43  2158.4  17345.9  -14194.2  217.699  14301.9
580  128  2025-06-09 22-33-43  2160  17355.3  -14199.1  217.756  14311.2
581  128  2025-06-09 22-33-43  2161.6  17364.7  -14203.9  217.814  14302.8
582  128  2025-06-09 22-33-43  2163.2  17374.1  -14208.8  217.871  14312.2
583  128  2025-06-09 22-33-43  2164.8  17383.6  -14213.6  217.929  14303.9
584  128  2025-06-09 22-33-43  2166.4  17392.9  -14218.5  217.987  14313.2
585  128  2025-06-09 22-33-43  2168  17402.4  -14223.3  218.044  14304.9
586  128  2025-06-09 22-33-43  2169.6  17411.9  -14228.1  218.102  14296.5
587  128  2025-06-09 22-33-43  2171.2  17421.3  -14232.9  218.159  14305.8
588  128  2025-06-09 22-33-43  2172.8  17430.8  -14237.7  218.217  14297.4
589  128  2025-06-09 22-33-43  2174.4  17440.3  -14242.5  218.274  14306.7
590  128  2025-06-09 22-33-43  2176  17449.8  -14247.3  218.332  14298.4
591  128  2025-06-09 22-33-43  2177.6  17459.3  -14252.1  218.389  14307.7
592  128  2025-06-09 22-33-43  2179.2  17468.8  -14256.9  218.447  14299.3
593  128  2025-06-09 22-33-43  2180.8  17478.2  -14261.8  218.505  14308.7
594  128  2025-06-09 22-33-43  2182.4  17487.7  -14266.6  218.562  14300.3
595  128  2025-06-09 22-33-43  2184  17497.2  -14271.5  218.62  14309.7
596  128  2025-06-09 22-33-43  2185.6  17506.7  -14276.3  218.677  14301.4
597  128  2025-06-09 22-33-43  2187.2  17516.2  -14281.2  218.735  14310.8
598  128  2025-06-09 22-33-43  2188.8  17525.7  -14286.1  218.792  14302.4
599  128  2025-06-09 22-33-43  2190.4  17535.3  -14290.8  218.85  14294.1
600  128  2025-06-09 22-33-43  2192  17544.8  -14295.7  218.908  14303.4
601  128  2025-06-09 22-33-43  2193.6  17554.4  -14300.4  218.965  14295
602  128  2025-06-09 22-33-43  2195.2  17563.9  -14305.3  219.023  14304.3
603  128  2025-06-09 22-33-43  2196.8  17573.5  -14310.1  219.08  14296
604  128  2025-06-09 22-33-43  2198.4  17583.1  -14315  219.138  14305.3
605  128  2025-06-09 22-33-43  2200  17592.6  -14319.7  219.195  14297
606  128  2025-06-09 22-33-43  2201.6  17602.2  -14324.6  219.253  14306.4
607  128  2025-06-09 22-33-43  2203.2  17611.8  -14329.5  219.31  14298
608  128  2025-06-09 22-33-43  2204.8  17621.3  -14334.4  219.368  14307.4
609  128  2025-06-09 22-33-43  2206.4  17630.9  -14339.2  219.426  14299.1
610  128  2025-06-09 22-33-43  2208  17640.5  -14344.1  219.483  14308.5
611  128  2025-06-09 22-33-43  2209.6  17650.1  -14349  219.541  14300.2
612  128  2025-06-09 22-33-43  2211.2  17659.7  -14353.7  219.598  14291.8
613  128  2025-06-09 22-33-43  2212.8  17669.3  -14358.6  219.656  14301.2
614  128  2025-06-09 22-33-43  2214.4  17679  -14363.3  219.713  14292.8
615  128  2025-06-09 22-33-43  2216  17688.6  -14368.2  219.771  14302.2
616  128  2025-06-09 22-33-43  2217.6  17698.3  -14373  219.828  14293.8
617  128  2025-06-09 22-33-43  2219.2  17707.9  -14377.9  219.886  14303.2
618  128  2025-06-09 22-33-43  2220.8  17717.6  -14382.7  219.944  14294.9
619  128  2025-06-09 22-33-43  2222.4  17727.2  -14387.6  220.001  14304.2
620  128  2025-06-09 22-33-43  2224  17736.8  -14392.4  220.059  14295.9
621  128  2025-06-09 22-33-43  2225.6  17746.5  -14397.3  220.116  14305.3
622  128  2025-06-09 22-33-43  2227.2  17756.2  -14402.2  220.174  14297
623  128  2025-06-09 22-33-43  2228.8  17765.9  -14406.9  220.231  14288.7
624  128  2025-06-09 22-33-43  2230.4  17775.6  -14411.8  220.289  14298
625  128  2025-06-09 22-33-43  2232  17785.3  -14416.6  220.346  14289.6
626  128  2025-06-09 22-33-43  2233.6  17795  -14421.4  220.404  14299
627  128  2025-06-09 22-33-43  2235.2  17804.7  -14426.2  220.462  14290.7
628  128  2025-06-09 22-33-43  2236.8  17814.4  -14431.1  220.519  14300
629  128  2025-06-09 22-33-43  2238.4  17824.1  -14435.9  220.577  14291.7
630  128  2025-06-09 22-33-43  2240  17833.8  -14440.8  220.634  14301.1
631  128  2025-06-09 22-33-43  2241.6  17843.6  -14445.6  220.692  14292.8
632  128  2025-06-09 22-33-43  2243.2  17853.3  -14450.5  220.749  14302.2
633  128  2025-06-09 22-33-43  2244.8  17863  -14455.4  220.807  14293.9
634  128  2025-06-09 22-33-43  2246.4  17872.7  -14460.3  220.864  14303.3
635  128  2025-06-09 22-33-43  2248  17882.5  -14465.1  220.922  14295
636  128  2025-06-09 22-33-43  2249.6  17892.3  -14469.9  220.98  14286.7
637  128  2025-06-09 22-33-43  2251.2  17902  -14474.8  221.037  14296
638  128  2025-06-09 22-33-43  2252.8  17911.8  -14479.5  221.095  14287.7
639  128  2025-06-09 22-33-43  2254.4  17921.6  -14484.4  221.152  14297
640  128  2025-06-09 22-33-43  2256  17931.4  -14489.2  221.21  14288.7
641  128  2025-06-09 22-33-43  2257.6  17941.2  -14494.1  221.267  14298.1
642  128  2025-06-09 22-33-43  2259.2  17951  -14498.9  221.325  14289.8
643  128  2025-06-09 22-33-43  2260.8  17960.8  -14503.8  221.382  14299.2
644  128  2025-06-09 22-33-43  2262.4  17970.6  -14508.7  221.44  14290.9
645  128  2025-06-09 22-33-43  2264  17980.4  -14513.6  221.498  14300.3
646  128  2025-06-09 22-33-43  2265.6  17990.2  -14518.5  221.555  14292
647  128  2025-06-09 22-33-43  2267.2  18000.1  -14523.2  221.613  14283.7
648  128  2025-06-09 22-33-43  2268.8  18009.9  -14528.1  221.67  14293
649  128  2025-06-09 22-33-43  2270.4  18019.8  -14532.8  221.728  14284.7
650  128  2025-06-09 22-33-43  2272  18029.6  -14537.7  221.785  14294
651  128  2025-06-09 22-33-43  2273.6  18039.5  -14542.5  221.843  14285.7
652  128  2025-06-09 22-33-43  2275.2  18049.3  -14547.4  221.9  14295.1
653  128  2025-06-09 22-33-43  2276.8  18059.2  -14552.2  221.958  14286.8
654  128  2025-06-09 22-33-43  2278.4  18069.1  -14557.1  222.016  14296.2
655  128  2025-06-09 22-33-43  2280  18079  -14562  222.073  14287.9
656  128  2025-06-09 22-33-43  2281.6  18088.8  -14566.9  222.131  14297.3
657  128  2025-06-09 22-33-43  2283.2  18098.7  -14571.7  222.188  14289
658  128  2025-06-09 22-33-43  2284.8  18108.7  -14576.5  222.246  14280.7
659  128  2025-06-09 22-33-43  2286.4  18118.6  -14581.3  222.303  14290
660  128  2025-06-09 22-33-43  2288  18128.5  -14586.1  222.361  14281.7
661  128  2025-06-09 22-33-43  2289.6  18138.4  -14591  222.418  14291
662  128  2025-06-09 22-33-43  2291.2  18148.4  -14595.8  222.476  14282.7
663  128  2025-06-09 22-33-43  2292.8  18158.3  -14600.7  222.534  14292.1
664  128  2025-06-09 22-33-43  2294.4  18168.3  -14605.5  222.591  14283.8
665  128  2025-06-09 22-33-43  2296  18178.2  -14610.4  222.649  14293.2
666  128  2025-06-09 22-33-43  2297.6  18188.1  -14615.2  222.706  14284.9
667  128  2025-06-09 22-33-43  2299.2  18198.1  -14620.1  222.764  14294.3
668  128  2025-06-09 22-33-43  2300.8  18208  -14624.9  222.821  14286
669  128  2025-06-09 22-33-43  2302.4  18218  -14629.9  222.879  14295.5
670  128  2025-06-09 22-33-43  2304  18227.9  -14634.7  222.936  14287.2
671  128  2025-06-09 22-33-43  2305.6  18238  -14639.5  222.994  14278.9
672  128  2025-06-09 22-33-43  2307.2  18247.9  -14644.4  223.052  14288.2
673  128  2025-06-09 22-33-43  2308.8  18258  -14649.2  223.109  14279.9
674  128  2025-06-09 22-33-43  2310.4  18268  -14654  223.167  14289.3
675  128  2025-06-09 22-33-43  2312  18278  -14658.8  223.224  14281
676  128  2025-06-09 22-33-43  2313.6  18288  -14663.7  223.282  14290.4
677  128  2025-06-09 22-33-43  2315.2  18298  -14668.6  223.339  14282.1
678  128  2025-06-09 22-33-43  2316.8  18308  -14673.5  223.397  14291.5
679  128  2025-06-09 22-33-43  2318.4  18318.1  -14678.3  223.454  14283.2
680  128  2025-06-09 22-33-43  2320  18328.1  -14683.3  223.512  14292.6
681  128  2025-06-09 22-33-43  2321.6  18338.1  -14688.1  223.57  14284.4
682  128  2025-06-09 22-33-43  2323.2  18348.2  -14692.9  223.627  14276
683  128  2025-06-09 22-33-43  2324.8  18358.3  -14697.7  223.685  14285.4
684  128  2025-06-09 22-33-43  2326.4  18368.4  -14702.5  223.742  14277.1
685  128  2025-06-09 22-33-43  2328  18378.4  -14707.4  223.8  14286.5
686  128  2025-06-09 22-33-43  2329.6  18388.5  -14712.2  223.857  14278.2
687  128  2025-06-09 22-33-43  2331.2  18398.6  -14717.1  223.915  14287.6
688  128  2025-06-09 22-33-43  2332.8  18408.7  -14721.9  223.972  14279.3
689  128  2025-06-09 22-33-43  2334.4  18418.8  -14726.8  224.03  14288.7
690  128  2025-06-09 22-33-43  2336  18428.9  -14731.7  224.088  14280.4
691  128  2025-06-09 22-33-43  2337.6  18438.9  -14736.6  224.145  14289.8
692  128  2025-06-09 22-33-43  2339.2  18449.1  -14741.4  224.203  14281.6
693  128  2025-06-09 22-33-43  2340.8  18459.2  -14746.2  224.26  14273.2
694  128  2025-06-09 22-33-43  2342.4  18469.3  -14751.1  224.318  14282.6
695  128  2025-06-09 22-33-43  2344  18479.5  -14755.8  224.375  14274.3
696  128  2025-06-09 22-33-43  2345.6  18489.6  -14760.7  224.433  14283.6
697  128  2025-06-09 22-33-43  2347.2  18499.8  -14765.5  224.49  14275.3
698  128  2025-06-09 22-33-43  2348.8  18510  -14770.4  224.548  14284.7
699  128  2025-06-09 22-33-43  2350.4  18520.1  -14775.2  224.606  14276.4
700  128  2025-06-09 22-33-43  2352  18530.3  -14780.1  224.663  14285.9
701  128  2025-06-09 22-33-43  2353.6  18540.5  -14785  224.721  14277.6
702  128  2025-06-09 22-33-43  2355.2  18550.6  -14789.9  224.778  14287
703  128  2025-06-09 22-33-43  2356.8  18560.8  -14794.7  224.836  14278.8
704  128  2025-06-09 22-33-43  2358.4  18570.9  -14799.7  224.893  14288.2
705  128  2025-06-09 22-33-43  2360  18581.1  -14804.5  224.951  14280
706  128  2025-06-09 22-33-43  2361.6  18591.4  -14809.3  225.008  14271.6
707  128  2025-06-09 22-33-43  2363.2  18601.6  -14814.2  225.066  14281
708  128  2025-06-09 22-33-43  2364.8  18611.8  -14819  225.124  14272.7
709  128  2025-06-09 22-33-43  2366.4  18622  -14823.9  225.181  14282.1
710  128  2025-06-09 22-33-43  2368  18632.3  -14828.7  225.239  14273.8
711  128  2025-06-09 22-33-43  2369.6  18642.5  -14833.6  225.296  14283.2
712  128  2025-06-09 22-33-43  2371.2  18652.8  -14838.4  225.354  14274.9
713  128  2025-06-09 22-33-43  2372.8  18663  -14843.4  225.411  14284.4
714  128  2025-06-09 22-33-43  2374.4  18673.2  -14848.2  225.469  14276.1
715  128  2025-06-09 22-33-43  2376  18683.4  -14853.1  225.526  14285.6
716  128  2025-06-09 22-33-43  2377.6  18693.7  -14858  225.584  14277.3
717  128  2025-06-09 22-33-43  2379.2  18704  -14862.8  225.642  14269
718  128  2025-06-09 22-33-43  2380.8  18714.3  -14867.7  225.699  14278.4
719  128  2025-06-09 22-33-43  2382.4  18724.6  -14872.4  225.757  14270.1
720  128  2025-06-09 22-33-43  2384  18734.9  -14877.3  225.814  14279.5
721  128  2025-06-09 22-33-43  2385.6  18745.2  -14882.1  225.872  14271.2
722  128  2025-06-09 22-33-43  2387.2  18755.5  -14887  225.929  14280.6
723  128  2025-06-09 22-33-43  2388.8  18765.8  -14891.9  225.987  14272.3
724  128  2025-06-09 22-33-43  2390.4  18776.1  -14896.8  226.044  14281.7
725  128  2025-06-09 22-33-43  2392  18786.4  -14901.6  226.102  14273.5
726  128  2025-06-09 22-33-43  2393.6  18796.7  -14906.6  226.16  14282.9
727  128  2025-06-09 22-33-43  2395.2  18807.1  -14911.4  226.217  14274.7
728  128  2025-06-09 22-33-43  2396.8  18817.5  -14916.2  226.275  14266.4
729  128  2025-06-09 22-33-43  2398.4  18827.8  -14921.1  226.332  14275.7
730  128  2025-06-09 22-33-43  2400  18838.2  -14925.9  226.39  14267.4
731  128  2025-06-09 22-33-43  2401.6  18848.5  -14930.8  226.447  14276.8
732  128  2025-06-09 22-33-43  2403.2  18858.9  -14935.6  226.505  14268.5
733  128  2025-06-09 22-33-43  2404.8  18869.3  -14940.5  226.562  14277.9
734  128  2025-06-09 22-33-43  2406.4  18879.7  -14945.3  226.62  14269.7
735  128  2025-06-09 22-33-43  2408  18890  -14950.2  226.678  14279.1
736  128  2025-06-09 22-33-43  2409.6  18900.4  -14955  226.735  14270.8
737  128  2025-06-09 22-33-43  2411.2  18910.8  -14960  226.793  14280.3
738  128  2025-06-09 22-33-43  2412.8  18921.2  -14964.8  226.85  14272
739  128  2025-06-09 22-33-43  2414.4  18931.7  -14969.6  226.908  14263.7
740  128  2025-06-09 22-33-43  2416  18942.1  -14974.5  226.965  14273.1
741  128  2025-06-09 22-33-43  2417.6  18952.6  -14979.3  227.023  14264.8
742  128  2025-06-09 22-33-43  2419.2  18963  -14984.1  227.08  14274.2
743  128  2025-06-09 22-33-43  2420.8  18973.4  -14988.9  227.138  14265.9
744  128  2025-06-09 22-33-43  2422.4  18983.9  -14993.8  227.196  14275.3
745  128  2025-06-09 22-33-43  2424  18994.3  -14998.7  227.253  14267
746  128  2025-06-09 22-33-43  2425.6  19004.8  -15003.6  227.311  14276.4
747  128  2025-06-09 22-33-43  2427.2  19015.2  -15008.4  227.368  14268.2
748  128  2025-06-09 22-33-43  2428.8  19025.7  -15013.4  227.426  14277.6
749  128  2025-06-09 22-33-43  2430.4  19036.1  -15018.2  227.483  14269.4
750  128  2025-06-09 22-33-43  2432  19046.7  -15023  227.541  14261.1
751  128  2025-06-09 22-33-43  2433.6  19057.2  -15027.8  227.598  14270.4
752  128  2025-06-09 22-33-43  2435.2  19067.7  -15032.6  227.656  14262.1
753  128  2025-06-09 22-33-43  2436.8  19078.2  -15037.5  227.714  14271.5
754  128  2025-06-09 22-33-43  2438.4  19088.7  -15042.3  227.771  14263.2
755  128  2025-06-09 22-33-43  2440  19099.2  -15047.2  227.829  14272.7
756  128  2025-06-09 22-33-43  2441.6  19109.8  -15052  227.886  14264.4
757  128  2025-06-09 22-33-43  2443.2  19120.3  -15056.9  227.944  14273.8
758  128  2025-06-09 22-33-43  2444.8  19130.8  -15061.7  228.001  14265.6
759  128  2025-06-09 22-33-43  2446.4  19141.3  -15066.7  228.059  14275
760  128  2025-06-09 22-33-43  2448  19151.9  -15071.5  228.116  14266.8
761  128  2025-06-09 22-33-43  2449.6  19162.4  -15076.5  228.174  14276.2
762  128  2025-06-09 22-33-43  2451.2  19172.9  -15081.4  228.232  14268
763  128  2025-06-09 22-33-43  2452.8  19183.5  -15086.1  228.289  14259.7
764  128  2025-06-09 22-33-43  2454.4  19194.1  -15091  228.347  14269.1
765  128  2025-06-09 22-33-43  2456  19204.7  -15095.8  228.404  14260.8
766  128  2025-06-09 22-33-43  2457.6  19215.3  -15100.7  228.462  14270.2
767  128  2025-06-09 22-33-43  2459.2  19225.9  -15105.5  228.519  14261.9
768  128  2025-06-09 22-33-43  2460.8  19236.4  -15110.4  228.577  14271.3
769  128  2025-06-09 22-33-43  2462.4  19247.1  -15115.3  228.634  14263.1
770  128  2025-06-09 22-33-43  2464  19257.6  -15120.2  228.692  14272.5
771  128  2025-06-09 22-33-43  2465.6  19268.3  -15125  228.75  14264.3
772  128  2025-06-09 22-33-43  2467.2  19278.8  -15130  228.807  14273.7
773  128  2025-06-09 22-33-43  2468.8  19289.5  -15134.9  228.865  14265.5
774  128  2025-06-09 22-33-43  2470.4  19300.1  -15139.6  228.922  14257.2
775  128  2025-06-09 22-33-43  2472  19310.8  -15144.5  228.98  14266.6
776  128  2025-06-09 22-33-43  2473.6  19321.4  -15149.3  229.037  14258.3
777  128  2025-06-09 22-33-43  2475.2  19332.1  -15154.2  229.095  14267.7
778  128  2025-06-09 22-33-43  2476.8  19342.8  -15159  229.152  14259.5
779  128  2025-06-09 22-33-43  2478.4  19353.4  -15163.9  229.21  14268.9
780  128  2025-06-09 22-33-43  2480  19364.1  -15168.7  229.268  14260.6
781  128  2025-06-09 22-33-43  2481.6  19374.7  -15173.7  229.325  14270.1
782  128  2025-06-09 22-33-43  2483.2  19385.4  -15178.5  229.383  14261.8
783  128  2025-06-09 22-33-43  2484.8  19396.1  -15183.5  229.44  14271.3
784  128  2025-06-09 22-33-43  2486.4  19406.8  -15188.3  229.498  14263.1
785  128  2025-06-09 22-33-43  2488  19417.5  -15193.1  229.555  14254.8
786  128  2025-06-09 22-33-43  2489.6  19428.2  -15198  229.613  14264.1
787  128  2025-06-09 22-33-43  2491.2  19439  -15202.8  229.671  14255.9
788  128  2025-06-09 22-33-43  2492.8  19449.7  -15207.7  229.728  14265.3
789  128  2025-06-09 22-33-43  2494.4  19460.4  -15212.5  229.786  14257
790  128  2025-06-09 22-33-43  2496  19471.1  -15217.4  229.843  14266.4
791  128  2025-06-09 22-33-43  2497.6  19481.9  -15222.2  229.901  14258.2
792  128  2025-06-09 22-33-43  2499.2  19492.6  -15227.1  229.958  14267.6
793  128  2025-06-09 22-33-43  2500.8  19503.4  -15232  230.016  14259.4
794  128  2025-06-09 22-33-43  2502.4  19514.1  -15236.9  230.073  14268.8
795  128  2025-06-09 22-33-43  2504  19524.9  -15241.8  230.131  14260.6
796  128  2025-06-09 22-33-43  2505.6  19535.7  -15246.6  230.189  14252.3
797  128  2025-06-09 22-33-43  2507.2  19546.5  -15251.4  230.246  14261.7
798  128  2025-06-09 22-33-43  2508.8  19557.3  -15256.2  230.304  14253.4
799  128  2025-06-09 22-33-43  2510.4  19568.1  -15261.1  230.361  14262.8
800  128  2025-06-09 22-33-43  2512  19578.9  -15265.9  230.419  14254.5
801  128  2025-06-09 22-33-43  2513.6  19589.7  -15270.8  230.476  14264
802  128  2025-06-09 22-33-43  2515.2  19600.5  -15275.6  230.534  14255.7
803  128  2025-06-09 22-33-43  2516.8  19611.3  -15280.6  230.591  14265.1
804  128  2025-06-09 22-33-43  2518.4  19622.1  -15285.4  230.649  14256.9
805  128  2025-06-09 22-33-43  2520  19632.9  -15290.3  230.707  14266.4
806  128  2025-06-09 22-33-43  2521.6  19643.7  -15295.2  230.764  14258.1
807  128  2025-06-09 22-33-43  2523.2  19654.6  -15300  230.822  14249.8
808  128  2025-06-09 22-33-43  2524.8  19665.5  -15304.8  230.879  14259.2
809  128  2025-06-09 22-33-43  2526.4  19676.4  -15309.6  230.937  14250.9
810  128  2025-06-09 22-33-43  2528  19687.2  -15314.5  230.994  14260.3
811  128  2025-06-09 22-33-43  2529.6  19698.1  -15319.3  231.052  14252.1
812  128  2025-06-09 22-33-43  2531.2  19709  -15324.2  231.109  14261.5
813  128  2025-06-09 22-33-43  2532.8  19719.9  -15329  231.167  14253.2
814  128  2025-06-09 22-33-43  2534.4  19730.7  -15334  231.225  14262.7
815  128  2025-06-09 22-33-43  2536  19741.6  -15338.8  231.282  14254.4
816  128  2025-06-09 22-33-43  2537.6  19752.5  -15343.7  231.34  14263.9
817  128  2025-06-09 22-33-43  2539.2  19763.4  -15348.6  231.397  14255.7
818  128  2025-06-09 22-33-43  2540.8  19774.3  -15353.3  231.455  14247.4
819  128  2025-06-09 22-33-43  2542.4  19785.3  -15358.2  231.512  14256.8
820  128  2025-06-09 22-33-43  2544  19796.2  -15363  231.57  14248.5
821  128  2025-06-09 22-33-43  2545.6  19807.1  -15367.9  231.627  14257.9
822  128  2025-06-09 22-33-43  2547.2  19818.1  -15372.7  231.685  14249.6
823  128  2025-06-09 22-33-43  2548.8  19829  -15377.6  231.743  14259
824  128  2025-06-09 22-33-43  2550.4  19840  -15382.4  231.8  14250.8
825  128  2025-06-09 22-33-43  2552  19850.9  -15387.3  231.858  14260.2
826  128  2025-06-09 22-33-43  2553.6  19861.9  -15392.1  231.915  14252
827  128  2025-06-09 22-33-43  2555.2  19872.8  -15397.1  231.973  14261.4
828  128  2025-06-09 22-33-43  2556.8  19883.8  -15401.9  232.03  14253.2
829  128  2025-06-09 22-33-43  2558.4  19894.8  -15406.7  232.088  14244.9
830  128  2025-06-09 22-33-43  2560  19905.8  -15411.5  232.145  14254.3
831  128  2025-06-09 22-33-43  2561.6  19916.9  -15416.3  232.203  14246
832  128  2025-06-09 22-33-43  2563.2  19927.9  -15421.2  232.261  14255.4
833  128  2025-06-09 22-33-43  2564.8  19938.9  -15426  232.318  14247.1
834  128  2025-06-09 22-33-43  2566.4  19949.9  -15430.9  232.376  14256.6
835  128  2025-06-09 22-33-43  2568  19960.9  -15435.7  232.433  14248.3
836  128  2025-06-09 22-33-43  2569.6  19971.9  -15440.6  232.491  14257.7
837  128  2025-06-09 22-33-43  2571.2  19983  -15445.4  232.548  14249.5
838  128  2025-06-09 22-33-43  2572.8  19994  -15450.4  232.606  14259
839  128  2025-06-09 22-33-43  2574.4  20005  -15455.2  232.663  14250.7
840  128  2025-06-09 22-33-43  2576  20016.1  -15460  232.721  14242.4
841  128  2025-06-09 22-33-43  2577.6  20027.2  -15464.8  232.779  14251.8
842  128  2025-06-09 22-33-43  2579.2  20038.3  -15469.6  232.836  14243.5
843  128  2025-06-09 22-33-43  2580.8  20049.3  -15474.5  232.894  14252.9
844  128  2025-06-09 22-33-43  2582.4  20060.5  -15479.3  232.951  14244.7
845  128  2025-06-09 22-33-43  2584  20071.5  -15484.2  233.009  14254.1
846  128  2025-06-09 22-33-43  2585.6  20082.6  -15489  233.066  14245.8
847  128  2025-06-09 22-33-43  2587.2  20093.7  -15493.9  233.124  14255.3
848  128  2025-06-09 22-33-43  2588.8  20104.8  -15498.7  233.181  14247
849  128  2025-06-09 22-33-43  2590.4  20115.9  -15503.6  233.239  14256.5
850  128  2025-06-09 22-33-43  2592  20127  -15508.5  233.297  14248.3
851  128  2025-06-09 22-33-43  2593.6  20138.2  -15513.2  233.354  14240
852  128  2025-06-09 22-33-43  2595.2  20149.3  -15518.1  233.412  14249.4
853  128  2025-06-09 22-33-43  2596.8  20160.5  -15522.8  233.469  14241.1
854  128  2025-06-09 22-33-43  2598.4  20171.6  -15527.7  233.527  14250.5
855  128  2025-06-09 22-33-43  2600  20182.8  -15532.5  233.584  14242.2
856  128  2025-06-09 22-33-43  2601.6  20193.9  -15537.4  233.642  14251.6
857  128  2025-06-09 22-33-43  2603.2  20205.1  -15542.2  233.699  14243.4
858  128  2025-06-09 22-33-43  2604.8  20216.3  -15547.1  233.757  14252.8
859  128  2025-06-09 22-33-43  2606.4  20227.5  -15551.9  233.815  14244.6
860  128  2025-06-09 22-33-43  2608  20238.6  -15556.8  233.872  14254
861  128  2025-06-09 22-33-43  2609.6  20249.8  -15561.7  233.93  14245.8
862  128  2025-06-09 22-33-43  2611.2  20261  -15566.4  233.987  14237.5
863  128  2025-06-09 22-33-43  2612.8  20272.2  -15571.3  234.045  14246.9
864  128  2025-06-09 22-33-43  2614.4  20283.5  -15576  234.102  14238.6
865  128  2025-06-09 22-33-43  2616  20294.7  -15580.9  234.16  14248
866  128  2025-06-09 22-33-43  2617.6  20305.9  -15585.7  234.217  14239.7
867  128  2025-06-09 22-33-43  2619.2  20317.1  -15590.6  234.275  14249.2
868  128  2025-06-09 22-33-43  2620.8  20328.4  -15595.3  234.333  14240.9
869  128  2025-06-09 22-33-43  2622.4  20339.6  -15600.3  234.39  14250.4
870  128  2025-06-09 22-33-43  2624  20350.9  -15605.1  234.448  14242.1
871  128  2025-06-09 22-33-43  2625.6  20362.1  -15610  234.505  14251.6
872  128  2025-06-09 22-33-43  2627.2  20373.3  -15614.8  234.563  14243.3
873  128  2025-06-09 22-33-43  2628.8  20384.7  -15619.6  234.62  14235
874  128  2025-06-09 22-33-43  2630.4  20395.9  -15624.4  234.678  14244.4
875  128  2025-06-09 22-33-43  2632  20407.2  -15629.2  234.735  14236.1
876  128  2025-06-09 22-33-43  2633.6  20418.5  -15634  234.793  14245.6
877  128  2025-06-09 22-33-43  2635.2  20429.8  -15638.8  234.851  14237.3
878  128  2025-06-09 22-33-43  2636.8  20441.1  -15643.7  234.908  14246.7
879  128  2025-06-09 22-33-43  2638.4  20452.5  -15648.5  234.966  14238.4
880  128  2025-06-09 22-33-43  2640  20463.7  -15653.4  235.023  14247.9
881  128  2025-06-09 22-33-43  2641.6  20475.1  -15658.2  235.081  14239.6
882  128  2025-06-09 22-33-43  2643.2  20486.4  -15663.1  235.138  14249.1
883  128  2025-06-09 22-33-43  2644.8  20497.7  -15667.9  235.196  14240.9
884  128  2025-06-09 22-33-43  2646.4  20509.1  -15672.6  235.253  14232.6
885  128  2025-06-09 22-33-43  2648  20520.4  -15677.5  235.311  14242
886  128  2025-06-09 22-33-43  2649.6  20531.8  -15682.2  235.369  14233.7
887  128  2025-06-09 22-33-43  2651.2  20543.1  -15687.1  235.426  14243.1
888  128  2025-06-09 22-33-43  2652.8  20554.5  -15691.8  235.484  14234.8
889  128  2025-06-09 22-33-43  2654.4  20565.9  -15696.7  235.541  14244.2
890  128  2025-06-09 22-33-43  2656  20577.3  -15701.5  235.599  14236
891  128  2025-06-09 22-33-43  2657.6  20588.6  -15706.4  235.656  14245.4
892  128  2025-06-09 22-33-43  2659.2  20600  -15711.2  235.714  14237.2
893  128  2025-06-09 22-33-43  2660.8  20611.4  -15716.1  235.771  14246.6
894  128  2025-06-09 22-33-43  2662.4  20622.8  -15720.9  235.829  14238.4
895  128  2025-06-09 22-33-43  2664  20634.3  -15725.7  235.887  14230.1
896  128  2025-06-09 22-33-43  2665.6  20645.7  -15730.5  235.944  14239.5
897  128  2025-06-09 22-33-43  2667.2  20657.1  -15735.2  236.002  14231.2
898  128  2025-06-09 22-33-43  2668.8  20668.6  -15740.1  236.059  14240.6
899  128  2025-06-09 22-33-43  2670.4  20680  -15744.8  236.117  14232.4
900  128  2025-06-09 22-33-43  2672  20691.4  -15749.7  236.174  14241.8
901  128  2025-06-09 22-33-43  2673.6  20702.9  -15754.5  236.232  14233.5
902  128  2025-06-09 22-33-43  2675.2  20714.3  -15759.4  236.289  14243
903  128  2025-06-09 22-33-43  2676.8  20725.8  -15764.2  236.347  14234.7
904  128  2025-06-09 22-33-43  2678.4  20737.2  -15769.1  236.405  14244.2
905  128  2025-06-09 22-33-43  2680  20748.7  -15773.9  236.462  14236
906  128  2025-06-09 22-33-43  2681.6  20760.1  -15778.8  236.52  14245.4
907  128  2025-06-09 22-33-43  2683.2  20771.6  -15783.7  236.577  14237.2
908  128  2025-06-09 22-33-43  2684.8  20783.2  -15788.4  236.635  14228.9
909  128  2025-06-09 22-33-43  2686.4  20794.6  -15793.2  236.692  14238.3
910  128  2025-06-09 22-33-43  2688  20806.2  -15798  236.75  14230.1
911  128  2025-06-09 22-33-43  2689.6  20817.7  -15802.9  236.807  14239.5
912  128  2025-06-09 22-33-43  2691.2  20829.2  -15807.6  236.865  14231.2
913  128  2025-06-09 22-33-43  2692.8  20840.7  -15812.5  236.923  14240.7
914  128  2025-06-09 22-33-43  2694.4  20852.3  -15817.3  236.98  14232.4
915  128  2025-06-09 22-33-43  2696  20863.8  -15822.2  237.038  14241.9
916  128  2025-06-09 22-33-43  2697.6  20875.3  -15827  237.095  14233.7
917  128  2025-06-09 22-33-43  2699.2  20886.8  -15832  237.153  14243.1
918  128  2025-06-09 22-33-43  2700.8  20898.4  -15836.8  237.21  14234.9
919  128  2025-06-09 22-33-43  2702.4  20910  -15841.5  237.268  14226.6
920  128  2025-06-09 22-33-43  2704  20921.5  -15846.4  237.325  14236.1
921  128  2025-06-09 22-33-43  2705.6  20933.1  -15851.1  237.383  14227.8
922  128  2025-06-09 22-33-43  2707.2  20944.7  -15856  237.441  14237.2
923  128  2025-06-09 22-33-43  2708.8  20956.3  -15860.7  237.498  14228.9
924  128  2025-06-09 22-33-43  2710.4  20967.9  -15865.6  237.556  14238.4
925  128  2025-06-09 22-33-43  2712  20979.5  -15870.4  237.613  14230.1
926  128  2025-06-09 22-33-43  2713.6  20991  -15875.3  237.671  14239.6
927  128  2025-06-09 22-33-43  2715.2  21002.7  -15880.1  237.728  14231.4
928  128  2025-06-09 22-33-43  2716.8  21014.2  -15885  237.786  14240.9
929  128  2025-06-09 22-33-43  2718.4  21025.9  -15889.9  237.843  14232.6
930  128  2025-06-09 22-33-43  2720  21037.5  -15894.6  237.901  14224.4
931  128  2025-06-09 22-33-43  2721.6  21049.2  -15899.4  237.959  14233.8
932  128  2025-06-09 22-33-43  2723.2  21060.8  -15904.2  238.016  14225.5
933  128  2025-06-09 22-33-43  2724.8  21072.5  -15909  238.074  14234.9
934  128  2025-06-09 22-33-43  2726.4  21084.2  -15913.8  238.131  14226.7
935  128  2025-06-09 22-33-43  2728  21095.8  -15918.7  238.189  14236.1
936  128  2025-06-09 22-33-43  2729.6  21107.5  -15923.4  238.246  14227.9
937  128  2025-06-09 22-33-43  2731.2  21119.1  -15928.3  238.304  14237.3
938  128  2025-06-09 22-33-43  2732.8  21130.8  -15933.1  238.361  14229.1
939  128  2025-06-09 22-33-43  2734.4  21142.4  -15938.1  238.419  14238.6
940  128  2025-06-09 22-33-43  2736  21154.1  -15942.9  238.477  14230.4
941  128  2025-06-09 22-33-43  2737.6  21165.9  -15947.6  238.534  14222.1
942  128  2025-06-09 22-33-43  2739.2  21177.6  -15952.4  238.592  14231.5
943  128  2025-06-09 22-33-43  2740.8  21189.3  -15957.2  238.649  14223.2
944  128  2025-06-09 22-33-43  2742.4  21201  -15962  238.707  14232.6
945  128  2025-06-09 22-33-43  2744  21212.8  -15966.8  238.764  14224.4
946  128  2025-06-09 22-33-43  2745.6  21224.5  -15971.7  238.822  14233.8
947  128  2025-06-09 22-33-43  2747.2  21236.2  -15976.4  238.879  14225.6
948  128  2025-06-09 22-33-43  2748.8  21248  -15981.3  238.937  14235
949  128  2025-06-09 22-33-43  2750.4  21259.7  -15986.1  238.995  14226.8
950  128  2025-06-09 22-33-43  2752  21271.5  -15990.8  239.052  14218.5
951  128  2025-06-09 22-33-43  2753.6  21283.3  -15995.6  239.11  14227.9
952  128  2025-06-09 22-33-43  2755.2  21295.1  -16000.3  239.167  14219.6
953  128  2025-06-09 22-33-43  2756.8  21306.9  -16005.2  239.225  14229
954  128  2025-06-09 22-33-43  2758.4  21318.7  -16009.8  239.311  14213
955  128  2025-06-09 22-33-43  2760  21330.7  -16014.2  239.397  14197
956  128  2025-06-09 22-33-43  2761.6  21342.7  -16018.4  239.484  14181
957  128  2025-06-09 22-33-43  2763.2  21354.8  -16022.4  239.57  14165
958  128  2025-06-09 22-33-43  2764.8  21367  -16026.2  239.656  14149
959  128  2025-06-09 22-33-43  2766.4  21379.2  -16030  239.743  14147.6
960  128  2025-06-09 22-33-43  2768  21391.4  -16033.8  239.829  14146.2
961  128  2025-06-09 22-33-43  2769.6  21403.7  -16037.5  239.915  14144.7
962  128  2025-06-09 22-33-43  2771.2  21415.9  -16041.3  240.002  14143.3
963  128  2025-06-09 22-33-43  2772.8  21428.2  -16045  240.088  14141.9
964  128  2025-06-09 22-33-43  2774.4  21440.4  -16048.7  240.174  14140.5
965  128  2025-06-09 22-33-43  2776  21452.7  -16052.4  240.261  14139.1
966  128  2025-06-09 22-33-43  2777.6  21465  -16056  240.347  14137.6
967  128  2025-06-09 22-33-43  2779.2  21477.3  -16059.7  240.434  14136.2
968  128  2025-06-09 22-33-43  2780.8  21489.7  -16063.3  240.52  14134.8
969  128  2025-06-09 22-33-43  2782.4  21502  -16066.9  240.606  14133.4
970  128  2025-06-09 22-33-43  2784  21514.4  -16070.5  240.693  14132
971  128  2025-06-09 22-33-43  2785.6  21526.7  -16074.1  240.779  14130.5
972  128  2025-06-09 22-33-43  2787.2  21539.1  -16077.7  240.865  14129.1
973  128  2025-06-09 22-33-43  2788.8  21551.5  -16081.2  240.952  14127.7
974  128  2025-06-09 22-33-43  2790.4  21563.9  -16084.8  241.038  14126.3
975  128  2025-06-09 22-33-43  2792  21576.3  -16088.3  241.124  14124.9
976  128  2025-06-09 22-33-43  2793.6  21588.8  -16091.8  241.211  14123.4
977  128  2025-06-09 22-33-43  2795.2  21601.2  -16095.3  241.297  14122
978  128  2025-06-09 22-33-43  2796.8  21613.7  -16098.7  241.383  14120.6
979  128  2025-06-09 22-33-43  2798.4  21626.2  -16102.2  241.47  14119.2
980  128  2025-06-09 22-33-43  2800  21638.7  -16105.6  241.556  14117.8
981  128  2025-06-09 22-33-43  2801.6  21651.2  -16109  241.642  14116.3
