SN    USVID    CurTime    simTime    CurX    CurY    CurVel      CurYaw   
0  160  2025-06-14 19-53-29  0  2440  -14512  192  2672
1  160  2025-06-14 19-53-29  1.6  2448.01  -14512  192.086  2670.38
2  160  2025-06-14 19-53-29  3.2  2456.03  -14512  192.173  2668.75
3  160  2025-06-14 19-53-29  4.8  2464.05  -14511.9  192.259  2667.1
4  160  2025-06-14 19-53-29  6.4  2472.09  -14511.9  192.345  2665.44
5  160  2025-06-14 19-53-29  8  2480.13  -14511.8  192.432  2663.76
6  160  2025-06-14 19-53-29  9.6  2488.18  -14511.7  192.518  2662.06
7  160  2025-06-14 19-53-29  11.2  2496.24  -14511.6  192.604  2660.35
8  160  2025-06-14 19-53-29  12.8  2504.31  -14511.5  192.691  2658.62
9  160  2025-06-14 19-53-29  14.4  2512.38  -14511.3  192.777  2656.88
10  160  2025-06-14 19-53-29  128  2520.47  -14511.2  192.863  2655.12
11  160  2025-06-14 19-53-29  129.6  2528.56  -14511  192.95  2653.34
12  160  2025-06-14 19-53-29  131.2  2536.66  -14510.8  193.036  2651.55
13  160  2025-06-14 19-53-29  132.8  2544.77  -14510.7  193.122  2649.74
14  160  2025-06-14 19-53-29  134.4  2552.89  -14510.4  193.209  2647.92
15  160  2025-06-14 19-53-29  136  2561.02  -14510.2  193.295  2646.08
16  160  2025-06-14 19-53-29  137.6  2569.15  -14510  193.381  2644.22
17  160  2025-06-14 19-53-29  139.2  2577.3  -14509.7  193.468  2642.35
18  160  2025-06-14 19-53-29  140.8  2585.45  -14509.4  193.554  2640.46
19  160  2025-06-14 19-53-29  142.4  2593.6  -14509.1  193.64  2638.56
20  160  2025-06-14 19-53-29  144  2601.77  -14508.8  193.727  2636.64
21  160  2025-06-14 19-53-29  145.6  2609.95  -14508.5  193.813  2633.09
22  160  2025-06-14 19-53-29  147.2  2618.13  -14508.1  193.899  2629.5
23  160  2025-06-14 19-53-29  148.8  2626.31  -14507.7  193.986  2625.89
24  160  2025-06-14 19-53-29  150.4  2634.51  -14507.2  194.072  2622.24
25  160  2025-06-14 19-53-29  152  2642.71  -14506.7  194.158  2618.56
26  160  2025-06-14 19-53-29  153.6  2650.92  -14506.2  194.245  2614.85
27  160  2025-06-14 19-53-29  155.2  2659.14  -14505.7  194.331  2611.1
28  160  2025-06-14 19-53-29  156.8  2667.36  -14505.1  194.417  2607.33
29  160  2025-06-14 19-53-29  158.4  2675.58  -14504.5  194.504  2603.52
30  160  2025-06-14 19-53-29  160  2683.82  -14503.8  194.59  2599.68
31  160  2025-06-14 19-53-29  161.6  2692.06  -14503.2  194.676  2595.81
32  160  2025-06-14 19-53-29  163.2  2700.3  -14502.4  194.763  2591.9
33  160  2025-06-14 19-53-29  164.8  2708.55  -14501.7  194.849  2587.97
34  160  2025-06-14 19-53-29  166.4  2716.81  -14500.9  194.935  2584
35  160  2025-06-14 19-53-29  168  2725.07  -14500  195.022  2580
36  160  2025-06-14 19-53-29  169.6  2733.33  -14499.2  195.108  2575.97
37  160  2025-06-14 19-53-29  171.2  2741.6  -14498.3  195.194  2571.9
38  160  2025-06-14 19-53-29  172.8  2749.88  -14497.3  195.281  2567.81
39  160  2025-06-14 19-53-29  174.4  2758.15  -14496.3  195.367  2563.68
40  160  2025-06-14 19-53-29  176  2766.44  -14495.3  195.453  2559.52
41  160  2025-06-14 19-53-29  177.6  2774.72  -14494.3  195.54  2555.33
42  160  2025-06-14 19-53-29  179.2  2783.01  -14493.2  195.626  2551.1
43  160  2025-06-14 19-53-29  180.8  2791.31  -14492  195.712  2546.85
44  160  2025-06-14 19-53-29  182.4  2799.6  -14490.8  195.799  2542.56
45  160  2025-06-14 19-53-29  184  2808.17  -14489.6  198.608  2536.53
46  160  2025-06-14 19-53-29  185.6  2816.74  -14488.2  198.695  2532.16
47  160  2025-06-14 19-53-29  187.2  2825.31  -14486.9  198.781  2527.76
48  160  2025-06-14 19-53-29  188.8  14033.9  -14485.5  198.867  2523.32
49  160  2025-06-14 19-53-29  190.4  14042.5  -14484  198.954  2518.86
50  160  2025-06-14 19-53-29  192  14051.3  -14482.5  201.706  2513.15
51  160  2025-06-14 19-53-29  193.6  14060.1  -14480.9  201.793  2508.61
52  160  2025-06-14 19-53-29  195.2  14069  -14479.3  201.879  2504.03
53  160  2025-06-14 19-53-29  196.8  14077.8  -14477.6  201.965  2499.43
54  160  2025-06-14 19-53-29  198.4  14086.6  -14475.9  202.052  2494.79
55  160  2025-06-14 19-53-29  200  14095.7  -14474  204.749  2489.41
56  160  2025-06-14 19-53-29  201.6  14104.8  -14472.1  204.835  2484.7
57  160  2025-06-14 19-53-29  203.2  14113.9  -14470.2  204.921  2479.96
58  160  2025-06-14 19-53-29  204.8  14123  -14468.2  205.008  2475.19
59  160  2025-06-14 19-53-29  206.4  14132.3  -14466.1  207.651  2470.09
60  160  2025-06-14 19-53-29  208  14141.7  -14464  207.594  2468.48
61  160  2025-06-14 19-53-29  209.6  14151  -14461.9  207.565  2466.88
62  160  2025-06-14 19-53-29  211.2  14160.3  -14459.8  207.536  2465.27
63  160  2025-06-14 19-53-29  212.8  14169.6  -14457.6  207.508  2463.66
64  160  2025-06-14 19-53-29  214.4  14179.1  -14455.4  210.106  2458.78
65  160  2025-06-14 19-53-29  216  14188.7  -14453.1  210.078  2457.14
66  160  2025-06-14 19-53-29  217.6  14198.2  -14450.8  210.049  2455.5
67  160  2025-06-14 19-53-29  219.2  14207.7  -14448.5  210.02  2453.86
68  160  2025-06-14 19-53-29  220.8  14217.5  -14446.1  212.574  2449.16
69  160  2025-06-14 19-53-29  222.4  14227.3  -14443.6  212.545  2447.49
70  160  2025-06-14 19-53-29  224  14237  -14441.2  212.516  2445.83
71  160  2025-06-14 19-53-29  225.6  14246.7  -14438.7  212.487  2444.16
72  160  2025-06-14 19-53-29  227.2  14256.7  -14436.1  214.997  2439.64
73  160  2025-06-14 19-53-29  228.8  14266.7  -14433.5  214.968  2437.94
74  160  2025-06-14 19-53-29  230.4  14276.6  -14430.9  214.939  2436.24
75  160  2025-06-14 19-53-29  232  14286.8  -14428.2  217.404  2431.88
76  160  2025-06-14 19-53-29  233.6  14297  -14425.4  217.376  2430.15
77  160  2025-06-14 19-53-29  235.2  14307.2  -14422.6  217.347  2428.43
78  160  2025-06-14 19-53-29  236.8  14317.3  -14419.9  217.318  2426.7
79  160  2025-06-14 19-53-29  238.4  14327.7  -14417  219.74  2422.52
80  160  2025-06-14 19-53-29  240  14338.1  -14414  219.712  2420.77
81  160  2025-06-14 19-53-29  241.6  14348.4  -14411.1  219.683  2419.02
82  160  2025-06-14 19-53-29  243.2  14359  -14408.1  222.063  2414.98
83  160  2025-06-14 19-53-29  244.8  14369.6  -14405  222.034  2413.21
84  160  2025-06-14 19-53-29  246.4  14380.1  -14401.9  222.005  2411.44
85  160  2025-06-14 19-53-29  248  14390.9  -14398.7  224.343  2407.54
86  160  2025-06-14 19-53-29  249.6  14401.6  -14395.5  224.315  2405.75
87  160  2025-06-14 19-53-29  251.2  14412.4  -14392.3  224.286  2403.96
88  160  2025-06-14 19-53-29  252.8  14423.4  -14388.9  226.583  2400.21
89  160  2025-06-14 19-53-29  254.4  14434.3  -14385.6  226.554  2398.39
90  160  2025-06-14 19-53-29  256  14445.2  -14382.2  226.525  2396.58
91  160  2025-06-14 19-53-29  257.6  14456.4  -14378.7  228.782  2392.98
92  160  2025-06-14 19-53-29  259.2  14467.5  -14375.1  228.753  2391.15
93  160  2025-06-14 19-53-29  260.8  14478.6  -14371.6  228.725  2389.32
94  160  2025-06-14 19-53-29  262.4  14490  -14367.9  230.942  2385.85
95  160  2025-06-14 19-53-29  264  14501.3  -14364.3  230.913  2384.01
96  160  2025-06-14 19-53-29  265.6  14512.6  -14360.6  230.884  2382.16
97  160  2025-06-14 19-53-29  267.2  14524.1  -14356.8  233.063  2378.84
98  160  2025-06-14 19-53-29  268.8  14535.5  -14352.9  233.034  2376.98
99  160  2025-06-14 19-53-29  270.4  14547.2  -14349  235.174  2373.77
100  160  2025-06-14 19-53-29  1392  14558.9  -14345  235.145  2371.89
101  160  2025-06-14 19-53-29  1393.6  14570.7  -14341  237.247  2368.77
102  160  2025-06-14 19-53-29  1395.2  14582.6  -14336.9  237.218  2366.89
103  160  2025-06-14 19-53-29  1396.8  14594.6  -14332.7  239.282  2363.87
104  160  2025-06-14 19-53-29  1398.4  14606.6  -14328.5  239.254  2361.97
105  160  2025-06-14 19-53-29  1400  14618.8  -14324.1  241.281  2359.05
106  160  2025-06-14 19-53-29  1401.6  14630.9  -14319.8  241.253  2357.15
107  160  2025-06-14 19-53-29  1403.2  14643.3  -14315.3  243.245  2354.32
108  160  2025-06-14 19-53-29  1404.8  14655.6  -14310.8  243.216  2352.41
109  160  2025-06-14 19-53-29  1406.4  14668.1  -14306.3  245.172  2349.68
110  160  2025-06-14 19-53-29  1408  14680.6  -14301.6  245.144  2347.76
111  160  2025-06-14 19-53-29  1409.6  14693.3  -14296.9  247.066  2345.13
112  160  2025-06-14 19-53-29  1411.2  14706.1  -14292.1  248.953  2342.56
113  160  2025-06-14 19-53-29  1412.8  14719.1  -14287.2  250.806  2340.03
114  160  2025-06-14 19-53-29  1414.4  14732  -14282.3  250.778  2338.09
115  160  2025-06-14 19-53-29  1416  14745.2  -14277.2  252.598  2335.66
116  160  2025-06-14 19-53-29  1417.6  14758.4  -14272.1  254.386  2333.29
117  160  2025-06-14 19-53-29  1419.2  14771.9  -14266.8  256.142  2330.96
118  160  2025-06-14 19-53-29  1420.8  14785.4  -14261.5  257.866  2328.68
119  160  2025-06-14 19-53-29  1422.4  14799.2  -14256.1  259.559  2326.45
120  160  2025-06-14 19-53-29  1424  14813  -14250.5  261.222  2324.27
121  160  2025-06-14 19-53-29  1425.6  14827  -14244.9  262.854  2322.14
122  160  2025-06-14 19-53-29  1427.2  14841.1  -14239.2  264.458  2320.05
123  160  2025-06-14 19-53-29  1428.8  14855.4  -14233.4  266.032  2318.01
124  160  2025-06-14 19-53-29  1430.4  14869.8  -14227.5  267.579  2316.02
125  160  2025-06-14 19-53-29  1432  14884.3  -14221.5  269.097  2314.08
126  160  2025-06-14 19-53-29  1433.6  14899  -14215.5  270.588  2312.18
127  160  2025-06-14 19-53-29  1435.2  14913.8  -14209.3  1392.05  2310.32
128  160  2025-06-14 19-53-29  1436.8  14928.7  -14203.1  1393.49  2308.51
129  160  2025-06-14 19-53-29  1438.4  14943.7  -14196.8  1394.9  2306.75
130  160  2025-06-14 19-53-29  1440  14958.8  -14190.4  1396.29  2305.03
131  160  2025-06-14 19-53-29  1441.6  14974.1  -14183.9  1397.65  2303.35
132  160  2025-06-14 19-53-29  1443.2  14989.4  -14177.3  1398.99  2301.72
133  160  2025-06-14 19-53-29  1444.8  15004.9  -14170.7  1400.3  2300.13
134  160  2025-06-14 19-53-29  1446.4  15020.4  -14164  1401.59  2298.58
135  160  2025-06-14 19-53-29  1448  15036.1  -14157.2  1402.86  2297.07
136  160  2025-06-14 19-53-29  1449.6  15051.9  -14150.3  1404.1  2295.61
137  160  2025-06-14 19-53-29  1451.2  15067.8  -14143.3  1405.32  2294.18
138  160  2025-06-14 19-53-29  1452.8  15083.8  -14136.3  1406.52  2292.8
139  160  2025-06-14 19-53-29  1454.4  15099.8  -14129.2  1407.7  2291.46
140  160  2025-06-14 19-53-29  1456  15116  -14122.1  1408.86  2290.16
141  160  2025-06-14 19-53-29  1457.6  15132.3  -14114.9  1409.99  2288.89
142  160  2025-06-14 19-53-29  1459.2  15148.6  -14107.6  1411.11  2287.67
143  160  2025-06-14 19-53-29  1460.8  15165.1  -14100.2  1412.2  2286.48
144  160  2025-06-14 19-53-29  1462.4  15181.6  -14092.8  1413.28  2285.34
145  160  2025-06-14 19-53-29  1464  15198.3  -14085.3  1414.33  2284.23
146  160  2025-06-14 19-53-29  1465.6  15215  -14077.8  1415.37  2283.16
147  160  2025-06-14 19-53-29  1467.2  15231.8  -14070.2  1416.39  2282.12
148  160  2025-06-14 19-53-29  1468.8  15248.6  -14062.5  1417.39  2281.12
149  160  2025-06-14 19-53-29  1470.4  15265.6  -14054.8  1418.37  2280.16
150  160  2025-06-14 19-53-29  1472  15282.6  -14047  1419.34  2279.23
151  160  2025-06-14 19-53-29  1473.6  15299.8  -14039.1  1420.28  2278.34
152  160  2025-06-14 19-53-29  1475.2  15317  -2831.25  1421.21  2277.48
153  160  2025-06-14 19-53-29  1476.8  15334.2  -2823.3  1422.13  2276.66
154  160  2025-06-14 19-53-29  1478.4  15351.6  -2815.3  1423.02  2275.87
155  160  2025-06-14 19-53-29  1480  15369  -2807.25  1423.91  2275.12
156  160  2025-06-14 19-53-29  1481.6  15386.5  -2799.15  1424.77  2274.39
157  160  2025-06-14 19-53-29  1483.2  15404.1  -2791  1425.62  2273.71
158  160  2025-06-14 19-53-29  1484.8  15421.7  -2782.8  1426.45  2273.05
159  160  2025-06-14 19-53-29  1486.4  15439.4  -2774.56  1427.27  2272.42
160  160  2025-06-14 19-53-29  1488  15457.2  -2766.27  1428.08  2271.83
161  160  2025-06-14 19-53-29  1489.6  15475  -2757.94  1428.87  2271.27
162  160  2025-06-14 19-53-29  1491.2  15492.9  -2749.56  1429.64  2270.74
163  160  2025-06-14 19-53-29  1492.8  15510.9  -2741.14  1430.41  2270.24
164  160  2025-06-14 19-53-29  1494.4  15528.9  -2732.68  1431.15  2269.77
165  160  2025-06-14 19-53-29  1496  15547  -2724.18  1431.89  2269.32
166  160  2025-06-14 19-53-29  1497.6  15565.1  -2715.64  1432.61  2268.91
167  160  2025-06-14 19-53-29  1499.2  15583.3  -2707.06  1433.32  2268.53
168  160  2025-06-14 19-53-29  1500.8  15601.6  -2698.45  1434.01  2268.17
169  160  2025-06-14 19-53-29  1502.4  15620  -2689.8  1434.7  2267.84
170  160  2025-06-14 19-53-29  1504  15638.3  -2681.11  1435.37  2267.55
171  160  2025-06-14 19-53-29  1505.6  15656.7  -2672.4  1435.34  2265.94
172  160  2025-06-14 19-53-29  1507.2  15675.1  -2663.65  1435.25  2264.33
173  160  2025-06-14 19-53-29  1508.8  15693.4  -2654.94  1435.31  2265.95
174  160  2025-06-14 19-53-29  1510.4  15711.8  -2646.26  1435.37  2267.61
175  160  2025-06-14 19-53-29  1512  15730.2  -2637.61  1435.43  2269.29
176  160  2025-06-14 19-53-29  1513.6  15748.7  -2628.99  1435.48  2271.01
177  160  2025-06-14 19-53-29  1515.2  15767.1  -2620.4  1435.54  2272.76
178  160  2025-06-14 19-53-29  1516.8  15785.6  -2611.85  1435.6  2274.55
179  160  2025-06-14 19-53-29  1518.4  15804.1  -2603.33  1435.66  2276.36
180  160  2025-06-14 19-53-29  1520  15822.6  -2594.84  1435.71  2278.21
181  160  2025-06-14 19-53-29  1521.6  15841.2  -2586.4  1435.77  2280.09
182  160  2025-06-14 19-53-29  1523.2  15859.7  -2577.98  1435.83  2282
183  160  2025-06-14 19-53-29  1524.8  15878.3  -2569.61  1435.89  2283.94
184  160  2025-06-14 19-53-29  1526.4  15896.9  -2561.27  1435.94  2285.92
185  160  2025-06-14 19-53-29  1528  15915.6  -2552.97  1436  2287.92
186  160  2025-06-14 19-53-29  1529.6  15934.2  -2544.71  1436.06  2289.96
187  160  2025-06-14 19-53-29  1531.2  15952.9  -2536.49  1436.12  2292.03
188  160  2025-06-14 19-53-29  1532.8  15971.6  -2528.31  1436.17  2294.14
189  160  2025-06-14 19-53-29  1534.4  15990.3  -2520.17  1436.23  2296.27
190  160  2025-06-14 19-53-29  1536  16009.1  -2512.08  1436.29  2298.44
191  160  2025-06-14 19-53-29  1537.6  16027.9  -2504.02  1436.35  2300.64
192  160  2025-06-14 19-53-29  1539.2  16046.7  -2496.01  1436.4  2302.87
193  160  2025-06-14 19-53-29  1540.8  16065.5  -2488.05  1436.46  2305.13
194  160  2025-06-14 19-53-29  1542.4  16084.4  -2480.13  1436.52  2307.43
195  160  2025-06-14 19-53-29  1544  16103.3  -2472.25  1436.58  2309.75
196  160  2025-06-14 19-53-29  1545.6  16122.2  -2464.42  1436.63  2312.11
197  160  2025-06-14 19-53-29  1547.2  16141.1  -2456.64  1436.69  2314.5
198  160  2025-06-14 19-53-29  1548.8  16160.1  -2448.91  1436.75  2316.93
199  160  2025-06-14 19-53-29  1550.4  16179  -2441.22  1436.81  2319.38
200  160  2025-06-14 19-53-29  1552  16198  -2433.59  1436.86  2321.87
201  160  2025-06-14 19-53-29  1553.6  16217.1  -2426  1436.92  2324.39
202  160  2025-06-14 19-53-29  1555.2  16236.1  -2418.47  1436.98  2326.94
203  160  2025-06-14 19-53-29  1556.8  16255.2  -2410.99  1437.04  2329.52
204  160  2025-06-14 19-53-29  1558.4  16274.3  -2403.55  1437.09  2332.14
205  160  2025-06-14 19-53-29  1560  16293.5  -2396.18  1437.15  2334.78
206  160  2025-06-14 19-53-29  1561.6  16312.7  -2388.85  1437.21  2337.46
207  160  2025-06-14 19-53-29  1563.2  16331.9  -2381.58  1437.27  2340.17
208  160  2025-06-14 19-53-29  1564.8  16351.1  -2374.37  1437.32  2342.92
209  160  2025-06-14 19-53-29  1566.4  16370.3  -2367.21  1437.38  2345.69
210  160  2025-06-14 19-53-29  1568  16389.6  -2360.11  1437.44  2348.5
211  160  2025-06-14 19-53-29  1569.6  16408.9  -2353.07  1437.5  2351.34
212  160  2025-06-14 19-53-29  1571.2  16428.2  -2346.09  1437.56  2354.21
213  160  2025-06-14 19-53-29  1572.8  16447.6  -2339.16  1437.61  2357.11
214  160  2025-06-14 19-53-29  1574.4  16467  -2332.3  1437.67  2360.05
215  160  2025-06-14 19-53-29  1576  16486.4  -2325.5  1437.73  2363.01
216  160  2025-06-14 19-53-29  1577.6  16505.9  -2318.75  1437.79  2366.01
217  160  2025-06-14 19-53-29  1579.2  16525.3  -2312.07  1437.84  2369.04
218  160  2025-06-14 19-53-29  1580.8  16544.8  -2305.46  1437.9  2372.11
219  160  2025-06-14 19-53-29  1582.4  16564.3  -2298.91  1437.96  2375.2
220  160  2025-06-14 19-53-29  1584  16583.9  -2292.42  1438.02  2378.33
221  160  2025-06-14 19-53-29  1585.6  16603.5  -2286  1438.07  2381.49
222  160  2025-06-14 19-53-29  1587.2  16623.1  -2279.64  1438.13  2384.68
223  160  2025-06-14 19-53-29  1588.8  16642.7  -2273.35  1438.19  2387.9
224  160  2025-06-14 19-53-29  1590.4  16662.4  -2267.13  1438.25  2391.16
225  160  2025-06-14 19-53-29  1592  16682.1  -2260.98  1438.3  2394.44
226  160  2025-06-14 19-53-29  1593.6  16701.8  -2254.9  1438.36  2397.76
227  160  2025-06-14 19-53-29  1595.2  16721.6  -2248.89  1438.42  2401.11
228  160  2025-06-14 19-53-29  1596.8  16741.3  -2242.95  1438.48  2404.5
229  160  2025-06-14 19-53-29  1598.4  16761.1  -2237.08  1438.53  2407.91
230  160  2025-06-14 19-53-29  1600  16781  -2231.29  1438.59  2411.36
231  160  2025-06-14 19-53-29  1601.6  16800.8  -2225.57  1438.65  2414.84
232  160  2025-06-14 19-53-29  1603.2  16820.7  -2219.92  1438.71  2418.35
233  160  2025-06-14 19-53-29  1604.8  16840.6  -2214.35  1438.76  2421.89
234  160  2025-06-14 19-53-29  1606.4  16860.6  -2208.85  1438.82  2425.47
235  160  2025-06-14 19-53-29  1608  16880.6  -2203.58  1438.88  2435.54
236  160  2025-06-14 19-53-29  1609.6  16900.6  -2198.33  1439.47  2437.53
237  160  2025-06-14 19-53-29  1611.2  16920.7  -2193.02  1439.53  2434.78
238  160  2025-06-14 19-53-29  1612.8  16940.7  -2187.64  1439.59  2432
239  160  2025-06-14 19-53-29  1614.4  16960.8  -2182.21  1439.65  2429.19
240  160  2025-06-14 19-53-29  1616  16980.8  -2176.64  1439.7  2423.12
241  160  2025-06-14 19-53-29  1617.6  17000.9  -2171.06  1440.29  2423.44
242  160  2025-06-14 19-53-29  1619.2  17021  -2165.47  1440.86  2423.77
243  160  2025-06-14 19-53-29  1620.8  17041.2  -2159.88  1441.42  2424.1
244  160  2025-06-14 19-53-29  1622.4  17061.4  -2154.28  1441.97  2424.42
245  160  2025-06-14 19-53-29  1624  17081.7  -2148.67  1442.51  2424.75
246  160  2025-06-14 19-53-29  1625.6  17102  -2143.05  1443.04  2425.07
247  160  2025-06-14 19-53-29  1627.2  17122.4  -2137.43  1443.56  2425.4
248  160  2025-06-14 19-53-29  1628.8  17142.9  -2131.8  1444.07  2425.73
249  160  2025-06-14 19-53-29  1630.4  17163.4  -2126.17  1444.57  2426.05
250  160  2025-06-14 19-53-29  1632  17183.9  -2120.53  1445.07  2426.38
251  160  2025-06-14 19-53-29  1633.6  17204.5  -2114.88  1445.55  2426.7
252  160  2025-06-14 19-53-29  1635.2  17225.2  -2109.23  1446.03  2427.03
253  160  2025-06-14 19-53-29  1636.8  17245.8  -2103.57  1446.49  2427.36
254  160  2025-06-14 19-53-29  1638.4  17266.6  -2097.91  1446.95  2427.68
255  160  2025-06-14 19-53-29  1640  17287.4  -2092.24  1447.4  2428.01
256  160  2025-06-14 19-53-29  1641.6  17308.2  -2086.57  1447.84  2428.33
257  160  2025-06-14 19-53-29  1643.2  17329.1  -2080.9  1448.28  2428.66
258  160  2025-06-14 19-53-29  1644.8  17350  -2075.22  1448.71  2428.99
259  160  2025-06-14 19-53-29  1646.4  17370.9  -2069.54  1449.12  2429.31
260  160  2025-06-14 19-53-29  1648  17391.9  -2063.86  1449.54  2429.64
261  160  2025-06-14 19-53-29  1649.6  17413  -2058.17  1449.94  2429.97
262  160  2025-06-14 19-53-29  1651.2  17434  -2052.48  1450.34  2430.29
263  160  2025-06-14 19-53-29  1652.8  17455.2  -2046.79  1450.73  2430.62
264  160  2025-06-14 19-53-29  1654.4  17476.3  -2041.09  1451.11  2430.94
265  160  2025-06-14 19-53-29  1656  17497.5  -2035.39  1451.48  2431.27
266  160  2025-06-14 19-53-29  1657.6  17518.8  -2029.7  1451.85  2431.6
267  160  2025-06-14 19-53-29  1659.2  17540  -2023.99  1452.22  2431.92
268  160  2025-06-14 19-53-29  1660.8  17561.3  -2018.29  1452.57  2432.25
269  160  2025-06-14 19-53-29  1662.4  17582.7  -2012.59  1452.92  2432.57
270  160  2025-06-14 19-53-29  1664  17604.1  -2006.88  1453.26  2432.9
271  160  2025-06-14 19-53-29  1665.6  17625.5  -2001.17  1453.6  2433.23
272  160  2025-06-14 19-53-29  1667.2  17646.9  -1995.47  1453.93  2433.55
273  160  2025-06-14 19-53-29  1668.8  17668.4  -1989.76  1454.26  2433.88
274  160  2025-06-14 19-53-29  1670.4  17689.9  -1984.05  1454.58  2434.2
275  160  2025-06-14 19-53-29  1672  17711.4  -1978.34  1454.89  2434.53
276  160  2025-06-14 19-53-29  1673.6  17733  -1972.63  1455.2  2434.86
277  160  2025-06-14 19-53-29  1675.2  17754.6  -1966.92  1455.5  2435.18
278  160  2025-06-14 19-53-29  1676.8  17776.3  -1961.21  1455.8  2435.51
279  160  2025-06-14 19-53-29  1678.4  17797.9  -1955.5  1456.09  2435.83
280  160  2025-06-14 19-53-29  1680  17819.6  -1949.79  1456.37  2436.16
281  160  2025-06-14 19-53-29  1681.6  17841.4  -1944.08  1456.66  2436.49
282  160  2025-06-14 19-53-29  1683.2  17863.1  -1938.38  1456.93  2436.81
283  160  2025-06-14 19-53-29  1684.8  17884.9  -1932.67  1457.2  2437.14
284  160  2025-06-14 19-53-29  1686.4  17906.7  -1926.96  1457.47  2437.46
285  160  2025-06-14 19-53-29  1688  17928.6  -1921.26  1457.73  2437.79
286  160  2025-06-14 19-53-29  1689.6  17950.4  -1915.56  1457.99  2438.12
287  160  2025-06-14 19-53-29  1691.2  17972.3  -1909.85  1458.24  2438.44
288  160  2025-06-14 19-53-29  1692.8  17994.2  -1904.15  1458.49  2438.77
289  160  2025-06-14 19-53-29  1694.4  18016.2  -1898.46  1458.73  2439.09
290  160  2025-06-14 19-53-29  1696  18038.2  -1892.76  1458.97  2439.42
291  160  2025-06-14 19-53-29  1697.6  18060.2  -1887.06  1459.2  2439.75
292  160  2025-06-14 19-53-29  1699.2  18082.2  -1881.37  1459.43  2440.07
293  160  2025-06-14 19-53-29  1700.8  18104.2  -1875.68  1459.66  2440.4
294  160  2025-06-14 19-53-29  1702.4  18126.3  -1869.99  1459.88  2440.72
295  160  2025-06-14 19-53-29  1704  18148.4  -1864.31  1460.1  2441.05
296  160  2025-06-14 19-53-29  1705.6  18170.5  -1858.62  1460.31  2441.38
297  160  2025-06-14 19-53-29  1707.2  18192.6  -1852.94  1460.52  2441.7
298  160  2025-06-14 19-53-29  1708.8  18214.8  -1847.27  1460.73  2442.03
299  160  2025-06-14 19-53-29  1710.4  18237  -1841.59  1460.93  2442.36
300  160  2025-06-14 19-53-29  1712  18259.2  -1835.92  1461.13  2442.68
301  160  2025-06-14 19-53-29  1713.6  18281.4  -1830.25  1461.33  2443.01
302  160  2025-06-14 19-53-29  1715.2  18303.6  -1824.58  1461.52  2443.33
303  160  2025-06-14 19-53-29  1716.8  18325.9  -1818.92  1461.71  2443.66
304  160  2025-06-14 19-53-29  1718.4  18348.2  -1813.26  1461.89  2443.99
305  160  2025-06-14 19-53-29  1720  18370.5  -1807.61  1462.07  2444.31
306  160  2025-06-14 19-53-29  1721.6  18392.8  -1801.95  1462.25  2444.64
307  160  2025-06-14 19-53-29  1723.2  18415.1  -1796.3  1462.43  2444.96
308  160  2025-06-14 19-53-29  1724.8  18437.5  -1790.66  1462.6  2445.29
309  160  2025-06-14 19-53-29  1726.4  18459.9  -1785.02  1462.77  2445.62
310  160  2025-06-14 19-53-29  1728  18482.3  -1779.38  1462.93  2445.94
311  160  2025-06-14 19-53-29  1729.6  18504.7  -1773.75  1463.1  2446.27
312  160  2025-06-14 19-53-29  1731.2  18527.1  -1768.12  1463.26  2446.59
313  160  2025-06-14 19-53-29  1732.8  18549.5  -1762.49  1463.42  2446.92
314  160  2025-06-14 19-53-29  1734.4  18572  -1756.87  1463.57  2447.25
315  160  2025-06-14 19-53-29  1736  18594.5  -1751.26  1463.72  2447.57
316  160  2025-06-14 19-53-29  1737.6  18617  -1745.65  1463.87  2447.9
317  160  2025-06-14 19-53-29  1739.2  18639.5  -1740.04  1464.02  2448.22
318  160  2025-06-14 19-53-29  1740.8  18662  -1734.44  1464.16  2448.55
319  160  2025-06-14 19-53-29  1742.4  18684.6  -1728.84  1464.3  2448.88
320  160  2025-06-14 19-53-29  1744  18707.1  -1723.24  1464.44  2449.2
321  160  2025-06-14 19-53-29  1745.6  18729.7  -1717.65  1464.58  2449.53
322  160  2025-06-14 19-53-29  1747.2  18752.3  -1712.07  1464.71  2449.85
323  160  2025-06-14 19-53-29  1748.8  18774.9  -1706.49  1464.84  2450.18
324  160  2025-06-14 19-53-29  1750.4  18797.5  -1700.92  1464.97  2450.51
325  160  2025-06-14 19-53-29  1752  18820.2  -1695.35  1465.1  2450.83
326  160  2025-06-14 19-53-29  1753.6  18842.8  -1689.78  1465.22  2451.16
327  160  2025-06-14 19-53-29  1755.2  18865.5  -1684.22  1465.34  2451.48
328  160  2025-06-14 19-53-29  1756.8  18888.2  -1678.67  1465.46  2451.81
329  160  2025-06-14 19-53-29  1758.4  18910.8  -1673.12  1465.58  2452.14
330  160  2025-06-14 19-53-29  1760  18933.5  -1667.58  1465.69  2452.46
331  160  2025-06-14 19-53-29  1761.6  18956.3  -1662.04  1465.81  2452.79
332  160  2025-06-14 19-53-29  1763.2  18979  -1656.51  1465.92  2453.11
333  160  2025-06-14 19-53-29  1764.8  19001.7  -1650.98  1466.03  2453.44
334  160  2025-06-14 19-53-29  1766.4  19024.5  -1645.46  1466.14  2453.77
335  160  2025-06-14 19-53-29  1768  19047.2  -1639.95  1466.24  2454.09
336  160  2025-06-14 19-53-29  1769.6  19070  -1634.44  1466.35  2454.42
337  160  2025-06-14 19-53-29  1771.2  19092.8  -1628.93  1466.45  2454.74
338  160  2025-06-14 19-53-29  1772.8  19115.6  -1623.43  1466.55  2455.07
339  160  2025-06-14 19-53-29  1774.4  19138.4  -1617.94  1466.64  2455.4
340  160  2025-06-14 19-53-29  1776  19161.3  -1612.45  1466.74  2455.72
341  160  2025-06-14 19-53-29  1777.6  19184.1  -1606.97  1466.84  2456.05
342  160  2025-06-14 19-53-29  1779.2  19206.9  -1601.5  1466.93  2456.38
343  160  2025-06-14 19-53-29  1780.8  19229.8  -1596.03  1467.02  2456.7
344  160  2025-06-14 19-53-29  1782.4  19252.7  -1590.57  1467.11  2457.03
345  160  2025-06-14 19-53-29  1784  19275.5  -1585.11  1467.2  2457.35
346  160  2025-06-14 19-53-29  1785.6  19298.4  -1579.66  1467.28  2457.68
347  160  2025-06-14 19-53-29  1787.2  19321.3  -1574.21  1467.37  2458.01
348  160  2025-06-14 19-53-29  1788.8  19344.2  -1568.78  1467.45  2458.33
349  160  2025-06-14 19-53-29  1790.4  19367.2  -1563.34  1467.53  2458.66
350  160  2025-06-14 19-53-29  1792  19390.1  -1557.92  1467.61  2458.98
351  160  2025-06-14 19-53-29  1793.6  19413  -1552.5  1467.69  2459.31
352  160  2025-06-14 19-53-29  1795.2  19436  -1547.09  1467.77  2459.64
353  160  2025-06-14 19-53-29  1796.8  19458.9  -1541.68  1467.85  2459.96
354  160  2025-06-14 19-53-29  1798.4  19481.9  -1536.28  1467.92  2460.29
355  160  2025-06-14 19-53-29  1800  19504.9  -1530.89  1467.99  2460.61
356  160  2025-06-14 19-53-29  1801.6  19527.8  -1525.5  1468.07  2460.94
357  160  2025-06-14 19-53-29  1803.2  19550.8  -1520.12  1468.14  2461.27
358  160  2025-06-14 19-53-29  1804.8  19573.8  -1514.74  1468.21  2461.59
359  160  2025-06-14 19-53-29  1806.4  19596.8  -1509.38  1468.27  2461.92
360  160  2025-06-14 19-53-29  1808  19619.9  -1504.02  1468.34  2462.24
361  160  2025-06-14 19-53-29  1809.6  19642.9  -1498.66  1468.41  2462.57
362  160  2025-06-14 19-53-29  1811.2  19665.9  -1493.31  1468.47  2462.9
363  160  2025-06-14 19-53-29  1812.8  19689  -1487.97  1468.54  2463.22
364  160  2025-06-14 19-53-29  1814.4  19712  -1482.64  1468.6  2463.55
365  160  2025-06-14 19-53-29  1816  19735.1  -1477.31  1468.66  2463.87
366  160  2025-06-14 19-53-29  1817.6  19758.1  -1471.99  1468.72  2464.2
367  160  2025-06-14 19-53-29  1819.2  19781.2  -1466.68  1468.78  2464.53
368  160  2025-06-14 19-53-29  1820.8  19804.3  -1461.37  1468.84  2464.85
369  160  2025-06-14 19-53-29  1822.4  19827.4  -1456.08  1468.89  2465.18
370  160  2025-06-14 19-53-29  1824  19850.5  -1450.78  1468.95  2465.5
371  160  2025-06-14 19-53-29  1825.6  19873.6  -1445.5  1469  2465.83
372  160  2025-06-14 19-53-29  1827.2  19896.7  -1440.22  1469.06  2466.16
373  160  2025-06-14 19-53-29  1828.8  19919.8  -1434.95  1469.11  2466.48
374  160  2025-06-14 19-53-29  1830.4  19942.9  -1429.68  1469.16  2466.81
375  160  2025-06-14 19-53-29  1832  19966.1  -1424.43  1469.21  2467.13
376  160  2025-06-14 19-53-29  1833.6  19989.2  -1419.18  1469.26  2467.46
377  160  2025-06-14 19-53-29  1835.2  20012.4  -1413.93  1469.31  2467.79
378  160  2025-06-14 19-53-29  1836.8  20035.5  -1408.7  1469.36  2468.11
379  160  2025-06-14 19-53-29  1838.4  20058.7  -1403.47  1469.41  2468.44
380  160  2025-06-14 19-53-29  1840  20081.8  -1398.25  1469.46  2468.77
381  160  2025-06-14 19-53-29  1841.6  20105  -1393.03  1469.5  2469.09
382  160  2025-06-14 19-53-29  1843.2  20128.2  -267.828  1469.55  2469.42
383  160  2025-06-14 19-53-29  1844.8  20151.4  -262.629  1469.59  2469.74
384  160  2025-06-14 19-53-29  1846.4  20174.6  -257.436  1469.63  2470.07
385  160  2025-06-14 19-53-29  1848  20197.7  -252.252  1469.68  2470.4
386  160  2025-06-14 19-53-29  1849.6  20220.9  -247.074  1469.72  2470.72
387  160  2025-06-14 19-53-29  1851.2  20244.2  -241.904  1469.76  2471.05
388  160  2025-06-14 19-53-29  1852.8  20267.4  -236.741  1469.8  2471.37
389  160  2025-06-14 19-53-29  1854.4  20290.6  -231.586  1469.84  2471.7
390  160  2025-06-14 19-53-29  1856  20313.8  -226.438  1469.88  2472.03
391  160  2025-06-14 19-53-29  1857.6  20337  -221.297  1469.92  2472.35
392  160  2025-06-14 19-53-29  1859.2  20360.3  -216.164  1469.95  2472.68
393  160  2025-06-14 19-53-29  1860.8  20383.5  -211.038  1469.99  2473
394  160  2025-06-14 19-53-29  1862.4  20406.8  -205.92  1470.03  2473.33
395  160  2025-06-14 19-53-29  1864  20430  -200.81  1470.06  2473.66
396  160  2025-06-14 19-53-29  1865.6  20453.3  -195.707  1470.1  2473.98
397  160  2025-06-14 19-53-29  1867.2  20476.5  -190.611  1470.13  2474.31
398  160  2025-06-14 19-53-29  1868.8  20499.8  -185.523  1470.16  2474.63
399  160  2025-06-14 19-53-29  1870.4  20523.1  -180.443  1470.2  2474.96
400  160  2025-06-14 19-53-29  1872  20546.3  -175.37  1470.23  2475.29
401  160  2025-06-14 19-53-29  1873.6  20569.6  -170.305  1470.26  2475.61
402  160  2025-06-14 19-53-29  1875.2  20592.9  -165.247  1470.29  2475.94
403  160  2025-06-14 19-53-29  1876.8  20616.2  -160.197  1470.32  2476.26
404  160  2025-06-14 19-53-29  1878.4  20639.5  -155.155  1470.35  2476.59
405  160  2025-06-14 19-53-29  1880  20662.8  -150.12  1470.38  2476.92
406  160  2025-06-14 19-53-29  1881.6  20686.1  -145.093  1470.41  2477.24
407  160  2025-06-14 19-53-29  1883.2  20709.4  -140.074  1470.44  2477.57
408  160  2025-06-14 19-53-29  1884.8  20732.7  -135.062  1470.47  2477.89
409  160  2025-06-14 19-53-29  1886.4  20756.1  -130.058  1470.5  2478.22
410  160  2025-06-14 19-53-29  1888  20779.4  -13.062  1470.52  2478.55
411  160  2025-06-14 19-53-29  1889.6  20802.7  -8.07358  1470.55  2478.87
412  160  2025-06-14 19-53-29  1891.2  20826  -3.0929  1470.58  2479.2
413  160  2025-06-14 19-53-29  1892.8  20849.4  1.88002  1470.6  2479.52
414  160  2025-06-14 19-53-29  1894.4  20872.7  6.84515  1470.63  2479.85
415  160  2025-06-14 19-53-29  1896  20896.1  11.8025  1470.65  2480.18
416  160  2025-06-14 19-53-29  1897.6  20919.4  128.752  1470.68  2480.5
417  160  2025-06-14 19-53-29  1899.2  20942.8  133.694  1470.7  2480.83
418  160  2025-06-14 19-53-29  1900.8  20966.1  138.628  1470.72  2481.16
419  160  2025-06-14 19-53-29  1902.4  20989.5  143.554  1470.75  2481.48
420  160  2025-06-14 19-53-29  1904  21012.8  148.472  1470.77  2481.81
421  160  2025-06-14 19-53-29  1905.6  21036.2  153.382  1470.79  2482.13
422  160  2025-06-14 19-53-29  1907.2  21059.6  158.285  1470.81  2482.46
423  160  2025-06-14 19-53-29  1908.8  21083  163.18  1470.83  2482.79
424  160  2025-06-14 19-53-29  1910.4  21106.3  168.066  1470.86  2483.11
425  160  2025-06-14 19-53-29  1912  21129.7  172.945  1470.88  2483.44
426  160  2025-06-14 19-53-29  1913.6  21153.1  177.816  1470.9  2483.76
427  160  2025-06-14 19-53-29  1915.2  21176.5  182.679  1470.92  2484.09
428  160  2025-06-14 19-53-29  1916.8  21199.9  187.534  1470.94  2484.42
429  160  2025-06-14 19-53-29  1918.4  21223.3  192.381  1470.95  2484.74
430  160  2025-06-14 19-53-29  1920  21246.7  197.221  1470.97  2485.07
431  160  2025-06-14 19-53-29  1921.6  21270.1  202.052  1470.99  2485.39
432  160  2025-06-14 19-53-29  1923.2  21293.5  206.875  1471.01  2485.72
433  160  2025-06-14 19-53-29  1924.8  21316.9  211.691  1471.03  2486.05
434  160  2025-06-14 19-53-29  1926.4  21340.3  216.498  1471.05  2486.37
435  160  2025-06-14 19-53-29  1928  21363.8  221.297  1471.06  2486.7
436  160  2025-06-14 19-53-29  1929.6  21387.2  226.089  1471.08  2487.02
437  160  2025-06-14 19-53-29  1931.2  21410.6  230.872  1471.1  2487.35
438  160  2025-06-14 19-53-29  1932.8  21434  235.648  1471.11  2487.68
439  160  2025-06-14 19-53-29  1934.4  21457.5  240.415  1471.13  2488
440  160  2025-06-14 19-53-29  1936  21480.9  245.174  1471.14  2488.33
441  160  2025-06-14 19-53-29  1937.6  21504.3  249.926  1471.16  2488.65
442  160  2025-06-14 19-53-29  1939.2  21527.8  254.669  1471.17  2488.98
443  160  2025-06-14 19-53-29  1940.8  21551.2  259.404  1471.19  2489.31
444  160  2025-06-14 19-53-29  1942.4  21574.7  264.132  1471.2  2489.63
445  160  2025-06-14 19-53-29  1944  21598.1  268.851  1471.22  2489.96
446  160  2025-06-14 19-53-29  1945.6  21621.6  1393.56  1471.23  2490.28
447  160  2025-06-14 19-53-29  1947.2  21645  1398.26  1471.25  2490.61
448  160  2025-06-14 19-53-29  1948.8  21668.5  1402.96  1471.26  2490.94
449  160  2025-06-14 19-53-29  1950.4  21692  1407.65  1471.27  2491.26
450  160  2025-06-14 19-53-29  1952  21715.4  1412.33  1471.29  2491.59
451  160  2025-06-14 19-53-29  1953.6  21738.9  1417  1471.3  2491.91
452  160  2025-06-14 19-53-29  1955.2  21762.4  1421.66  1471.31  2492.24
453  160  2025-06-14 19-53-29  1956.8  21785.9  1426.31  1471.32  2492.57
454  160  2025-06-14 19-53-29  1958.4  21809.3  1430.96  1471.34  2492.89
455  160  2025-06-14 19-53-29  1960  21832.8  1435.6  1471.35  2493.22
456  160  2025-06-14 19-53-29  1961.6  21856.3  1440.23  1471.36  2493.54
457  160  2025-06-14 19-53-29  1963.2  21879.8  1444.85  1471.37  2493.87
458  160  2025-06-14 19-53-29  1964.8  21903.3  1449.46  1471.38  2494.2
459  160  2025-06-14 19-53-29  1966.4  21926.8  1454.07  1471.39  2494.52
460  160  2025-06-14 19-53-29  1968  21950.3  1458.67  1471.4  2494.85
461  160  2025-06-14 19-53-29  1969.6  21973.8  1463.26  1471.41  2495.18
462  160  2025-06-14 19-53-29  1971.2  21997.3  1467.84  1471.43  2495.5
463  160  2025-06-14 19-53-29  1972.8  22020.8  1472.41  1471.44  2495.83
464  160  2025-06-14 19-53-29  1974.4  22044.3  1476.98  1471.45  2496.15
465  160  2025-06-14 19-53-29  1976  22067.8  1481.53  1471.46  2496.48
466  160  2025-06-14 19-53-29  1977.6  22091.3  1486.08  1471.47  2496.81
467  160  2025-06-14 19-53-29  1979.2  22114.8  1490.62  1471.48  2497.13
468  160  2025-06-14 19-53-29  1980.8  22138.3  1495.15  1471.48  2497.46
469  160  2025-06-14 19-53-29  1982.4  22161.8  1499.68  1471.49  2497.78
470  160  2025-06-14 19-53-29  1984  22185.4  1504.19  1471.5  2498.11
471  160  2025-06-14 19-53-29  1985.6  22208.9  1508.7  1471.51  2498.44
472  160  2025-06-14 19-53-29  1987.2  22232.4  1513.2  1471.52  2498.76
473  160  2025-06-14 19-53-29  1988.8  22255.9  1517.69  1471.53  2499.09
474  160  2025-06-14 19-53-29  1990.4  22279.5  1522.17  1471.54  2499.41
475  160  2025-06-14 19-53-29  1992  22303  1526.65  1471.55  2499.74
476  160  2025-06-14 19-53-29  1993.6  22326.5  1531.12  1471.55  2500.07
477  160  2025-06-14 19-53-29  1995.2  22350.1  1535.57  1471.56  2500.39
478  160  2025-06-14 19-53-29  1996.8  22373.6  1540.02  1471.57  2500.72
479  160  2025-06-14 19-53-29  1998.4  22397.1  1544.47  1471.58  2501.04
480  160  2025-06-14 19-53-29  2000  22420.7  1548.9  1471.59  2501.37
481  160  2025-06-14 19-53-29  2001.6  22444.2  1553.33  1471.59  2501.7
482  160  2025-06-14 19-53-29  2003.2  22467.8  1557.74  1471.6  2502.02
483  160  2025-06-14 19-53-29  2004.8  22491.3  1562.15  1471.61  2502.35
484  160  2025-06-14 19-53-29  2006.4  22514.9  1566.55  1471.61  2502.67
485  160  2025-06-14 19-53-29  2008  22538.5  1570.94  1471.62  2503
486  160  2025-06-14 19-53-29  2009.6  22562  1575.33  1471.63  2503.33
487  160  2025-06-14 19-53-29  2011.2  22585.6  1579.7  1471.64  2503.65
488  160  2025-06-14 19-53-29  2012.8  22609.1  1584.07  1471.64  2503.98
489  160  2025-06-14 19-53-29  2014.4  22632.7  1588.43  1471.65  2504.3
490  160  2025-06-14 19-53-29  2016  22656.3  1592.78  1471.65  2504.63
491  160  2025-06-14 19-53-29  2017.6  22679.8  1597.13  1471.66  2504.96
492  160  2025-06-14 19-53-29  2019.2  22703.4  1601.46  1471.67  2505.28
493  160  2025-06-14 19-53-29  2020.8  22727  1605.79  1471.67  2505.61
494  160  2025-06-14 19-53-29  2022.4  22750.6  1610.1  1471.68  2505.93
495  160  2025-06-14 19-53-29  2024  22774.1  1614.41  1471.68  2506.26
496  160  2025-06-14 19-53-29  2025.6  22797.7  1618.72  1471.69  2506.59
497  160  2025-06-14 19-53-29  2027.2  22821.3  1623.01  1471.7  2506.91
498  160  2025-06-14 19-53-29  2028.8  22844.9  1627.29  1471.7  2507.24
499  160  2025-06-14 19-53-29  2030.4  22868.5  1631.57  1471.71  2507.57
500  160  2025-06-14 19-53-29  2032  22892.1  1635.84  1471.71  2507.89
501  160  2025-06-14 19-53-29  2033.6  22915.6  1640.1  1471.72  2508.22
502  160  2025-06-14 19-53-29  2035.2  22939.2  1644.35  1471.72  2508.54
503  160  2025-06-14 19-53-29  2036.8  22962.8  1648.59  1471.73  2508.87
504  160  2025-06-14 19-53-29  2038.4  22986.4  1652.83  1471.73  2509.2
505  160  2025-06-14 19-53-29  2040  23010  1657.06  1471.74  2509.52
506  160  2025-06-14 19-53-29  2041.6  23033.6  1661.27  1471.74  2509.85
507  160  2025-06-14 19-53-29  2043.2  23057.2  1665.48  1471.75  2510.17
508  160  2025-06-14 19-53-29  2044.8  23080.8  1669.69  1471.75  2510.5
509  160  2025-06-14 19-53-29  2046.4  23104.4  1673.88  1471.76  2510.83
510  160  2025-06-14 19-53-29  2048  23128  1678.07  1471.74  2511.15
511  160  2025-06-14 19-53-29  2049.6  23151.6  1682.24  1471.7  2511.48
512  160  2025-06-14 19-53-29  2051.2  23175.2  1686.41  1471.65  2511.8
513  160  2025-06-14 19-53-29  2052.8  23198.8  1690.56  1471.57  2512.13
514  160  2025-06-14 19-53-29  2054.4  23222.4  1694.71  1471.48  2512.46
515  160  2025-06-14 19-53-29  2056  23246  1698.85  1471.37  2512.78
516  160  2025-06-14 19-53-29  2057.6  23269.6  1702.97  1471.24  2513.11
517  160  2025-06-14 19-53-29  2059.2  23293.1  1707.09  1471.09  2513.43
518  160  2025-06-14 19-53-29  2060.8  23316.7  1711.19  1470.93  2513.76
519  160  2025-06-14 19-53-29  2062.4  23340.2  1715.28  1470.75  2514.09
520  160  2025-06-14 19-53-29  2064  23363.7  1719.37  1470.55  2514.41
521  160  2025-06-14 19-53-29  2065.6  23387.2  1723.43  1470.33  2514.74
522  160  2025-06-14 19-53-29  2067.2  23410.6  1727.49  1470.1  2515.06
523  160  2025-06-14 19-53-29  2068.8  23434.1  1731.53  1469.86  2515.39
524  160  2025-06-14 19-53-29  2070.4  23457.5  1735.56  1469.6  2515.72
525  160  2025-06-14 19-53-29  2072  23480.9  1739.58  1469.32  2516.04
526  160  2025-06-14 19-53-29  2073.6  23504.2  1743.59  1469.03  2516.37
527  160  2025-06-14 19-53-29  2075.2  23527.6  1747.58  1468.72  2516.69
528  160  2025-06-14 19-53-29  2076.8  23550.9  1751.56  1468.4  2517.02
529  160  2025-06-14 19-53-29  2078.4  23574.1  1755.52  1468.07  2517.35
530  160  2025-06-14 19-53-29  2080  23597.4  1759.47  1467.72  2517.67
531  160  2025-06-14 19-53-29  2081.6  23620.6  1763.4  1467.36  2518
532  160  2025-06-14 19-53-29  2083.2  23643.8  1767.32  1466.99  2518.32
533  160  2025-06-14 19-53-29  2084.8  23666.9  1771.23  1466.6  2518.65
534  160  2025-06-14 19-53-29  2086.4  23690  1775.12  1466.2  2518.98
535  160  2025-06-14 19-53-29  2088  23713  1779  1465.79  2519.3
536  160  2025-06-14 19-53-29  2089.6  23736.1  1782.86  1465.37  2519.63
537  160  2025-06-14 19-53-29  2091.2  23759  1786.71  1464.94  2519.95
538  160  2025-06-14 19-53-29  2092.8  23782  1790.54  1464.5  2520.28
539  160  2025-06-14 19-53-29  2094.4  23804.9  1794.35  1464.04  2520.61
540  160  2025-06-14 19-53-29  2096  23827.7  1798.15  1463.58  2520.93
541  160  2025-06-14 19-53-29  2097.6  23850.5  1801.93  1463.1  2521.26
542  160  2025-06-14 19-53-29  2099.2  23873.2  1805.7  1462.61  2521.59
543  160  2025-06-14 19-53-29  2100.8  23896  1809.45  1462.12  2521.91
544  160  2025-06-14 19-53-29  2102.4  23918.6  1813.18  1461.61  2522.24
545  160  2025-06-14 19-53-29  2104  23941.2  1816.9  1461.1  2522.56
546  160  2025-06-14 19-53-29  2105.6  23963.8  1820.6  1460.58  2522.89
547  160  2025-06-14 19-53-29  2107.2  23986.3  1824.29  1460.04  2523.22
548  160  2025-06-14 19-53-29  2108.8  24008.7  1827.96  1459.5  2523.54
549  160  2025-06-14 19-53-29  2110.4  24031.1  1831.61  1458.96  2523.87
550  160  2025-06-14 19-53-29  2112  24053.5  1835.24  1458.4  2524.19
551  160  2025-06-14 19-53-29  2113.6  24075.8  1838.86  1457.83  2524.52
552  160  2025-06-14 19-53-29  2115.2  24098  1842.46  1457.26  2524.85
553  160  2025-06-14 19-53-29  2116.8  24120.2  1846.04  1456.68  2525.17
554  160  2025-06-14 19-53-29  2118.4  24142.3  1849.61  1456.1  2525.5
555  160  2025-06-14 19-53-29  2120  24164.4  1853.16  1455.51  2525.82
556  160  2025-06-14 19-53-29  2121.6  24186.4  1856.69  1454.91  2526.15
557  160  2025-06-14 19-53-29  2123.2  24208.3  1860.2  1454.3  2526.48
558  160  2025-06-14 19-53-29  2124.8  24230.2  1863.7  1453.69  2526.8
559  160  2025-06-14 19-53-29  2126.4  24252.1  1867.18  1453.07  2527.13
560  160  2025-06-14 19-53-29  2128  24273.8  1870.64  1452.45  2527.45
561  160  2025-06-14 19-53-29  2129.6  24295.5  1874.09  1451.82  2527.78
562  160  2025-06-14 19-53-29  2131.2  24317.2  1877.51  1451.19  2528.11
563  160  2025-06-14 19-53-29  2132.8  24338.8  1880.92  1450.55  2528.43
564  160  2025-06-14 19-53-29  2134.4  24360.3  1884.31  1449.9  2528.76
565  160  2025-06-14 19-53-29  2136  24381.8  1887.68  1449.26  2529.08
566  160  2025-06-14 19-53-29  2137.6  24403.2  1891.04  1448.6  2529.41
567  160  2025-06-14 19-53-29  2139.2  24424.5  1894.38  1447.95  2529.74
568  160  2025-06-14 19-53-29  2140.8  24445.8  1897.7  1447.29  2530.06
569  160  2025-06-14 19-53-29  2142.4  24467  1901  1446.62  2530.39
570  160  2025-06-14 19-53-29  2144  24488.1  1904.28  1445.95  2530.71
571  160  2025-06-14 19-53-29  2145.6  24509.2  1907.55  1445.28  2531.04
572  160  2025-06-14 19-53-29  2147.2  24530.2  1910.8  1444.61  2531.37
573  160  2025-06-14 19-53-29  2148.8  24551.1  1914.03  1443.93  2531.69
574  160  2025-06-14 19-53-29  2150.4  24572  1917.24  1443.25  2532.02
575  160  2025-06-14 19-53-29  2152  24592.8  1920.44  1442.56  2532.34
576  160  2025-06-14 19-53-29  2153.6  24613.6  1923.62  1441.88  2532.67
577  160  2025-06-14 19-53-29  2155.2  24634.3  1926.78  1441.19  2533
578  160  2025-06-14 19-53-29  2156.8  24654.9  1929.92  1440.5  2533.32
579  160  2025-06-14 19-53-29  2158.4  24675.4  1933.04  1439.8  2533.65
580  160  2025-06-14 19-53-29  2160  24695.9  1936.15  1439.11  2533.98
581  160  2025-06-14 19-53-29  2161.6  24716.3  1939.24  1438.41  2534.3
582  160  2025-06-14 19-53-29  2163.2  24736.6  1942.31  1437.72  2534.63
583  160  2025-06-14 19-53-29  2164.8  24756.9  1945.36  1437.02  2534.95
584  160  2025-06-14 19-53-29  2166.4  24777.1  1948.4  1436.31  2535.28
585  160  2025-06-14 19-53-29  2168  24797.3  1951.42  1435.61  2535.61
586  160  2025-06-14 19-53-29  2169.6  24817.3  1954.42  1434.91  2535.93
587  160  2025-06-14 19-53-29  2171.2  24837.3  1957.4  1434.21  2536.26
588  160  2025-06-14 19-53-29  2172.8  24857.3  1960.37  1433.5  2536.58
589  160  2025-06-14 19-53-29  2174.4  24877.1  1963.31  1432.8  2536.91
590  160  2025-06-14 19-53-29  2176  24896.9  1966.25  1432.09  2537.24
591  160  2025-06-14 19-53-29  2177.6  24916.6  1969.16  1431.38  2537.56
592  160  2025-06-14 19-53-29  2179.2  24936.3  1972.06  1430.68  2537.89
593  160  2025-06-14 19-53-29  2180.8  24955.9  1974.93  1429.97  2538.21
594  160  2025-06-14 19-53-29  2182.4  24975.4  1977.8  1429.27  2538.54
595  160  2025-06-14 19-53-29  2184  24994.8  1980.64  1428.56  2538.87
596  160  2025-06-14 19-53-29  2185.6  25014.2  1983.47  1427.86  2539.19
597  160  2025-06-14 19-53-29  2187.2  25033.5  1986.28  1427.15  2539.52
598  160  2025-06-14 19-53-29  2188.8  25052.8  1989.07  1426.45  2539.84
599  160  2025-06-14 19-53-29  2190.4  25072  1991.85  1425.74  2540.17
600  160  2025-06-14 19-53-29  2192  25091.1  1994.61  1425.04  2540.5
601  160  2025-06-14 19-53-29  2193.6  25110.1  1997.35  1424.34  2540.82
602  160  2025-06-14 19-53-29  2195.2  25129.1  2000.08  1423.64  2541.15
603  160  2025-06-14 19-53-29  2196.8  25148  2002.79  1422.94  2541.47
604  160  2025-06-14 19-53-29  2198.4  25166.8  2005.48  1422.24  2541.8
605  160  2025-06-14 19-53-29  2200  25185.6  2008.16  1421.54  2542.13
606  160  2025-06-14 19-53-29  2201.6  25204.3  2010.82  1420.85  2542.45
607  160  2025-06-14 19-53-29  2203.2  25222.9  2013.46  1420.15  2542.78
608  160  2025-06-14 19-53-29  2204.8  25241.5  2016.09  1419.46  2543.1
609  160  2025-06-14 19-53-29  2206.4  25259.9  2018.7  1418.77  2543.43
610  160  2025-06-14 19-53-29  2208  25278.4  2021.29  1418.08  2543.76
611  160  2025-06-14 19-53-29  2209.6  25296.7  2023.87  1417.4  2544.08
612  160  2025-06-14 19-53-29  2211.2  25315  2026.43  1416.71  2544.41
613  160  2025-06-14 19-53-29  2212.8  25333.2  2028.98  1416.03  2544.73
614  160  2025-06-14 19-53-29  2214.4  25351.4  2031.51  1415.35  2545.06
615  160  2025-06-14 19-53-29  2216  25369.5  2034.02  1414.67  2545.39
616  160  2025-06-14 19-53-29  2217.6  25387.5  2036.52  1413.99  2545.71
617  160  2025-06-14 19-53-29  2219.2  25405.5  2039.01  1413.32  2546.04
618  160  2025-06-14 19-53-29  2220.8  25423.4  2041.48  1412.65  2546.36
619  160  2025-06-14 19-53-29  2222.4  25441.2  2043.93  1411.98  2546.69
620  160  2025-06-14 19-53-29  2224  25459  2046.36  1411.32  2547.02
621  160  2025-06-14 19-53-29  2225.6  25476.7  2048.79  1410.65  2547.34
622  160  2025-06-14 19-53-29  2227.2  25494.3  2051.19  1409.99  2547.67
623  160  2025-06-14 19-53-29  2228.8  25511.9  2053.58  1409.34  2548
624  160  2025-06-14 19-53-29  2230.4  25529.4  2055.96  1408.68  2548.32
625  160  2025-06-14 19-53-29  2232  25546.8  2058.32  1408.03  2548.65
626  160  2025-06-14 19-53-29  2233.6  25564.2  2060.67  1407.38  2548.97
627  160  2025-06-14 19-53-29  2235.2  25581.5  2063  1406.74  2549.3
628  160  2025-06-14 19-53-29  2236.8  25598.8  2065.32  1406.1  2549.63
629  160  2025-06-14 19-53-29  2238.4  25616  2067.62  1405.46  2549.95
630  160  2025-06-14 19-53-29  2240  25633.1  2069.91  1404.82  2550.28
631  160  2025-06-14 19-53-29  2241.6  25650.2  2072.18  1404.19  2550.6
632  160  2025-06-14 19-53-29  2243.2  25667.2  2074.44  1403.56  2550.93
633  160  2025-06-14 19-53-29  2244.8  25684.1  2076.69  1402.94  2551.26
634  160  2025-06-14 19-53-29  2246.4  25701  2078.92  1402.31  2551.58
635  160  2025-06-14 19-53-29  2248  25717.8  2081.13  1401.7  2551.91
636  160  2025-06-14 19-53-29  2249.6  25734.6  2083.34  1401.08  2552.23
637  160  2025-06-14 19-53-29  2251.2  25751.3  2085.53  1400.47  2552.56
638  160  2025-06-14 19-53-29  2252.8  25768  2087.7  1399.86  2552.89
639  160  2025-06-14 19-53-29  2254.4  25784.5  2089.86  1399.26  2553.21
640  160  2025-06-14 19-53-29  2256  25801.1  2092.01  1398.66  2553.54
641  160  2025-06-14 19-53-29  2257.6  25817.5  2094.14  1398.07  2553.86
642  160  2025-06-14 19-53-29  2259.2  25834  2096.26  1397.47  2554.19
643  160  2025-06-14 19-53-29  2260.8  25850.3  2098.37  1396.89  2554.52
644  160  2025-06-14 19-53-29  2262.4  25866.6  2100.47  1396.3  2554.84
645  160  2025-06-14 19-53-29  2264  25882.8  2102.55  1395.72  2555.17
646  160  2025-06-14 19-53-29  2265.6  25899  2104.61  1395.15  2555.49
647  160  2025-06-14 19-53-29  2267.2  25915.2  2106.67  1394.58  2555.82
648  160  2025-06-14 19-53-29  2268.8  25931.2  2108.71  1394.01  2556.15
649  160  2025-06-14 19-53-29  2270.4  25947.2  2110.74  1393.44  2556.47
650  160  2025-06-14 19-53-29  2272  25963.2  2112.76  1392.88  2556.8
651  160  2025-06-14 19-53-29  2273.6  25979.1  2114.76  1392.33  2557.12
652  160  2025-06-14 19-53-29  2275.2  25995  2116.75  271.777  2557.45
653  160  2025-06-14 19-53-29  2276.8  26010.8  2118.73  271.23  2557.78
654  160  2025-06-14 19-53-29  2278.4  26026.5  2120.7  270.687  2558.1
655  160  2025-06-14 19-53-29  2280  26042.2  2122.65  270.149  2558.43
656  160  2025-06-14 19-53-29  2281.6  26057.8  2124.59  269.614  2558.75
657  160  2025-06-14 19-53-29  2283.2  26073.4  2126.52  269.084  2559.08
658  160  2025-06-14 19-53-29  2284.8  26089  2128.44  268.559  2559.41
659  160  2025-06-14 19-53-29  2286.4  26104.5  2130.35  268.037  2559.73
660  160  2025-06-14 19-53-29  2288  26119.9  2132.24  267.52  2560.06
661  160  2025-06-14 19-53-29  2289.6  26135.3  2134.12  267.007  2560.39
662  160  2025-06-14 19-53-29  2291.2  26150.6  2136  266.499  2560.71
663  160  2025-06-14 19-53-29  2292.8  26165.9  2137.85  265.995  2561.04
664  160  2025-06-14 19-53-29  2294.4  26181.1  2139.7  265.495  2561.36
665  160  2025-06-14 19-53-29  2296  26196.3  2141.54  265  2561.69
666  160  2025-06-14 19-53-29  2297.6  26211.5  2143.36  264.509  2562.02
667  160  2025-06-14 19-53-29  2299.2  26226.6  2145.18  264.023  2562.34
668  160  2025-06-14 19-53-29  2300.8  26241.6  2146.98  263.541  2562.67
669  160  2025-06-14 19-53-29  2302.4  26256.6  2148.77  263.063  2562.99
670  160  2025-06-14 19-53-29  2304  26271.6  2150.55  262.59  2563.32
671  160  2025-06-14 19-53-29  2305.6  26286.5  2152.33  262.121  2563.65
672  160  2025-06-14 19-53-29  2307.2  26301.3  2154.08  261.657  2563.97
673  160  2025-06-14 19-53-29  2308.8  26316.1  2155.83  261.197  2564.3
674  160  2025-06-14 19-53-29  2310.4  26330.9  2157.57  260.742  2564.62
675  160  2025-06-14 19-53-29  2312  26345.6  2159.3  260.291  2564.95
676  160  2025-06-14 19-53-29  2313.6  26360.3  2161.02  259.845  2565.28
677  160  2025-06-14 19-53-29  2315.2  26375  2162.72  259.403  2565.6
678  160  2025-06-14 19-53-29  2316.8  26389.6  2164.42  258.965  2565.93
679  160  2025-06-14 19-53-29  2318.4  26404.1  2166.11  258.532  2566.25
680  160  2025-06-14 19-53-29  2320  26418.6  2167.78  258.104  2566.58
681  160  2025-06-14 19-53-29  2321.6  26433.1  2169.45  257.68  2566.91
682  160  2025-06-14 19-53-29  2323.2  26447.5  2171.11  257.26  2567.23
683  160  2025-06-14 19-53-29  2324.8  26461.9  2172.75  256.845  2567.56
684  160  2025-06-14 19-53-29  2326.4  26476.3  2174.39  256.434  2567.88
685  160  2025-06-14 19-53-29  2328  26490.6  2176.02  256.028  2568.21
686  160  2025-06-14 19-53-29  2329.6  26504.9  2177.63  255.626  2568.54
687  160  2025-06-14 19-53-29  2331.2  26519.1  2179.24  255.228  2568.86
688  160  2025-06-14 19-53-29  2332.8  26533.3  2180.84  254.835  2569.19
689  160  2025-06-14 19-53-29  2334.4  26547.5  2182.43  254.446  2569.51
690  160  2025-06-14 19-53-29  2336  26561.6  2184.01  254.062  2569.84
691  160  2025-06-14 19-53-29  2337.6  26575.6  2185.58  253.682  2570.17
692  160  2025-06-14 19-53-29  2339.2  26589.7  2187.14  253.307  2570.49
693  160  2025-06-14 19-53-29  2340.8  26603.7  2188.69  252.936  2570.82
694  160  2025-06-14 19-53-29  2342.4  26617.7  2190.24  252.569  2571.14
695  160  2025-06-14 19-53-29  2344  26631.6  2191.77  252.206  2571.47
696  160  2025-06-14 19-53-29  2345.6  26645.5  2193.3  251.848  2571.8
697  160  2025-06-14 19-53-29  2347.2  26659.4  2194.81  251.494  2572.12
698  160  2025-06-14 19-53-29  2348.8  26673.2  2196.32  251.145  2572.45
699  160  2025-06-14 19-53-29  2350.4  26687  2197.82  250.799  2572.78
700  160  2025-06-14 19-53-29  2352  26700.8  2199.31  250.458  2573.1
701  160  2025-06-14 19-53-29  2353.6  26714.5  2200.79  250.122  2573.43
702  160  2025-06-14 19-53-29  2355.2  26728.2  2202.27  249.789  2573.75
703  160  2025-06-14 19-53-29  2356.8  26741.9  2203.73  249.461  2574.08
704  160  2025-06-14 19-53-29  2358.4  26755.5  2205.19  249.137  2574.41
705  160  2025-06-14 19-53-29  2360  26769.1  2206.64  248.817  2574.73
706  160  2025-06-14 19-53-29  2361.6  26782.7  2208.08  248.501  2575.06
707  160  2025-06-14 19-53-29  2363.2  26796.2  2209.51  248.189  2575.38
708  160  2025-06-14 19-53-29  2364.8  26809.7  2210.94  247.882  2575.71
709  160  2025-06-14 19-53-29  2366.4  26823.2  2212.36  247.579  2576.04
710  160  2025-06-14 19-53-29  2368  26836.7  2213.76  247.279  2576.36
711  160  2025-06-14 19-53-29  2369.6  26850.1  2215.16  246.984  2576.69
712  160  2025-06-14 19-53-29  2371.2  26863.5  2216.56  246.693  2577.01
713  160  2025-06-14 19-53-29  2372.8  26876.9  2217.94  246.406  2577.34
714  160  2025-06-14 19-53-29  2374.4  26890.2  2219.32  246.123  2577.67
715  160  2025-06-14 19-53-29  2376  26903.5  2220.69  245.844  2577.99
716  160  2025-06-14 19-53-29  2377.6  26916.8  2222.05  245.569  2578.32
717  160  2025-06-14 19-53-29  2379.2  26930.1  2223.41  245.297  2578.64
718  160  2025-06-14 19-53-29  2380.8  26943.3  2224.76  245.03  2578.97
719  160  2025-06-14 19-53-29  2382.4  26956.5  2226.1  244.767  2579.3
720  160  2025-06-14 19-53-29  2384  26969.7  2227.43  244.507  2579.62
721  160  2025-06-14 19-53-29  2385.6  26982.9  2228.76  244.252  2579.95
722  160  2025-06-14 19-53-29  2387.2  26996  2230.07  244  2580.27
723  160  2025-06-14 19-53-29  2388.8  27009.1  2231.39  243.752  2580.6
724  160  2025-06-14 19-53-29  2390.4  27022.2  2232.69  243.508  2580.93
725  160  2025-06-14 19-53-29  2392  27035.3  2233.99  243.267  2581.25
726  160  2025-06-14 19-53-29  2393.6  27048.3  2235.28  243.031  2581.58
727  160  2025-06-14 19-53-29  2395.2  27061.3  2236.56  242.798  2581.9
728  160  2025-06-14 19-53-29  2396.8  27074.3  2237.84  242.568  2582.23
729  160  2025-06-14 19-53-29  2398.4  27087.3  2239.11  242.343  2582.56
730  160  2025-06-14 19-53-29  2400  27100.2  2240.37  242.121  2582.88
731  160  2025-06-14 19-53-29  2401.6  27113.2  2241.7  242.034  2578.36
732  160  2025-06-14 19-53-29  2403.2  27126.1  2243.04  241.948  2577.02
733  160  2025-06-14 19-53-29  2404.8  27139.2  2244.45  243.928  2573.88
734  160  2025-06-14 19-53-29  2406.4  27152.5  2245.92  245.871  2570.77
735  160  2025-06-14 19-53-29  2408  27166  2247.47  247.78  2567.7
736  160  2025-06-14 19-53-29  2409.6  27179.7  2249.07  249.655  2564.65
737  160  2025-06-14 19-53-29  2411.2  27193.5  2250.75  251.495  2561.64
738  160  2025-06-14 19-53-29  2412.8  27207.5  2252.49  253.303  2558.66
739  160  2025-06-14 19-53-29  2414.4  27221.7  2254.3  255.078  2555.71
740  160  2025-06-14 19-53-29  2416  27236.1  2256.18  256.822  2552.8
741  160  2025-06-14 19-53-29  2417.6  27250.6  2258.13  258.534  2549.92
742  160  2025-06-14 19-53-29  2419.2  27265.3  2260.14  260.215  2547.07
743  160  2025-06-14 19-53-29  2420.8  27280.1  2262.22  261.866  2544.25
744  160  2025-06-14 19-53-29  2422.4  27295.1  2264.37  263.487  2541.47
745  160  2025-06-14 19-53-29  2424  27310.3  2266.59  265.079  2538.71
746  160  2025-06-14 19-53-29  2425.6  27325.6  2268.87  266.642  2535.99
747  160  2025-06-14 19-53-29  2427.2  27341  2271.23  268.177  2533.3
748  160  2025-06-14 19-53-29  2428.8  27356.6  2273.65  269.685  2530.65
749  160  2025-06-14 19-53-29  2430.4  27372.3  2276.14  271.166  2528.03
750  160  2025-06-14 19-53-29  2432  27388.2  2278.7  1392.62  2525.43
751  160  2025-06-14 19-53-29  2433.6  27404.2  2281.32  1394.05  2522.87
752  160  2025-06-14 19-53-29  2435.2  27420.3  2284.01  1395.45  2520.35
753  160  2025-06-14 19-53-29  2436.8  27436.5  2286.77  1396.83  2517.85
754  160  2025-06-14 19-53-29  2438.4  27452.9  2289.6  1398.18  2515.39
755  160  2025-06-14 19-53-29  2440  27469.4  2292.49  1399.51  2512.96
756  160  2025-06-14 19-53-29  2441.6  27486  2295.44  1400.81  2510.56
757  160  2025-06-14 19-53-29  2443.2  27502.8  2298.47  1402.09  2508.19
758  160  2025-06-14 19-53-29  2444.8  27519.6  2301.56  1403.35  2505.86
759  160  2025-06-14 19-53-29  2446.4  27536.6  2304.71  1404.58  2503.55
760  160  2025-06-14 19-53-29  2448  27553.7  2307.93  1405.8  2501.28
761  160  2025-06-14 19-53-29  2449.6  27570.9  2311.21  1406.99  2499.04
762  160  2025-06-14 19-53-29  2451.2  27588.2  2314.55  1408.16  2496.83
763  160  2025-06-14 19-53-29  2452.8  27605.6  2317.96  1409.3  2494.66
764  160  2025-06-14 19-53-29  2454.4  27623.1  2321.43  1410.43  2492.51
765  160  2025-06-14 19-53-29  2456  27640.7  2324.97  1411.54  2490.39
766  160  2025-06-14 19-53-29  2457.6  27658.4  2328.56  1412.63  2488.31
767  160  2025-06-14 19-53-29  2459.2  27676.2  2332.22  1413.69  2486.26
768  160  2025-06-14 19-53-29  2460.8  27694.1  2335.94  1414.74  2484.24
769  160  2025-06-14 19-53-29  2462.4  27712  2339.71  1415.77  2482.25
770  160  2025-06-14 19-53-29  2464  27730.1  2343.55  1416.78  2480.29
771  160  2025-06-14 19-53-29  2465.6  27748.3  2347.44  1417.78  2478.36
772  160  2025-06-14 19-53-29  2467.2  27766.5  2351.4  1418.75  2476.46
773  160  2025-06-14 19-53-29  2468.8  27784.9  2355.41  1419.71  2474.59
774  160  2025-06-14 19-53-29  2470.4  27803.3  2359.48  1420.65  2472.75
775  160  2025-06-14 19-53-29  2472  27821.8  2363.6  1421.57  2470.94
776  160  2025-06-14 19-53-29  2473.6  27840.4  2367.78  1422.48  2469.17
777  160  2025-06-14 19-53-29  2475.2  27859  2372.02  1423.37  2467.42
778  160  2025-06-14 19-53-29  2476.8  27877.8  2376.31  1424.25  2465.7
779  160  2025-06-14 19-53-29  2478.4  27896.6  2380.65  1425.11  2464.01
780  160  2025-06-14 19-53-29  2480  27915.5  2385.05  1425.95  2462.35
781  160  2025-06-14 19-53-29  2481.6  27934.5  2389.5  1426.78  2460.73
782  160  2025-06-14 19-53-29  2483.2  27953.5  2394  1427.59  2459.13
783  160  2025-06-14 19-53-29  2484.8  27972.6  2398.55  1428.39  2457.55
784  160  2025-06-14 19-53-29  2486.4  27991.8  2403.15  1429.17  2456.01
785  160  2025-06-14 19-53-29  2488  28011  2407.8  1429.94  2454.5
786  160  2025-06-14 19-53-29  2489.6  28030.3  2412.51  1430.7  2453.02
787  160  2025-06-14 19-53-29  2491.2  28049.7  2417.26  1431.44  2451.56
788  160  2025-06-14 19-53-29  2492.8  28069.1  2422.05  1432.17  2450.13
789  160  2025-06-14 19-53-29  2494.4  28088.6  2426.9  1432.89  2448.73
790  160  2025-06-14 19-53-29  2496  28108.2  2431.79  1433.59  2447.36
791  160  2025-06-14 19-53-29  2497.6  28127.8  2436.72  1434.28  2446.02
792  160  2025-06-14 19-53-29  2499.2  28147.5  2441.71  1434.96  2444.71
793  160  2025-06-14 19-53-29  2500.8  28167.2  2446.73  1435.63  2443.42
794  160  2025-06-14 19-53-29  2502.4  28187  2451.8  1436.28  2442.16
795  160  2025-06-14 19-53-29  2504  28206.8  2456.91  1436.92  2440.93
796  160  2025-06-14 19-53-29  2505.6  28226.7  2462.06  1437.56  2439.72
797  160  2025-06-14 19-53-29  2507.2  28246.7  2467.26  1438.17  2438.54
798  160  2025-06-14 19-53-29  2508.8  28266.7  2472.49  1438.78  2437.39
799  160  2025-06-14 19-53-29  2510.4  28286.7  2477.76  1439.38  2436.26
800  160  2025-06-14 19-53-29  2512  28306.8  2483.08  1439.97  2435.17
801  160  2025-06-14 19-53-29  2513.6  28327  2488.43  1440.54  2434.09
802  160  2025-06-14 19-53-29  2515.2  28347.2  2493.82  1441.11  2433.05
803  160  2025-06-14 19-53-29  2516.8  28367.5  2499.24  1441.66  2432.03
804  160  2025-06-14 19-53-29  2518.4  28387.8  2504.71  1442.21  2431.03
805  160  2025-06-14 19-53-29  2520  28408.1  2510.2  1442.75  2430.06
806  160  2025-06-14 19-53-29  2521.6  28428.5  2515.74  1443.27  2429.12
807  160  2025-06-14 19-53-29  2523.2  140449  2521.3  1443.79  2428.2
808  160  2025-06-14 19-53-29  2524.8  140469  2526.9  1444.3  2427.3
809  160  2025-06-14 19-53-29  2526.4  140490  2532.53  1444.79  2426.43
810  160  2025-06-14 19-53-29  2528  140510  2538.2  1445.28  2425.59
811  160  2025-06-14 19-53-29  2529.6  140531  2543.89  1445.76  2424.77
812  160  2025-06-14 19-53-29  2531.2  140552  2549.62  1446.24  2423.97
813  160  2025-06-14 19-53-29  2532.8  140572  2555.38  1446.7  2423.2
814  160  2025-06-14 19-53-29  2534.4  140593  2561.16  1447.15  2422.45
815  160  2025-06-14 19-53-29  2536  140614  2566.97  1447.6  2421.72
816  160  2025-06-14 19-53-29  2537.6  140635  2572.81  1448.04  2421.02
817  160  2025-06-14 19-53-29  2539.2  140656  2578.68  1448.47  2420.34
818  160  2025-06-14 19-53-29  2540.8  140676  2584.58  1448.89  2419.69
819  160  2025-06-14 19-53-29  2542.4  140697  2590.5  1449.31  2419.06
820  160  2025-06-14 19-53-29  2544  140718  2596.44  1449.72  2418.45
821  160  2025-06-14 19-53-29  2545.6  140739  2602.41  1450.12  2417.86
822  160  2025-06-14 19-53-29  2547.2  140760  2608.41  1450.51  2417.29
823  160  2025-06-14 19-53-29  2548.8  140781  2614.42  1450.9  2416.73
824  160  2025-06-14 19-53-29  2550.4  140802  2620.46  1451.28  2416.17
825  160  2025-06-14 19-53-29  2552  140823  2626.53  1451.65  2415.61
826  160  2025-06-14 19-53-29  2553.6  140845  2632.61  1452.02  2415.05
827  160  2025-06-14 19-53-29  2555.2  140866  2638.72  1452.38  2414.5
828  160  2025-06-14 19-53-29  2556.8  140887  2644.85  1452.73  2413.95
829  160  2025-06-14 19-53-29  2558.4  140908  2651.01  1453.08  2413.4
830  160  2025-06-14 19-53-29  2560  140930  2657.18  1453.42  2412.86
831  160  2025-06-14 19-53-29  2561.6  140951  2663.38  1453.75  2412.32
832  160  2025-06-14 19-53-29  2563.2  140972  2669.6  1454.08  2411.78
833  160  2025-06-14 19-53-29  2564.8  140993  2675.84  1454.4  2411.24
834  160  2025-06-14 19-53-29  2566.4  141015  2682.1  1454.72  2410.7
835  160  2025-06-14 19-53-29  2568  141036  2688.39  1455.03  2410.17
836  160  2025-06-14 19-53-29  2569.6  141058  2694.69  1455.33  2409.64
837  160  2025-06-14 19-53-29  2571.2  141079  2701.02  1455.63  2409.12
838  160  2025-06-14 19-53-29  2572.8  141101  2707.36  1455.93  2408.59
839  160  2025-06-14 19-53-29  2574.4  141122  2713.73  1456.22  2408.07
840  160  2025-06-14 19-53-29  2576  141144  2720.12  1456.5  2407.55
841  160  2025-06-14 19-53-29  2577.6  141165  2726.52  1456.78  2407.04
842  160  2025-06-14 19-53-29  2579.2  141187  2732.95  1457.05  2406.52
843  160  2025-06-14 19-53-29  2580.8  141208  2739.4  1457.32  2406.01
844  160  2025-06-14 19-53-29  2582.4  141230  2745.86  1457.59  2405.51
845  160  2025-06-14 19-53-29  2584  141252  2752.35  1457.85  2405
846  160  2025-06-14 19-53-29  2585.6  141273  2758.85  1458.1  2404.5
847  160  2025-06-14 19-53-29  2587.2  141295  2765.38  1458.35  2404
848  160  2025-06-14 19-53-29  2588.8  141317  2771.92  1458.6  2403.5
849  160  2025-06-14 19-53-29  2590.4  141338  2778.48  1458.84  2403
850  160  2025-06-14 19-53-29  2592  141360  2785.06  1459.07  2402.51
851  160  2025-06-14 19-53-29  2593.6  141382  2791.66  1459.31  2402.02
852  160  2025-06-14 19-53-29  2595.2  141404  2798.27  1459.53  2401.54
853  160  2025-06-14 19-53-29  2596.8  141425  2804.91  1459.76  2401.05
854  160  2025-06-14 19-53-29  2598.4  141447  2811.56  1459.98  2400.57
855  160  2025-06-14 19-53-29  2600  141469  2818.23  1460.2  2400.09
856  160  2025-06-14 19-53-29  2601.6  141491  2824.91  1460.41  2399.61
857  160  2025-06-14 19-53-29  2603.2  141513  2831.62  1460.62  2399.14
858  160  2025-06-14 19-53-29  2604.8  141535  14038.3  1460.82  2398.67
859  160  2025-06-14 19-53-29  2606.4  141556  14045.1  1461.02  2398.2
860  160  2025-06-14 19-53-29  2608  141578  14051.8  1461.22  2397.73
861  160  2025-06-14 19-53-29  2609.6  141600  14058.6  1461.41  2397.27
862  160  2025-06-14 19-53-29  2611.2  141622  14065.4  1461.6  2396.81
863  160  2025-06-14 19-53-29  2612.8  141644  14072.2  1461.79  2396.35
864  160  2025-06-14 19-53-29  2614.4  141666  14079  1461.97  2395.9
865  160  2025-06-14 19-53-29  2616  141688  14085.9  1462.15  2395.44
866  160  2025-06-14 19-53-29  2617.6  141710  14092.7  1462.33  2394.99
867  160  2025-06-14 19-53-29  2619.2  141732  14099.6  1462.51  2394.54
868  160  2025-06-14 19-53-29  2620.8  141754  14106.5  1462.68  2394.1
869  160  2025-06-14 19-53-29  2622.4  141776  14113.4  1462.84  2393.66
870  160  2025-06-14 19-53-29  2624  141798  14120.3  1463.01  2393.22
871  160  2025-06-14 19-53-29  2625.6  141820  14127.2  1463.17  2392.78
872  160  2025-06-14 19-53-29  2627.2  141842  14134.2  1463.33  2392.35
873  160  2025-06-14 19-53-29  2628.8  141864  14141.1  1463.49  2391.91
874  160  2025-06-14 19-53-29  2630.4  141886  14148.1  1463.64  2391.48
875  160  2025-06-14 19-53-29  2632  141909  14155.1  1463.79  2391.06
876  160  2025-06-14 19-53-29  2633.6  141931  14162.1  1463.94  2390.63
877  160  2025-06-14 19-53-29  2635.2  141953  14169.1  1464.08  2390.21
878  160  2025-06-14 19-53-29  2636.8  141975  14176.2  1464.22  2389.79
879  160  2025-06-14 19-53-29  2638.4  141997  14183.2  1464.36  2389.38
880  160  2025-06-14 19-53-29  2640  142019  14190.3  1464.5  2388.96
881  160  2025-06-14 19-53-29  2641.6  142041  14197.4  1464.64  2388.55
882  160  2025-06-14 19-53-29  2643.2  142064  14204.5  1464.77  2388.15
883  160  2025-06-14 19-53-29  2644.8  142086  14211.6  1464.9  2387.74
884  160  2025-06-14 19-53-29  2646.4  142108  14218.7  1465.03  2387.34
885  160  2025-06-14 19-53-29  2648  142130  14225.8  1465.15  2386.94
886  160  2025-06-14 19-53-29  2649.6  142152  14233  1465.27  2386.54
887  160  2025-06-14 19-53-29  2651.2  142175  14240.1  1465.4  2386.14
888  160  2025-06-14 19-53-29  2652.8  142197  14247.3  1465.51  2385.75
889  160  2025-06-14 19-53-29  2654.4  142219  14254.5  1465.63  2385.36
890  160  2025-06-14 19-53-29  2656  142241  14261.7  1465.75  2384.97
891  160  2025-06-14 19-53-29  2657.6  142263  14268.9  1465.86  2384.59
892  160  2025-06-14 19-53-29  2659.2  142286  14276.1  1465.97  2384.21
893  160  2025-06-14 19-53-29  2660.8  142308  14283.4  1466.08  2383.83
894  160  2025-06-14 19-53-29  2662.4  142330  14290.6  1466.18  2383.45
895  160  2025-06-14 19-53-29  2664  142352  14297.9  1466.29  2383.08
896  160  2025-06-14 19-53-29  2665.6  142375  14305.2  1466.39  2382.71
897  160  2025-06-14 19-53-29  2667.2  142397  14312.4  1466.49  2382.34
898  160  2025-06-14 19-53-29  2668.8  142419  14319.7  1466.59  2381.97
899  160  2025-06-14 19-53-29  2670.4  142442  14327  1466.69  2381.61
900  160  2025-06-14 19-53-29  2672  142464  14334.4  1466.78  2381.25
901  160  2025-06-14 19-53-29  2673.6  142486  14341.7  1466.88  2380.89
902  160  2025-06-14 19-53-29  2675.2  142509  14349  1466.97  2380.53
903  160  2025-06-14 19-53-29  2676.8  142531  14356.4  1467.06  2380.18
904  160  2025-06-14 19-53-29  2678.4  142553  14363.8  1467.15  2379.83
905  160  2025-06-14 19-53-29  2680  142576  14371.2  1467.24  2379.48
906  160  2025-06-14 19-53-29  2681.6  142598  14378.5  1467.32  2379.14
907  160  2025-06-14 19-53-29  2683.2  142620  14385.9  1467.41  2378.79
908  160  2025-06-14 19-53-29  2684.8  142643  14393.4  1467.49  2378.45
909  160  2025-06-14 19-53-29  2686.4  142665  14400.8  1467.57  2378.12
910  160  2025-06-14 19-53-29  2688  142687  14408.2  1467.65  2377.78
911  160  2025-06-14 19-53-29  2689.6  142710  14415.7  1467.73  2377.45
912  160  2025-06-14 19-53-29  2691.2  142732  14423.1  1467.8  2377.12
913  160  2025-06-14 19-53-29  2692.8  142754  14430.6  1467.88  2376.79
914  160  2025-06-14 19-53-29  2694.4  142777  14438.1  1467.95  2376.47
915  160  2025-06-14 19-53-29  2696  142799  14445.5  1468.03  2376.15
916  160  2025-06-14 19-53-29  2697.6  142822  14453  1468.1  2375.83
917  160  2025-06-14 19-53-29  2699.2  142844  14460.5  1468.17  2375.51
918  160  2025-06-14 19-53-29  2700.8  142866  14468.1  1468.24  2375.2
919  160  2025-06-14 19-53-29  2702.4  142889  14475.6  1468.31  2374.89
920  160  2025-06-14 19-53-29  2704  142911  14483.1  1468.37  2374.58
921  160  2025-06-14 19-53-29  2705.6  142934  14490.7  1468.44  2374.28
922  160  2025-06-14 19-53-29  2707.2  142956  14498.2  1468.5  2373.97
923  160  2025-06-14 19-53-29  2708.8  142978  14505.8  1468.56  2373.67
924  160  2025-06-14 19-53-29  2710.4  143001  14513.4  1468.63  2373.37
925  160  2025-06-14 19-53-29  2712  143023  14520.9  1468.69  2373.08
926  160  2025-06-14 19-53-29  2713.6  143046  14528.5  1468.75  2372.79
927  160  2025-06-14 19-53-29  2715.2  143068  14536.1  1468.8  2372.5
928  160  2025-06-14 19-53-29  2716.8  143091  14543.7  1468.86  2372.21
929  160  2025-06-14 19-53-29  2718.4  143113  14551.3  1468.92  2371.92
930  160  2025-06-14 19-53-29  2720  143135  14559  1468.97  2371.64
931  160  2025-06-14 19-53-29  2721.6  143158  14566.6  1469.03  2371.36
932  160  2025-06-14 19-53-29  2723.2  143180  14574.3  1469.08  2371.09
933  160  2025-06-14 19-53-29  2724.8  143203  14581.9  1469.13  2370.81
934  160  2025-06-14 19-53-29  2726.4  143225  14589.6  1469.19  2370.54
935  160  2025-06-14 19-53-29  2728  143248  14597.2  1469.24  2370.27
936  160  2025-06-14 19-53-29  2729.6  143270  14604.9  1469.29  2370.01
937  160  2025-06-14 19-53-29  2731.2  143293  14612.6  1469.33  2369.74
938  160  2025-06-14 19-53-29  2732.8  143315  14620.3  1469.38  2369.48
939  160  2025-06-14 19-53-29  2734.4  143337  14628  1469.43  2369.22
940  160  2025-06-14 19-53-29  2736  143360  14635.7  1469.48  2368.97
941  160  2025-06-14 19-53-29  2737.6  143382  14643.4  1469.52  2368.71
942  160  2025-06-14 19-53-29  2739.2  143405  14651.1  1469.57  2368.46
943  160  2025-06-14 19-53-29  2740.8  143427  14658.9  1469.61  2368.22
944  160  2025-06-14 19-53-29  2742.4  143450  14666.6  1469.65  2367.97
945  160  2025-06-14 19-53-29  2744  143472  14674.3  1469.7  2367.73
946  160  2025-06-14 19-53-29  2745.6  143495  14682.1  1469.74  2367.49
947  160  2025-06-14 19-53-29  2747.2  143517  14689.9  1469.78  2367.25
948  160  2025-06-14 19-53-29  2748.8  143540  14697.6  1469.82  2367.02
949  160  2025-06-14 19-53-29  2750.4  143562  14705.4  1469.86  2366.78
950  160  2025-06-14 19-53-29  2752  143585  14713.2  1469.9  2366.55
951  160  2025-06-14 19-53-29  2753.6  143607  14721  1469.93  2366.33
952  160  2025-06-14 19-53-29  2755.2  143630  14728.8  1469.97  2366.1
953  160  2025-06-14 19-53-29  2756.8  143652  14736.6  1470.01  2365.88
954  160  2025-06-14 19-53-29  2758.4  143675  14744.4  1470.04  2365.66
955  160  2025-06-14 19-53-29  2760  143697  14752.2  1470.08  2365.45
956  160  2025-06-14 19-53-29  2761.6  143720  14760  1470.11  2365.23
957  160  2025-06-14 19-53-29  2763.2  143742  14767.8  1470.15  2365.02
958  160  2025-06-14 19-53-29  2764.8  143765  14775.7  1470.18  2364.81
959  160  2025-06-14 19-53-29  2766.4  143787  14783.5  1470.21  2364.61
960  160  2025-06-14 19-53-29  2768  143810  14791.3  1470.24  2364.4
961  160  2025-06-14 19-53-29  2769.6  143832  14799.2  1470.28  2364.2
962  160  2025-06-14 19-53-29  2771.2  143855  14807.1  1470.31  2364.01
963  160  2025-06-14 19-53-29  2772.8  143877  14814.9  1470.34  2363.81
964  160  2025-06-14 19-53-29  2774.4  143900  14822.8  1470.37  2363.62
965  160  2025-06-14 19-53-29  2776  143922  14830.7  1470.4  2363.43
966  160  2025-06-14 19-53-29  2777.6  143945  14838.5  1470.43  2363.24
967  160  2025-06-14 19-53-29  2779.2  143967  14846.4  1470.45  2363.06
968  160  2025-06-14 19-53-29  2780.8  143990  14854.3  1470.48  2362.87
969  160  2025-06-14 19-53-29  2782.4  144012  14862.2  1470.51  2362.69
970  160  2025-06-14 19-53-29  2784  144035  14870.1  1470.54  2362.52
971  160  2025-06-14 19-53-29  2785.6  144057  14878  1470.56  2362.34
972  160  2025-06-14 19-53-29  2787.2  144080  14885.9  1470.59  2362.17
973  160  2025-06-14 19-53-29  2788.8  144102  14893.8  1470.61  2362
974  160  2025-06-14 19-53-29  2790.4  144125  14901.8  1470.64  2361.84
975  160  2025-06-14 19-53-29  2792  144147  14909.7  1470.66  2361.67
976  160  2025-06-14 19-53-29  2793.6  144170  14917.6  1470.69  2361.51
977  160  2025-06-14 19-53-29  2795.2  144192  14925.6  1470.71  2361.35
978  160  2025-06-14 19-53-29  2796.8  144215  14933.5  1470.73  2361.2
979  160  2025-06-14 19-53-29  2798.4  144237  14941.4  1470.76  2361.04
980  160  2025-06-14 19-53-29  2800  144260  14949.4  1470.78  2360.89
981  160  2025-06-14 19-53-29  2801.6  144282  14957.3  1470.8  2360.74
982  160  2025-06-14 19-53-29  2803.2  144305  14965.3  1470.82  2360.6
983  160  2025-06-14 19-53-29  2804.8  144327  14973.3  1470.84  2360.46
984  160  2025-06-14 19-53-29  2806.4  144350  14981.2  1470.86  2360.32
985  160  2025-06-14 19-53-29  2808  144372  14989.2  1470.88  2360.18
986  160  2025-06-14 19-53-29  2809.6  144395  14997.2  1470.9  2360.04
987  160  2025-06-14 19-53-29  2811.2  144417  15005.1  1470.92  2359.91
988  160  2025-06-14 19-53-29  2812.8  144440  15013.1  1470.94  2359.78
989  160  2025-06-14 19-53-29  2814.4  144462  15021.1  1470.96  2359.66
990  160  2025-06-14 19-53-29  2816  144485  15029.1  1470.98  2359.53
991  160  2025-06-14 19-53-29  2817.6  144507  15037.1  1471  2359.41
992  160  2025-06-14 19-53-29  2819.2  144530  15045.1  1471.02  2359.29
993  160  2025-06-14 19-53-29  2820.8  144552  15053.1  1471.04  2359.17
994  160  2025-06-14 19-53-29  2822.4  144575  15061.1  1471.05  2359.06
995  160  2025-06-14 19-53-29  2824  144598  15069.1  1471.07  2358.95
996  160  2025-06-14 19-53-29  2825.6  144620  15077.1  1471.09  2358.84
997  160  2025-06-14 19-53-29  2827.2  144643  15085.1  1471.1  2358.73
998  160  2025-06-14 19-53-29  2828.8  144665  15093.1  1471.12  2358.63
999  160  2025-06-14 19-53-29  2830.4  144688  15101.2  1471.14  2358.53
1000  160  2025-06-14 19-53-29  14032  144710  15109.2  1471.15  2358.43
1001  160  2025-06-14 19-53-29  14033.6  144733  15117.2  1471.17  2358.34
1002  160  2025-06-14 19-53-29  14035.2  144755  15125.2  1471.18  2358.24
1003  160  2025-06-14 19-53-29  14036.8  144778  15133.3  1471.2  2358.15
1004  160  2025-06-14 19-53-29  14038.4  144800  15141.3  1471.21  2358.07
1005  160  2025-06-14 19-53-29  14040  144823  15148.9  1471.22  2374.07
1006  160  2025-06-14 19-53-29  14041.6  144846  15156.2  1471.24  2390.07
1007  160  2025-06-14 19-53-29  14043.2  144869  15163  1471.25  2406.07
1008  160  2025-06-14 19-53-29  14044.8  144892  15169.5  1471.27  2422.07
1009  160  2025-06-14 19-53-29  14046.4  144915  15175.5  1471.28  2438.07
1010  160  2025-06-14 19-53-29  14048  144938  15181.1  1471.28  2454.07
1011  160  2025-06-14 19-53-29  14049.6  144962  15186.4  1471.28  2470.07
1012  160  2025-06-14 19-53-29  14051.2  144985  15191.2  1471.27  2486.07
1013  160  2025-06-14 19-53-29  14052.8  145008  15195.6  1471.26  2502.07
1014  160  2025-06-14 19-53-29  14054.4  145032  15199.6  1471.23  2518.07
1015  160  2025-06-14 19-53-29  14056  145056  15203.2  1471.2  2534.07
1016  160  2025-06-14 19-53-29  14057.6  145079  15206.3  1471.15  2550.07
1017  160  2025-06-14 19-53-29  14059.2  145103  15209.1  1471.1  2566.07
