SN    USVID    CurTime    simTime    CurX    CurY    CurVel      CurYaw   
0  128  2025-06-09 22-09-25  0  8  4.89843e-16  192  2672
1  128  2025-06-09 22-09-25  1.6  128.006  9.80038e-16  192.058  2672
2  128  2025-06-09 22-09-25  3.2  136.017  1.47058e-15  192.115  2672
3  128  2025-06-09 22-09-25  4.8  144.035  1.96148e-15  192.173  2672
4  128  2025-06-09 22-09-25  6.4  152.058  2.45274e-15  192.23  2672
5  128  2025-06-09 22-09-25  8  160.086  2.94434e-15  192.288  2672
6  128  2025-06-09 22-09-25  9.6  168.121  3.4363e-15  192.345  2672
7  128  2025-06-09 22-09-25  11.2  176.161  3.92861e-15  192.403  2672
8  128  2025-06-09 22-09-25  12.8  184.207  4.42127e-15  192.46  2672
9  128  2025-06-09 22-09-25  14.4  192.259  4.91428e-15  192.518  2672
10  128  2025-06-09 22-09-25  128  200.317  5.40765e-15  192.576  2672
11  128  2025-06-09 22-09-25  129.6  208.38  5.90137e-15  192.633  2672
12  128  2025-06-09 22-09-25  131.2  216.449  6.39544e-15  192.691  2672
13  128  2025-06-09 22-09-25  132.8  224.524  6.88987e-15  192.748  2672
14  128  2025-06-09 22-09-25  134.4  232.604  7.38464e-15  192.806  2672
15  128  2025-06-09 22-09-25  136  240.691  7.87977e-15  192.863  2672
16  128  2025-06-09 22-09-25  137.6  248.783  8.37525e-15  192.921  2672
17  128  2025-06-09 22-09-25  139.2  256.881  8.87109e-15  192.978  2672
18  128  2025-06-09 22-09-25  140.8  264.984  9.36727e-15  193.036  2672
19  128  2025-06-09 22-09-25  142.4  1393.09  9.86381e-15  193.094  2672
20  128  2025-06-09 22-09-25  144  1401.21  1.03607e-14  193.151  2672
21  128  2025-06-09 22-09-25  145.6  1409.33  1.08579e-14  193.209  2672
22  128  2025-06-09 22-09-25  147.2  1417.46  1.13555e-14  193.266  2672
23  128  2025-06-09 22-09-25  148.8  1425.59  1.18535e-14  193.324  2672
24  128  2025-06-09 22-09-25  150.4  1433.73  1.23518e-14  193.381  2672
25  128  2025-06-09 22-09-25  152  1441.87  1.28504e-14  193.439  2672
26  128  2025-06-09 22-09-25  153.6  1450.02  1.33494e-14  193.496  2672
27  128  2025-06-09 22-09-25  155.2  1458.18  1.38488e-14  193.554  2672
28  128  2025-06-09 22-09-25  156.8  1466.34  1.43485e-14  193.612  2672
29  128  2025-06-09 22-09-25  158.4  1474.5  1.48486e-14  193.669  2672
30  128  2025-06-09 22-09-25  160  1482.68  1.5349e-14  193.727  2672
31  128  2025-06-09 22-09-25  161.6  1490.85  1.58498e-14  193.784  2672
32  128  2025-06-09 22-09-25  163.2  1499.04  1.63509e-14  193.842  2672
33  128  2025-06-09 22-09-25  164.8  1507.23  1.68524e-14  193.899  2672
34  128  2025-06-09 22-09-25  166.4  1515.42  1.73542e-14  193.957  2672
35  128  2025-06-09 22-09-25  168  1523.63  1.78564e-14  194.014  2672
36  128  2025-06-09 22-09-25  169.6  1531.83  1.83589e-14  194.072  2672
37  128  2025-06-09 22-09-25  171.2  1540.05  1.88618e-14  194.13  2672
38  128  2025-06-09 22-09-25  172.8  1548.26  1.9365e-14  194.187  2672
39  128  2025-06-09 22-09-25  174.4  1556.49  1.98686e-14  194.245  2672
40  128  2025-06-09 22-09-25  176  1564.72  2.03725e-14  194.302  2672
41  128  2025-06-09 22-09-25  177.6  1572.96  2.08768e-14  194.36  2672
42  128  2025-06-09 22-09-25  179.2  1581.2  2.13815e-14  194.417  2672
43  128  2025-06-09 22-09-25  180.8  1589.44  2.18865e-14  194.475  2672
44  128  2025-06-09 22-09-25  182.4  1597.7  2.23918e-14  194.532  2672
45  128  2025-06-09 22-09-25  184  1605.96  2.28975e-14  194.59  2672
46  128  2025-06-09 22-09-25  185.6  1614.22  2.34036e-14  194.648  2672
47  128  2025-06-09 22-09-25  187.2  1622.49  2.391e-14  194.705  2672
48  128  2025-06-09 22-09-25  188.8  1630.77  2.44167e-14  194.763  2672
49  128  2025-06-09 22-09-25  190.4  1639.05  2.49238e-14  194.82  2672
50  128  2025-06-09 22-09-25  192  1647.34  2.54313e-14  194.878  2672
51  128  2025-06-09 22-09-25  193.6  1655.63  2.59391e-14  194.935  2672
52  128  2025-06-09 22-09-25  195.2  1663.93  2.64473e-14  194.993  2672
53  128  2025-06-09 22-09-25  196.8  1672.24  2.69558e-14  195.05  2672
54  128  2025-06-09 22-09-25  198.4  1680.55  2.74647e-14  195.108  2672
55  128  2025-06-09 22-09-25  200  1688.86  2.79739e-14  195.166  2672
56  128  2025-06-09 22-09-25  201.6  1697.19  2.84835e-14  195.223  2672
57  128  2025-06-09 22-09-25  203.2  1705.51  2.89934e-14  195.281  2672
58  128  2025-06-09 22-09-25  204.8  1713.85  2.95037e-14  195.338  2672
59  128  2025-06-09 22-09-25  206.4  1722.19  3.00143e-14  195.396  2672
60  128  2025-06-09 22-09-25  208  1730.53  3.05253e-14  195.453  2672
61  128  2025-06-09 22-09-25  209.6  1738.88  3.10367e-14  195.511  2672
62  128  2025-06-09 22-09-25  211.2  1747.24  3.15484e-14  195.568  2672
63  128  2025-06-09 22-09-25  212.8  1755.6  3.20604e-14  195.626  2672
64  128  2025-06-09 22-09-25  214.4  1763.97  3.25728e-14  195.684  2672
65  128  2025-06-09 22-09-25  216  1772.35  3.30855e-14  195.741  2672
66  128  2025-06-09 22-09-25  217.6  1780.73  3.35986e-14  195.799  2672
67  128  2025-06-09 22-09-25  219.2  1789.11  3.41121e-14  195.856  2672
68  128  2025-06-09 22-09-25  220.8  1797.5  3.46259e-14  195.914  2672
69  128  2025-06-09 22-09-25  222.4  1805.9  3.51401e-14  195.971  2672
70  128  2025-06-09 22-09-25  224  1814.3  3.56546e-14  196.029  2672
71  128  2025-06-09 22-09-25  225.6  1822.71  3.61694e-14  196.086  2672
72  128  2025-06-09 22-09-25  227.2  1831.13  3.66847e-14  196.144  2672
73  128  2025-06-09 22-09-25  228.8  1839.55  3.72002e-14  196.202  2672
74  128  2025-06-09 22-09-25  230.4  1847.97  3.77162e-14  196.259  2672
75  128  2025-06-09 22-09-25  232  1856.4  3.82324e-14  196.317  2672
76  128  2025-06-09 22-09-25  233.6  1864.84  3.87491e-14  196.374  2672
77  128  2025-06-09 22-09-25  235.2  1873.28  3.9266e-14  196.432  2672
78  128  2025-06-09 22-09-25  236.8  1881.73  3.97834e-14  196.489  2672
79  128  2025-06-09 22-09-25  238.4  1890.19  4.0301e-14  196.547  2672
80  128  2025-06-09 22-09-25  240  1898.65  4.08191e-14  196.604  2672
81  128  2025-06-09 22-09-25  241.6  1907.11  4.13375e-14  196.662  2672
82  128  2025-06-09 22-09-25  243.2  1915.59  4.18562e-14  196.72  2672
83  128  2025-06-09 22-09-25  244.8  1924.06  4.23753e-14  196.777  2672
84  128  2025-06-09 22-09-25  246.4  1932.55  4.28947e-14  196.835  2672
85  128  2025-06-09 22-09-25  248  1941.04  4.34145e-14  196.892  2672
86  128  2025-06-09 22-09-25  249.6  1949.53  4.39347e-14  196.95  2672
87  128  2025-06-09 22-09-25  251.2  1958.03  4.44552e-14  197.007  2672
88  128  2025-06-09 22-09-25  252.8  1966.54  4.49761e-14  197.065  2672
89  128  2025-06-09 22-09-25  254.4  1975.05  4.54973e-14  197.122  2672
90  128  2025-06-09 22-09-25  256  1983.57  4.60188e-14  197.18  2672
91  128  2025-06-09 22-09-25  257.6  1992.09  4.65407e-14  197.238  2672
92  128  2025-06-09 22-09-25  259.2  2000.62  4.7063e-14  197.295  2672
93  128  2025-06-09 22-09-25  260.8  2009.16  4.75856e-14  197.353  2672
94  128  2025-06-09 22-09-25  262.4  2017.7  4.81086e-14  197.41  2672
95  128  2025-06-09 22-09-25  264  2026.25  4.86319e-14  197.468  2672
96  128  2025-06-09 22-09-25  265.6  2034.8  4.91556e-14  197.525  2672
97  128  2025-06-09 22-09-25  267.2  2043.36  4.96796e-14  197.583  2672
98  128  2025-06-09 22-09-25  268.8  2051.92  5.0204e-14  197.641  2672
99  128  2025-06-09 22-09-25  270.4  2060.49  5.07287e-14  197.698  2672
100  128  2025-06-09 22-09-25  1392  2069.07  5.12538e-14  197.756  2672
101  128  2025-06-09 22-09-25  1393.6  2077.65  5.17792e-14  197.813  2672
102  128  2025-06-09 22-09-25  1395.2  2086.23  5.2305e-14  197.871  2672
103  128  2025-06-09 22-09-25  1396.8  2094.83  5.28312e-14  197.928  2672
104  128  2025-06-09 22-09-25  1398.4  2103.43  5.33577e-14  197.986  2672
105  128  2025-06-09 22-09-25  1400  2112.03  5.38845e-14  198.043  2672
106  128  2025-06-09 22-09-25  1401.6  2120.64  5.44117e-14  198.101  2672
107  128  2025-06-09 22-09-25  1403.2  2129.26  5.49393e-14  198.159  2672
108  128  2025-06-09 22-09-25  1404.8  2137.88  5.54672e-14  198.216  2672
109  128  2025-06-09 22-09-25  1406.4  2146.5  5.59954e-14  198.274  2672
110  128  2025-06-09 22-09-25  1408  2155.14  5.6524e-14  198.331  2672
111  128  2025-06-09 22-09-25  1409.6  2163.78  5.7053e-14  198.389  2672
112  128  2025-06-09 22-09-25  1411.2  2172.42  5.75823e-14  198.446  2672
113  128  2025-06-09 22-09-25  1412.8  2181.07  5.8112e-14  198.504  2672
114  128  2025-06-09 22-09-25  1414.4  2189.73  5.8642e-14  198.561  2672
115  128  2025-06-09 22-09-25  1416  2198.39  5.91724e-14  198.619  2672
116  128  2025-06-09 22-09-25  1417.6  2207.06  5.97031e-14  198.677  2672
117  128  2025-06-09 22-09-25  1419.2  2215.73  6.02342e-14  198.734  2672
118  128  2025-06-09 22-09-25  1420.8  2224.41  6.07656e-14  198.792  2672
119  128  2025-06-09 22-09-25  1422.4  2233.1  6.12974e-14  198.849  2672
120  128  2025-06-09 22-09-25  1424  2241.79  6.18295e-14  198.907  2672
121  128  2025-06-09 22-09-25  1425.6  2250.48  6.2362e-14  198.964  2672
122  128  2025-06-09 22-09-25  1427.2  2259.18  6.28948e-14  199.022  2672
123  128  2025-06-09 22-09-25  1428.8  2267.89  6.3428e-14  199.079  2672
124  128  2025-06-09 22-09-25  1430.4  2276.61  6.39616e-14  199.137  2672
125  128  2025-06-09 22-09-25  1432  2285.33  6.44955e-14  199.195  2672
126  128  2025-06-09 22-09-25  1433.6  2294.05  6.50297e-14  199.252  2672
127  128  2025-06-09 22-09-25  1435.2  2302.78  6.55643e-14  199.31  2672
128  128  2025-06-09 22-09-25  1436.8  2311.52  6.60993e-14  199.367  2672
129  128  2025-06-09 22-09-25  1438.4  2320.26  6.66346e-14  199.425  2672
130  128  2025-06-09 22-09-25  1440  2329.01  6.71702e-14  199.482  2672
131  128  2025-06-09 22-09-25  1441.6  2337.76  6.77062e-14  199.54  2672
132  128  2025-06-09 22-09-25  1443.2  2346.52  6.82426e-14  199.597  2672
133  128  2025-06-09 22-09-25  1444.8  2355.29  6.87793e-14  199.655  2672
134  128  2025-06-09 22-09-25  1446.4  2364.06  6.93164e-14  199.713  2672
135  128  2025-06-09 22-09-25  1448  2372.84  6.98538e-14  199.77  2672
136  128  2025-06-09 22-09-25  1449.6  2381.62  7.03916e-14  199.828  2672
137  128  2025-06-09 22-09-25  1451.2  2390.41  7.09297e-14  199.885  2672
138  128  2025-06-09 22-09-25  1452.8  2399.2  7.14682e-14  199.943  2672
139  128  2025-06-09 22-09-25  1454.4  2408  7.2007e-14  200  2672
140  128  2025-06-09 22-09-25  1456  2416.81  7.25462e-14  200.058  2672
141  128  2025-06-09 22-09-25  1457.6  2425.62  7.30857e-14  200.115  2672
142  128  2025-06-09 22-09-25  1459.2  2434.44  7.36256e-14  200.173  2672
143  128  2025-06-09 22-09-25  1460.8  2443.26  7.41658e-14  200.231  2672
144  128  2025-06-09 22-09-25  1462.4  2452.09  7.47064e-14  200.288  2672
145  128  2025-06-09 22-09-25  1464  2460.92  7.52474e-14  200.346  2672
146  128  2025-06-09 22-09-25  1465.6  2469.76  7.57887e-14  200.403  2672
147  128  2025-06-09 22-09-25  1467.2  2478.61  7.63303e-14  200.461  2672
148  128  2025-06-09 22-09-25  1468.8  2487.46  7.68723e-14  200.518  2672
149  128  2025-06-09 22-09-25  1470.4  2496.32  7.74147e-14  200.576  2672
150  128  2025-06-09 22-09-25  1472  2505.18  7.79574e-14  200.633  2672
151  128  2025-06-09 22-09-25  1473.6  2514.05  7.85004e-14  200.691  2672
152  128  2025-06-09 22-09-25  1475.2  2522.93  7.90438e-14  200.749  2672
153  128  2025-06-09 22-09-25  1476.8  2531.81  7.95876e-14  200.806  2672
154  128  2025-06-09 22-09-25  1478.4  2540.69  8.01317e-14  200.864  2672
155  128  2025-06-09 22-09-25  1480  2549.59  8.06762e-14  200.921  2672
156  128  2025-06-09 22-09-25  1481.6  2558.48  8.1221e-14  200.979  2672
157  128  2025-06-09 22-09-25  1483.2  2567.39  8.17662e-14  201.036  2672
158  128  2025-06-09 22-09-25  1484.8  2576.3  8.23117e-14  201.094  2672
159  128  2025-06-09 22-09-25  1486.4  2585.21  8.28576e-14  201.151  2672
160  128  2025-06-09 22-09-25  1488  2594.13  8.34038e-14  201.209  2672
161  128  2025-06-09 22-09-25  1489.6  2603.06  8.39504e-14  201.267  2672
162  128  2025-06-09 22-09-25  1491.2  2611.99  8.44973e-14  201.324  2672
163  128  2025-06-09 22-09-25  1492.8  2620.93  8.50446e-14  201.382  2672
164  128  2025-06-09 22-09-25  1494.4  2629.87  8.55922e-14  201.439  2672
165  128  2025-06-09 22-09-25  1496  2638.82  8.61402e-14  201.497  2672
166  128  2025-06-09 22-09-25  1497.6  2647.78  8.66886e-14  201.554  2672
167  128  2025-06-09 22-09-25  1499.2  2656.74  8.72373e-14  201.612  2672
168  128  2025-06-09 22-09-25  1500.8  2665.71  8.77863e-14  201.669  2672
169  128  2025-06-09 22-09-25  1502.4  2674.68  8.83357e-14  201.727  2672
170  128  2025-06-09 22-09-25  1504  2683.66  8.88855e-14  201.785  2672
171  128  2025-06-09 22-09-25  1505.6  2692.64  8.94356e-14  201.842  2672
172  128  2025-06-09 22-09-25  1507.2  2701.63  8.9986e-14  201.9  2672
173  128  2025-06-09 22-09-25  1508.8  2710.63  9.05368e-14  201.957  2672
174  128  2025-06-09 22-09-25  1510.4  2719.63  9.1088e-14  202.015  2672
175  128  2025-06-09 22-09-25  1512  2728.64  9.16395e-14  202.072  2672
176  128  2025-06-09 22-09-25  1513.6  2737.65  9.21914e-14  202.13  2672
177  128  2025-06-09 22-09-25  1515.2  2746.67  9.27436e-14  202.187  2672
178  128  2025-06-09 22-09-25  1516.8  2755.69  9.32962e-14  202.245  2672
179  128  2025-06-09 22-09-25  1518.4  2764.72  9.38491e-14  202.303  2672
180  128  2025-06-09 22-09-25  1520  2773.76  9.44024e-14  202.36  2672
181  128  2025-06-09 22-09-25  1521.6  2782.8  9.4956e-14  202.418  2672
182  128  2025-06-09 22-09-25  1523.2  2791.85  9.551e-14  202.475  2672
183  128  2025-06-09 22-09-25  1524.8  2800.9  9.60643e-14  202.533  2672
184  128  2025-06-09 22-09-25  1526.4  2809.96  9.6619e-14  202.59  2672
185  128  2025-06-09 22-09-25  1528  2819.03  9.71741e-14  202.648  2672
186  128  2025-06-09 22-09-25  1529.6  2828.1  9.77295e-14  202.705  2672
187  128  2025-06-09 22-09-25  1531.2  14037.2  9.82852e-14  202.763  2672
188  128  2025-06-09 22-09-25  1532.8  14046.3  9.88413e-14  202.821  2672
189  128  2025-06-09 22-09-25  1534.4  14055.3  9.93978e-14  202.878  2672
190  128  2025-06-09 22-09-25  1536  14064.4  9.99546e-14  202.936  2672
191  128  2025-06-09 22-09-25  1537.6  14073.5  1.00512e-13  202.993  2672
192  128  2025-06-09 22-09-25  1539.2  14082.6  1.01069e-13  203.051  2672
193  128  2025-06-09 22-09-25  1540.8  14091.8  1.01627e-13  203.108  2672
194  128  2025-06-09 22-09-25  1542.4  14100.9  1.02185e-13  203.166  2672
195  128  2025-06-09 22-09-25  1544  14110  1.02744e-13  203.223  2672
196  128  2025-06-09 22-09-25  1545.6  14119.1  1.03303e-13  203.281  2672
197  128  2025-06-09 22-09-25  1547.2  14128.3  1.03862e-13  203.339  2672
198  128  2025-06-09 22-09-25  1548.8  14137.4  1.04422e-13  203.396  2672
199  128  2025-06-09 22-09-25  1550.4  14146.5  1.04982e-13  203.454  2672
200  128  2025-06-09 22-09-25  1552  14155.7  1.05542e-13  203.511  2672
201  128  2025-06-09 22-09-25  1553.6  14164.8  1.06103e-13  203.569  2672
202  128  2025-06-09 22-09-25  1555.2  14174  1.06664e-13  203.626  2672
203  128  2025-06-09 22-09-25  1556.8  14183.2  1.07225e-13  203.684  2672
204  128  2025-06-09 22-09-25  1558.4  14192.3  1.07787e-13  203.741  2672
205  128  2025-06-09 22-09-25  1560  14201.5  1.08349e-13  203.799  2672
206  128  2025-06-09 22-09-25  1561.6  14210.7  1.08911e-13  203.857  2672
207  128  2025-06-09 22-09-25  1563.2  14219.9  1.09474e-13  203.914  2672
208  128  2025-06-09 22-09-25  1564.8  14229.1  1.10037e-13  203.972  2672
209  128  2025-06-09 22-09-25  1566.4  14238.3  1.10601e-13  204.029  2672
210  128  2025-06-09 22-09-25  1568  14247.5  1.11165e-13  204.087  2672
211  128  2025-06-09 22-09-25  1569.6  14256.7  1.11729e-13  204.144  2672
212  128  2025-06-09 22-09-25  1571.2  14266  1.12293e-13  204.202  2672
213  128  2025-06-09 22-09-25  1572.8  14275.2  1.12858e-13  204.259  2672
214  128  2025-06-09 22-09-25  1574.4  14284.4  1.13424e-13  204.317  2672
215  128  2025-06-09 22-09-25  1576  14293.6  1.13989e-13  204.375  2672
216  128  2025-06-09 22-09-25  1577.6  14302.9  1.14555e-13  204.432  2672
217  128  2025-06-09 22-09-25  1579.2  14312.1  1.15121e-13  204.49  2672
218  128  2025-06-09 22-09-25  1580.8  14321.4  1.15688e-13  204.547  2672
219  128  2025-06-09 22-09-25  1582.4  14330.7  1.16255e-13  204.605  2672
220  128  2025-06-09 22-09-25  1584  14339.9  1.16822e-13  204.662  2672
221  128  2025-06-09 22-09-25  1585.6  14349.2  1.1739e-13  204.72  2672
222  128  2025-06-09 22-09-25  1587.2  14358.5  1.17958e-13  204.777  2672
223  128  2025-06-09 22-09-25  1588.8  14367.8  1.18527e-13  204.835  2672
224  128  2025-06-09 22-09-25  1590.4  14377  1.19096e-13  204.893  2672
225  128  2025-06-09 22-09-25  1592  14386.3  1.19665e-13  204.95  2672
226  128  2025-06-09 22-09-25  1593.6  14395.6  1.20234e-13  205.008  2672
227  128  2025-06-09 22-09-25  1595.2  14404.9  1.20804e-13  205.065  2672
228  128  2025-06-09 22-09-25  1596.8  14414.3  1.21374e-13  205.123  2672
229  128  2025-06-09 22-09-25  1598.4  14423.6  1.21945e-13  205.18  2672
230  128  2025-06-09 22-09-25  1600  14432.9  1.22516e-13  205.238  2672
231  128  2025-06-09 22-09-25  1601.6  14442.2  1.23087e-13  205.295  2672
232  128  2025-06-09 22-09-25  1603.2  14451.6  1.23658e-13  205.353  2672
233  128  2025-06-09 22-09-25  1604.8  14460.9  1.2423e-13  205.411  2672
234  128  2025-06-09 22-09-25  1606.4  14470.3  1.24803e-13  205.468  2672
235  128  2025-06-09 22-09-25  1608  14479.6  1.25375e-13  205.526  2672
236  128  2025-06-09 22-09-25  1609.6  14489  1.25948e-13  205.583  2672
237  128  2025-06-09 22-09-25  1611.2  14498.3  1.26522e-13  205.641  2672
238  128  2025-06-09 22-09-25  1612.8  14507.7  1.27095e-13  205.698  2672
239  128  2025-06-09 22-09-25  1614.4  14517.1  1.2767e-13  205.756  2672
240  128  2025-06-09 22-09-25  1616  14526.5  1.28244e-13  205.813  2672
241  128  2025-06-09 22-09-25  1617.6  14535.8  1.28819e-13  205.871  2672
242  128  2025-06-09 22-09-25  1619.2  14545.2  1.29394e-13  205.929  2672
243  128  2025-06-09 22-09-25  1620.8  14554.6  1.29969e-13  205.986  2672
244  128  2025-06-09 22-09-25  1622.4  14564  1.30545e-13  206.044  2672
245  128  2025-06-09 22-09-25  1624  14573.4  1.31121e-13  206.101  2672
246  128  2025-06-09 22-09-25  1625.6  14582.9  1.31698e-13  206.159  2672
247  128  2025-06-09 22-09-25  1627.2  14592.3  1.32275e-13  206.216  2672
248  128  2025-06-09 22-09-25  1628.8  14601.7  1.32852e-13  206.274  2672
249  128  2025-06-09 22-09-25  1630.4  14611.1  1.3343e-13  206.331  2672
250  128  2025-06-09 22-09-25  1632  14620.6  1.34008e-13  206.389  2672
251  128  2025-06-09 22-09-25  1633.6  14630  1.34586e-13  206.447  2672
252  128  2025-06-09 22-09-25  1635.2  14639.5  1.35165e-13  206.504  2672
253  128  2025-06-09 22-09-25  1636.8  14648.9  1.35744e-13  206.562  2672
254  128  2025-06-09 22-09-25  1638.4  14658.4  1.36323e-13  206.619  2672
255  128  2025-06-09 22-09-25  1640  14667.9  1.36903e-13  206.677  2672
256  128  2025-06-09 22-09-25  1641.6  14677.3  1.37483e-13  206.734  2672
257  128  2025-06-09 22-09-25  1643.2  14686.8  1.38062e-13  206.648  2672
258  128  2025-06-09 22-09-25  1644.8  14696.3  -0.0834712  206.706  2680.08
259  128  2025-06-09 22-09-25  1646.4  14705.7  -0.251336  206.763  2688.24
260  128  2025-06-09 22-09-25  1648  14715.2  -0.504511  206.821  2696.48
261  128  2025-06-09 22-09-25  1649.6  14724.7  -0.843905  206.878  2704.8
262  128  2025-06-09 22-09-25  1651.2  14734.2  -1.27042  206.936  2713.2
263  128  2025-06-09 22-09-25  1652.8  14743.7  -1.78496  206.993  2721.68
264  128  2025-06-09 22-09-25  1654.4  14753.2  -2.38842  207.051  2730.24
265  128  2025-06-09 22-09-25  1656  14762.6  -3.08166  207.108  2738.88
266  128  2025-06-09 22-09-25  1657.6  14772.1  -3.86558  207.166  2747.6
267  128  2025-06-09 22-09-25  1659.2  14781.6  -4.74103  207.224  2756.4
268  128  2025-06-09 22-09-25  1660.8  14791.1  -5.70887  207.281  2765.28
269  128  2025-06-09 22-09-25  1662.4  14800.6  -6.76994  207.339  2774.24
270  128  2025-06-09 22-09-25  1664  14810  -7.92509  207.396  2783.28
271  128  2025-06-09 22-09-25  1665.6  14819.5  -9.17515  207.454  2792.4
272  128  2025-06-09 22-09-25  1667.2  14829  -10.4208  207.511  2791.9
273  128  2025-06-09 22-09-25  1668.8  14838.4  -11.662  207.569  2791.39
274  128  2025-06-09 22-09-25  1670.4  14847.9  -12.8984  207.626  2790.86
275  128  2025-06-09 22-09-25  1672  14857.4  -14.1299  207.684  2790.32
276  128  2025-06-09 22-09-25  1673.6  14866.9  -15.3564  207.742  2789.76
277  128  2025-06-09 22-09-25  1675.2  14876.4  -128.578  207.799  2789.18
278  128  2025-06-09 22-09-25  1676.8  14885.9  -129.794  207.857  2788.59
279  128  2025-06-09 22-09-25  1678.4  14895.4  -131.004  207.914  2787.98
280  128  2025-06-09 22-09-25  1680  14905  -132.208  207.972  2787.36
281  128  2025-06-09 22-09-25  1681.6  14914.5  -133.407  208.029  2786.72
282  128  2025-06-09 22-09-25  1683.2  14924  -134.599  208.087  2786.06
283  128  2025-06-09 22-09-25  1684.8  14933.5  -135.868  208.001  2793.47
284  128  2025-06-09 22-09-25  1686.4  14943  -137.212  207.914  2800.94
285  128  2025-06-09 22-09-25  1688  14952.5  -138.634  207.828  2808.48
286  128  2025-06-09 22-09-25  1689.6  14962  -140.132  207.742  2816.08
287  128  2025-06-09 22-09-25  1691.2  14971.4  -141.708  207.655  2823.74
288  128  2025-06-09 22-09-25  1692.8  14980.8  -143.365  207.713  2831.47
289  128  2025-06-09 22-09-25  1694.4  14990.2  -145.103  207.77  14039.3
290  128  2025-06-09 22-09-25  1696  14999.7  -146.922  207.828  14047.1
291  128  2025-06-09 22-09-25  1697.6  15009.1  -148.758  207.885  14048.6
292  128  2025-06-09 22-09-25  1699.2  15018.5  -150.609  207.943  14050
293  128  2025-06-09 22-09-25  1700.8  15027.9  -152.477  208.001  14051.5
294  128  2025-06-09 22-09-25  1702.4  15037.3  -154.361  208.058  14052.9
295  128  2025-06-09 22-09-25  1704  15046.7  -156.26  208.116  14054.4
296  128  2025-06-09 22-09-25  1705.6  15056.2  -158.176  208.173  14055.9
297  128  2025-06-09 22-09-25  1707.2  15065.6  -160.108  208.231  14057.3
298  128  2025-06-09 22-09-25  1708.8  15075  -162.056  208.288  14058.8
299  128  2025-06-09 22-09-25  1710.4  15084.5  -164.021  208.346  14060.2
300  128  2025-06-09 22-09-25  1712  15093.9  -166.001  208.404  14061.7
301  128  2025-06-09 22-09-25  1713.6  15103.3  -167.998  208.461  14063.1
302  128  2025-06-09 22-09-25  1715.2  15112.8  -170.011  208.519  14064.6
303  128  2025-06-09 22-09-25  1716.8  15122.2  -172.04  208.576  14066
304  128  2025-06-09 22-09-25  1718.4  15131.6  -174.085  208.634  14067.5
305  128  2025-06-09 22-09-25  1720  15141.1  -176.146  208.691  14069
306  128  2025-06-09 22-09-25  1721.6  15150.5  -178.224  208.749  14070.4
307  128  2025-06-09 22-09-25  1723.2  15160  -180.318  208.806  14071.9
308  128  2025-06-09 22-09-25  1724.8  15169.5  -182.428  208.864  14073.3
309  128  2025-06-09 22-09-25  1726.4  15178.9  -184.555  208.922  14074.8
310  128  2025-06-09 22-09-25  1728  15188.4  -186.698  208.979  14076.2
311  128  2025-06-09 22-09-25  1729.6  15197.8  -188.857  209.037  14077.7
312  128  2025-06-09 22-09-25  1731.2  15207.3  -191.032  209.094  14079.2
313  128  2025-06-09 22-09-25  1732.8  15216.8  -193.224  209.152  14080.6
314  128  2025-06-09 22-09-25  1734.4  15226.2  -195.432  209.209  14082.1
315  128  2025-06-09 22-09-25  1736  15235.7  -197.656  209.267  14083.5
316  128  2025-06-09 22-09-25  1737.6  15245.2  -199.897  209.324  14085
317  128  2025-06-09 22-09-25  1739.2  15254.6  -202.154  209.382  14086.4
318  128  2025-06-09 22-09-25  1740.8  15264.1  -204.428  209.44  14087.9
319  128  2025-06-09 22-09-25  1742.4  15273.6  -206.718  209.497  14089.3
320  128  2025-06-09 22-09-25  1744  15283.1  -209.024  209.555  14090.8
321  128  2025-06-09 22-09-25  1745.6  15292.5  -211.347  209.612  14092.3
322  128  2025-06-09 22-09-25  1747.2  15302  -213.686  209.67  14093.7
323  128  2025-06-09 22-09-25  1748.8  15311.5  -216.042  209.727  14095.2
324  128  2025-06-09 22-09-25  1750.4  15321  -218.414  209.785  14096.6
325  128  2025-06-09 22-09-25  1752  15330.5  -220.802  209.842  14098.1
326  128  2025-06-09 22-09-25  1753.6  15340  -223.207  209.9  14099.5
327  128  2025-06-09 22-09-25  1755.2  15349.5  -225.629  209.958  14101
328  128  2025-06-09 22-09-25  1756.8  15359  -228.067  210.015  14102.4
329  128  2025-06-09 22-09-25  1758.4  15368.5  -230.522  210.073  14103.9
330  128  2025-06-09 22-09-25  1760  15378  -232.993  210.13  14105.4
331  128  2025-06-09 22-09-25  1761.6  15387.5  -235.48  210.188  14106.8
332  128  2025-06-09 22-09-25  1763.2  15396.9  -238.085  210.245  14118
333  128  2025-06-09 22-09-25  1764.8  15406.4  -240.807  210.303  14129.2
334  128  2025-06-09 22-09-25  1766.4  15415.8  -243.648  210.36  14140.6
335  128  2025-06-09 22-09-25  1768  15425.2  -246.607  210.418  14152
336  128  2025-06-09 22-09-25  1769.6  15434.5  -249.686  210.476  14163.5
337  128  2025-06-09 22-09-25  1771.2  15443.8  -252.886  210.533  14175.2
338  128  2025-06-09 22-09-25  1772.8  15453.1  -256.206  210.591  14186.9
339  128  2025-06-09 22-09-25  1774.4  15462.4  -259.648  210.648  14198.7
340  128  2025-06-09 22-09-25  1776  15471.6  -263.212  210.706  14210.6
341  128  2025-06-09 22-09-25  1777.6  15480.7  -266.898  210.763  14222.7
342  128  2025-06-09 22-09-25  1779.2  15489.9  -270.707  210.821  14234.8
343  128  2025-06-09 22-09-25  1780.8  15498.9  -1394.64  210.878  14247
344  128  2025-06-09 22-09-25  1782.4  15508  -1398.7  210.936  14259.3
345  128  2025-06-09 22-09-25  1784  15516.9  -1402.88  210.994  14271.7
346  128  2025-06-09 22-09-25  1785.6  15525.8  -1407.18  211.051  14284.2
347  128  2025-06-09 22-09-25  1787.2  15534.7  -1411.61  211.109  14296.8
348  128  2025-06-09 22-09-25  1788.8  15543.5  -1416.17  211.166  14309.5
349  128  2025-06-09 22-09-25  1790.4  15552.3  -1420.85  211.224  14322.2
350  128  2025-06-09 22-09-25  1792  15561  -1425.65  211.281  14335
351  128  2025-06-09 22-09-25  1793.6  15569.6  -1430.58  211.339  14347.8
352  128  2025-06-09 22-09-25  1795.2  15578.1  -1435.63  211.396  14360.6
353  128  2025-06-09 22-09-25  1796.8  15586.6  -1440.8  211.454  14373.4
354  128  2025-06-09 22-09-25  1798.4  15595.1  -1446.1  211.512  14386.2
355  128  2025-06-09 22-09-25  1800  15603.5  -1451.35  211.569  14381.4
356  128  2025-06-09 22-09-25  1801.6  15612  -1456.56  211.627  14376.4
357  128  2025-06-09 22-09-25  1803.2  15620.4  -1461.89  211.684  14389.1
358  128  2025-06-09 22-09-25  1804.8  15628.9  -1467.17  211.742  14384.2
359  128  2025-06-09 22-09-25  1806.4  15637.4  -1472.42  211.799  14379.2
360  128  2025-06-09 22-09-25  1808  15645.8  -1477.78  211.857  14391.8
361  128  2025-06-09 22-09-25  1809.6  15654.3  -1483.1  211.914  14386.8
362  128  2025-06-09 22-09-25  1811.2  15662.8  -1488.38  211.972  14381.7
363  128  2025-06-09 22-09-25  1812.8  15671.3  -1493.61  212.03  14376.6
364  128  2025-06-09 22-09-25  1814.4  15679.7  -1498.96  212.087  14389.1
365  128  2025-06-09 22-09-25  1816  15688.2  -1504.27  212.145  14384
366  128  2025-06-09 22-09-25  1817.6  15696.8  -1509.53  212.202  14378.7
367  128  2025-06-09 22-09-25  1819.2  15705.3  -1514.74  212.26  14373.4
368  128  2025-06-09 22-09-25  1820.8  15713.8  -1520.08  212.317  14385.8
369  128  2025-06-09 22-09-25  1822.4  15722.4  -1525.36  212.375  14380.5
370  128  2025-06-09 22-09-25  1824  15730.9  -1530.6  212.432  14375.1
371  128  2025-06-09 22-09-25  1825.6  15739.4  -1535.96  212.49  14387.4
372  128  2025-06-09 22-09-25  1827.2  15748  -1541.27  212.548  14382.1
373  128  2025-06-09 22-09-25  1828.8  15756.5  -1546.53  212.605  14376.6
374  128  2025-06-09 22-09-25  1830.4  15765.2  -1551.75  212.663  14371.1
375  128  2025-06-09 22-09-25  1832  15773.7  -1557.08  212.72  14383.3
376  128  2025-06-09 22-09-25  1833.6  15782.3  -1562.36  212.778  14377.8
377  128  2025-06-09 22-09-25  1835.2  15790.9  -1567.59  212.835  14372.2
378  128  2025-06-09 22-09-25  1836.8  15799.5  -1572.94  212.893  14384.3
379  128  2025-06-09 22-09-25  1838.4  15808  -1578.24  212.95  14378.8
380  128  2025-06-09 22-09-25  1840  15816.7  -1583.49  213.008  14373.1
381  128  2025-06-09 22-09-25  1841.6  15825.2  -1588.86  213.066  14385.2
382  128  2025-06-09 22-09-25  1843.2  15833.8  -1594.18  213.123  14379.5
383  128  2025-06-09 22-09-25  1844.8  15842.5  -1599.44  213.181  14373.8
384  128  2025-06-09 22-09-25  1846.4  15851.2  -1604.66  213.238  14368
385  128  2025-06-09 22-09-25  1848  15859.8  -1609.99  213.296  14379.9
386  128  2025-06-09 22-09-25  1849.6  15868.4  -1615.26  213.353  14374.1
387  128  2025-06-09 22-09-25  1851.2  15877.1  -1620.49  213.411  14368.3
388  128  2025-06-09 22-09-25  1852.8  15885.7  -1625.83  213.468  14380.1
389  128  2025-06-09 22-09-25  1854.4  15894.4  -1631.12  213.526  14374.3
390  128  2025-06-09 22-09-25  1856  15903.1  -1636.35  213.584  14368.4
391  128  2025-06-09 22-09-25  1857.6  15911.8  -1641.7  213.641  14380.1
392  128  2025-06-09 22-09-25  1859.2  15920.4  -1647  213.699  14374.2
393  128  2025-06-09 22-09-25  1860.8  15929.2  -1652.25  213.756  14368.3
394  128  2025-06-09 22-09-25  1862.4  15937.8  -1657.6  213.814  14380
395  128  2025-06-09 22-09-25  1864  15946.5  -1662.91  213.871  14374
396  128  2025-06-09 22-09-25  1865.6  15955.3  -1668.16  213.929  14368
397  128  2025-06-09 22-09-25  1867.2  15963.9  -1673.52  213.986  14379.6
398  128  2025-06-09 22-09-25  1868.8  15972.6  -1678.83  214.044  14373.6
399  128  2025-06-09 22-09-25  1870.4  15981.4  -1684.08  214.102  14367.5
400  128  2025-06-09 22-09-25  1872  15990.1  -1689.45  214.159  14379
401  128  2025-06-09 22-09-25  1873.6  15998.8  -1694.76  214.217  14372.9
402  128  2025-06-09 22-09-25  1875.2  16007.6  -1700.01  214.274  14366.8
403  128  2025-06-09 22-09-25  1876.8  16016.3  -1705.38  214.332  14378.3
404  128  2025-06-09 22-09-25  1878.4  16025.1  -1710.7  214.389  14372.1
405  128  2025-06-09 22-09-25  1880  16033.9  -1715.95  214.447  14365.9
406  128  2025-06-09 22-09-25  1881.6  16042.6  -1721.32  214.504  14377.3
407  128  2025-06-09 22-09-25  1883.2  16051.4  -1726.63  214.562  14371.1
408  128  2025-06-09 22-09-25  1884.8  16060.2  -1731.89  214.62  14364.8
409  128  2025-06-09 22-09-25  1886.4  16068.9  -1737.26  214.677  14376.2
410  128  2025-06-09 22-09-25  1888  16077.7  -1742.56  214.735  14369.9
411  128  2025-06-09 22-09-25  1889.6  16086.6  -1747.82  214.792  14363.6
412  128  2025-06-09 22-09-25  1891.2  16095.3  -1753.18  214.85  14374.9
413  128  2025-06-09 22-09-25  1892.8  16104.2  -1758.48  214.907  14368.5
414  128  2025-06-09 22-09-25  1894.4  16113  -1763.73  214.965  14362.1
415  128  2025-06-09 22-09-25  1896  16121.8  -1769.09  215.022  14373.4
416  128  2025-06-09 22-09-25  1897.6  16130.7  -1774.39  215.08  14366.9
417  128  2025-06-09 22-09-25  1899.2  16139.5  -1779.63  215.138  14360.5
418  128  2025-06-09 22-09-25  1900.8  16148.4  -1784.98  215.195  14371.7
419  128  2025-06-09 22-09-25  1902.4  16157.2  -1790.27  215.253  14365.2
420  128  2025-06-09 22-09-25  1904  16166.1  -1795.5  215.31  14358.6
421  128  2025-06-09 22-09-25  1905.6  16175  -1800.84  215.368  14369.7
422  128  2025-06-09 22-09-25  1907.2  16183.9  -1806.12  215.425  14363.2
423  128  2025-06-09 22-09-25  1908.8  16192.8  -1811.34  215.483  14356.6
424  128  2025-06-09 22-09-25  1910.4  16201.7  -1816.67  215.54  14367.7
425  128  2025-06-09 22-09-25  1912  16210.6  -1821.93  215.598  14361
426  128  2025-06-09 22-09-25  1913.6  16219.5  -1827.31  215.656  14372.1
427  128  2025-06-09 22-09-25  1915.2  16228.4  -1832.63  215.713  14365.5
428  128  2025-06-09 22-09-25  1916.8  16237.3  -1837.89  215.771  14358.9
429  128  2025-06-09 22-09-25  1918.4  16246.2  -1843.25  215.828  14369.9
430  128  2025-06-09 22-09-25  1920  16255.2  -1848.56  215.886  14363.2
431  128  2025-06-09 22-09-25  1921.6  16264.1  -1853.8  215.943  14356.5
432  128  2025-06-09 22-09-25  1923.2  16273  -1859.15  216.001  14367.5
433  128  2025-06-09 22-09-25  1924.8  16282  -1864.44  216.058  14360.7
434  128  2025-06-09 22-09-25  1926.4  16291  -1869.66  216.116  14353.9
435  128  2025-06-09 22-09-25  1928  16300  -1875  216.174  14364.8
436  128  2025-06-09 22-09-25  1929.6  16309  -1880.27  216.231  14358.1
437  128  2025-06-09 22-09-25  1931.2  16317.9  -1885.65  216.289  14369
438  128  2025-06-09 22-09-25  1932.8  16326.9  -1890.97  216.346  14362.2
439  128  2025-06-09 22-09-25  1934.4  16335.9  -1896.22  216.404  14355.3
440  128  2025-06-09 22-09-25  1936  16344.9  -1901.58  216.461  14366.2
441  128  2025-06-09 22-09-25  1937.6  16353.9  -1906.88  216.519  14359.4
442  128  2025-06-09 22-09-25  1939.2  16362.9  -1912.11  216.576  14352.5
443  128  2025-06-09 22-09-25  1940.8  16371.9  -1917.46  216.634  14363.2
444  128  2025-06-09 22-09-25  1942.4  16381  -1922.73  216.692  14356.3
445  128  2025-06-09 22-09-25  1944  16389.9  -1928.12  216.749  14367.1
446  128  2025-06-09 22-09-25  1945.6  16399  -1933.44  216.807  14360.3
447  128  2025-06-09 22-09-25  1947.2  16408  -1938.7  216.864  14353.3
448  128  2025-06-09 22-09-25  1948.8  16417.1  -1944.06  216.922  14364
449  128  2025-06-09 22-09-25  1950.4  16426.1  -1949.36  216.979  14357.1
450  128  2025-06-09 22-09-25  1952  16435.2  -1954.59  217.037  14350.1
451  128  2025-06-09 22-09-25  1953.6  16444.3  -1959.94  217.094  14360.7
452  128  2025-06-09 22-09-25  1955.2  16453.4  -1965.21  217.152  14353.7
453  128  2025-06-09 22-09-25  1956.8  16462.4  -1970.59  217.21  14364.4
454  128  2025-06-09 22-09-25  1958.4  16471.5  -1975.91  217.267  14357.4
455  128  2025-06-09 22-09-25  1960  16480.6  -1981.16  217.325  14350.4
456  128  2025-06-09 22-09-25  1961.6  16489.7  -1986.52  217.382  14361
457  128  2025-06-09 22-09-25  1963.2  16498.8  -1991.81  217.44  14353.9
458  128  2025-06-09 22-09-25  1964.8  16508  -1997.03  217.497  14346.8
459  128  2025-06-09 22-09-25  1966.4  16517.2  -2002.19  217.555  14339.6
460  128  2025-06-09 22-09-25  1968  16526.4  -2007.26  217.469  14332.3
461  128  2025-06-09 22-09-25  1969.6  16535.7  -2012.36  217.526  14334.6
462  128  2025-06-09 22-09-25  1971.2  16544.9  -2017.49  217.584  14336.9
463  128  2025-06-09 22-09-25  1972.8  16554.1  -2022.65  217.641  14339.3
464  128  2025-06-09 22-09-25  1974.4  16563.3  -2027.83  217.699  14341.7
465  128  2025-06-09 22-09-25  1976  16572.6  -2033.04  217.756  14344
466  128  2025-06-09 22-09-25  1977.6  16581.7  -2038.27  217.814  14346.4
467  128  2025-06-09 22-09-25  1979.2  16590.9  -2043.53  217.871  14348.9
468  128  2025-06-09 22-09-25  1980.8  16600.1  -2048.82  217.929  14351.3
469  128  2025-06-09 22-09-25  1982.4  16609.3  -2054.14  217.987  14353.7
470  128  2025-06-09 22-09-25  1984  16618.4  -2059.48  218.044  14356.2
471  128  2025-06-09 22-09-25  1985.6  16627.6  -2064.85  218.102  14358.7
472  128  2025-06-09 22-09-25  1987.2  16636.8  -2070.17  218.159  14353.1
473  128  2025-06-09 22-09-25  1988.8  16646  -2075.44  218.217  14347.4
474  128  2025-06-09 22-09-25  1990.4  16655.3  -2080.65  218.274  14341.7
475  128  2025-06-09 22-09-25  1992  16664.6  -2085.8  218.332  14336
476  128  2025-06-09 22-09-25  1993.6  16673.9  -2090.9  218.389  14330.1
477  128  2025-06-09 22-09-25  1995.2  16683.3  -2095.94  218.447  14324.2
478  128  2025-06-09 22-09-25  1996.8  16692.7  -2100.92  218.505  14318.2
479  128  2025-06-09 22-09-25  1998.4  16702.1  -2105.85  218.562  14312.2
480  128  2025-06-09 22-09-25  2000  16711.6  -2110.71  218.62  14306.1
481  128  2025-06-09 22-09-25  2001.6  16721.2  -2115.51  218.677  14300
482  128  2025-06-09 22-09-25  2003.2  16730.7  -2120.25  218.735  14293.7
483  128  2025-06-09 22-09-25  2004.8  16740.3  -2124.92  218.792  14287.4
484  128  2025-06-09 22-09-25  2006.4  16750  -2129.54  218.85  14281.1
485  128  2025-06-09 22-09-25  2008  16759.6  -2134.08  218.908  14274.7
486  128  2025-06-09 22-09-25  2009.6  16769.4  -2138.56  218.965  14268.2
487  128  2025-06-09 22-09-25  2011.2  16779.1  -2142.98  219.023  14261.7
488  128  2025-06-09 22-09-25  2012.8  16788.9  -2147.32  219.08  14255
489  128  2025-06-09 22-09-25  2014.4  16798.7  -2151.6  219.138  14248.4
490  128  2025-06-09 22-09-25  2016  16808.5  -2155.9  219.051  14251.3
491  128  2025-06-09 22-09-25  2017.6  16818.3  -2160.23  218.965  14254.3
492  128  2025-06-09 22-09-25  2019.2  16828.1  -2164.6  218.879  14257.3
493  128  2025-06-09 22-09-25  2020.8  16837.8  -2168.99  218.792  14260.4
494  128  2025-06-09 22-09-25  2022.4  16847.5  -2173.41  218.706  14263.5
495  128  2025-06-09 22-09-25  2024  16857.2  -2177.86  218.62  14266.6
496  128  2025-06-09 22-09-25  2025.6  16866.9  -2182.33  218.533  14269.8
497  128  2025-06-09 22-09-25  2027.2  16876.5  -2186.85  218.591  14272.9
498  128  2025-06-09 22-09-25  2028.8  16886.2  -2191.4  218.648  14276.2
499  128  2025-06-09 22-09-25  2030.4  16895.8  -2195.99  218.706  14279.4
500  128  2025-06-09 22-09-25  2032  16905.5  -2200.53  218.764  14274.6
501  128  2025-06-09 22-09-25  2033.6  16915.1  -2205.17  218.821  14284.3
502  128  2025-06-09 22-09-25  2035.2  16924.6  -2209.92  218.879  14294.1
503  128  2025-06-09 22-09-25  2036.8  16934.2  -2214.77  218.936  14304
504  128  2025-06-09 22-09-25  2038.4  16943.7  -2219.74  218.994  14314
505  128  2025-06-09 22-09-25  2040  16953.1  -2224.8  219.051  14324.1
506  128  2025-06-09 22-09-25  2041.6  16962.5  -2229.98  219.109  14334.2
507  128  2025-06-09 22-09-25  2043.2  16971.8  -2235.26  219.167  14344.5
508  128  2025-06-09 22-09-25  2044.8  16981.2  -2240.47  219.224  14337.1
509  128  2025-06-09 22-09-25  2046.4  16990.5  -2245.79  219.282  14347.4
510  128  2025-06-09 22-09-25  2048  16999.8  -2251.03  219.339  14340
511  128  2025-06-09 22-09-25  2049.6  17009.2  -2256.38  219.397  14350.3
512  128  2025-06-09 22-09-25  2051.2  17018.5  -2261.66  219.454  14342.9
513  128  2025-06-09 22-09-25  2052.8  17027.9  -2266.87  219.512  14335.5
514  128  2025-06-09 22-09-25  2054.4  17037.3  -2272.18  219.569  14345.7
515  128  2025-06-09 22-09-25  2056  17046.7  -2277.43  219.627  14338.3
516  128  2025-06-09 22-09-25  2057.6  17056  -2282.77  219.685  14348.5
517  128  2025-06-09 22-09-25  2059.2  17065.4  -2288.05  219.742  14341.1
518  128  2025-06-09 22-09-25  2060.8  17074.9  -2293.25  219.8  14333.6
519  128  2025-06-09 22-09-25  2062.4  17084.2  -2298.56  219.857  14343.8
520  128  2025-06-09 22-09-25  2064  17093.7  -2303.8  219.915  14336.3
521  128  2025-06-09 22-09-25  2065.6  17103.1  -2309.14  219.972  14346.5
522  128  2025-06-09 22-09-25  2067.2  17112.5  -2314.41  220.03  14339
523  128  2025-06-09 22-09-25  2068.8  17122  -2319.6  220.087  14331.5
524  128  2025-06-09 22-09-25  2070.4  17131.4  -2324.9  220.145  14341.6
525  128  2025-06-09 22-09-25  2072  17140.9  -2330.13  220.203  14334.1
526  128  2025-06-09 22-09-25  2073.6  17150.3  -2335.46  220.26  14344.2
527  128  2025-06-09 22-09-25  2075.2  17159.8  -2340.72  220.318  14336.7
528  128  2025-06-09 22-09-25  2076.8  17169.3  -2345.9  220.375  14329.1
529  128  2025-06-09 22-09-25  2078.4  17178.7  -2351.19  220.433  14339.2
530  128  2025-06-09 22-09-25  2080  17188.3  -2356.41  220.49  14331.6
531  128  2025-06-09 22-09-25  2081.6  17197.7  -2361.73  220.548  14341.7
532  128  2025-06-09 22-09-25  2083.2  17207.2  -2366.97  220.605  14334.2
533  128  2025-06-09 22-09-25  2084.8  17216.7  -2372.33  220.663  14344.3
534  128  2025-06-09 22-09-25  2086.4  17226.2  -2377.61  220.721  14336.8
535  128  2025-06-09 22-09-25  2088  17235.7  -2382.81  220.778  14329.1
536  128  2025-06-09 22-09-25  2089.6  17245.2  -2388.12  220.836  14339.2
537  128  2025-06-09 22-09-25  2091.2  17254.8  -2393.35  220.893  14331.6
538  128  2025-06-09 22-09-25  2092.8  17264.3  -2398.69  220.951  14341.7
539  128  2025-06-09 22-09-25  2094.4  17273.8  -2403.96  221.008  14334.1
540  128  2025-06-09 22-09-25  2096  17283.4  -2409.14  221.066  14326.4
541  128  2025-06-09 22-09-25  2097.6  17293  -2414.44  221.123  14336.4
542  128  2025-06-09 22-09-25  2099.2  17302.6  -2419.66  221.181  14328.7
543  128  2025-06-09 22-09-25  2100.8  17312.1  -2424.98  221.239  14338.8
544  128  2025-06-09 22-09-25  2102.4  17321.7  -2430.23  221.296  14331.1
545  128  2025-06-09 22-09-25  2104  17331.2  -2435.58  221.354  14341.2
546  128  2025-06-09 22-09-25  2105.6  17340.8  -2440.86  221.411  14333.5
547  128  2025-06-09 22-09-25  2107.2  17350.4  -2446.06  221.469  14325.8
548  128  2025-06-09 22-09-25  2108.8  17360  -2451.37  221.526  14335.8
549  128  2025-06-09 22-09-25  2110.4  17369.6  -2456.6  221.584  14328.1
550  128  2025-06-09 22-09-25  2112  17379.2  -2461.94  221.641  14338.1
551  128  2025-06-09 22-09-25  2113.6  17388.9  -2467.2  221.699  14330.4
552  128  2025-06-09 22-09-25  2115.2  17398.5  -2472.38  221.757  14322.7
553  128  2025-06-09 22-09-25  2116.8  17408.2  -2477.67  221.814  14332.6
554  128  2025-06-09 22-09-25  2118.4  17417.8  -2482.88  221.872  14324.9
555  128  2025-06-09 22-09-25  2120  17427.4  -2488.19  221.929  14334.8
556  128  2025-06-09 22-09-25  2121.6  17437.1  -2493.43  221.987  14327.1
557  128  2025-06-09 22-09-25  2123.2  17446.7  -2498.78  222.044  14337
558  128  2025-06-09 22-09-25  2124.8  17456.4  -2504.04  222.102  14329.3
559  128  2025-06-09 22-09-25  2126.4  17466.1  -2509.23  222.159  14321.5
560  128  2025-06-09 22-09-25  2128  17475.8  -2514.53  222.217  14331.4
561  128  2025-06-09 22-09-25  2129.6  17485.5  -2519.74  222.275  14323.7
562  128  2025-06-09 22-09-25  2131.2  17495.2  -2525.07  222.332  14333.6
563  128  2025-06-09 22-09-25  2132.8  17504.9  -2530.31  222.39  14325.8
564  128  2025-06-09 22-09-25  2134.4  17514.5  -2535.66  222.447  14335.8
565  128  2025-06-09 22-09-25  2136  17524.3  -2540.94  222.505  14328
566  128  2025-06-09 22-09-25  2137.6  17534  -2546.13  222.562  14320.2
567  128  2025-06-09 22-09-25  2139.2  17543.7  -2551.43  222.62  14330.1
568  128  2025-06-09 22-09-25  2140.8  17553.5  -2556.65  222.677  14322.3
569  128  2025-06-09 22-09-25  2142.4  17563.2  -2561.98  222.735  14332.1
570  128  2025-06-09 22-09-25  2144  17573  -2567.23  222.793  14324.4
571  128  2025-06-09 22-09-25  2145.6  17582.7  -2572.58  222.85  14334.3
572  128  2025-06-09 22-09-25  2147.2  17592.4  -2577.86  222.908  14326.5
573  128  2025-06-09 22-09-25  2148.8  17602.2  -2583.05  222.965  14318.6
574  128  2025-06-09 22-09-25  2150.4  17612  -2588.35  223.023  14328.5
575  128  2025-06-09 22-09-25  2152  17621.8  -2593.58  223.08  14320.6
576  128  2025-06-09 22-09-25  2153.6  17631.5  -2598.91  223.138  14330.5
577  128  2025-06-09 22-09-25  2155.2  17641.3  -2604.15  223.195  14322.7
578  128  2025-06-09 22-09-25  2156.8  17651.1  -2609.51  223.253  14332.5
579  128  2025-06-09 22-09-25  2158.4  17660.9  -2614.79  223.311  14324.7
580  128  2025-06-09 22-09-25  2160  17670.7  -2619.98  223.368  14316.8
581  128  2025-06-09 22-09-25  2161.6  17680.5  -2625.28  223.426  14326.6
582  128  2025-06-09 22-09-25  2163.2  17690.4  -2630.5  223.483  14318.8
583  128  2025-06-09 22-09-25  2164.8  17700.2  -2635.83  223.541  14328.6
584  128  2025-06-09 22-09-25  2166.4  17710  -2641.08  223.598  14320.7
585  128  2025-06-09 22-09-25  2168  17719.8  -2646.44  223.656  14330.6
586  128  2025-06-09 22-09-25  2169.6  17729.7  -2651.71  223.713  14322.7
587  128  2025-06-09 22-09-25  2171.2  17739.6  -2656.9  223.771  14314.8
588  128  2025-06-09 22-09-25  2172.8  17749.4  -2662.2  223.829  14324.6
589  128  2025-06-09 22-09-25  2174.4  17759.3  -2667.42  223.886  14316.7
590  128  2025-06-09 22-09-25  2176  17769.2  -2672.74  223.944  14326.5
591  128  2025-06-09 22-09-25  2177.6  17779.1  -2677.99  224.001  14318.6
592  128  2025-06-09 22-09-25  2179.2  17788.9  -2683.34  224.059  14328.4
593  128  2025-06-09 22-09-25  2180.8  17798.8  -2688.61  224.116  14320.5
594  128  2025-06-09 22-09-25  2182.4  17808.8  -2693.79  224.174  14312.6
595  128  2025-06-09 22-09-25  2184  17818.7  -2699.09  224.231  14322.3
596  128  2025-06-09 22-09-25  2185.6  17828.6  -2704.3  224.289  14314.4
597  128  2025-06-09 22-09-25  2187.2  17838.5  -2709.62  224.347  14324.1
598  128  2025-06-09 22-09-25  2188.8  17848.4  -2714.85  224.404  14316.2
599  128  2025-06-09 22-09-25  2190.4  17858.3  -2720.2  224.462  14326
600  128  2025-06-09 22-09-25  2192  17868.3  -2725.46  224.519  14318.1
601  128  2025-06-09 22-09-25  2193.6  17878.2  -2730.83  224.577  14327.9
602  128  2025-06-09 22-09-25  2195.2  17888.1  -2736.12  224.634  14320
603  128  2025-06-09 22-09-25  2196.8  17898.1  -2741.32  224.692  14312
604  128  2025-06-09 22-09-25  2198.4  17908.1  -2746.63  224.749  14321.8
605  128  2025-06-09 22-09-25  2200  17918.1  -2751.86  224.807  14313.8
606  128  2025-06-09 22-09-25  2201.6  17928  -2757.2  224.865  14323.6
607  128  2025-06-09 22-09-25  2203.2  17938  -2762.45  224.922  14315.6
608  128  2025-06-09 22-09-25  2204.8  17947.9  -2767.82  224.98  14325.4
609  128  2025-06-09 22-09-25  2206.4  17957.9  -2773.1  225.037  14317.5
610  128  2025-06-09 22-09-25  2208  17968  -2778.29  225.095  14309.5
611  128  2025-06-09 22-09-25  2209.6  17978  -2783.59  225.152  14319.2
612  128  2025-06-09 22-09-25  2211.2  17988  -2788.81  225.21  14311.2
613  128  2025-06-09 22-09-25  2212.8  17998  -2794.14  225.267  14320.9
614  128  2025-06-09 22-09-25  2214.4  18008.1  -2799.38  225.325  14312.9
615  128  2025-06-09 22-09-25  2216  18018.1  -2804.73  225.383  14322.6
616  128  2025-06-09 22-09-25  2217.6  18028.1  -2810  225.44  14314.7
617  128  2025-06-09 22-09-25  2219.2  18038.2  -2815.18  225.498  14306.7
618  128  2025-06-09 22-09-25  2220.8  18048.3  -2820.47  225.555  14316.3
619  128  2025-06-09 22-09-25  2222.4  18058.4  -2825.68  225.613  14308.3
620  128  2025-06-09 22-09-25  2224  18068.4  -2830.99  225.67  14318
621  128  2025-06-09 22-09-25  2225.6  18078.5  -14036.2  225.728  14310
622  128  2025-06-09 22-09-25  2227.2  18088.5  -14041.6  225.785  14319.7
623  128  2025-06-09 22-09-25  2228.8  18098.6  -14046.8  225.843  14311.7
624  128  2025-06-09 22-09-25  2230.4  18108.7  -14052.2  225.901  14321.4
625  128  2025-06-09 22-09-25  2232  18118.8  -14057.5  225.958  14313.4
626  128  2025-06-09 22-09-25  2233.6  18128.9  -14062.6  226.016  14305.4
627  128  2025-06-09 22-09-25  2235.2  18139  -14067.9  226.073  14315
628  128  2025-06-09 22-09-25  2236.8  18149.2  -14073.2  226.131  14307
629  128  2025-06-09 22-09-25  2238.4  18159.3  -14078.5  226.188  14316.7
630  128  2025-06-09 22-09-25  2240  18169.5  -14083.7  226.246  14308.7
631  128  2025-06-09 22-09-25  2241.6  18179.6  -14089.1  226.303  14318.3
632  128  2025-06-09 22-09-25  2243.2  18189.7  -14094.3  226.361  14310.3
633  128  2025-06-09 22-09-25  2244.8  18199.9  -14099.5  226.419  14302.3
634  128  2025-06-09 22-09-25  2246.4  18210.1  -14104.8  226.476  14311.9
635  128  2025-06-09 22-09-25  2248  18220.3  -14110  226.534  14303.8
636  128  2025-06-09 22-09-25  2249.6  18230.4  -14115.3  226.591  14313.4
637  128  2025-06-09 22-09-25  2251.2  18240.6  -14120.5  226.649  14305.4
638  128  2025-06-09 22-09-25  2252.8  18250.8  -14125.9  226.706  14315
639  128  2025-06-09 22-09-25  2254.4  18261  -14131.1  226.764  14307
640  128  2025-06-09 22-09-25  2256  18271.2  -14136.4  226.821  14316.7
641  128  2025-06-09 22-09-25  2257.6  18281.4  -14141.7  226.879  14308.7
642  128  2025-06-09 22-09-25  2259.2  18291.6  -14146.9  226.937  14300.6
643  128  2025-06-09 22-09-25  2260.8  18301.8  -14152.2  226.994  14310.2
644  128  2025-06-09 22-09-25  2262.4  18312.1  -14157.4  227.052  14302.1
645  128  2025-06-09 22-09-25  2264  18322.3  -14162.7  227.109  14311.7
646  128  2025-06-09 22-09-25  2265.6  18332.6  -14167.9  227.167  14303.6
647  128  2025-06-09 22-09-25  2267.2  18342.8  -14173.3  227.224  14313.3
648  128  2025-06-09 22-09-25  2268.8  18353.1  -14178.5  227.282  14305.2
649  128  2025-06-09 22-09-25  2270.4  18363.3  -14183.9  227.339  14314.9
650  128  2025-06-09 22-09-25  2272  18373.5  -14189.1  227.397  14306.8
651  128  2025-06-09 22-09-25  2273.6  18383.9  -14194.3  227.455  14298.7
652  128  2025-06-09 22-09-25  2275.2  18394.1  -14199.6  227.512  14308.3
653  128  2025-06-09 22-09-25  2276.8  18404.4  -14204.8  227.57  14300.2
654  128  2025-06-09 22-09-25  2278.4  18414.7  -14210.1  227.627  14309.8
655  128  2025-06-09 22-09-25  2280  18425  -14215.4  227.685  14301.7
656  128  2025-06-09 22-09-25  2281.6  18435.3  -14220.7  227.742  14311.3
657  128  2025-06-09 22-09-25  2283.2  18445.6  -14225.9  227.8  14303.3
658  128  2025-06-09 22-09-25  2284.8  18455.9  -14231.3  227.857  14312.9
659  128  2025-06-09 22-09-25  2286.4  18466.2  -14236.6  227.915  14304.9
660  128  2025-06-09 22-09-25  2288  18476.6  -14241.8  227.973  14296.7
661  128  2025-06-09 22-09-25  2289.6  18486.9  -14247  228.03  14306.3
662  128  2025-06-09 22-09-25  2291.2  18497.3  -14252.3  228.088  14298.2
663  128  2025-06-09 22-09-25  2292.8  18507.6  -14257.6  228.145  14307.8
664  128  2025-06-09 22-09-25  2294.4  18518  -14262.8  228.203  14299.7
665  128  2025-06-09 22-09-25  2296  18528.3  -14268.1  228.26  14309.3
666  128  2025-06-09 22-09-25  2297.6  18538.7  -14273.4  228.318  14301.2
667  128  2025-06-09 22-09-25  2299.2  18549  -14278.7  228.375  14310.8
668  128  2025-06-09 22-09-25  2300.8  18559.4  -14284  228.433  14302.8
669  128  2025-06-09 22-09-25  2302.4  18569.9  -14289.2  228.491  14294.6
670  128  2025-06-09 22-09-25  2304  18580.2  -14294.5  228.548  14304.2
671  128  2025-06-09 22-09-25  2305.6  18590.7  -14299.7  228.606  14296
672  128  2025-06-09 22-09-25  2307.2  18601.1  -14305  228.663  14305.6
673  128  2025-06-09 22-09-25  2308.8  18611.5  -14310.2  228.721  14297.5
674  128  2025-06-09 22-09-25  2310.4  18621.9  -14315.6  228.778  14307.1
675  128  2025-06-09 22-09-25  2312  18632.3  -14320.8  228.836  14299
676  128  2025-06-09 22-09-25  2313.6  18642.7  -14326.2  228.893  14308.6
677  128  2025-06-09 22-09-25  2315.2  18653.1  -14331.4  228.951  14300.5
678  128  2025-06-09 22-09-25  2316.8  18663.6  -14336.6  229.009  14292.3
679  128  2025-06-09 22-09-25  2318.4  18674.1  -14341.9  229.066  14301.9
680  128  2025-06-09 22-09-25  2320  18684.6  -14347.1  229.124  14293.7
681  128  2025-06-09 22-09-25  2321.6  18695  -14352.4  229.181  14303.3
682  128  2025-06-09 22-09-25  2323.2  18705.5  -14357.6  229.239  14295.2
683  128  2025-06-09 22-09-25  2324.8  18716  -14363  229.296  14304.7
684  128  2025-06-09 22-09-25  2326.4  18726.5  -14368.2  229.354  14296.6
685  128  2025-06-09 22-09-25  2328  18736.9  -14373.6  229.411  14306.2
686  128  2025-06-09 22-09-25  2329.6  18747.4  -14378.8  229.469  14298.1
687  128  2025-06-09 22-09-25  2331.2  18758  -14384  229.527  14289.9
688  128  2025-06-09 22-09-25  2332.8  18768.5  -14389.3  229.584  14299.4
689  128  2025-06-09 22-09-25  2334.4  18779  -14394.5  229.642  14291.3
690  128  2025-06-09 22-09-25  2336  18789.5  -14399.8  229.699  14300.8
691  128  2025-06-09 22-09-25  2337.6  18800.1  -14405  229.757  14292.7
692  128  2025-06-09 22-09-25  2339.2  18810.6  -14410.3  229.814  14302.2
693  128  2025-06-09 22-09-25  2340.8  18821.2  -14415.6  229.872  14294.1
694  128  2025-06-09 22-09-25  2342.4  18831.7  -14420.9  229.93  14303.7
695  128  2025-06-09 22-09-25  2344  18842.2  -14426.2  229.987  14295.6
696  128  2025-06-09 22-09-25  2345.6  18852.8  -14431.4  230.045  14287.4
697  128  2025-06-09 22-09-25  2347.2  18863.4  -14436.6  230.102  14296.9
698  128  2025-06-09 22-09-25  2348.8  18874  -14441.8  230.16  14288.7
699  128  2025-06-09 22-09-25  2350.4  18884.6  -14447.1  230.217  14298.2
700  128  2025-06-09 22-09-25  2352  18895.2  -14452.3  230.275  14290.1
701  128  2025-06-09 22-09-25  2353.6  18905.8  -14457.7  230.332  14299.6
702  128  2025-06-09 22-09-25  2355.2  18916.4  -14462.9  230.39  14291.4
703  128  2025-06-09 22-09-25  2356.8  18927  -14468.2  230.448  14301
704  128  2025-06-09 22-09-25  2358.4  18937.6  -14473.5  230.505  14292.9
705  128  2025-06-09 22-09-25  2360  18948.3  -14478.6  230.563  14284.7
706  128  2025-06-09 22-09-25  2361.6  18958.9  -14483.9  230.62  14294.1
707  128  2025-06-09 22-09-25  2363.2  18969.6  -14489.1  230.678  14286
708  128  2025-06-09 22-09-25  2364.8  18980.2  -14494.4  230.735  14295.5
709  128  2025-06-09 22-09-25  2366.4  18990.9  -14499.6  230.793  14287.3
710  128  2025-06-09 22-09-25  2368  19001.5  -14504.9  230.85  14296.8
711  128  2025-06-09 22-09-25  2369.6  19012.2  -14510.1  230.908  14288.6
712  128  2025-06-09 22-09-25  2371.2  19022.8  -14515.5  230.966  14298.2
713  128  2025-06-09 22-09-25  2372.8  19033.5  -14520.7  231.023  14290
714  128  2025-06-09 22-09-25  2374.4  19044.2  -14526  231.081  14299.6
715  128  2025-06-09 22-09-25  2376  19054.8  -14531.3  231.138  14291.5
716  128  2025-06-09 22-09-25  2377.6  19065.6  -14536.5  231.196  14283.3
717  128  2025-06-09 22-09-25  2379.2  19076.3  -14541.8  231.253  14292.7
718  128  2025-06-09 22-09-25  2380.8  19087  -14547  231.311  14284.5
719  128  2025-06-09 22-09-25  2382.4  19097.7  -14552.3  231.368  14294.1
720  128  2025-06-09 22-09-25  2384  19108.5  -14557.5  231.426  14285.9
721  128  2025-06-09 22-09-25  2385.6  19119.2  -14562.8  231.484  14295.4
722  128  2025-06-09 22-09-25  2387.2  19129.9  -14568  231.541  14287.2
723  128  2025-06-09 22-09-25  2388.8  19140.6  -14573.4  231.599  14296.8
724  128  2025-06-09 22-09-25  2390.4  19151.4  -14578.6  231.656  14288.6
725  128  2025-06-09 22-09-25  2392  19162.2  -14583.8  231.714  14280.4
726  128  2025-06-09 22-09-25  2393.6  19172.9  -14589.1  231.771  14289.9
727  128  2025-06-09 22-09-25  2395.2  19183.7  -14594.2  231.829  14281.7
728  128  2025-06-09 22-09-25  2396.8  19194.5  -14599.5  231.886  14291.2
729  128  2025-06-09 22-09-25  2398.4  19205.3  -14604.7  231.944  14283
730  128  2025-06-09 22-09-25  2400  19216  -14610  232.002  14292.5
731  128  2025-06-09 22-09-25  2401.6  19226.9  -14615.3  232.059  14284.3
732  128  2025-06-09 22-09-25  2403.2  19237.6  -14620.6  232.117  14293.8
733  128  2025-06-09 22-09-25  2404.8  19248.4  -14625.8  232.174  14285.7
734  128  2025-06-09 22-09-25  2406.4  19259.3  -14631  232.232  14277.4
735  128  2025-06-09 22-09-25  2408  19270.1  -14636.2  232.289  14286.9
736  128  2025-06-09 22-09-25  2409.6  19281  -14641.4  232.347  14278.6
737  128  2025-06-09 22-09-25  2411.2  19291.8  -14646.7  232.404  14288.1
738  128  2025-06-09 22-09-25  2412.8  19302.7  -14651.9  232.462  14279.9
739  128  2025-06-09 22-09-25  2414.4  19313.5  -14657.2  232.52  14289.4
740  128  2025-06-09 22-09-25  2416  19324.4  -14662.4  232.577  14281.2
741  128  2025-06-09 22-09-25  2417.6  19335.2  -14667.7  232.635  14290.7
742  128  2025-06-09 22-09-25  2419.2  19346.1  -14672.9  232.692  14282.5
743  128  2025-06-09 22-09-25  2420.8  19356.9  -14678.3  232.75  14292.1
744  128  2025-06-09 22-09-25  2422.4  19367.8  -14683.5  232.807  14283.9
745  128  2025-06-09 22-09-25  2424  19378.7  -14688.7  232.865  14275.7
746  128  2025-06-09 22-09-25  2425.6  19389.6  -14693.9  232.922  14285.1
747  128  2025-06-09 22-09-25  2427.2  19400.6  -14699.1  232.98  14276.9
748  128  2025-06-09 22-09-25  2428.8  19411.4  -14704.4  233.038  14286.4
749  128  2025-06-09 22-09-25  2430.4  19422.4  -14709.6  233.095  14278.1
750  128  2025-06-09 22-09-25  2432  19433.3  -14714.9  233.153  14287.6
751  128  2025-06-09 22-09-25  2433.6  19444.2  -14720.1  233.21  14279.4
752  128  2025-06-09 22-09-25  2435.2  19455.1  -14725.4  233.268  14288.9
753  128  2025-06-09 22-09-25  2436.8  19466.1  -14730.6  233.325  14280.8
754  128  2025-06-09 22-09-25  2438.4  19477.1  -14735.8  233.383  14272.5
755  128  2025-06-09 22-09-25  2440  19488  -14741  233.44  14282
756  128  2025-06-09 22-09-25  2441.6  19499  -14746.2  233.498  14273.7
757  128  2025-06-09 22-09-25  2443.2  19510  -14751.5  233.556  14283.2
758  128  2025-06-09 22-09-25  2444.8  19521  -14756.6  233.613  14274.9
759  128  2025-06-09 22-09-25  2446.4  19531.9  -14761.9  233.671  14284.4
760  128  2025-06-09 22-09-25  2448  19542.9  -14767.1  233.728  14276.2
761  128  2025-06-09 22-09-25  2449.6  19553.9  -14772.4  233.786  14285.7
762  128  2025-06-09 22-09-25  2451.2  19564.9  -14777.6  233.843  14277.5
763  128  2025-06-09 22-09-25  2452.8  19575.9  -14783  233.901  14287
764  128  2025-06-09 22-09-25  2454.4  19586.9  -14788.2  233.958  14278.8
765  128  2025-06-09 22-09-25  2456  19597.9  -14793.4  234.016  14270.6
766  128  2025-06-09 22-09-25  2457.6  19609  -14798.6  234.074  14280
767  128  2025-06-09 22-09-25  2459.2  19620  -14803.8  234.131  14271.8
768  128  2025-06-09 22-09-25  2460.8  19631.1  -14809  234.189  14281.2
769  128  2025-06-09 22-09-25  2462.4  19642.1  -14814.2  234.246  14273
770  128  2025-06-09 22-09-25  2464  19653.2  -14819.5  234.304  14282.5
771  128  2025-06-09 22-09-25  2465.6  19664.2  -14824.7  234.361  14274.3
772  128  2025-06-09 22-09-25  2467.2  19675.3  -14830  234.419  14283.8
773  128  2025-06-09 22-09-25  2468.8  19686.3  -14835.3  234.476  14275.6
774  128  2025-06-09 22-09-25  2470.4  19697.5  -14840.4  234.534  14267.3
775  128  2025-06-09 22-09-25  2472  19708.6  -14845.6  234.592  14276.7
776  128  2025-06-09 22-09-25  2473.6  19719.7  -14850.8  234.649  14268.5
777  128  2025-06-09 22-09-25  2475.2  19730.8  -14856  234.707  14277.9
778  128  2025-06-09 22-09-25  2476.8  19741.9  -14861.2  234.764  14269.7
779  128  2025-06-09 22-09-25  2478.4  19753  -14866.4  234.822  14279.1
780  128  2025-06-09 22-09-25  2480  19764.1  -14871.6  234.879  14270.9
781  128  2025-06-09 22-09-25  2481.6  19775.2  -14876.9  234.937  14280.4
782  128  2025-06-09 22-09-25  2483.2  19786.4  -14882.1  234.994  14272.2
783  128  2025-06-09 22-09-25  2484.8  19797.5  -14887.4  235.052  14281.7
784  128  2025-06-09 22-09-25  2486.4  19808.6  -14892.7  235.11  14273.5
785  128  2025-06-09 22-09-25  2488  19819.8  -14897.8  235.167  14265.2
786  128  2025-06-09 22-09-25  2489.6  19831  -14903  235.225  14274.6
787  128  2025-06-09 22-09-25  2491.2  19842.2  -14908.2  235.282  14266.4
788  128  2025-06-09 22-09-25  2492.8  19853.4  -14913.4  235.34  14275.8
789  128  2025-06-09 22-09-25  2494.4  19864.6  -14918.6  235.397  14267.6
790  128  2025-06-09 22-09-25  2496  19875.7  -14923.9  235.455  14277
791  128  2025-06-09 22-09-25  2497.6  19886.9  -14929  235.512  14268.8
792  128  2025-06-09 22-09-25  2499.2  19898.1  -14934.3  235.57  14278.3
793  128  2025-06-09 22-09-25  2500.8  19909.3  -14939.5  235.628  14270.1
794  128  2025-06-09 22-09-25  2502.4  19920.5  -14944.9  235.685  14279.5
795  128  2025-06-09 22-09-25  2504  19931.7  -14950.1  235.743  14271.3
796  128  2025-06-09 22-09-25  2505.6  19943  -14955.2  235.8  14263.1
797  128  2025-06-09 22-09-25  2507.2  19954.2  -14960.4  235.858  14272.5
798  128  2025-06-09 22-09-25  2508.8  19965.5  -14965.6  235.915  14264.2
799  128  2025-06-09 22-09-25  2510.4  19976.7  -14970.8  235.973  14273.7
800  128  2025-06-09 22-09-25  2512  19988  -14976  236.03  14265.4
801  128  2025-06-09 22-09-25  2513.6  19999.2  -14981.3  236.088  14274.9
802  128  2025-06-09 22-09-25  2515.2  20010.5  -14986.5  236.146  14266.7
803  128  2025-06-09 22-09-25  2516.8  20021.7  -14991.8  236.203  14276.1
804  128  2025-06-09 22-09-25  2518.4  20033  -14997  236.261  14267.9
805  128  2025-06-09 22-09-25  2520  20044.2  -15002.3  236.318  14277.4
806  128  2025-06-09 22-09-25  2521.6  20055.5  -15007.5  236.376  14269.2
807  128  2025-06-09 22-09-25  2523.2  20066.9  -15012.6  236.433  14261
808  128  2025-06-09 22-09-25  2524.8  20078.2  -15017.9  236.491  14270.4
809  128  2025-06-09 22-09-25  2526.4  20089.5  -15023  236.548  14262.1
810  128  2025-06-09 22-09-25  2528  20100.8  -15028.3  236.606  14271.6
811  128  2025-06-09 22-09-25  2529.6  20112.1  -15033.4  236.664  14263.3
812  128  2025-06-09 22-09-25  2531.2  20123.4  -15038.7  236.721  14272.8
813  128  2025-06-09 22-09-25  2532.8  20134.8  -15043.9  236.779  14264.6
814  128  2025-06-09 22-09-25  2534.4  20146.1  -15049.2  236.836  14274
815  128  2025-06-09 22-09-25  2536  20157.4  -15054.4  236.894  14265.8
816  128  2025-06-09 22-09-25  2537.6  20168.9  -15059.5  236.951  14257.5
817  128  2025-06-09 22-09-25  2539.2  20180.2  -15064.7  237.009  14266.9
818  128  2025-06-09 22-09-25  2540.8  20191.6  -15069.9  237.066  14258.7
819  128  2025-06-09 22-09-25  2542.4  20203  -15075.1  237.124  14268.1
820  128  2025-06-09 22-09-25  2544  20214.4  -15080.1  237.21  14252.1
821  128  2025-06-09 22-09-25  2545.6  20226  -15085  237.297  14236.1
822  128  2025-06-09 22-09-25  2547.2  20237.6  -15089.6  237.383  14220.1
823  128  2025-06-09 22-09-25  2548.8  20249.4  -15094.1  237.469  14204.1
824  128  2025-06-09 22-09-25  2550.4  20261.2  -15098.3  237.556  14188.1
825  128  2025-06-09 22-09-25  2552  20273.1  -15102.4  237.642  14172.1
826  128  2025-06-09 22-09-25  2553.6  20285  -15106.4  237.728  14170.5
827  128  2025-06-09 22-09-25  2555.2  20296.9  -15110.4  237.815  14168.8
