SN    USVID    CurTime    simTime    CurX    CurY    CurVel      CurYaw   
0  144  2025-06-13 22-56-43  0  2440  14512  192  2672
1  144  2025-06-13 22-56-43  1.6  2448.01  14512  192.058  2672
2  144  2025-06-13 22-56-43  3.2  2456.02  14512  192.115  2672
3  144  2025-06-13 22-56-43  4.8  2464.03  14512  192.173  2672
4  144  2025-06-13 22-56-43  6.4  2472.06  14512  192.23  2672
5  144  2025-06-13 22-56-43  8  2480.09  14512  192.288  2672
6  144  2025-06-13 22-56-43  9.6  2488.12  14512  192.345  2672
7  144  2025-06-13 22-56-43  11.2  2496.16  14512  192.403  2672
8  144  2025-06-13 22-56-43  12.8  2504.21  14512  192.46  2672
9  144  2025-06-13 22-56-43  14.4  2512.26  14512  192.518  2672
10  144  2025-06-13 22-56-43  128  2520.32  14512  192.576  2672
11  144  2025-06-13 22-56-43  129.6  2528.38  14512  192.633  2672
12  144  2025-06-13 22-56-43  131.2  2536.45  14512  192.691  2672
13  144  2025-06-13 22-56-43  132.8  2544.52  14512  192.748  2672
14  144  2025-06-13 22-56-43  134.4  2552.6  14512  192.806  2672
15  144  2025-06-13 22-56-43  136  2560.69  14512  192.863  2672
16  144  2025-06-13 22-56-43  137.6  2568.78  14512  192.921  2672
17  144  2025-06-13 22-56-43  139.2  2576.88  14512  192.978  2672
18  144  2025-06-13 22-56-43  140.8  2584.98  14512  193.036  2672
19  144  2025-06-13 22-56-43  142.4  2593.09  14512  193.094  2672
20  144  2025-06-13 22-56-43  144  2601.21  14512  193.151  2672
21  144  2025-06-13 22-56-43  145.6  2609.33  14512  193.209  2672
22  144  2025-06-13 22-56-43  147.2  2617.46  14512  193.266  2672
23  144  2025-06-13 22-56-43  148.8  2625.59  14512  193.324  2672
24  144  2025-06-13 22-56-43  150.4  2633.73  14512  193.381  2672
25  144  2025-06-13 22-56-43  152  2641.87  14512  193.439  2672
26  144  2025-06-13 22-56-43  153.6  2650.02  14512  193.496  2672
27  144  2025-06-13 22-56-43  155.2  2658.18  14512  193.554  2672
28  144  2025-06-13 22-56-43  156.8  2666.34  14512  193.612  2672
29  144  2025-06-13 22-56-43  158.4  2674.5  14512  193.669  2672
30  144  2025-06-13 22-56-43  160  2682.68  14512  193.727  2672
31  144  2025-06-13 22-56-43  161.6  2690.85  14512  193.784  2672
32  144  2025-06-13 22-56-43  163.2  2699.04  14512  193.842  2672
33  144  2025-06-13 22-56-43  164.8  2707.23  14512  193.899  2672
34  144  2025-06-13 22-56-43  166.4  2715.42  14512  193.957  2672
35  144  2025-06-13 22-56-43  168  2723.63  14512  194.014  2672
36  144  2025-06-13 22-56-43  169.6  2731.83  14512  194.072  2672
37  144  2025-06-13 22-56-43  171.2  2740.05  14512  194.13  2672
38  144  2025-06-13 22-56-43  172.8  2748.26  14512  194.187  2672
39  144  2025-06-13 22-56-43  174.4  2756.49  14512  194.245  2672
40  144  2025-06-13 22-56-43  176  2764.72  14512  194.302  2672
41  144  2025-06-13 22-56-43  177.6  2772.96  14512  194.36  2672
42  144  2025-06-13 22-56-43  179.2  2781.2  14512  194.417  2672
43  144  2025-06-13 22-56-43  180.8  2789.44  14512  194.475  2672
44  144  2025-06-13 22-56-43  182.4  2797.7  14512  194.532  2672
45  144  2025-06-13 22-56-43  184  2805.96  14512  194.59  2672
46  144  2025-06-13 22-56-43  185.6  2814.22  14512  194.648  2672
47  144  2025-06-13 22-56-43  187.2  2822.49  14512  194.705  2672
48  144  2025-06-13 22-56-43  188.8  2830.77  14512  194.763  2672
49  144  2025-06-13 22-56-43  190.4  14039.1  14512  194.82  2672
50  144  2025-06-13 22-56-43  192  14047.3  14512  194.878  2672
51  144  2025-06-13 22-56-43  193.6  14055.6  14512  194.935  2672
52  144  2025-06-13 22-56-43  195.2  14063.9  14512  194.993  2672
53  144  2025-06-13 22-56-43  196.8  14072.2  14512  195.05  2672
54  144  2025-06-13 22-56-43  198.4  14080.5  14512  195.108  2672
55  144  2025-06-13 22-56-43  200  14088.9  14512  195.166  2672
56  144  2025-06-13 22-56-43  201.6  14097.2  14512  195.223  2672
57  144  2025-06-13 22-56-43  203.2  14105.5  14512  195.281  2672
58  144  2025-06-13 22-56-43  204.8  14113.8  14512  195.338  2672
59  144  2025-06-13 22-56-43  206.4  14122.2  14512  195.396  2672
60  144  2025-06-13 22-56-43  208  14130.5  14512  195.453  2672
61  144  2025-06-13 22-56-43  209.6  14138.9  14512  195.511  2672
62  144  2025-06-13 22-56-43  211.2  14147.2  14512  195.568  2672
63  144  2025-06-13 22-56-43  212.8  14155.6  14512  195.626  2672
64  144  2025-06-13 22-56-43  214.4  14164  14512  195.684  2672
65  144  2025-06-13 22-56-43  216  14172.3  14512  195.741  2672
66  144  2025-06-13 22-56-43  217.6  14180.7  14512  195.799  2672
67  144  2025-06-13 22-56-43  219.2  14189.1  14512  195.856  2672
68  144  2025-06-13 22-56-43  220.8  14197.5  14512  195.914  2672
69  144  2025-06-13 22-56-43  222.4  14205.9  14512  195.971  2672
70  144  2025-06-13 22-56-43  224  14214.3  14512  196.029  2672
71  144  2025-06-13 22-56-43  225.6  14222.7  14512  196.086  2672
72  144  2025-06-13 22-56-43  227.2  14231.1  14512  196.144  2672
73  144  2025-06-13 22-56-43  228.8  14239.5  14512  196.202  2672
74  144  2025-06-13 22-56-43  230.4  14248  14512  196.259  2672
75  144  2025-06-13 22-56-43  232  14256.4  14512  196.317  2672
76  144  2025-06-13 22-56-43  233.6  14264.8  14512  196.374  2672
77  144  2025-06-13 22-56-43  235.2  14273.3  14512  196.432  2672
78  144  2025-06-13 22-56-43  236.8  14281.7  14512  196.489  2672
79  144  2025-06-13 22-56-43  238.4  14290.2  14512  196.547  2672
80  144  2025-06-13 22-56-43  240  14298.6  14512  196.604  2672
81  144  2025-06-13 22-56-43  241.6  14307.1  14512  196.662  2672
82  144  2025-06-13 22-56-43  243.2  14315.6  14512  196.72  2672
83  144  2025-06-13 22-56-43  244.8  14324.1  14512  196.777  2672
84  144  2025-06-13 22-56-43  246.4  14332.5  14512  196.835  2672
85  144  2025-06-13 22-56-43  248  14341  14512  196.892  2672
86  144  2025-06-13 22-56-43  249.6  14349.5  14512  196.95  2672
87  144  2025-06-13 22-56-43  251.2  14358  14512  197.007  2672
88  144  2025-06-13 22-56-43  252.8  14366.5  14512  197.065  2672
89  144  2025-06-13 22-56-43  254.4  14375.1  14512  197.122  2672
90  144  2025-06-13 22-56-43  256  14383.6  14512  197.18  2672
91  144  2025-06-13 22-56-43  257.6  14392.1  14512  197.238  2672
92  144  2025-06-13 22-56-43  259.2  14400.6  14512  197.295  2672
93  144  2025-06-13 22-56-43  260.8  14409.2  14512  197.353  2672
94  144  2025-06-13 22-56-43  262.4  14417.7  14512  197.41  2672
95  144  2025-06-13 22-56-43  264  14426.2  14512  197.468  2672
96  144  2025-06-13 22-56-43  265.6  14434.8  14512  197.525  2672
97  144  2025-06-13 22-56-43  267.2  14443.4  14512  197.583  2672
98  144  2025-06-13 22-56-43  268.8  14451.9  14512  197.641  2672
99  144  2025-06-13 22-56-43  270.4  14460.5  14512  197.698  2672
100  144  2025-06-13 22-56-43  1392  14469.1  14512  197.756  2672
101  144  2025-06-13 22-56-43  1393.6  14477.6  14512  197.813  2672
102  144  2025-06-13 22-56-43  1395.2  14486.2  14512  197.871  2672
103  144  2025-06-13 22-56-43  1396.8  14494.8  14512  197.928  2672
104  144  2025-06-13 22-56-43  1398.4  14503.4  14512  197.986  2672
105  144  2025-06-13 22-56-43  1400  14512  14512  198.043  2672
106  144  2025-06-13 22-56-43  1401.6  14520.6  14512  198.101  2672
107  144  2025-06-13 22-56-43  1403.2  14529.3  14512  198.159  2672
108  144  2025-06-13 22-56-43  1404.8  14537.9  14512  198.216  2672
109  144  2025-06-13 22-56-43  1406.4  14546.5  14512  198.274  2672
110  144  2025-06-13 22-56-43  1408  14555.1  14512  198.331  2672
111  144  2025-06-13 22-56-43  1409.6  14563.8  14512  198.389  2672
112  144  2025-06-13 22-56-43  1411.2  14572.4  14512  198.446  2672
113  144  2025-06-13 22-56-43  1412.8  14581.1  14512  198.504  2672
114  144  2025-06-13 22-56-43  1414.4  14589.7  14512  198.561  2672
115  144  2025-06-13 22-56-43  1416  14598.4  14512  198.619  2672
116  144  2025-06-13 22-56-43  1417.6  14607.1  14512  198.677  2672
117  144  2025-06-13 22-56-43  1419.2  14615.7  14512  198.734  2672
118  144  2025-06-13 22-56-43  1420.8  14624.4  14512  198.792  2672
119  144  2025-06-13 22-56-43  1422.4  14633.1  14512  198.849  2672
120  144  2025-06-13 22-56-43  1424  14641.8  14512  198.907  2672
121  144  2025-06-13 22-56-43  1425.6  14650.5  14512  198.964  2672
122  144  2025-06-13 22-56-43  1427.2  14659.2  14512  199.022  2672
123  144  2025-06-13 22-56-43  1428.8  14667.9  14512  199.079  2672
124  144  2025-06-13 22-56-43  1430.4  14676.6  14512  199.137  2672
125  144  2025-06-13 22-56-43  1432  14685.3  14512  199.195  2672
126  144  2025-06-13 22-56-43  1433.6  14694.1  14512  199.252  2672
127  144  2025-06-13 22-56-43  1435.2  14702.8  14512  199.31  2672
128  144  2025-06-13 22-56-43  1436.8  14711.5  14512  199.367  2672
129  144  2025-06-13 22-56-43  1438.4  14720.3  14512  199.425  2672
130  144  2025-06-13 22-56-43  1440  14729  14512  199.482  2672
131  144  2025-06-13 22-56-43  1441.6  14737.8  14512  199.54  2672
132  144  2025-06-13 22-56-43  1443.2  14746.5  14512  199.597  2672
133  144  2025-06-13 22-56-43  1444.8  14755.3  14512  199.655  2672
134  144  2025-06-13 22-56-43  1446.4  14764.1  14512  199.713  2672
135  144  2025-06-13 22-56-43  1448  14772.8  14512  199.77  2672
136  144  2025-06-13 22-56-43  1449.6  14781.6  14512  199.828  2672
137  144  2025-06-13 22-56-43  1451.2  14790.4  14512  199.885  2672
138  144  2025-06-13 22-56-43  1452.8  14799.2  14512  199.943  2672
139  144  2025-06-13 22-56-43  1454.4  14808  14512  200  2672
140  144  2025-06-13 22-56-43  1456  14816.8  14512  200.058  2672
141  144  2025-06-13 22-56-43  1457.6  14825.6  14512  200.115  2672
142  144  2025-06-13 22-56-43  1459.2  14834.4  14512  200.173  2672
143  144  2025-06-13 22-56-43  1460.8  14843.3  14512  200.231  2672
144  144  2025-06-13 22-56-43  1462.4  14852.1  14512  200.288  2672
145  144  2025-06-13 22-56-43  1464  14860.9  14512  200.346  2672
146  144  2025-06-13 22-56-43  1465.6  14869.8  14512  200.403  2672
147  144  2025-06-13 22-56-43  1467.2  14878.6  14512  200.461  2672
148  144  2025-06-13 22-56-43  1468.8  14887.5  14512  200.518  2672
149  144  2025-06-13 22-56-43  1470.4  14896.3  14512  200.576  2672
150  144  2025-06-13 22-56-43  1472  14905.2  14512  200.633  2672
151  144  2025-06-13 22-56-43  1473.6  14914.1  14512  200.691  2672
152  144  2025-06-13 22-56-43  1475.2  14922.9  14512  200.749  2672
153  144  2025-06-13 22-56-43  1476.8  14931.8  14512  200.806  2672
154  144  2025-06-13 22-56-43  1478.4  14940.7  14512  200.864  2672
155  144  2025-06-13 22-56-43  1480  14949.6  14512  200.921  2672
156  144  2025-06-13 22-56-43  1481.6  14958.5  14512  200.979  2672
157  144  2025-06-13 22-56-43  1483.2  14967.4  14512  201.036  2672
158  144  2025-06-13 22-56-43  1484.8  14976.3  14512  201.094  2672
159  144  2025-06-13 22-56-43  1486.4  14985.2  14512  201.151  2672
160  144  2025-06-13 22-56-43  1488  14994.1  14512  201.209  2672
161  144  2025-06-13 22-56-43  1489.6  15003.1  14512  201.267  2672
162  144  2025-06-13 22-56-43  1491.2  15012  14512  201.324  2672
163  144  2025-06-13 22-56-43  1492.8  15020.9  14512  201.382  2672
164  144  2025-06-13 22-56-43  1494.4  15029.9  14512  201.439  2672
165  144  2025-06-13 22-56-43  1496  15038.8  14512  201.497  2672
166  144  2025-06-13 22-56-43  1497.6  15047.8  14512  201.554  2672
167  144  2025-06-13 22-56-43  1499.2  15056.7  14512  201.612  2672
168  144  2025-06-13 22-56-43  1500.8  15065.7  14512  201.669  2672
169  144  2025-06-13 22-56-43  1502.4  15074.7  14512  201.727  2672
170  144  2025-06-13 22-56-43  1504  15083.7  14512  201.785  2672
171  144  2025-06-13 22-56-43  1505.6  15092.6  14512  201.842  2672
172  144  2025-06-13 22-56-43  1507.2  15101.6  14512  201.9  2672
173  144  2025-06-13 22-56-43  1508.8  15110.6  14512  201.957  2672
174  144  2025-06-13 22-56-43  1510.4  15119.6  14512  202.015  2672
175  144  2025-06-13 22-56-43  1512  15128.6  14512  202.072  2672
176  144  2025-06-13 22-56-43  1513.6  15137.6  14512  202.13  2672
177  144  2025-06-13 22-56-43  1515.2  15146.7  14512  202.187  2672
178  144  2025-06-13 22-56-43  1516.8  15155.7  14512  202.245  2672
179  144  2025-06-13 22-56-43  1518.4  15164.7  14512  202.303  2672
180  144  2025-06-13 22-56-43  1520  15173.8  14512  202.36  2672
181  144  2025-06-13 22-56-43  1521.6  15182.8  14512  202.418  2672
182  144  2025-06-13 22-56-43  1523.2  15191.8  14512  202.475  2672
183  144  2025-06-13 22-56-43  1524.8  15200.9  14512  202.533  2672
184  144  2025-06-13 22-56-43  1526.4  15210  14512  202.59  2672
185  144  2025-06-13 22-56-43  1528  15219  14512  202.648  2672
186  144  2025-06-13 22-56-43  1529.6  15228.1  14512  202.705  2672
187  144  2025-06-13 22-56-43  1531.2  15237.2  14512  202.763  2672
188  144  2025-06-13 22-56-43  1532.8  15246.3  14512  202.821  2672
189  144  2025-06-13 22-56-43  1534.4  15255.3  14512  202.878  2672
190  144  2025-06-13 22-56-43  1536  15264.4  14512  202.936  2672
191  144  2025-06-13 22-56-43  1537.6  15273.5  14512  202.993  2672
192  144  2025-06-13 22-56-43  1539.2  15282.6  14512  203.051  2672
193  144  2025-06-13 22-56-43  1540.8  15291.8  14512  203.108  2672
194  144  2025-06-13 22-56-43  1542.4  15300.9  14512  203.166  2672
195  144  2025-06-13 22-56-43  1544  15310  14512  203.223  2672
196  144  2025-06-13 22-56-43  1545.6  15319.1  14512  203.281  2672
197  144  2025-06-13 22-56-43  1547.2  15328.3  14512  203.339  2672
198  144  2025-06-13 22-56-43  1548.8  15337.4  14512  203.396  2672
199  144  2025-06-13 22-56-43  1550.4  15346.5  14512  203.454  2672
200  144  2025-06-13 22-56-43  1552  15355.7  14512  203.511  2672
201  144  2025-06-13 22-56-43  1553.6  15364.8  14512  203.569  2672
202  144  2025-06-13 22-56-43  1555.2  15374  14512  203.626  2672
203  144  2025-06-13 22-56-43  1556.8  15383.2  14512  203.684  2672
204  144  2025-06-13 22-56-43  1558.4  15392.3  14512  203.741  2672
205  144  2025-06-13 22-56-43  1560  15401.5  14512  203.799  2672
206  144  2025-06-13 22-56-43  1561.6  15410.7  14512  203.857  2672
207  144  2025-06-13 22-56-43  1563.2  15419.9  14512  203.914  2672
208  144  2025-06-13 22-56-43  1564.8  15429.1  14512  203.972  2672
209  144  2025-06-13 22-56-43  1566.4  15438.3  14512  204.029  2672
210  144  2025-06-13 22-56-43  1568  15447.5  14512  204.087  2672
211  144  2025-06-13 22-56-43  1569.6  15456.7  14512  204.144  2672
212  144  2025-06-13 22-56-43  1571.2  15466  14512  204.202  2672
213  144  2025-06-13 22-56-43  1572.8  15475.2  14512  204.259  2672
214  144  2025-06-13 22-56-43  1574.4  15484.4  14512  204.317  2672
215  144  2025-06-13 22-56-43  1576  15493.6  14512  204.375  2672
216  144  2025-06-13 22-56-43  1577.6  15502.9  14512  204.432  2672
217  144  2025-06-13 22-56-43  1579.2  15512.1  14512  204.49  2672
218  144  2025-06-13 22-56-43  1580.8  15521.4  14512  204.547  2672
219  144  2025-06-13 22-56-43  1582.4  15530.7  14512  204.605  2672
220  144  2025-06-13 22-56-43  1584  15539.9  14512  204.662  2672
221  144  2025-06-13 22-56-43  1585.6  15549.2  14512  204.72  2672
222  144  2025-06-13 22-56-43  1587.2  15558.5  14512  204.777  2672
223  144  2025-06-13 22-56-43  1588.8  15567.8  14512  204.835  2672
224  144  2025-06-13 22-56-43  1590.4  15577  14512  204.893  2672
225  144  2025-06-13 22-56-43  1592  15586.3  14512  204.95  2672
226  144  2025-06-13 22-56-43  1593.6  15595.6  14512  205.008  2672
227  144  2025-06-13 22-56-43  1595.2  15604.9  14512  205.065  2672
228  144  2025-06-13 22-56-43  1596.8  15614.3  14512  205.123  2672
229  144  2025-06-13 22-56-43  1598.4  15623.6  14512  205.18  2672
230  144  2025-06-13 22-56-43  1600  15632.9  14512  205.238  2672
231  144  2025-06-13 22-56-43  1601.6  15642.2  14512  205.295  2672
232  144  2025-06-13 22-56-43  1603.2  15651.6  14512  205.353  2672
233  144  2025-06-13 22-56-43  1604.8  15660.9  14512  205.411  2672
234  144  2025-06-13 22-56-43  1606.4  15670.3  14512  205.468  2672
235  144  2025-06-13 22-56-43  1608  15679.6  14512  205.526  2672
236  144  2025-06-13 22-56-43  1609.6  15689  14512  205.583  2672
237  144  2025-06-13 22-56-43  1611.2  15698.3  14512  205.641  2672
238  144  2025-06-13 22-56-43  1612.8  15707.7  14512  205.698  2672
239  144  2025-06-13 22-56-43  1614.4  15717.1  14512  205.756  2672
240  144  2025-06-13 22-56-43  1616  15726.5  14512  205.813  2672
241  144  2025-06-13 22-56-43  1617.6  15735.8  14512  205.871  2672
242  144  2025-06-13 22-56-43  1619.2  15745.2  14512  205.929  2672
243  144  2025-06-13 22-56-43  1620.8  15754.6  14512  205.986  2672
244  144  2025-06-13 22-56-43  1622.4  15764  14512  206.044  2672
245  144  2025-06-13 22-56-43  1624  15773.4  14512  206.101  2672
246  144  2025-06-13 22-56-43  1625.6  15782.9  14512  206.159  2672
247  144  2025-06-13 22-56-43  1627.2  15792.3  14512  206.216  2672
248  144  2025-06-13 22-56-43  1628.8  15801.7  14512  206.274  2672
249  144  2025-06-13 22-56-43  1630.4  15811.1  14512  206.331  2672
250  144  2025-06-13 22-56-43  1632  15820.6  14512  206.389  2672
251  144  2025-06-13 22-56-43  1633.6  15830  14512  206.447  2672
252  144  2025-06-13 22-56-43  1635.2  15839.5  14512  206.504  2672
253  144  2025-06-13 22-56-43  1636.8  15848.9  14512  206.562  2672
254  144  2025-06-13 22-56-43  1638.4  15858.4  14512  206.619  2672
255  144  2025-06-13 22-56-43  1640  15867.9  14512  206.677  2672
256  144  2025-06-13 22-56-43  1641.6  15877.3  14512  206.734  2672
257  144  2025-06-13 22-56-43  1643.2  15886.8  14512  206.792  2672
258  144  2025-06-13 22-56-43  1644.8  15896.3  14512  206.849  2672
259  144  2025-06-13 22-56-43  1646.4  15905.8  14512  206.907  2672
260  144  2025-06-13 22-56-43  1648  15915.3  14512  206.965  2672
261  144  2025-06-13 22-56-43  1649.6  15924.8  14512  207.022  2672
262  144  2025-06-13 22-56-43  1651.2  15934.3  14512  207.08  2672
263  144  2025-06-13 22-56-43  1652.8  15943.8  14512  207.137  2672
264  144  2025-06-13 22-56-43  1654.4  15953.3  14512  207.195  2672
265  144  2025-06-13 22-56-43  1656  15962.9  14512  207.252  2672
266  144  2025-06-13 22-56-43  1657.6  15972.4  14512  207.31  2672
267  144  2025-06-13 22-56-43  1659.2  15981.9  14512  207.367  2672
268  144  2025-06-13 22-56-43  1660.8  15991.5  14512  207.425  2672
269  144  2025-06-13 22-56-43  1662.4  16001  14512  207.483  2672
270  144  2025-06-13 22-56-43  1664  16010.6  14512  207.54  2672
271  144  2025-06-13 22-56-43  1665.6  16020.1  14512  207.598  2672
272  144  2025-06-13 22-56-43  1667.2  16029.7  14512  207.655  2672
273  144  2025-06-13 22-56-43  1668.8  16039.3  14511.9  207.742  2682.27
274  144  2025-06-13 22-56-43  1670.4  16048.8  14511.8  207.799  2682.37
275  144  2025-06-13 22-56-43  1672  16058.4  14511.7  207.857  2682.47
276  144  2025-06-13 22-56-43  1673.6  16068  14511.5  207.943  2692.62
277  144  2025-06-13 22-56-43  1675.2  16077.6  14511.2  208.001  2692.82
278  144  2025-06-13 22-56-43  1676.8  16087.2  14510.9  208.087  2702.85
279  144  2025-06-13 22-56-43  1678.4  16096.8  14510.6  208.145  2703.15
280  144  2025-06-13 22-56-43  1680  16106.4  14510.3  208.202  2703.45
281  144  2025-06-13 22-56-43  1681.6  16116.1  14509.8  208.288  2713.35
282  144  2025-06-13 22-56-43  1683.2  16125.7  14509.4  208.346  2713.75
283  144  2025-06-13 22-56-43  1684.8  16135.3  14508.9  208.404  2714.14
284  144  2025-06-13 22-56-43  1686.4  16145  14508.4  208.49  2723.92
285  144  2025-06-13 22-56-43  1688  16154.6  14507.8  208.547  2724.4
286  144  2025-06-13 22-56-43  1689.6  16164.2  14507.2  208.634  2734.05
287  144  2025-06-13 22-56-43  1691.2  16173.9  14506.5  208.691  2734.63
288  144  2025-06-13 22-56-43  1692.8  16183.5  14505.9  208.749  2735.21
289  144  2025-06-13 22-56-43  1694.4  16193.2  14505.1  208.835  2744.72
290  144  2025-06-13 22-56-43  1696  16202.8  14504.3  208.893  2745.39
291  144  2025-06-13 22-56-43  1697.6  16212.5  14503.5  208.95  2746.05
292  144  2025-06-13 22-56-43  1699.2  16222.2  14502.7  209.037  2755.42
293  144  2025-06-13 22-56-43  1700.8  16231.8  14501.8  209.094  2756.17
294  144  2025-06-13 22-56-43  1702.4  16241.5  14500.9  209.152  2756.93
295  144  2025-06-13 22-56-43  1704  16251.2  14499.9  209.238  2766.15
296  144  2025-06-13 22-56-43  1705.6  16260.9  14498.9  209.296  2766.99
297  144  2025-06-13 22-56-43  1707.2  16270.5  14497.9  209.353  2767.82
298  144  2025-06-13 22-56-43  1708.8  16280.2  14496.7  209.44  2776.9
299  144  2025-06-13 22-56-43  1710.4  16289.9  14495.6  209.497  2777.82
300  144  2025-06-13 22-56-43  1712  16299.6  14494.5  209.555  2778.73
301  144  2025-06-13 22-56-43  1713.6  16309.3  14493.3  209.641  2787.66
302  144  2025-06-13 22-56-43  1715.2  16319  14492  209.699  2788.65
303  144  2025-06-13 22-56-43  1716.8  16328.7  14490.8  209.756  2789.65
304  144  2025-06-13 22-56-43  1718.4  16338.4  14489.4  209.842  2798.42
305  144  2025-06-13 22-56-43  1720  16348.1  14488.1  209.9  2799.49
306  144  2025-06-13 22-56-43  1721.6  16357.8  14486.7  209.958  2800.57
307  144  2025-06-13 22-56-43  1723.2  16367.5  14485.2  210.044  2809.18
308  144  2025-06-13 22-56-43  1724.8  16377.2  14483.8  210.101  2810.33
309  144  2025-06-13 22-56-43  1726.4  16386.9  14482.3  210.159  2811.47
310  144  2025-06-13 22-56-43  1728  16396.6  14480.7  210.245  2819.93
311  144  2025-06-13 22-56-43  1729.6  16406.3  14479.1  210.303  2821.15
312  144  2025-06-13 22-56-43  1731.2  16416  14477.5  210.36  2822.37
313  144  2025-06-13 22-56-43  1732.8  16425.7  14475.8  210.447  2830.65
314  144  2025-06-13 22-56-43  1734.4  16435.3  14474.1  210.36  2831.94
315  144  2025-06-13 22-56-43  1736  16445  14472.4  210.274  14033.2
316  144  2025-06-13 22-56-43  1737.6  16454.7  14470.6  210.188  14034.5
317  144  2025-06-13 22-56-43  1739.2  16464.3  14468.8  210.274  14042.6
318  144  2025-06-13 22-56-43  1740.8  16474  14467  210.332  14044
319  144  2025-06-13 22-56-43  1742.4  16483.7  14465.1  210.389  14045.3
320  144  2025-06-13 22-56-43  1744  16493.3  14463.2  210.476  14053.3
321  144  2025-06-13 22-56-43  1745.6  16503  14461.3  210.533  14054.7
322  144  2025-06-13 22-56-43  1747.2  16512.6  14459.3  210.591  14056.1
323  144  2025-06-13 22-56-43  1748.8  16522.3  14457.2  210.677  14063.9
324  144  2025-06-13 22-56-43  1750.4  16531.9  14455.2  210.735  14065.3
325  144  2025-06-13 22-56-43  1752  16541.6  14453.1  210.792  14066.8
326  144  2025-06-13 22-56-43  1753.6  16551.3  14451  210.85  14068.3
327  144  2025-06-13 22-56-43  1755.2  16560.9  14448.8  210.936  14075.9
328  144  2025-06-13 22-56-43  1756.8  16570.6  14446.6  210.994  14077.4
329  144  2025-06-13 22-56-43  1758.4  16580.2  14444.4  211.051  14079
330  144  2025-06-13 22-56-43  1760  16589.9  14442.2  211.109  14080.5
331  144  2025-06-13 22-56-43  1761.6  16599.5  14439.8  211.195  14087.8
332  144  2025-06-13 22-56-43  1763.2  16609.2  14437.5  211.253  14089.4
333  144  2025-06-13 22-56-43  1764.8  16618.8  14435.2  211.31  14091
334  144  2025-06-13 22-56-43  1766.4  16628.5  14432.8  211.368  14092.6
335  144  2025-06-13 22-56-43  1768  16638.1  14430.3  211.454  14099.8
336  144  2025-06-13 22-56-43  1769.6  16647.7  14427.9  211.512  14101.4
337  144  2025-06-13 22-56-43  1771.2  16657.4  14425.4  211.569  14103.1
338  144  2025-06-13 22-56-43  1772.8  16667  14422.9  211.627  14104.7
339  144  2025-06-13 22-56-43  1774.4  16676.7  14420.4  211.684  14106.4
340  144  2025-06-13 22-56-43  1776  16686.3  14417.8  211.742  14108.1
341  144  2025-06-13 22-56-43  1777.6  16696  14415.3  211.799  14109.7
342  144  2025-06-13 22-56-43  1779.2  16705.6  14412.7  211.857  14111.4
343  144  2025-06-13 22-56-43  1780.8  16715.3  14410.1  211.914  14113
344  144  2025-06-13 22-56-43  1782.4  16724.9  14407.5  211.972  14114.7
345  144  2025-06-13 22-56-43  1784  16734.6  14404.8  212.03  14116.3
346  144  2025-06-13 22-56-43  1785.6  16744.2  14402.2  212.087  14118
347  144  2025-06-13 22-56-43  1787.2  16753.9  14399.5  212.145  14119.7
348  144  2025-06-13 22-56-43  1788.8  16763.5  14396.8  212.202  14121.3
349  144  2025-06-13 22-56-43  1790.4  16773.2  14394.1  212.26  14123
350  144  2025-06-13 22-56-43  1792  16782.8  14391.4  212.317  14124.6
351  144  2025-06-13 22-56-43  1793.6  16792.5  14388.6  212.375  14126.3
352  144  2025-06-13 22-56-43  1795.2  16802.1  14385.9  212.432  14127.9
353  144  2025-06-13 22-56-43  1796.8  16811.8  14383.1  212.49  14129.6
354  144  2025-06-13 22-56-43  1798.4  16821.4  14380.3  212.548  14131.3
355  144  2025-06-13 22-56-43  1800  16831.1  14377.5  212.605  14132.9
356  144  2025-06-13 22-56-43  1801.6  16840.8  14374.6  212.663  14134.6
357  144  2025-06-13 22-56-43  1803.2  16850.4  14371.7  212.72  14136.2
358  144  2025-06-13 22-56-43  1804.8  16860.1  14368.9  212.778  14137.9
359  144  2025-06-13 22-56-43  1806.4  16869.7  14366  212.835  14139.6
360  144  2025-06-13 22-56-43  1808  16879.4  14363  212.893  14141.2
361  144  2025-06-13 22-56-43  1809.6  16889  14360.1  212.95  14142.9
362  144  2025-06-13 22-56-43  1811.2  16898.7  14357.1  213.008  14144.5
363  144  2025-06-13 22-56-43  1812.8  16908.4  14354.2  213.066  14146.2
364  144  2025-06-13 22-56-43  1814.4  16918  14351.2  213.123  14147.8
365  144  2025-06-13 22-56-43  1816  16927.7  14348.2  213.181  14149.5
366  144  2025-06-13 22-56-43  1817.6  16937.3  14345.1  213.238  14151.2
367  144  2025-06-13 22-56-43  1819.2  16947  14342.1  213.296  14152.8
368  144  2025-06-13 22-56-43  1820.8  16956.6  14339  213.353  14154.5
369  144  2025-06-13 22-56-43  1822.4  16966.3  14335.9  213.411  14156.1
370  144  2025-06-13 22-56-43  1824  16976  14332.8  213.468  14157.8
371  144  2025-06-13 22-56-43  1825.6  16985.6  14329.7  213.526  14159.4
372  144  2025-06-13 22-56-43  1827.2  16995.3  14326.5  213.584  14161.1
373  144  2025-06-13 22-56-43  1828.8  17004.9  14323.3  213.641  14162.8
374  144  2025-06-13 22-56-43  1830.4  17014.6  14320.1  213.699  14164.4
375  144  2025-06-13 22-56-43  1832  17024.2  14316.9  213.756  14166.1
376  144  2025-06-13 22-56-43  1833.6  17033.9  14313.7  213.814  14167.7
377  144  2025-06-13 22-56-43  1835.2  17043.6  14310.5  213.871  14169.4
378  144  2025-06-13 22-56-43  1836.8  17053.2  14307.2  213.929  14171
379  144  2025-06-13 22-56-43  1838.4  17062.9  14303.9  213.986  14172.7
380  144  2025-06-13 22-56-43  1840  17072.5  14300.6  214.044  14174.4
381  144  2025-06-13 22-56-43  1841.6  17082.2  14297.3  214.102  14176
382  144  2025-06-13 22-56-43  1843.2  17091.8  14293.9  214.159  14177.7
383  144  2025-06-13 22-56-43  1844.8  17101.5  14290.6  214.217  14179.3
384  144  2025-06-13 22-56-43  1846.4  17111.1  14287.2  214.274  14181
385  144  2025-06-13 22-56-43  1848  17120.8  14283.8  214.332  14182.6
386  144  2025-06-13 22-56-43  1849.6  17130.4  14280.4  214.389  14184.3
387  144  2025-06-13 22-56-43  1851.2  17140.1  14276.9  214.447  14186
388  144  2025-06-13 22-56-43  1852.8  17149.7  14273.5  214.504  14187.6
389  144  2025-06-13 22-56-43  1854.4  17159.4  14270  214.562  14189.3
390  144  2025-06-13 22-56-43  1856  17169  14266.5  214.62  14190.9
391  144  2025-06-13 22-56-43  1857.6  17178.7  14263  214.677  14192.6
392  144  2025-06-13 22-56-43  1859.2  17188.3  14259.4  214.735  14194.3
393  144  2025-06-13 22-56-43  1860.8  17198  14255.9  214.792  14195.9
394  144  2025-06-13 22-56-43  1862.4  17207.6  14252.3  214.85  14197.6
395  144  2025-06-13 22-56-43  1864  17217.3  14248.7  214.907  14199.2
396  144  2025-06-13 22-56-43  1865.6  17226.9  14245.1  214.965  14200.9
397  144  2025-06-13 22-56-43  1867.2  17236.5  14241.5  215.022  14202.5
398  144  2025-06-13 22-56-43  1868.8  17246.2  14237.8  215.08  14204.2
399  144  2025-06-13 22-56-43  1870.4  17255.8  14234.1  215.138  14205.9
400  144  2025-06-13 22-56-43  1872  17265.4  14230.4  215.195  14207.5
401  144  2025-06-13 22-56-43  1873.6  17275.1  14226.7  215.253  14209.2
402  144  2025-06-13 22-56-43  1875.2  17284.7  14223  215.31  14210.8
403  144  2025-06-13 22-56-43  1876.8  17294.3  14219.2  215.368  14212.5
404  144  2025-06-13 22-56-43  1878.4  17304  14215.5  215.425  14214.1
405  144  2025-06-13 22-56-43  1880  17313.6  14211.7  215.483  14215.8
406  144  2025-06-13 22-56-43  1881.6  17323.2  14207.9  215.54  14217.5
407  144  2025-06-13 22-56-43  1883.2  17332.9  14204  215.598  14219.1
408  144  2025-06-13 22-56-43  1884.8  17342.5  14200.2  215.656  14220.8
409  144  2025-06-13 22-56-43  1886.4  17352.1  14196.3  215.713  14222.4
410  144  2025-06-13 22-56-43  1888  17361.7  14192.4  215.771  14224.1
411  144  2025-06-13 22-56-43  1889.6  17371.3  14188.5  215.828  14225.7
412  144  2025-06-13 22-56-43  1891.2  17381  14184.6  215.886  14227.4
413  144  2025-06-13 22-56-43  1892.8  17390.6  14180.6  215.943  14229.1
414  144  2025-06-13 22-56-43  1894.4  17400.2  14176.7  216.001  14230.7
415  144  2025-06-13 22-56-43  1896  17409.8  14172.7  216.058  14232.4
416  144  2025-06-13 22-56-43  1897.6  17419.4  14168.7  216.116  14234
417  144  2025-06-13 22-56-43  1899.2  17429  14164.7  216.202  14235.7
418  144  2025-06-13 22-56-43  1900.8  17438.6  14160.6  216.289  14237.3
419  144  2025-06-13 22-56-43  1902.4  17448.2  14156.5  216.375  14239
420  144  2025-06-13 22-56-43  1904  17457.9  14152.5  216.461  14240.7
421  144  2025-06-13 22-56-43  1905.6  17467.5  14148.3  216.548  14242.3
422  144  2025-06-13 22-56-43  1907.2  17477.1  14144.2  216.634  14244
423  144  2025-06-13 22-56-43  1908.8  17486.7  14140.1  216.72  14245.6
424  144  2025-06-13 22-56-43  1910.4  17496.3  14135.9  216.807  14247.3
425  144  2025-06-13 22-56-43  1912  17505.9  14131.7  216.893  14249
426  144  2025-06-13 22-56-43  1913.6  17515.5  14127.5  216.979  14250.6
427  144  2025-06-13 22-56-43  1915.2  17525.2  14123.3  217.066  14252.3
428  144  2025-06-13 22-56-43  1916.8  17534.8  14119  217.152  14253.9
429  144  2025-06-13 22-56-43  1918.4  17544.4  14114.7  217.238  14255.6
430  144  2025-06-13 22-56-43  1920  17554  14110.4  217.325  14257.2
431  144  2025-06-13 22-56-43  1921.6  17563.6  14106.1  217.411  14258.9
432  144  2025-06-13 22-56-43  1923.2  17573.2  14101.8  217.497  14260.6
433  144  2025-06-13 22-56-43  1924.8  17582.9  14097.4  217.584  14262.2
434  144  2025-06-13 22-56-43  1926.4  17592.5  14093  217.67  14263.9
435  144  2025-06-13 22-56-43  1928  17602.1  14088.6  217.756  14265.5
436  144  2025-06-13 22-56-43  1929.6  17611.7  14084.2  217.843  14267.2
437  144  2025-06-13 22-56-43  1931.2  17621.3  14079.8  217.929  14268.8
438  144  2025-06-13 22-56-43  1932.8  17630.9  14075.3  218.015  14270.5
439  144  2025-06-13 22-56-43  1934.4  17640.6  14070.8  218.102  14272.2
440  144  2025-06-13 22-56-43  1936  17650.2  14066.3  218.188  14273.8
441  144  2025-06-13 22-56-43  1937.6  17659.8  14061.8  218.274  14275.5
442  144  2025-06-13 22-56-43  1939.2  17669.4  14057.2  218.361  14277.1
443  144  2025-06-13 22-56-43  1940.8  17679  14052.7  218.447  14278.8
444  144  2025-06-13 22-56-43  1942.4  17688.6  14048.1  218.533  14280.4
445  144  2025-06-13 22-56-43  1944  17698.2  14043.5  218.62  14282.1
446  144  2025-06-13 22-56-43  1945.6  17707.8  14038.8  218.706  14283.8
447  144  2025-06-13 22-56-43  1947.2  17717.5  14034.2  218.792  14285.4
448  144  2025-06-13 22-56-43  1948.8  17727.1  2829.49  218.879  14287.1
449  144  2025-06-13 22-56-43  1950.4  17736.7  2824.8  218.965  14288.7
450  144  2025-06-13 22-56-43  1952  17746.3  2820.08  219.051  14290.4
451  144  2025-06-13 22-56-43  1953.6  17755.9  2815.34  219.138  14292.1
452  144  2025-06-13 22-56-43  1955.2  17765.5  2810.58  219.224  14293.7
453  144  2025-06-13 22-56-43  1956.8  17775.1  2805.8  219.31  14295.4
454  144  2025-06-13 22-56-43  1958.4  17784.7  2800.99  219.397  14297
455  144  2025-06-13 22-56-43  1960  17794.3  2796.17  219.483  14298.7
456  144  2025-06-13 22-56-43  1961.6  17803.9  2791.32  219.569  14300.3
457  144  2025-06-13 22-56-43  1963.2  17813.5  2786.46  219.656  14302
458  144  2025-06-13 22-56-43  1964.8  17823.1  2781.57  219.742  14303.7
459  144  2025-06-13 22-56-43  1966.4  17832.7  2776.66  219.828  14305.3
460  144  2025-06-13 22-56-43  1968  17842.3  2771.73  219.915  14307
461  144  2025-06-13 22-56-43  1969.6  17851.9  2766.78  220.001  14308.6
462  144  2025-06-13 22-56-43  1971.2  17861.5  2761.81  220.087  14310.3
463  144  2025-06-13 22-56-43  1972.8  17871.1  2756.81  220.174  14311.9
464  144  2025-06-13 22-56-43  1974.4  17880.7  2751.8  220.26  14313.6
465  144  2025-06-13 22-56-43  1976  17890.3  2746.76  220.346  14315.3
466  144  2025-06-13 22-56-43  1977.6  17899.9  2741.7  220.433  14316.9
467  144  2025-06-13 22-56-43  1979.2  17909.5  2736.62  220.519  14318.6
468  144  2025-06-13 22-56-43  1980.8  17919.1  2731.52  220.605  14320.2
469  144  2025-06-13 22-56-43  1982.4  17928.7  2726.4  220.692  14321.9
470  144  2025-06-13 22-56-43  1984  17938.3  2721.25  220.778  14323.5
471  144  2025-06-13 22-56-43  1985.6  17947.8  2716.09  220.864  14325.2
472  144  2025-06-13 22-56-43  1987.2  17957.4  2710.9  220.951  14326.9
473  144  2025-06-13 22-56-43  1988.8  17967  2705.69  221.037  14328.5
474  144  2025-06-13 22-56-43  1990.4  17976.6  2700.46  221.123  14330.2
475  144  2025-06-13 22-56-43  1992  17986.1  2695.21  221.21  14331.8
476  144  2025-06-13 22-56-43  1993.6  17995.7  2689.94  221.296  14333.5
477  144  2025-06-13 22-56-43  1995.2  18005.3  2684.65  221.382  14335.1
478  144  2025-06-13 22-56-43  1996.8  18014.9  2679.33  221.469  14336.8
479  144  2025-06-13 22-56-43  1998.4  18024.4  2673.99  221.555  14338.5
480  144  2025-06-13 22-56-43  2000  18034  2668.63  221.641  14340.1
481  144  2025-06-13 22-56-43  2001.6  18043.6  2663.25  221.728  14341.8
482  144  2025-06-13 22-56-43  2003.2  18053.1  2657.85  221.814  14343.4
483  144  2025-06-13 22-56-43  2004.8  18062.7  2652.43  221.9  14345.1
484  144  2025-06-13 22-56-43  2006.4  18072.2  2646.99  221.987  14346.8
485  144  2025-06-13 22-56-43  2008  18081.8  2641.52  222.073  14348.4
486  144  2025-06-13 22-56-43  2009.6  18091.3  2636.03  222.159  14350.1
487  144  2025-06-13 22-56-43  2011.2  18100.9  2630.52  222.246  14351.7
488  144  2025-06-13 22-56-43  2012.8  18110.4  2624.99  222.332  14353.4
489  144  2025-06-13 22-56-43  2014.4  18120  2619.44  222.418  14355
490  144  2025-06-13 22-56-43  2016  18129.5  2613.86  222.505  14356.7
491  144  2025-06-13 22-56-43  2017.6  18139.1  2608.27  222.591  14358.4
492  144  2025-06-13 22-56-43  2019.2  18148.6  2602.65  222.677  14360
493  144  2025-06-13 22-56-43  2020.8  18158.1  2597.01  222.764  14361.7
494  144  2025-06-13 22-56-43  2022.4  18167.7  2591.35  222.85  14363.3
495  144  2025-06-13 22-56-43  2024  18177.2  2585.67  222.936  14365
496  144  2025-06-13 22-56-43  2025.6  18186.7  2579.96  223.023  14366.6
497  144  2025-06-13 22-56-43  2027.2  18196.2  2574.24  223.109  14368.3
498  144  2025-06-13 22-56-43  2028.8  18205.8  2568.49  223.195  14370
499  144  2025-06-13 22-56-43  2030.4  18215.3  2562.72  223.282  14371.6
500  144  2025-06-13 22-56-43  2032  18224.8  2556.93  223.368  14373.3
501  144  2025-06-13 22-56-43  2033.6  18234.3  2551.12  223.454  14374.9
502  144  2025-06-13 22-56-43  2035.2  18243.8  2545.29  223.541  14376.6
503  144  2025-06-13 22-56-43  2036.8  18253.3  2539.43  223.627  14378.2
504  144  2025-06-13 22-56-43  2038.4  18262.8  2533.55  223.713  14379.9
505  144  2025-06-13 22-56-43  2040  18272.3  2527.65  223.8  14381.6
506  144  2025-06-13 22-56-43  2041.6  18281.8  2521.73  223.886  14383.2
507  144  2025-06-13 22-56-43  2043.2  18291.3  2515.79  223.972  14384.9
508  144  2025-06-13 22-56-43  2044.8  18300.8  2509.82  224.059  14386.5
509  144  2025-06-13 22-56-43  2046.4  18310.2  2503.85  223.972  14388.2
510  144  2025-06-13 22-56-43  2048  18319.7  2497.86  223.886  14389.8
511  144  2025-06-13 22-56-43  2049.6  18329.1  2491.86  223.8  14391.5
512  144  2025-06-13 22-56-43  2051.2  18338.5  2485.84  223.713  14393.2
513  144  2025-06-13 22-56-43  2052.8  18347.9  2479.82  223.627  14394.8
514  144  2025-06-13 22-56-43  2054.4  18357.3  2473.78  223.541  14396.5
515  144  2025-06-13 22-56-43  2056  18366.7  2467.73  223.454  14398.1
516  144  2025-06-13 22-56-43  2057.6  18376  2461.66  223.368  14399.8
517  144  2025-06-13 22-56-43  2059.2  18385.3  2455.59  223.282  14401.5
518  144  2025-06-13 22-56-43  2060.8  18394.6  2449.5  223.195  14403.1
519  144  2025-06-13 22-56-43  2062.4  18403.9  2443.4  223.109  14404.8
520  144  2025-06-13 22-56-43  2064  18413.2  2437.29  223.023  14406.4
521  144  2025-06-13 22-56-43  2065.6  18422.4  2431.16  222.936  14408.1
522  144  2025-06-13 22-56-43  2067.2  18431.7  2425.03  222.85  14409.7
523  144  2025-06-13 22-56-43  2068.8  18440.9  2418.88  222.764  14411.4
524  144  2025-06-13 22-56-43  2070.4  18450.1  2412.72  222.677  14413.1
525  144  2025-06-13 22-56-43  2072  18459.3  2406.55  222.591  14414.7
526  144  2025-06-13 22-56-43  2073.6  18468.4  2400.37  222.505  14416.4
527  144  2025-06-13 22-56-43  2075.2  18477.6  2394.17  222.418  14418
528  144  2025-06-13 22-56-43  2076.8  18486.7  2387.96  222.332  14419.7
529  144  2025-06-13 22-56-43  2078.4  18495.8  2381.75  222.246  14421.3
530  144  2025-06-13 22-56-43  2080  18504.9  2375.52  222.159  14423
531  144  2025-06-13 22-56-43  2081.6  18513.9  2369.28  222.073  14424.7
532  144  2025-06-13 22-56-43  2083.2  18523  2363.02  221.987  14426.3
533  144  2025-06-13 22-56-43  2084.8  18532  2356.76  221.9  14428
534  144  2025-06-13 22-56-43  2086.4  18541  2350.48  221.814  14429.6
535  144  2025-06-13 22-56-43  2088  18550  2344.2  221.728  14431.3
536  144  2025-06-13 22-56-43  2089.6  18559  2337.9  221.641  14432.9
537  144  2025-06-13 22-56-43  2091.2  18568  2331.59  221.555  14434.6
538  144  2025-06-13 22-56-43  2092.8  18576.9  2325.27  221.469  14436.3
539  144  2025-06-13 22-56-43  2094.4  18585.8  2318.94  221.382  14437.9
540  144  2025-06-13 22-56-43  2096  18594.7  2312.6  221.296  14439.6
541  144  2025-06-13 22-56-43  2097.6  18603.6  2306.24  221.21  14441.2
542  144  2025-06-13 22-56-43  2099.2  18612.5  2299.88  221.123  14442.9
543  144  2025-06-13 22-56-43  2100.8  18621.3  2293.5  221.037  14444.5
544  144  2025-06-13 22-56-43  2102.4  18630.1  2287.11  220.951  14446.2
545  144  2025-06-13 22-56-43  2104  18638.9  2280.72  220.864  14447.9
546  144  2025-06-13 22-56-43  2105.6  18647.7  2274.31  220.778  14449.5
547  144  2025-06-13 22-56-43  2107.2  18656.5  2267.89  220.692  14451.2
548  144  2025-06-13 22-56-43  2108.8  18665.3  2261.46  220.605  14452.8
549  144  2025-06-13 22-56-43  2110.4  18674  2255.02  220.519  14454.5
550  144  2025-06-13 22-56-43  2112  18682.7  2248.57  220.433  14456.2
551  144  2025-06-13 22-56-43  2113.6  18691.4  2242.11  220.346  14457.8
552  144  2025-06-13 22-56-43  2115.2  18700.1  2235.63  220.26  14459.5
553  144  2025-06-13 22-56-43  2116.8  18708.7  2229.15  220.174  14461.1
554  144  2025-06-13 22-56-43  2118.4  18717.4  2222.66  220.087  14462.8
555  144  2025-06-13 22-56-43  2120  18726  2216.15  220.001  14464.4
556  144  2025-06-13 22-56-43  2121.6  18734.6  2209.64  219.915  14466.1
557  144  2025-06-13 22-56-43  2123.2  18743.2  2203.11  219.828  14467.8
558  144  2025-06-13 22-56-43  2124.8  18751.8  2196.58  219.742  14469.4
559  144  2025-06-13 22-56-43  2126.4  18760.3  2190.03  219.656  14471.1
560  144  2025-06-13 22-56-43  2128  18768.8  2183.48  219.569  14472.7
561  144  2025-06-13 22-56-43  2129.6  18777.3  2176.91  219.483  14474.4
562  144  2025-06-13 22-56-43  2131.2  18785.8  2170.34  219.397  14476
563  144  2025-06-13 22-56-43  2132.8  18794.3  2163.75  219.31  14477.7
564  144  2025-06-13 22-56-43  2134.4  18802.8  2157.16  219.224  14479.4
565  144  2025-06-13 22-56-43  2136  18811.2  2150.55  219.138  14481
566  144  2025-06-13 22-56-43  2137.6  18819.6  2143.94  219.051  14482.7
567  144  2025-06-13 22-56-43  2139.2  18828  2137.31  218.965  14484.3
568  144  2025-06-13 22-56-43  2140.8  18836.4  2130.68  218.879  14486
569  144  2025-06-13 22-56-43  2142.4  18844.8  2124.03  218.792  14487.6
570  144  2025-06-13 22-56-43  2144  18853.1  2117.38  218.706  14489.3
571  144  2025-06-13 22-56-43  2145.6  18861.4  2110.71  218.62  14491
572  144  2025-06-13 22-56-43  2147.2  18869.7  2104.04  218.533  14492.6
573  144  2025-06-13 22-56-43  2148.8  18878  2097.36  218.447  14494.3
574  144  2025-06-13 22-56-43  2150.4  18886.3  2090.66  218.361  14495.9
575  144  2025-06-13 22-56-43  2152  18894.5  2083.96  218.274  14497.6
576  144  2025-06-13 22-56-43  2153.6  18902.7  2077.25  218.188  14499.2
577  144  2025-06-13 22-56-43  2155.2  18911  2070.53  218.102  14500.9
578  144  2025-06-13 22-56-43  2156.8  18919.1  2063.8  218.015  14502.6
579  144  2025-06-13 22-56-43  2158.4  18927.3  2057.06  217.929  14504.2
580  144  2025-06-13 22-56-43  2160  18935.5  2050.31  217.843  14505.9
581  144  2025-06-13 22-56-43  2161.6  18943.6  2043.55  217.756  14507.5
582  144  2025-06-13 22-56-43  2163.2  18951.7  2036.78  217.67  14509.2
583  144  2025-06-13 22-56-43  2164.8  18959.8  2030.01  217.584  14510.9
584  144  2025-06-13 22-56-43  2166.4  18967.9  2023.22  217.497  14512.5
585  144  2025-06-13 22-56-43  2168  18976  2016.43  217.411  14514.2
586  144  2025-06-13 22-56-43  2169.6  18984  2009.62  217.325  14515.8
587  144  2025-06-13 22-56-43  2171.2  18992  2002.81  217.238  14517.5
588  144  2025-06-13 22-56-43  2172.8  19000  1995.99  217.152  14519.1
589  144  2025-06-13 22-56-43  2174.4  19008  1989.16  217.066  14520.8
590  144  2025-06-13 22-56-43  2176  19016  1982.32  216.979  14522.5
591  144  2025-06-13 22-56-43  2177.6  19023.9  1975.47  216.893  14524.1
592  144  2025-06-13 22-56-43  2179.2  19031.8  1968.61  216.807  14525.8
593  144  2025-06-13 22-56-43  2180.8  19039.7  1961.75  216.72  14527.4
594  144  2025-06-13 22-56-43  2182.4  19047.6  1954.87  216.634  14529.1
595  144  2025-06-13 22-56-43  2184  19055.5  1947.99  216.548  14530.7
596  144  2025-06-13 22-56-43  2185.6  19063.4  1941.1  216.461  14532.4
597  144  2025-06-13 22-56-43  2187.2  19071.2  1934.2  216.375  14534.1
598  144  2025-06-13 22-56-43  2188.8  19079  1927.29  216.289  14535.7
599  144  2025-06-13 22-56-43  2190.4  19086.8  1920.38  216.202  14537.4
600  144  2025-06-13 22-56-43  2192  19094.6  1913.45  216.116  14539
601  144  2025-06-13 22-56-43  2193.6  19102.3  1906.52  216.03  14540.7
602  144  2025-06-13 22-56-43  2195.2  19110.1  1899.58  215.943  14542.3
603  144  2025-06-13 22-56-43  2196.8  19117.8  1892.63  215.857  14544
604  144  2025-06-13 22-56-43  2198.4  19125.5  1885.67  215.771  14545.7
605  144  2025-06-13 22-56-43  2200  19133.2  1878.71  215.684  14547.3
606  144  2025-06-13 22-56-43  2201.6  19140.8  1871.73  215.598  14549
607  144  2025-06-13 22-56-43  2203.2  19148.5  1864.75  215.512  14550.6
608  144  2025-06-13 22-56-43  2204.8  19156.1  1857.76  215.425  14552.3
609  144  2025-06-13 22-56-43  2206.4  19163.7  1850.76  215.339  14553.9
610  144  2025-06-13 22-56-43  2208  19171.3  1843.76  215.253  14555.6
611  144  2025-06-13 22-56-43  2209.6  19178.8  1836.74  215.166  14557.3
612  144  2025-06-13 22-56-43  2211.2  19186.4  1829.72  215.08  14558.9
613  144  2025-06-13 22-56-43  2212.8  19193.9  1822.69  214.994  14560.6
614  144  2025-06-13 22-56-43  2214.4  19201.4  1815.66  214.907  14562.2
615  144  2025-06-13 22-56-43  2216  19208.9  1808.61  214.821  14563.9
616  144  2025-06-13 22-56-43  2217.6  19216.4  1801.56  214.735  14565.5
617  144  2025-06-13 22-56-43  2219.2  19223.8  1794.5  214.648  14567.2
618  144  2025-06-13 22-56-43  2220.8  19231.3  1787.43  214.562  14568.9
619  144  2025-06-13 22-56-43  2222.4  19238.7  1780.36  214.476  14570.5
620  144  2025-06-13 22-56-43  2224  19246.1  1773.28  214.389  14572.2
621  144  2025-06-13 22-56-43  2225.6  19253.5  1766.19  214.303  14573.8
622  144  2025-06-13 22-56-43  2227.2  19260.8  1759.09  214.217  14575.5
623  144  2025-06-13 22-56-43  2228.8  19268.2  1751.99  214.13  14577.1
624  144  2025-06-13 22-56-43  2230.4  19275.5  1744.88  214.044  14578.8
625  144  2025-06-13 22-56-43  2232  19282.8  1737.76  213.958  14580.5
626  144  2025-06-13 22-56-43  2233.6  19290.1  1730.63  213.871  14582.1
627  144  2025-06-13 22-56-43  2235.2  19297.3  1723.5  213.785  14583.8
628  144  2025-06-13 22-56-43  2236.8  19304.6  1716.36  213.699  14585.4
629  144  2025-06-13 22-56-43  2238.4  19311.8  1709.22  213.612  14587.1
630  144  2025-06-13 22-56-43  2240  19319  1702.06  213.526  14588.8
631  144  2025-06-13 22-56-43  2241.6  19326.2  1694.9  213.44  14590.4
632  144  2025-06-13 22-56-43  2243.2  19333.3  1687.73  213.353  14592.1
633  144  2025-06-13 22-56-43  2244.8  19340.5  1680.56  213.267  14593.7
634  144  2025-06-13 22-56-43  2246.4  19347.6  1673.38  213.181  14595.4
635  144  2025-06-13 22-56-43  2248  19354.7  1666.19  213.094  14597
636  144  2025-06-13 22-56-43  2249.6  19361.8  1659  213.008  14598.7
637  144  2025-06-13 22-56-43  2251.2  19368.9  1651.8  212.922  14600.4
638  144  2025-06-13 22-56-43  2252.8  19375.9  1644.59  212.835  14602
639  144  2025-06-13 22-56-43  2254.4  19383  1637.38  212.749  14603.7
640  144  2025-06-13 22-56-43  2256  19390  1630.15  212.663  14605.3
641  144  2025-06-13 22-56-43  2257.6  19397  1622.93  212.576  14607
642  144  2025-06-13 22-56-43  2259.2  19403.9  1615.69  212.49  14608.6
643  144  2025-06-13 22-56-43  2260.8  19410.9  1608.45  212.404  14610.3
644  144  2025-06-13 22-56-43  2262.4  19417.8  1601.21  212.317  14612
645  144  2025-06-13 22-56-43  2264  19424.8  1593.96  212.231  14613.6
646  144  2025-06-13 22-56-43  2265.6  19431.7  1586.7  212.145  14615.3
647  144  2025-06-13 22-56-43  2267.2  19438.5  1579.43  212.058  14616.9
648  144  2025-06-13 22-56-43  2268.8  19445.4  1572.16  211.972  14618.6
649  144  2025-06-13 22-56-43  2270.4  19452.2  1564.88  211.886  14620.2
650  144  2025-06-13 22-56-43  2272  19459.1  1557.6  211.799  14621.9
651  144  2025-06-13 22-56-43  2273.6  19465.9  1550.31  211.713  14623.6
652  144  2025-06-13 22-56-43  2275.2  19472.7  1543.02  211.627  14625.2
653  144  2025-06-13 22-56-43  2276.8  19479.4  1535.71  211.54  14626.9
654  144  2025-06-13 22-56-43  2278.4  19486.2  1528.41  211.454  14628.5
655  144  2025-06-13 22-56-43  2280  19492.9  1521.09  211.368  14630.2
656  144  2025-06-13 22-56-43  2281.6  19499.6  1513.78  211.281  14631.8
657  144  2025-06-13 22-56-43  2283.2  19506.3  1506.45  211.195  14633.5
658  144  2025-06-13 22-56-43  2284.8  19513  1499.12  211.109  14635.2
659  144  2025-06-13 22-56-43  2286.4  19519.6  1491.79  211.022  14636.8
660  144  2025-06-13 22-56-43  2288  19526.2  1484.44  210.936  14638.5
661  144  2025-06-13 22-56-43  2289.6  19532.9  1477.1  210.85  14640.1
662  144  2025-06-13 22-56-43  2291.2  19539.5  1469.74  210.763  14641.8
663  144  2025-06-13 22-56-43  2292.8  19546  1462.39  210.677  14643.4
664  144  2025-06-13 22-56-43  2294.4  19552.6  1455.02  210.591  14645.1
665  144  2025-06-13 22-56-43  2296  19559.1  1447.65  210.504  14646.8
666  144  2025-06-13 22-56-43  2297.6  19565.6  1440.28  210.418  14648.4
667  144  2025-06-13 22-56-43  2299.2  19572.1  1432.9  210.332  14650.1
668  144  2025-06-13 22-56-43  2300.8  19578.6  1425.52  210.245  14651.7
669  144  2025-06-13 22-56-43  2302.4  19585.1  1418.13  210.159  14653.4
670  144  2025-06-13 22-56-43  2304  19591.5  1410.73  210.073  14655.1
671  144  2025-06-13 22-56-43  2305.6  19597.9  1403.33  209.986  14656.7
672  144  2025-06-13 22-56-43  2307.2  19604.3  1395.93  209.9  14658.4
673  144  2025-06-13 22-56-43  2308.8  19610.7  268.517  209.814  14660
674  144  2025-06-13 22-56-43  2310.4  19617.1  261.102  209.727  14661.7
675  144  2025-06-13 22-56-43  2312  19623.4  253.681  209.641  14663.3
676  144  2025-06-13 22-56-43  2313.6  19629.8  246.256  209.555  14665
677  144  2025-06-13 22-56-43  2315.2  19636.1  238.827  209.468  14666.7
678  144  2025-06-13 22-56-43  2316.8  19642.4  231.392  209.382  14668.3
679  144  2025-06-13 22-56-43  2318.4  19648.6  223.953  209.296  14670
680  144  2025-06-13 22-56-43  2320  19654.9  216.508  209.209  14671.6
681  144  2025-06-13 22-56-43  2321.6  19661.1  209.06  209.123  14673.3
682  144  2025-06-13 22-56-43  2323.2  19667.3  201.606  209.037  14674.9
683  144  2025-06-13 22-56-43  2324.8  19673.5  194.148  208.95  14676.6
684  144  2025-06-13 22-56-43  2326.4  19679.7  186.686  208.864  14678.3
685  144  2025-06-13 22-56-43  2328  19685.9  179.219  208.778  14679.9
686  144  2025-06-13 22-56-43  2329.6  19692  171.747  208.691  14681.6
687  144  2025-06-13 22-56-43  2331.2  19698.1  164.271  208.605  14683.2
688  144  2025-06-13 22-56-43  2332.8  19704.2  156.791  208.519  14684.9
689  144  2025-06-13 22-56-43  2334.4  19710.3  149.307  208.432  14686.5
690  144  2025-06-13 22-56-43  2336  19716.4  141.818  208.346  14688.2
691  144  2025-06-13 22-56-43  2337.6  19722.4  134.325  208.26  14689.9
692  144  2025-06-13 22-56-43  2339.2  19728.4  14.8277  208.173  14691.5
693  144  2025-06-13 22-56-43  2340.8  19734.4  7.32633  208.087  14693.2
694  144  2025-06-13 22-56-43  2342.4  19740.4  -0.179116  208.001  14694.8
695  144  2025-06-13 22-56-43  2344  19746.4  -7.68862  207.914  14696.5
696  144  2025-06-13 22-56-43  2345.6  19752.3  -15.2021  207.828  14698.1
697  144  2025-06-13 22-56-43  2347.2  19758.3  -134.72  207.742  14699.8
698  144  2025-06-13 22-56-43  2348.8  19764.2  -142.241  207.655  14701.5
699  144  2025-06-13 22-56-43  2350.4  19770.1  -149.766  207.569  14703.1
700  144  2025-06-13 22-56-43  2352  19775.9  -157.295  207.483  14704.8
701  144  2025-06-13 22-56-43  2353.6  19781.8  -164.828  207.396  14706.4
702  144  2025-06-13 22-56-43  2355.2  19787.6  -172.365  207.31  14708.1
703  144  2025-06-13 22-56-43  2356.8  19793.4  -179.905  207.224  14709.7
704  144  2025-06-13 22-56-43  2358.4  19799.2  -187.449  207.137  14711.4
705  144  2025-06-13 22-56-43  2360  19805  -194.997  207.051  14713.1
706  144  2025-06-13 22-56-43  2361.6  19810.8  -202.548  206.965  14714.7
707  144  2025-06-13 22-56-43  2363.2  19816.5  -210.103  206.878  14716.4
708  144  2025-06-13 22-56-43  2364.8  19822.2  -217.661  206.792  14718
709  144  2025-06-13 22-56-43  2366.4  19827.9  -225.222  206.706  14719.7
710  144  2025-06-13 22-56-43  2368  19833.6  -232.787  206.619  14721.3
711  144  2025-06-13 22-56-43  2369.6  19839.3  -240.356  206.533  14723
712  144  2025-06-13 22-56-43  2371.2  19844.9  -247.927  206.447  14724.7
713  144  2025-06-13 22-56-43  2372.8  19850.6  -255.502  206.36  14726.3
714  144  2025-06-13 22-56-43  2374.4  19856.2  -263.08  206.274  14728
715  144  2025-06-13 22-56-43  2376  19861.8  -270.662  206.188  14729.6
716  144  2025-06-13 22-56-43  2377.6  19867.3  -1398.25  206.101  14731.3
717  144  2025-06-13 22-56-43  2379.2  19872.9  -1405.83  206.015  14733
718  144  2025-06-13 22-56-43  2380.8  19878.4  -1413.42  205.929  14734.6
719  144  2025-06-13 22-56-43  2382.4  19883.9  -1421.02  205.842  14736.3
720  144  2025-06-13 22-56-43  2384  19889.4  -1428.61  205.756  14737.9
721  144  2025-06-13 22-56-43  2385.6  19894.9  -1436.21  205.67  14739.6
722  144  2025-06-13 22-56-43  2387.2  19900.3  -1443.82  205.583  14741.2
723  144  2025-06-13 22-56-43  2388.8  19905.8  -1451.42  205.497  14742.9
724  144  2025-06-13 22-56-43  2390.4  19911.2  -1459.03  205.411  14744.6
725  144  2025-06-13 22-56-43  2392  19916.6  -1466.64  205.324  14746.2
726  144  2025-06-13 22-56-43  2393.6  19922  -1474.25  205.238  14747.9
727  144  2025-06-13 22-56-43  2395.2  19927.4  -1481.87  205.152  14749.5
728  144  2025-06-13 22-56-43  2396.8  19932.7  -1489.49  205.065  14751.2
729  144  2025-06-13 22-56-43  2398.4  19938  -1497.11  204.979  14752.8
730  144  2025-06-13 22-56-43  2400  19943.3  -1504.73  204.893  14754.5
731  144  2025-06-13 22-56-43  2401.6  19948.6  -1512.36  204.806  14756.2
732  144  2025-06-13 22-56-43  2403.2  19953.9  -1519.99  204.72  14757.8
733  144  2025-06-13 22-56-43  2404.8  19959.1  -1527.62  204.634  14759.5
734  144  2025-06-13 22-56-43  2406.4  19964.4  -1535.25  204.547  14761.1
735  144  2025-06-13 22-56-43  2408  19969.6  -1542.89  204.461  14762.8
736  144  2025-06-13 22-56-43  2409.6  19974.8  -1550.53  204.375  14764.4
737  144  2025-06-13 22-56-43  2411.2  19980  -1558.17  204.288  14766.1
738  144  2025-06-13 22-56-43  2412.8  19985.1  -1565.81  204.202  14767.8
739  144  2025-06-13 22-56-43  2414.4  19990.3  -1573.45  204.116  14769.4
740  144  2025-06-13 22-56-43  2416  19995.4  -1581.1  204.029  14771.1
741  144  2025-06-13 22-56-43  2417.6  20000.5  -1588.75  203.943  14772.7
742  144  2025-06-13 22-56-43  2419.2  20005.6  -1596.4  203.857  14774.4
743  144  2025-06-13 22-56-43  2420.8  20010.6  -1604.05  203.77  14776
744  144  2025-06-13 22-56-43  2422.4  20015.7  -1611.71  203.684  14777.7
745  144  2025-06-13 22-56-43  2424  20020.7  -1619.37  203.598  14779.4
746  144  2025-06-13 22-56-43  2425.6  20025.7  -1627.02  203.511  14781
747  144  2025-06-13 22-56-43  2427.2  20030.7  -1634.68  203.425  14782.7
748  144  2025-06-13 22-56-43  2428.8  20035.7  -1642.35  203.339  14784.3
749  144  2025-06-13 22-56-43  2430.4  20040.6  -1650.01  203.252  14786
750  144  2025-06-13 22-56-43  2432  20045.6  -1657.68  203.166  14787.6
751  144  2025-06-13 22-56-43  2433.6  20050.5  -1665.34  203.08  14789.3
752  144  2025-06-13 22-56-43  2435.2  20055.4  -1673.01  202.993  14791
753  144  2025-06-13 22-56-43  2436.8  20060.3  -1680.68  202.907  14792.6
754  144  2025-06-13 22-56-43  2438.4  20065.1  -1688.35  202.821  14794.3
755  144  2025-06-13 22-56-43  2440  20070  -1696.03  202.734  14795.9
756  144  2025-06-13 22-56-43  2441.6  20074.8  -1703.7  202.648  14797.6
757  144  2025-06-13 22-56-43  2443.2  20079.6  -1711.38  202.562  14799.2
758  144  2025-06-13 22-56-43  2444.8  20084.4  -1719.06  202.475  14800.9
759  144  2025-06-13 22-56-43  2446.4  20089.1  -1726.73  202.389  14802.6
760  144  2025-06-13 22-56-43  2448  20093.9  -1734.41  202.303  14804.2
761  144  2025-06-13 22-56-43  2449.6  20098.6  -1742.1  202.216  14805.9
762  144  2025-06-13 22-56-43  2451.2  20103.3  -1749.78  202.13  14807.5
763  144  2025-06-13 22-56-43  2452.8  20108  -1757.46  202.044  14809.2
764  144  2025-06-13 22-56-43  2454.4  20112.7  -1765.15  201.957  14810.9
765  144  2025-06-13 22-56-43  2456  20117.4  -1772.83  201.871  14812.5
766  144  2025-06-13 22-56-43  2457.6  20122  -1780.52  201.785  14814.2
767  144  2025-06-13 22-56-43  2459.2  20126.6  -1788.21  201.698  14815.8
768  144  2025-06-13 22-56-43  2460.8  20131.2  -1795.9  201.612  14817.5
769  144  2025-06-13 22-56-43  2462.4  20135.8  -1803.58  201.526  14819.1
770  144  2025-06-13 22-56-43  2464  20140.4  -1811.28  201.439  14820.8
771  144  2025-06-13 22-56-43  2465.6  20144.9  -1818.97  201.353  14822.5
772  144  2025-06-13 22-56-43  2467.2  20149.5  -1826.66  201.267  14824.1
773  144  2025-06-13 22-56-43  2468.8  20154  -1834.36  201.353  14823.8
774  144  2025-06-13 22-56-43  2470.4  20158.5  -1842.06  201.439  14823.5
775  144  2025-06-13 22-56-43  2472  20163.1  -1849.77  201.526  14823.2
776  144  2025-06-13 22-56-43  2473.6  20167.6  -1857.49  201.612  14822.8
777  144  2025-06-13 22-56-43  2475.2  20172.2  -1865.21  201.698  14822.4
778  144  2025-06-13 22-56-43  2476.8  20176.8  -1872.93  201.785  14821.9
779  144  2025-06-13 22-56-43  2478.4  20181.4  -1880.66  201.871  14821.4
780  144  2025-06-13 22-56-43  2480  20186  -1888.4  201.957  14820.9
781  144  2025-06-13 22-56-43  2481.6  20190.6  -1896.14  202.044  14820.3
782  144  2025-06-13 22-56-43  2483.2  20195.2  -1903.88  202.13  14819.7
783  144  2025-06-13 22-56-43  2484.8  20199.8  -1911.63  202.216  14819.1
784  144  2025-06-13 22-56-43  2486.4  20204.4  -1919.38  202.303  14818.4
785  144  2025-06-13 22-56-43  2488  20209.1  -1927.14  202.389  14817.7
786  144  2025-06-13 22-56-43  2489.6  20213.7  -1934.9  202.475  14817
787  144  2025-06-13 22-56-43  2491.2  20218.4  -1942.66  202.562  14816.3
788  144  2025-06-13 22-56-43  2492.8  20223.1  -1950.43  202.648  14815.5
789  144  2025-06-13 22-56-43  2494.4  20227.7  -1958.2  202.734  14814.7
790  144  2025-06-13 22-56-43  2496  20232.4  -1965.98  202.821  14813.8
791  144  2025-06-13 22-56-43  2497.6  20237.1  -1973.75  202.907  14812.9
792  144  2025-06-13 22-56-43  2499.2  20241.9  -1981.53  202.993  14812
793  144  2025-06-13 22-56-43  2500.8  20246.6  -1989.31  203.08  14811.1
794  144  2025-06-13 22-56-43  2502.4  20251.3  -1997.1  203.166  14810.1
795  144  2025-06-13 22-56-43  2504  20256.1  -2004.88  203.252  14809.2
796  144  2025-06-13 22-56-43  2505.6  20260.9  -2012.67  203.339  14808.1
797  144  2025-06-13 22-56-43  2507.2  20265.7  -2020.46  203.425  14807.1
798  144  2025-06-13 22-56-43  2508.8  20270.5  -2028.26  203.511  14806
799  144  2025-06-13 22-56-43  2510.4  20275.3  -2036.05  203.598  14805
800  144  2025-06-13 22-56-43  2512  20280.1  -2043.85  203.684  14803.8
801  144  2025-06-13 22-56-43  2513.6  20284.9  -2051.64  203.77  14802.7
802  144  2025-06-13 22-56-43  2515.2  20289.8  -2059.44  203.857  14801.5
803  144  2025-06-13 22-56-43  2516.8  20294.7  -2067.24  203.943  14800.4
804  144  2025-06-13 22-56-43  2518.4  20299.5  -2075.04  204.029  14799.2
805  144  2025-06-13 22-56-43  2520  20304.4  -2082.84  204.116  14797.9
806  144  2025-06-13 22-56-43  2521.6  20309.4  -2090.64  204.202  14796.7
807  144  2025-06-13 22-56-43  2523.2  20314.3  -2098.44  204.288  14795.4
808  144  2025-06-13 22-56-43  2524.8  20319.2  -2106.25  204.375  14794.1
809  144  2025-06-13 22-56-43  2526.4  20324.2  -2114.05  204.461  14792.8
810  144  2025-06-13 22-56-43  2528  20329.2  -2121.85  204.547  14791.5
811  144  2025-06-13 22-56-43  2529.6  20334.2  -2129.65  204.634  14790.1
812  144  2025-06-13 22-56-43  2531.2  20339.2  -2137.46  204.72  14788.8
813  144  2025-06-13 22-56-43  2532.8  20344.2  -2145.26  204.806  14787.4
814  144  2025-06-13 22-56-43  2534.4  20349.2  -2153.06  204.893  14786
815  144  2025-06-13 22-56-43  2536  20354.3  -2160.87  204.979  14786.7
816  144  2025-06-13 22-56-43  2537.6  20359.3  -2168.7  205.065  14787.5
817  144  2025-06-13 22-56-43  2539.2  20364.4  -2176.53  205.152  14788.3
818  144  2025-06-13 22-56-43  2540.8  20369.4  -2184.38  205.238  14789
819  144  2025-06-13 22-56-43  2542.4  20374.4  -2192.24  205.324  14789.8
820  144  2025-06-13 22-56-43  2544  20379.4  -2200.11  205.411  14790.6
821  144  2025-06-13 22-56-43  2545.6  20384.5  -2207.99  205.497  14791.3
822  144  2025-06-13 22-56-43  2547.2  20389.5  -2215.88  205.583  14792.1
823  144  2025-06-13 22-56-43  2548.8  20394.5  -2223.79  205.67  14792.9
824  144  2025-06-13 22-56-43  2550.4  20399.6  -2231.71  205.756  14793.6
825  144  2025-06-13 22-56-43  2552  20404.6  -2239.63  205.842  14794.4
826  144  2025-06-13 22-56-43  2553.6  20409.6  -2247.57  205.929  14795.2
827  144  2025-06-13 22-56-43  2555.2  20414.6  -2255.52  206.015  14795.9
828  144  2025-06-13 22-56-43  2556.8  20419.6  -2263.49  206.101  14796.7
829  144  2025-06-13 22-56-43  2558.4  20424.6  -2271.46  206.188  14797.5
830  144  2025-06-13 22-56-43  2560  20429.7  -2279.44  206.274  14798.2
831  144  2025-06-13 22-56-43  2561.6  20434.7  -2287.44  206.36  14799
832  144  2025-06-13 22-56-43  2563.2  20439.7  -2295.45  206.447  14799.8
833  144  2025-06-13 22-56-43  2564.8  20444.7  -2303.47  206.533  14800.5
834  144  2025-06-13 22-56-43  2566.4  20449.7  -2311.5  206.619  14801.3
835  144  2025-06-13 22-56-43  2568  20454.7  -2319.54  206.706  14802.1
836  144  2025-06-13 22-56-43  2569.6  20459.7  -2327.6  206.792  14802.9
837  144  2025-06-13 22-56-43  2571.2  20464.7  -2335.66  206.878  14803.6
838  144  2025-06-13 22-56-43  2572.8  20469.7  -2343.74  206.965  14804.4
839  144  2025-06-13 22-56-43  2574.4  20474.7  -2351.83  207.051  14805.2
840  144  2025-06-13 22-56-43  2576  20479.6  -2359.93  207.137  14805.9
841  144  2025-06-13 22-56-43  2577.6  20484.6  -2368.04  207.224  14806.7
842  144  2025-06-13 22-56-43  2579.2  20489.7  -2376.08  207.31  14792.3
843  144  2025-06-13 22-56-43  2580.8  20495  -2384.05  207.396  14778.1
844  144  2025-06-13 22-56-43  2582.4  20500.4  -2391.94  207.483  14764
845  144  2025-06-13 22-56-43  2584  20505.9  -2399.76  207.569  14750
846  144  2025-06-13 22-56-43  2585.6  20511.5  -2407.5  207.655  14736.2
847  144  2025-06-13 22-56-43  2587.2  20517.2  -2415.16  207.742  14722.4
848  144  2025-06-13 22-56-43  2588.8  20523.1  -2422.74  207.828  14708.8
849  144  2025-06-13 22-56-43  2590.4  20529.1  -2430.25  207.914  14695.4
850  144  2025-06-13 22-56-43  2592  20535.2  -2437.67  208.001  14682
851  144  2025-06-13 22-56-43  2593.6  20541.4  -2445.01  208.087  14668.8
852  144  2025-06-13 22-56-43  2595.2  20547.7  -2452.26  208.173  14655.7
853  144  2025-06-13 22-56-43  2596.8  20554.1  -2459.43  208.26  14642.7
854  144  2025-06-13 22-56-43  2598.4  20560.6  -2466.52  208.346  14629.9
855  144  2025-06-13 22-56-43  2600  20567.2  -2473.53  208.432  14617.2
856  144  2025-06-13 22-56-43  2601.6  20574  -2480.44  208.519  14604.6
857  144  2025-06-13 22-56-43  2603.2  20580.8  -2487.28  208.605  14592.2
858  144  2025-06-13 22-56-43  2604.8  20587.7  -2494.02  208.691  14579.9
859  144  2025-06-13 22-56-43  2606.4  20594.8  -2500.68  208.778  14567.7
860  144  2025-06-13 22-56-43  2608  20601.9  -2507.25  208.864  14555.6
861  144  2025-06-13 22-56-43  2609.6  20609.1  -2513.74  208.95  14543.7
862  144  2025-06-13 22-56-43  2611.2  20616.4  -2520.14  209.037  14531.9
863  144  2025-06-13 22-56-43  2612.8  20623.8  -2526.45  209.123  14520.2
864  144  2025-06-13 22-56-43  2614.4  20631.2  -2532.67  209.209  14508.7
865  144  2025-06-13 22-56-43  2616  20638.8  -2538.8  209.296  14497.2
866  144  2025-06-13 22-56-43  2617.6  20646.4  -2544.85  209.382  14485.9
867  144  2025-06-13 22-56-43  2619.2  20654.1  -2550.8  209.468  14474.8
868  144  2025-06-13 22-56-43  2620.8  20661.9  -2556.67  209.555  14463.7
869  144  2025-06-13 22-56-43  2622.4  20669.8  -2562.45  209.641  14452.8
870  144  2025-06-13 22-56-43  2624  20677.7  -2568.14  209.727  14442
871  144  2025-06-13 22-56-43  2625.6  20685.8  -2573.75  209.814  14431.4
872  144  2025-06-13 22-56-43  2627.2  20693.8  -2579.27  209.9  14420.8
873  144  2025-06-13 22-56-43  2628.8  20702  -2584.7  209.986  14410.4
874  144  2025-06-13 22-56-43  2630.4  20710.2  -2590.04  210.073  14400.1
875  144  2025-06-13 22-56-43  2632  20718.5  -2595.29  210.159  14390
876  144  2025-06-13 22-56-43  2633.6  20726.9  -2600.46  210.245  14379.9
877  144  2025-06-13 22-56-43  2635.2  20735.3  -2605.55  210.332  14370
878  144  2025-06-13 22-56-43  2636.8  20743.8  -2610.54  210.418  14360.2
879  144  2025-06-13 22-56-43  2638.4  20752.3  -2615.45  210.504  14350.6
880  144  2025-06-13 22-56-43  2640  20760.9  -2620.28  210.591  14341.1
881  144  2025-06-13 22-56-43  2641.6  20769.5  -2625.03  210.677  14331.8
882  144  2025-06-13 22-56-43  2643.2  20778.3  -2629.69  210.763  14322.7
883  144  2025-06-13 22-56-43  2644.8  20787  -2634.27  210.85  14313.7
884  144  2025-06-13 22-56-43  2646.4  20795.8  -2638.77  210.936  14304.9
885  144  2025-06-13 22-56-43  2648  20804.7  -2643.19  211.022  14296.3
886  144  2025-06-13 22-56-43  2649.6  20813.6  -2647.53  211.109  14287.9
887  144  2025-06-13 22-56-43  2651.2  20822.5  -2651.8  211.195  14279.6
888  144  2025-06-13 22-56-43  2652.8  20831.5  -2655.99  211.281  14271.5
889  144  2025-06-13 22-56-43  2654.4  20840.6  -2660.11  211.368  14263.5
890  144  2025-06-13 22-56-43  2656  20849.7  -2664.15  211.454  14255.7
891  144  2025-06-13 22-56-43  2657.6  20858.8  -2668.12  211.54  14248.1
892  144  2025-06-13 22-56-43  2659.2  20868  -2672.02  211.627  14240.5
893  144  2025-06-13 22-56-43  2660.8  20877.2  -2675.85  211.713  14233.2
894  144  2025-06-13 22-56-43  2662.4  20886.4  -2679.6  211.799  14225.9
895  144  2025-06-13 22-56-43  2664  20895.7  -2683.29  211.886  14218.8
896  144  2025-06-13 22-56-43  2665.6  20905  -2686.92  211.972  14211.9
897  144  2025-06-13 22-56-43  2667.2  20914.4  -2690.47  212.058  14205.1
898  144  2025-06-13 22-56-43  2668.8  20923.8  -2693.96  212.145  14198.4
899  144  2025-06-13 22-56-43  2670.4  20933.2  -2697.39  212.231  14191.8
900  144  2025-06-13 22-56-43  2672  20942.6  -2700.75  212.317  14185.4
901  144  2025-06-13 22-56-43  2673.6  20952.1  -2704.05  212.404  14179
902  144  2025-06-13 22-56-43  2675.2  20961.6  -2707.29  212.49  14172.8
903  144  2025-06-13 22-56-43  2676.8  20971.2  -2710.47  212.576  14166.8
904  144  2025-06-13 22-56-43  2678.4  20980.7  -2713.59  212.663  14160.8
905  144  2025-06-13 22-56-43  2680  20990.3  -2716.65  212.749  14154.9
906  144  2025-06-13 22-56-43  2681.6  21000  -2719.65  212.835  14149.2
907  144  2025-06-13 22-56-43  2683.2  21009.6  -2722.6  212.922  14143.6
908  144  2025-06-13 22-56-43  2684.8  21019.3  -2725.49  213.008  14138.1
909  144  2025-06-13 22-56-43  2686.4  21029  -2728.32  213.094  14132.6
910  144  2025-06-13 22-56-43  2688  21038.7  -2731.1  213.181  14127.3
911  144  2025-06-13 22-56-43  2689.6  21048.5  -2733.83  213.267  14122.1
912  144  2025-06-13 22-56-43  2691.2  21058.3  -2736.51  213.353  14117
913  144  2025-06-13 22-56-43  2692.8  21068.1  -2739.14  213.44  14112
914  144  2025-06-13 22-56-43  2694.4  21077.9  -2741.71  213.526  14107.1
915  144  2025-06-13 22-56-43  2696  21087.7  -2744.24  213.612  14102.3
916  144  2025-06-13 22-56-43  2697.6  21097.6  -2746.71  213.699  14097.5
917  144  2025-06-13 22-56-43  2699.2  21107.5  -2749.14  213.785  14092.9
918  144  2025-06-13 22-56-43  2700.8  21117.4  -2751.52  213.871  14088.3
919  144  2025-06-13 22-56-43  2702.4  21127.3  -2753.86  213.958  14083.9
920  144  2025-06-13 22-56-43  2704  21137.2  -2756.15  214.044  14079.5
921  144  2025-06-13 22-56-43  2705.6  21147.2  -2758.39  214.13  14075.2
922  144  2025-06-13 22-56-43  2707.2  21157.2  -2760.6  214.217  14071
923  144  2025-06-13 22-56-43  2708.8  21167.2  -2762.75  214.303  14066.9
924  144  2025-06-13 22-56-43  2710.4  21177.2  -2764.87  214.389  14062.8
925  144  2025-06-13 22-56-43  2712  21187.2  -2766.94  214.476  14058.8
926  144  2025-06-13 22-56-43  2713.6  21197.3  -2768.98  214.562  14054.9
927  144  2025-06-13 22-56-43  2715.2  21207.4  -2770.97  214.648  14051.1
928  144  2025-06-13 22-56-43  2716.8  21217.5  -2772.92  214.735  14047.3
929  144  2025-06-13 22-56-43  2718.4  21227.6  -2774.84  214.821  14043.7
930  144  2025-06-13 22-56-43  2720  21237.7  -2776.71  214.907  14040
931  144  2025-06-13 22-56-43  2721.6  21247.8  -2778.55  214.994  14036.5
932  144  2025-06-13 22-56-43  2723.2  21258  -2780.35  215.08  14033
933  144  2025-06-13 22-56-43  2724.8  21268.1  -2782.12  215.166  2829.61
934  144  2025-06-13 22-56-43  2726.4  21278.3  -2783.85  215.253  2826.27
935  144  2025-06-13 22-56-43  2728  21288.5  -2785.54  215.339  2822.99
936  144  2025-06-13 22-56-43  2729.6  21298.7  -2787.2  215.425  2819.77
937  144  2025-06-13 22-56-43  2731.2  21308.9  -2788.83  215.512  2816.61
938  144  2025-06-13 22-56-43  2732.8  21319.2  -2790.42  215.598  2813.52
939  144  2025-06-13 22-56-43  2734.4  21329.4  -2791.98  215.684  2810.48
940  144  2025-06-13 22-56-43  2736  21339.7  -2793.51  215.771  2807.51
941  144  2025-06-13 22-56-43  2737.6  21350  -2795  215.857  2804.59
942  144  2025-06-13 22-56-43  2739.2  21360.2  -2796.47  215.943  2801.74
943  144  2025-06-13 22-56-43  2740.8  21370.5  -2797.91  216.03  2798.94
944  144  2025-06-13 22-56-43  2742.4  21380.9  -2799.31  216.116  2796.2
945  144  2025-06-13 22-56-43  2744  21391.2  -2800.69  216.202  2793.52
946  144  2025-06-13 22-56-43  2745.6  21401.5  -2802.04  216.289  2790.89
947  144  2025-06-13 22-56-43  2747.2  21411.9  -2803.36  216.375  2788.32
948  144  2025-06-13 22-56-43  2748.8  21422.3  -2804.65  216.461  2785.81
949  144  2025-06-13 22-56-43  2750.4  21432.6  -2805.92  216.548  2783.35
950  144  2025-06-13 22-56-43  2752  21443  -2807.16  216.634  2780.94
951  144  2025-06-13 22-56-43  2753.6  21453.4  -2808.37  216.72  2778.59
952  144  2025-06-13 22-56-43  2755.2  21463.8  -2809.56  216.807  2776.29
953  144  2025-06-13 22-56-43  2756.8  21474.3  -2810.73  216.893  2774.04
954  144  2025-06-13 22-56-43  2758.4  21484.7  -2811.87  216.979  2771.85
955  144  2025-06-13 22-56-43  2760  21495.1  -2812.99  217.066  2769.7
956  144  2025-06-13 22-56-43  2761.6  21505.6  -2814.08  217.152  2767.61
957  144  2025-06-13 22-56-43  2763.2  21516.1  -2815.16  217.238  2765.56
958  144  2025-06-13 22-56-43  2764.8  21526.6  -2816.21  217.325  2763.57
959  144  2025-06-13 22-56-43  2766.4  21537  -2817.23  217.411  2761.63
960  144  2025-06-13 22-56-43  2768  21547.5  -2818.24  217.497  2759.73
961  144  2025-06-13 22-56-43  2769.6  21558.1  -2819.23  217.584  2757.88
962  144  2025-06-13 22-56-43  2771.2  21568.6  -2820.2  217.67  2756.08
963  144  2025-06-13 22-56-43  2772.8  21579.1  -2821.15  217.756  2754.33
964  144  2025-06-13 22-56-43  2774.4  21589.7  -2822.08  217.843  2752.62
965  144  2025-06-13 22-56-43  2776  21600.2  -2822.99  217.929  2750.95
966  144  2025-06-13 22-56-43  2777.6  21610.8  -2823.88  218.015  2749.34
967  144  2025-06-13 22-56-43  2779.2  21621.3  -2824.76  218.102  2747.76
968  144  2025-06-13 22-56-43  2780.8  21631.9  -2825.62  218.188  2746.23
969  144  2025-06-13 22-56-43  2782.4  21642.5  -2826.46  218.274  2744.75
970  144  2025-06-13 22-56-43  2784  21653.1  -2827.28  218.361  2743.3
971  144  2025-06-13 22-56-43  2785.6  21663.7  -2828.1  218.447  2741.9
972  144  2025-06-13 22-56-43  2787.2  21674.4  -2828.89  218.533  2740.54
973  144  2025-06-13 22-56-43  2788.8  21685  -2829.67  218.62  2739.22
974  144  2025-06-13 22-56-43  2790.4  21695.6  -2830.44  218.706  2737.94
975  144  2025-06-13 22-56-43  2792  21706.3  -2831.19  218.792  2736.7
976  144  2025-06-13 22-56-43  2793.6  21717  -2831.93  218.879  2735.51
977  144  2025-06-13 22-56-43  2795.2  21727.6  -14032.7  218.965  2734.34
978  144  2025-06-13 22-56-43  2796.8  21738.3  -14033.4  219.051  2733.22
979  144  2025-06-13 22-56-43  2798.4  21749  -14034.1  219.138  2732.14
980  144  2025-06-13 22-56-43  2800  21759.7  -14034.8  219.224  2731.09
981  144  2025-06-13 22-56-43  2801.6  21770.4  -14035.4  219.31  2730.08
982  144  2025-06-13 22-56-43  2803.2  21781.1  -14036.1  219.397  2729.11
983  144  2025-06-13 22-56-43  2804.8  21791.9  -14036.8  219.483  2728.17
984  144  2025-06-13 22-56-43  2806.4  21802.6  -14037.4  219.569  2727.27
985  144  2025-06-13 22-56-43  2808  21813.3  -14038.1  219.656  2726.4
986  144  2025-06-13 22-56-43  2809.6  21824.1  -14038.7  219.742  2725.56
987  144  2025-06-13 22-56-43  2811.2  21834.9  -14039.3  219.828  2724.76
988  144  2025-06-13 22-56-43  2812.8  21845.6  -14039.9  219.915  2723.99
989  144  2025-06-13 22-56-43  2814.4  21856.4  -14040.5  220.001  2723.26
990  144  2025-06-13 22-56-43  2816  21867.2  -14041.1  220.087  2722.56
991  144  2025-06-13 22-56-43  2817.6  21878  -14041.7  220.174  2721.88
992  144  2025-06-13 22-56-43  2819.2  21888.8  -14042.3  220.26  2721.24
993  144  2025-06-13 22-56-43  2820.8  21899.6  -14042.9  220.346  2720.63
994  144  2025-06-13 22-56-43  2822.4  21910.5  -14043.4  220.433  2720.05
995  144  2025-06-13 22-56-43  2824  21921.3  -14044  220.519  2719.5
996  144  2025-06-13 22-56-43  2825.6  21932.2  -14044.5  220.605  2718.98
997  144  2025-06-13 22-56-43  2827.2  21943  -14045.1  220.692  2718.49
998  144  2025-06-13 22-56-43  2828.8  21953.9  -14045.6  220.778  2718.03
999  144  2025-06-13 22-56-43  2830.4  21964.7  -14046.2  220.864  2717.59
1000  144  2025-06-13 22-56-43  14032  21975.6  -14046.7  220.951  2717.18
1001  144  2025-06-13 22-56-43  14033.6  21986.5  -14047.3  221.037  2716.8
1002  144  2025-06-13 22-56-43  14035.2  21997.4  -14047.8  221.123  2716.44
1003  144  2025-06-13 22-56-43  14036.8  22008.3  -14048.3  221.21  2716.11
1004  144  2025-06-13 22-56-43  14038.4  22019.2  -14048.8  221.296  2715.8
1005  144  2025-06-13 22-56-43  14040  22030.2  -14049.4  221.382  2715.52
1006  144  2025-06-13 22-56-43  14041.6  22041.1  -14049.9  221.469  2715.27
1007  144  2025-06-13 22-56-43  14043.2  22052  -14050.4  221.555  2715.04
1008  144  2025-06-13 22-56-43  14044.8  22063  -14050.9  221.641  2714.83
1009  144  2025-06-13 22-56-43  14046.4  22074  -14051.4  221.728  2714.64
1010  144  2025-06-13 22-56-43  14048  22084.9  -14051.9  221.814  2714.48
1011  144  2025-06-13 22-56-43  14049.6  22095.9  -14052.4  221.9  2714.34
1012  144  2025-06-13 22-56-43  14051.2  22106.9  -14052.9  221.987  2714.22
1013  144  2025-06-13 22-56-43  14052.8  22117.9  -14053.4  222.073  2714.13
1014  144  2025-06-13 22-56-43  14054.4  22128.9  -14053.9  222.159  2714.05
1015  144  2025-06-13 22-56-43  14056  22139.9  -14054.4  222.246  2714
1016  144  2025-06-13 22-56-43  14057.6  22150.9  -14054.9  222.332  2713.96
1017  144  2025-06-13 22-56-43  14059.2  22162  -14055.5  222.418  2713.95
1018  144  2025-06-13 22-56-43  14060.8  22173  -14056  222.505  2713.95
1019  144  2025-06-13 22-56-43  14062.4  22184  -14056.5  222.591  2713.98
1020  144  2025-06-13 22-56-43  14064  22195.1  -14057  222.677  2714.02
1021  144  2025-06-13 22-56-43  14065.6  22206.2  -14057.5  222.764  2714.08
1022  144  2025-06-13 22-56-43  14067.2  22217.2  -14058  222.85  2714.16
1023  144  2025-06-13 22-56-43  14068.8  22228.3  -14058.5  222.936  2714.25
1024  144  2025-06-13 22-56-43  14070.4  22239.4  -14059  223.023  2714.36
1025  144  2025-06-13 22-56-43  14072  22250.5  -14059.5  223.109  2714.49
1026  144  2025-06-13 22-56-43  14073.6  22261.6  -14060  223.195  2714.64
1027  144  2025-06-13 22-56-43  14075.2  22272.7  -14060.6  223.282  2714.8
1028  144  2025-06-13 22-56-43  14076.8  22283.9  -14061.1  223.368  2714.98
1029  144  2025-06-13 22-56-43  14078.4  22295  -14061.6  223.454  2715.17
1030  144  2025-06-13 22-56-43  14080  22306.1  -14062.1  223.541  2715.38
1031  144  2025-06-13 22-56-43  14081.6  22317.3  -14062.7  223.627  2715.6
1032  144  2025-06-13 22-56-43  14083.2  22328.4  -14063.2  223.713  2715.84
1033  144  2025-06-13 22-56-43  14084.8  22339.6  -14063.7  223.8  2716.09
1034  144  2025-06-13 22-56-43  14086.4  22350.8  -14064.3  223.886  2716.35
1035  144  2025-06-13 22-56-43  14088  22362  -14064.8  223.972  2716.63
1036  144  2025-06-13 22-56-43  14089.6  22373.2  -14065.4  224.059  2716.92
1037  144  2025-06-13 22-56-43  14091.2  22384.4  -14065.9  224.145  2717.22
1038  144  2025-06-13 22-56-43  14092.8  22395.6  -14066.5  224.231  2717.53
1039  144  2025-06-13 22-56-43  14094.4  22406.8  -14067  224.318  2717.86
1040  144  2025-06-13 22-56-43  14096  22418  -14067.6  224.404  2718.2
1041  144  2025-06-13 22-56-43  14097.6  22429.3  -14068.2  224.49  2718.54
1042  144  2025-06-13 22-56-43  14099.2  22440.5  -14068.8  224.577  2718.9
1043  144  2025-06-13 22-56-43  14100.8  22451.7  -14069.3  224.663  2719.27
1044  144  2025-06-13 22-56-43  14102.4  22463  -14069.9  224.749  2719.65
1045  144  2025-06-13 22-56-43  14104  22474.3  -14070.5  224.836  2720.04
1046  144  2025-06-13 22-56-43  14105.6  22485.5  -14071.1  224.922  2720.44
1047  144  2025-06-13 22-56-43  14107.2  22496.8  -14071.7  225.008  2720.85
1048  144  2025-06-13 22-56-43  14108.8  22508.1  -14072.3  225.095  2721.27
1049  144  2025-06-13 22-56-43  14110.4  22519.4  -14072.9  225.181  2721.7
1050  144  2025-06-13 22-56-43  14112  22530.7  -14073.6  225.267  2722.14
1051  144  2025-06-13 22-56-43  14113.6  22542.1  -14074.2  225.354  2722.58
1052  144  2025-06-13 22-56-43  14115.2  22553.4  -14074.8  225.44  2723.03
1053  144  2025-06-13 22-56-43  14116.8  22564.7  -14075.5  225.526  2723.49
1054  144  2025-06-13 22-56-43  14118.4  22576.1  -14076.1  225.613  2723.96
1055  144  2025-06-13 22-56-43  14120  22587.4  -14076.7  225.699  2724.44
1056  144  2025-06-13 22-56-43  14121.6  22598.8  -14077.4  225.785  2724.92
1057  144  2025-06-13 22-56-43  14123.2  22610.1  -14078.1  225.872  2725.41
1058  144  2025-06-13 22-56-43  14124.8  22621.5  -14078.7  225.958  2725.9
1059  144  2025-06-13 22-56-43  14126.4  22632.9  -14079.4  226.044  2726.4
1060  144  2025-06-13 22-56-43  14128  22644.3  -14080.1  226.131  2726.91
1061  144  2025-06-13 22-56-43  14129.6  22655.7  -14080.8  226.217  2727.42
1062  144  2025-06-13 22-56-43  14131.2  22667.1  -14081.5  226.303  2727.94
1063  144  2025-06-13 22-56-43  14132.8  22678.5  -14082.2  226.39  2728.46
1064  144  2025-06-13 22-56-43  14134.4  22689.9  -14082.9  226.476  2728.99
1065  144  2025-06-13 22-56-43  14136  22701.4  -14083.6  226.562  2729.52
1066  144  2025-06-13 22-56-43  14137.6  22712.8  -14084.3  226.649  2730.06
1067  144  2025-06-13 22-56-43  14139.2  22724.3  -14085.1  226.735  2730.6
1068  144  2025-06-13 22-56-43  14140.8  22735.7  -14085.8  226.821  2731.15
1069  144  2025-06-13 22-56-43  14142.4  22747.2  -14086.6  226.908  2731.7
1070  144  2025-06-13 22-56-43  14144  22758.7  -14087.3  226.994  2732.25
1071  144  2025-06-13 22-56-43  14145.6  22770.2  -14088.1  227.08  2732.81
1072  144  2025-06-13 22-56-43  14147.2  22781.6  -14088.8  227.167  2733.37
1073  144  2025-06-13 22-56-43  14148.8  22793.1  -14089.6  227.253  2733.94
1074  144  2025-06-13 22-56-43  14150.4  22804.7  -14090.4  227.339  2734.5
1075  144  2025-06-13 22-56-43  14152  22816.2  -14091.2  227.426  2735.07
1076  144  2025-06-13 22-56-43  14153.6  22827.7  -14092  227.512  2735.64
1077  144  2025-06-13 22-56-43  14155.2  22839.2  -14092.8  227.598  2736.22
1078  144  2025-06-13 22-56-43  14156.8  22850.8  -14093.6  227.685  2736.79
1079  144  2025-06-13 22-56-43  14158.4  22862.3  -14094.5  227.771  2737.37
1080  144  2025-06-13 22-56-43  14160  22873.9  -14095.3  227.857  2737.95
1081  144  2025-06-13 22-56-43  14161.6  22885.4  -14096.1  227.944  2738.53
1082  144  2025-06-13 22-56-43  14163.2  22897  -14097  228.03  2739.12
1083  144  2025-06-13 22-56-43  14164.8  22908.6  -14097.8  228.116  2739.7
1084  144  2025-06-13 22-56-43  14166.4  22920.2  -14098.7  228.203  2740.29
1085  144  2025-06-13 22-56-43  14168  22931.8  -14099.6  228.289  2740.87
1086  144  2025-06-13 22-56-43  14169.6  22943.4  -14100.5  228.375  2741.46
1087  144  2025-06-13 22-56-43  14171.2  22955  -14101.3  228.462  2742.05
1088  144  2025-06-13 22-56-43  14172.8  22966.6  -14102.2  228.548  2742.64
1089  144  2025-06-13 22-56-43  14174.4  22978.2  -14103.1  228.634  2743.22
1090  144  2025-06-13 22-56-43  14176  22989.9  -14104.1  228.721  2743.81
1091  144  2025-06-13 22-56-43  14177.6  23001.5  -14105  228.807  2744.4
1092  144  2025-06-13 22-56-43  14179.2  23013.2  -14105.9  228.893  2744.99
1093  144  2025-06-13 22-56-43  14180.8  23024.8  -14106.9  228.98  2745.58
1094  144  2025-06-13 22-56-43  14182.4  23036.5  -14107.8  229.066  2746.17
1095  144  2025-06-13 22-56-43  14184  23048.2  -14108.8  229.152  2746.75
1096  144  2025-06-13 22-56-43  14185.6  23059.9  -14109.7  229.239  2747.34
1097  144  2025-06-13 22-56-43  14187.2  23071.5  -14110.7  229.325  2747.93
1098  144  2025-06-13 22-56-43  14188.8  23083.2  -14111.7  229.411  2748.51
1099  144  2025-06-13 22-56-43  14190.4  23095  -14112.6  229.498  2749.09
1100  144  2025-06-13 22-56-43  14192  23106.7  -14113.6  229.584  2749.68
1101  144  2025-06-13 22-56-43  14193.6  23118.4  -14114.6  229.671  2750.26
1102  144  2025-06-13 22-56-43  14195.2  23130.1  -14115.7  229.757  2750.84
1103  144  2025-06-13 22-56-43  14196.8  23141.9  -14116.7  229.843  2751.42
1104  144  2025-06-13 22-56-43  14198.4  23153.6  -14117.7  229.93  2751.99
1105  144  2025-06-13 22-56-43  14200  23165.4  -14118.7  230.016  2752.57
1106  144  2025-06-13 22-56-43  14201.6  23177.1  -14119.8  230.102  2753.14
1107  144  2025-06-13 22-56-43  14203.2  23188.9  -14120.8  230.189  2753.71
1108  144  2025-06-13 22-56-43  14204.8  23200.7  -14121.9  230.275  2754.28
1109  144  2025-06-13 22-56-43  14206.4  23212.5  -14123  230.361  2754.85
1110  144  2025-06-13 22-56-43  14208  23224.3  -14124  230.448  2755.41
1111  144  2025-06-13 22-56-43  14209.6  23236.1  -14125.1  230.534  2755.98
1112  144  2025-06-13 22-56-43  14211.2  23247.9  -14126.2  230.62  2756.54
1113  144  2025-06-13 22-56-43  14212.8  23259.7  -14127.3  230.707  2757.09
1114  144  2025-06-13 22-56-43  14214.4  23271.5  -14128.4  230.793  2757.65
1115  144  2025-06-13 22-56-43  14216  23283.4  -14129.5  230.879  2758.2
1116  144  2025-06-13 22-56-43  14217.6  23295.2  -14130.7  230.966  2758.75
1117  144  2025-06-13 22-56-43  14219.2  23307.1  -14131.8  231.052  2759.3
1118  144  2025-06-13 22-56-43  14220.8  23318.9  -14132.9  231.138  2759.84
1119  144  2025-06-13 22-56-43  14222.4  23330.8  -14134.1  231.225  2760.38
1120  144  2025-06-13 22-56-43  14224  23342.7  -14135.2  231.311  2760.92
1121  144  2025-06-13 22-56-43  14225.6  23354.5  -14136.4  231.397  2761.45
1122  144  2025-06-13 22-56-43  14227.2  23366.4  -14137.6  231.484  2761.98
1123  144  2025-06-13 22-56-43  14228.8  23378.3  -14138.8  231.57  2762.51
1124  144  2025-06-13 22-56-43  14230.4  23390.2  -14139.9  231.656  2763.03
1125  144  2025-06-13 22-56-43  14232  23402.2  -14141.1  231.743  2763.56
1126  144  2025-06-13 22-56-43  14233.6  23414.1  -14142.3  231.829  2764.07
1127  144  2025-06-13 22-56-43  14235.2  23426  -14143.5  231.915  2764.59
1128  144  2025-06-13 22-56-43  14236.8  23437.9  -14144.8  232.002  2765.1
1129  144  2025-06-13 22-56-43  14238.4  23449.9  -14146  232.088  2765.6
1130  144  2025-06-13 22-56-43  14240  23461.8  -14147.2  232.174  2766.11
1131  144  2025-06-13 22-56-43  14241.6  23473.8  -14148.5  232.261  2766.6
1132  144  2025-06-13 22-56-43  14243.2  23485.8  -14149.7  232.347  2767.1
1133  144  2025-06-13 22-56-43  14244.8  23497.8  -14151  232.433  2767.59
1134  144  2025-06-13 22-56-43  14246.4  23509.7  -14152.2  232.52  2768.08
1135  144  2025-06-13 22-56-43  14248  23521.7  -14153.5  232.606  2768.56
1136  144  2025-06-13 22-56-43  14249.6  23533.7  -14154.8  232.692  2769.04
1137  144  2025-06-13 22-56-43  14251.2  23545.7  -14156  232.779  2769.51
1138  144  2025-06-13 22-56-43  14252.8  23557.8  -14157.3  232.865  2769.99
1139  144  2025-06-13 22-56-43  14254.4  23569.8  -14158.6  232.951  2770.45
1140  144  2025-06-13 22-56-43  14256  23581.8  -14159.9  233.038  2770.92
1141  144  2025-06-13 22-56-43  14257.6  23593.9  -14161.2  233.124  2771.37
1142  144  2025-06-13 22-56-43  14259.2  23605.9  -14162.6  233.21  2771.83
1143  144  2025-06-13 22-56-43  14260.8  23618  -14163.9  233.297  2772.28
1144  144  2025-06-13 22-56-43  14262.4  23630  -14165.2  233.383  2772.72
1145  144  2025-06-13 22-56-43  14264  23642.1  -14166.6  233.469  2773.16
1146  144  2025-06-13 22-56-43  14265.6  23654.2  -14167.9  233.556  2773.6
1147  144  2025-06-13 22-56-43  14267.2  23666.3  -14169.2  233.642  2774.03
1148  144  2025-06-13 22-56-43  14268.8  23678.4  -14170.6  233.728  2774.46
1149  144  2025-06-13 22-56-43  14270.4  23690.5  -14172  233.815  2774.88
1150  144  2025-06-13 22-56-43  14272  23702.6  -14173.3  233.901  2775.3
1151  144  2025-06-13 22-56-43  14273.6  23714.7  -14174.7  233.987  2775.72
1152  144  2025-06-13 22-56-43  14275.2  23726.8  -14176.1  234.074  2776.13
