SN    USVID    CurTime    simTime    CurX    CurY    CurVel      CurYaw   
0  144  2025-06-09 22-09-25  0  2440  14512  192  2672
1  144  2025-06-09 22-09-25  1.6  2448.01  14512  192.058  2670.38
2  144  2025-06-09 22-09-25  3.2  2456.02  14512  192.115  2668.75
3  144  2025-06-09 22-09-25  4.8  2464.03  14512.1  192.173  2667.1
4  144  2025-06-09 22-09-25  6.4  2472.06  14512.1  192.23  2665.44
5  144  2025-06-09 22-09-25  8  2480.09  14512.2  192.288  2663.76
6  144  2025-06-09 22-09-25  9.6  2488.12  14512.3  192.345  2662.06
7  144  2025-06-09 22-09-25  11.2  2496.16  14512.4  192.403  2660.35
8  144  2025-06-09 22-09-25  12.8  2504.2  14512.5  192.46  2658.62
9  144  2025-06-09 22-09-25  14.4  2512.26  14512.7  192.518  2656.88
10  144  2025-06-09 22-09-25  128  2520.31  14512.8  192.576  2655.12
11  144  2025-06-09 22-09-25  129.6  2528.37  14513  192.633  2653.34
12  144  2025-06-09 22-09-25  131.2  2536.44  14513.1  192.691  2651.55
13  144  2025-06-09 22-09-25  132.8  2544.51  14513.3  192.748  2649.74
14  144  2025-06-09 22-09-25  134.4  2552.59  14513.6  192.806  2647.92
15  144  2025-06-09 22-09-25  136  2560.67  14513.8  192.863  2646.08
16  144  2025-06-09 22-09-25  137.6  2568.76  14514  192.921  2644.22
17  144  2025-06-09 22-09-25  139.2  2576.86  14514.3  192.978  2642.35
18  144  2025-06-09 22-09-25  140.8  2584.95  14514.6  193.036  2640.46
19  144  2025-06-09 22-09-25  142.4  2593.06  14514.9  193.094  2638.56
20  144  2025-06-09 22-09-25  144  2601.17  14515.2  193.151  2636.64
21  144  2025-06-09 22-09-25  145.6  2609.28  14515.5  193.209  2634.7
22  144  2025-06-09 22-09-25  147.2  2617.4  14515.9  193.266  2632.75
23  144  2025-06-09 22-09-25  148.8  2625.52  14516.2  193.324  2630.78
24  144  2025-06-09 22-09-25  150.4  2633.65  14516.6  193.381  2628.8
25  144  2025-06-09 22-09-25  152  2641.79  14517  193.439  2626.8
26  144  2025-06-09 22-09-25  153.6  2649.93  14517.4  193.496  2624.78
27  144  2025-06-09 22-09-25  155.2  2658.07  14517.9  193.554  2622.75
28  144  2025-06-09 22-09-25  156.8  2666.22  14518.3  193.612  2620.7
29  144  2025-06-09 22-09-25  158.4  2674.37  14518.8  193.669  2618.64
30  144  2025-06-09 22-09-25  160  2682.53  14519.3  193.727  2616.56
31  144  2025-06-09 22-09-25  161.6  2690.69  14519.8  193.784  2614.46
32  144  2025-06-09 22-09-25  163.2  2698.86  14520.3  193.842  2612.35
33  144  2025-06-09 22-09-25  164.8  2707.03  14520.9  193.899  2610.22
34  144  2025-06-09 22-09-25  166.4  2715.21  14521.5  193.957  2608.08
35  144  2025-06-09 22-09-25  168  2723.39  14522  194.014  2605.92
36  144  2025-06-09 22-09-25  169.6  2731.57  14522.7  194.072  2603.74
37  144  2025-06-09 22-09-25  171.2  2739.76  14523.3  194.13  2601.55
38  144  2025-06-09 22-09-25  172.8  2747.95  14523.9  194.187  2599.34
39  144  2025-06-09 22-09-25  174.4  2756.15  14524.6  194.245  2597.12
40  144  2025-06-09 22-09-25  176  2764.35  14525.3  194.302  2594.88
41  144  2025-06-09 22-09-25  177.6  2772.56  14526  194.36  2592.62
42  144  2025-06-09 22-09-25  179.2  2780.76  14526.7  194.417  2590.35
43  144  2025-06-09 22-09-25  180.8  2788.98  14527.5  194.475  2588.06
44  144  2025-06-09 22-09-25  182.4  2797.19  14528.3  194.532  2585.76
45  144  2025-06-09 22-09-25  184  2805.41  14529.1  194.59  2583.44
46  144  2025-06-09 22-09-25  185.6  2813.64  14529.9  194.648  2581.1
47  144  2025-06-09 22-09-25  187.2  2821.87  14530.7  194.705  2578.75
48  144  2025-06-09 22-09-25  188.8  2830.1  14531.6  194.763  2576.38
49  144  2025-06-09 22-09-25  190.4  14038.3  14532.5  194.82  2574
50  144  2025-06-09 22-09-25  192  14046.6  14533.4  194.878  2571.6
51  144  2025-06-09 22-09-25  193.6  14054.8  14534.3  194.935  2569.18
52  144  2025-06-09 22-09-25  195.2  14063.1  14535.3  194.993  2566.75
53  144  2025-06-09 22-09-25  196.8  14071.3  14536.2  195.05  2564.3
54  144  2025-06-09 22-09-25  198.4  14079.6  14537.2  195.108  2561.84
55  144  2025-06-09 22-09-25  200  14087.8  14538.3  195.166  2559.36
56  144  2025-06-09 22-09-25  201.6  14096.1  14539.3  195.223  2556.86
57  144  2025-06-09 22-09-25  203.2  14104.3  14540.4  195.281  2554.35
58  144  2025-06-09 22-09-25  204.8  14112.6  14541.4  195.338  2551.82
59  144  2025-06-09 22-09-25  206.4  14120.9  14542.6  195.396  2549.28
60  144  2025-06-09 22-09-25  208  14129.1  14543.7  195.453  2546.72
61  144  2025-06-09 22-09-25  209.6  14137.4  14544.9  195.511  2544.14
62  144  2025-06-09 22-09-25  211.2  14145.7  14546  195.568  2541.55
63  144  2025-06-09 22-09-25  212.8  14153.9  14547.3  195.626  2538.94
64  144  2025-06-09 22-09-25  214.4  14162.2  14548.5  195.684  2536.32
65  144  2025-06-09 22-09-25  216  14170.5  14549.7  195.741  2533.68
66  144  2025-06-09 22-09-25  217.6  14178.8  14551  195.799  2531.02
67  144  2025-06-09 22-09-25  219.2  14187.1  14552.3  195.856  2528.35
68  144  2025-06-09 22-09-25  220.8  14195.3  14553.7  195.914  2525.66
69  144  2025-06-09 22-09-25  222.4  14203.6  14555  195.971  2522.96
70  144  2025-06-09 22-09-25  224  14211.9  14556.4  196.029  2520.24
71  144  2025-06-09 22-09-25  225.6  14220.2  14557.8  196.086  2517.5
72  144  2025-06-09 22-09-25  227.2  14228.5  14559.3  196.144  2514.75
73  144  2025-06-09 22-09-25  228.8  14236.8  14560.7  196.202  2511.98
74  144  2025-06-09 22-09-25  230.4  14245.1  14562.2  196.259  2509.2
75  144  2025-06-09 22-09-25  232  14253.4  14563.7  196.317  2506.4
76  144  2025-06-09 22-09-25  233.6  14261.7  14565.3  196.374  2503.58
77  144  2025-06-09 22-09-25  235.2  14270  14566.8  196.432  2500.75
78  144  2025-06-09 22-09-25  236.8  14278.3  14568.4  196.489  2497.9
79  144  2025-06-09 22-09-25  238.4  14286.6  14570.1  196.547  2495.04
80  144  2025-06-09 22-09-25  240  14294.9  14571.7  196.604  2492.16
81  144  2025-06-09 22-09-25  241.6  14303.2  14573.4  196.662  2489.26
82  144  2025-06-09 22-09-25  243.2  14311.5  14575.1  196.72  2486.35
83  144  2025-06-09 22-09-25  244.8  14319.8  14576.8  196.777  2483.42
84  144  2025-06-09 22-09-25  246.4  14328.1  14578.6  196.835  2480.48
85  144  2025-06-09 22-09-25  248  14336.4  14580.4  196.892  2477.52
86  144  2025-06-09 22-09-25  249.6  14344.7  14582.2  196.95  2474.54
87  144  2025-06-09 22-09-25  251.2  14353  14584  197.007  2471.55
88  144  2025-06-09 22-09-25  252.8  14361.3  14585.9  197.065  2468.54
89  144  2025-06-09 22-09-25  254.4  14369.5  14587.8  197.122  2465.52
90  144  2025-06-09 22-09-25  256  14377.8  14589.7  197.18  2462.48
91  144  2025-06-09 22-09-25  257.6  14386.1  14591.7  197.238  2459.42
92  144  2025-06-09 22-09-25  259.2  14394.4  14593.7  197.295  2456.35
93  144  2025-06-09 22-09-25  260.8  14402.7  14595.7  197.353  2453.26
94  144  2025-06-09 22-09-25  262.4  14411  14597.7  197.41  2450.16
95  144  2025-06-09 22-09-25  264  14419.3  14599.8  197.468  2447.04
96  144  2025-06-09 22-09-25  265.6  14427.6  14601.9  197.525  2443.9
97  144  2025-06-09 22-09-25  267.2  14435.9  14604.1  197.583  2440.75
98  144  2025-06-09 22-09-25  268.8  14444.2  14606.2  197.641  2437.58
99  144  2025-06-09 22-09-25  270.4  14452.5  14608.4  197.698  2434.4
100  144  2025-06-09 22-09-25  1392  14460.7  14610.6  197.756  2431.2
101  144  2025-06-09 22-09-25  1393.6  14469  14612.9  197.813  2427.98
102  144  2025-06-09 22-09-25  1395.2  14477.3  14615.2  197.871  2424.75
103  144  2025-06-09 22-09-25  1396.8  14485.6  14617.5  197.928  2421.5
104  144  2025-06-09 22-09-25  1398.4  14493.8  14619.9  197.986  2418.24
105  144  2025-06-09 22-09-25  1400  14502.1  14622.2  198.043  2414.96
106  144  2025-06-09 22-09-25  1401.6  14510.4  14624.7  198.101  2411.66
107  144  2025-06-09 22-09-25  1403.2  14518.6  14627.1  198.159  2408.35
108  144  2025-06-09 22-09-25  1404.8  14526.9  14629.6  198.216  2405.02
109  144  2025-06-09 22-09-25  1406.4  14535.1  14632.1  198.274  2401.68
110  144  2025-06-09 22-09-25  1408  14543.4  14634.6  198.331  2398.32
111  144  2025-06-09 22-09-25  1409.6  14551.6  14637.2  198.389  2394.94
112  144  2025-06-09 22-09-25  1411.2  14559.9  14639.8  198.446  2391.55
113  144  2025-06-09 22-09-25  1412.8  14568.1  14642.4  198.504  2388.14
114  144  2025-06-09 22-09-25  1414.4  14576.4  14645.1  198.561  2384.72
115  144  2025-06-09 22-09-25  1416  14584.6  14647.8  198.619  2381.28
116  144  2025-06-09 22-09-25  1417.6  14592.8  14650.5  198.677  2377.82
117  144  2025-06-09 22-09-25  1419.2  14601.1  14653.2  198.734  2384.05
118  144  2025-06-09 22-09-25  1420.8  14609.3  14655.8  198.792  2390.35
119  144  2025-06-09 22-09-25  1422.4  14617.6  14658.4  198.849  2396.74
120  144  2025-06-09 22-09-25  1424  14626  14660.9  198.907  2403.2
121  144  2025-06-09 22-09-25  1425.6  14634.3  14663.4  198.964  2409.74
122  144  2025-06-09 22-09-25  1427.2  14642.7  14665.8  199.022  2416.37
123  144  2025-06-09 22-09-25  1428.8  14651.1  14668.1  199.079  2423.07
124  144  2025-06-09 22-09-25  1430.4  14659.5  14670.4  199.137  2429.86
125  144  2025-06-09 22-09-25  1432  14667.9  14672.6  199.195  2436.72
126  144  2025-06-09 22-09-25  1433.6  14676.4  14674.7  199.252  2443.66
127  144  2025-06-09 22-09-25  1435.2  14684.8  14676.8  199.31  2450.69
128  144  2025-06-09 22-09-25  1436.8  14693.3  14678.9  199.367  2457.79
129  144  2025-06-09 22-09-25  1438.4  14701.9  14680.8  199.425  2464.98
130  144  2025-06-09 22-09-25  1440  14710.4  14682.7  199.482  2472.24
131  144  2025-06-09 22-09-25  1441.6  14719  14684.5  199.54  2479.58
132  144  2025-06-09 22-09-25  1443.2  14727.5  14686.3  199.597  2487.01
133  144  2025-06-09 22-09-25  1444.8  14736.1  14688  199.655  2494.51
134  144  2025-06-09 22-09-25  1446.4  14744.8  14689.6  199.713  2502.1
135  144  2025-06-09 22-09-25  1448  14753.4  14691.1  199.77  2509.76
136  144  2025-06-09 22-09-25  1449.6  14762.1  14692.6  199.828  2517.5
137  144  2025-06-09 22-09-25  1451.2  14770.7  14694  199.885  2525.33
138  144  2025-06-09 22-09-25  1452.8  14779.4  14695.3  199.943  2533.23
139  144  2025-06-09 22-09-25  1454.4  14788.1  14696.6  200  2541.22
140  144  2025-06-09 22-09-25  1456  14796.9  14697.8  200.058  2549.28
141  144  2025-06-09 22-09-25  1457.6  14805.6  14698.9  200.115  2557.42
142  144  2025-06-09 22-09-25  1459.2  14814.4  14699.9  200.173  2565.65
143  144  2025-06-09 22-09-25  1460.8  14823.1  14700.8  200.231  2573.95
144  144  2025-06-09 22-09-25  1462.4  14831.9  14701.7  200.288  2582.34
145  144  2025-06-09 22-09-25  1464  14840.7  14702.5  200.346  2590.8
146  144  2025-06-09 22-09-25  1465.6  14849.5  14703.2  200.403  2599.34
147  144  2025-06-09 22-09-25  1467.2  14858.4  14703.8  200.461  2607.97
148  144  2025-06-09 22-09-25  1468.8  14867.2  14704.3  200.518  2616.67
149  144  2025-06-09 22-09-25  1470.4  14876  14704.8  200.576  2625.46
150  144  2025-06-09 22-09-25  1472  14884.9  14705.1  200.633  2634.32
151  144  2025-06-09 22-09-25  1473.6  14893.8  14705.4  200.691  2643.26
152  144  2025-06-09 22-09-25  1475.2  14902.6  14705.6  200.749  2652.29
153  144  2025-06-09 22-09-25  1476.8  14911.5  14705.7  200.806  2661.39
154  144  2025-06-09 22-09-25  1478.4  14920.4  14705.7  200.864  2670.58
155  144  2025-06-09 22-09-25  1480  14929.3  14705.6  200.921  2679.84
156  144  2025-06-09 22-09-25  1481.6  14938.2  14705.5  200.979  2689.18
157  144  2025-06-09 22-09-25  1483.2  14947.1  14705.2  201.036  2698.61
158  144  2025-06-09 22-09-25  1484.8  14956  14704.9  201.094  2708.11
159  144  2025-06-09 22-09-25  1486.4  14964.9  14704.4  201.151  2717.7
160  144  2025-06-09 22-09-25  1488  14973.8  14703.9  201.209  2727.36
161  144  2025-06-09 22-09-25  1489.6  14982.7  14703.2  201.267  2737.1
162  144  2025-06-09 22-09-25  1491.2  14991.6  14702.5  201.324  2746.93
163  144  2025-06-09 22-09-25  1492.8  15000.5  14701.7  201.382  2756.83
164  144  2025-06-09 22-09-25  1494.4  15009.4  14700.8  201.439  2766.82
165  144  2025-06-09 22-09-25  1496  15018.3  14699.8  201.497  2768.8
166  144  2025-06-09 22-09-25  1497.6  15027.2  14698.9  201.554  2770.78
167  144  2025-06-09 22-09-25  1499.2  15036.1  14697.9  201.612  2772.77
168  144  2025-06-09 22-09-25  1500.8  15045  14696.9  201.669  2774.75
169  144  2025-06-09 22-09-25  1502.4  15053.9  14695.8  201.727  2776.74
170  144  2025-06-09 22-09-25  1504  15062.9  14694.8  201.785  2778.72
171  144  2025-06-09 22-09-25  1505.6  15071.8  14693.7  201.842  2780.7
172  144  2025-06-09 22-09-25  1507.2  15080.7  14692.7  201.9  2782.69
173  144  2025-06-09 22-09-25  1508.8  15089.6  14691.6  201.957  2784.67
174  144  2025-06-09 22-09-25  1510.4  15098.6  14690.4  202.015  2786.66
175  144  2025-06-09 22-09-25  1512  15107.5  14689.3  202.072  2788.64
176  144  2025-06-09 22-09-25  1513.6  15116.4  14688.1  202.13  2790.62
177  144  2025-06-09 22-09-25  1515.2  15125.4  14686.9  202.187  2792.61
178  144  2025-06-09 22-09-25  1516.8  15134.3  14685.7  202.245  2794.59
179  144  2025-06-09 22-09-25  1518.4  15143.3  14684.5  202.303  2796.58
180  144  2025-06-09 22-09-25  1520  15152.2  14683.3  202.36  2798.56
181  144  2025-06-09 22-09-25  1521.6  15161.2  14682  202.418  2800.54
182  144  2025-06-09 22-09-25  1523.2  15170.1  14680.7  202.475  2802.53
183  144  2025-06-09 22-09-25  1524.8  15179.1  14679.4  202.533  2804.51
184  144  2025-06-09 22-09-25  1526.4  15188  14678.1  202.59  2806.5
185  144  2025-06-09 22-09-25  1528  15197  14676.8  202.648  2808.48
186  144  2025-06-09 22-09-25  1529.6  15206  14675.4  202.705  2810.46
187  144  2025-06-09 22-09-25  1531.2  15215  14674  202.763  2812.45
188  144  2025-06-09 22-09-25  1532.8  15223.9  14672.6  202.821  2814.43
189  144  2025-06-09 22-09-25  1534.4  15232.9  14671.2  202.878  2816.42
190  144  2025-06-09 22-09-25  1536  15241.9  14669.7  202.936  2818.4
191  144  2025-06-09 22-09-25  1537.6  15250.9  14668.3  202.993  2820.38
192  144  2025-06-09 22-09-25  1539.2  15259.8  14666.8  203.051  2822.37
193  144  2025-06-09 22-09-25  1540.8  15268.8  14665.3  203.108  2824.35
194  144  2025-06-09 22-09-25  1542.4  15277.8  14663.7  203.166  2826.34
195  144  2025-06-09 22-09-25  1544  15286.8  14662.2  203.223  2828.32
196  144  2025-06-09 22-09-25  1545.6  15295.8  14660.6  203.281  2830.3
197  144  2025-06-09 22-09-25  1547.2  15304.8  14659  203.339  14032.3
198  144  2025-06-09 22-09-25  1548.8  15313.8  14657.4  203.396  14034.3
199  144  2025-06-09 22-09-25  1550.4  15322.8  14655.8  203.454  14036.3
200  144  2025-06-09 22-09-25  1552  15331.8  14654.1  203.511  14038.2
201  144  2025-06-09 22-09-25  1553.6  15340.8  14652.5  203.569  14040.2
202  144  2025-06-09 22-09-25  1555.2  15349.8  14650.8  203.626  14042.2
203  144  2025-06-09 22-09-25  1556.8  15358.8  14649.1  203.684  14044.2
204  144  2025-06-09 22-09-25  1558.4  15367.8  14647.3  203.741  14046.2
205  144  2025-06-09 22-09-25  1560  15376.8  14645.6  203.799  14048.2
206  144  2025-06-09 22-09-25  1561.6  15385.8  14643.8  203.857  14050.1
207  144  2025-06-09 22-09-25  1563.2  15394.8  14642  203.914  14052.1
208  144  2025-06-09 22-09-25  1564.8  15403.9  14640.2  203.972  14054.1
209  144  2025-06-09 22-09-25  1566.4  15412.9  14638.4  204.029  14056.1
210  144  2025-06-09 22-09-25  1568  15421.9  14636.5  204.087  14058.1
211  144  2025-06-09 22-09-25  1569.6  15430.9  14634.6  204.144  14060.1
212  144  2025-06-09 22-09-25  1571.2  15439.9  14632.7  204.202  14062
213  144  2025-06-09 22-09-25  1572.8  15449  14630.8  204.259  14064
214  144  2025-06-09 22-09-25  1574.4  15458  14628.9  204.317  14066
215  144  2025-06-09 22-09-25  1576  15467  14626.9  204.375  14068
216  144  2025-06-09 22-09-25  1577.6  15476.1  14624.9  204.432  14070
217  144  2025-06-09 22-09-25  1579.2  15485.1  14622.9  204.49  14072
218  144  2025-06-09 22-09-25  1580.8  15494.1  14620.9  204.547  14074
219  144  2025-06-09 22-09-25  1582.4  15503.1  14618.9  204.605  14075.9
220  144  2025-06-09 22-09-25  1584  15512.2  14616.8  204.662  14077.9
221  144  2025-06-09 22-09-25  1585.6  15521.2  14614.7  204.72  14079.9
222  144  2025-06-09 22-09-25  1587.2  15530.2  14612.6  204.777  14081.9
223  144  2025-06-09 22-09-25  1588.8  15539.3  14610.5  204.835  14083.9
224  144  2025-06-09 22-09-25  1590.4  15548.3  14608.3  204.893  14085.9
225  144  2025-06-09 22-09-25  1592  15557.4  14606.2  204.95  14087.8
226  144  2025-06-09 22-09-25  1593.6  15566.4  14604  205.008  14089.8
227  144  2025-06-09 22-09-25  1595.2  15575.4  14601.8  205.065  14091.8
228  144  2025-06-09 22-09-25  1596.8  15584.5  14599.5  205.123  14093.8
229  144  2025-06-09 22-09-25  1598.4  15593.5  14597.3  205.18  14095.8
230  144  2025-06-09 22-09-25  1600  15602.6  14595  205.238  14097.8
231  144  2025-06-09 22-09-25  1601.6  15611.6  14592.7  205.295  14099.7
232  144  2025-06-09 22-09-25  1603.2  15620.7  14590.4  205.353  14101.7
233  144  2025-06-09 22-09-25  1604.8  15629.7  14588.1  205.411  14103.7
234  144  2025-06-09 22-09-25  1606.4  15638.7  14585.7  205.468  14105.7
235  144  2025-06-09 22-09-25  1608  15647.8  14583.3  205.526  14107.7
236  144  2025-06-09 22-09-25  1609.6  15656.8  14580.9  205.583  14109.7
237  144  2025-06-09 22-09-25  1611.2  15665.9  14578.5  205.641  14111.6
238  144  2025-06-09 22-09-25  1612.8  15674.9  14576.1  205.698  14113.6
239  144  2025-06-09 22-09-25  1614.4  15684  14573.6  205.756  14115.6
240  144  2025-06-09 22-09-25  1616  15693  14571.1  205.813  14117.6
241  144  2025-06-09 22-09-25  1617.6  15702.1  14568.6  205.871  14119.6
242  144  2025-06-09 22-09-25  1619.2  15711.1  14566.1  205.929  14121.6
243  144  2025-06-09 22-09-25  1620.8  15720.2  14563.6  205.986  14123.6
244  144  2025-06-09 22-09-25  1622.4  15729.2  14561  206.044  14125.5
245  144  2025-06-09 22-09-25  1624  15738.3  14558.4  206.101  14127.5
246  144  2025-06-09 22-09-25  1625.6  15747.3  14555.8  206.159  14129.5
247  144  2025-06-09 22-09-25  1627.2  15756.3  14553.2  206.216  14131.5
248  144  2025-06-09 22-09-25  1628.8  15765.4  14550.5  206.274  14133.5
249  144  2025-06-09 22-09-25  1630.4  15774.4  14547.8  206.331  14135.5
250  144  2025-06-09 22-09-25  1632  15783.5  14545.1  206.389  14137.4
251  144  2025-06-09 22-09-25  1633.6  15792.5  14542.4  206.447  14139.4
252  144  2025-06-09 22-09-25  1635.2  15801.6  14539.7  206.504  14141.4
253  144  2025-06-09 22-09-25  1636.8  15810.6  14536.9  206.562  14143.4
254  144  2025-06-09 22-09-25  1638.4  15819.7  14534.1  206.619  14145.4
255  144  2025-06-09 22-09-25  1640  15828.7  14531.3  206.677  14147.4
256  144  2025-06-09 22-09-25  1641.6  15837.8  14528.5  206.734  14149.3
257  144  2025-06-09 22-09-25  1643.2  15846.8  14525.7  206.792  14151.3
258  144  2025-06-09 22-09-25  1644.8  15855.8  14522.8  206.849  14153.3
259  144  2025-06-09 22-09-25  1646.4  15864.9  14519.9  206.907  14155.3
260  144  2025-06-09 22-09-25  1648  15873.9  14517  206.965  14157.3
261  144  2025-06-09 22-09-25  1649.6  15883  14514.1  207.022  14159.3
262  144  2025-06-09 22-09-25  1651.2  15892  14511.1  207.08  14161.2
263  144  2025-06-09 22-09-25  1652.8  15901  14508.2  207.137  14163.2
264  144  2025-06-09 22-09-25  1654.4  15910.1  14505.2  207.195  14165.2
265  144  2025-06-09 22-09-25  1656  15919.1  14502.2  207.252  14167.2
266  144  2025-06-09 22-09-25  1657.6  15928.1  14499.1  207.31  14169.2
267  144  2025-06-09 22-09-25  1659.2  15937.2  14496.1  207.367  14171.2
268  144  2025-06-09 22-09-25  1660.8  15946.2  14493  207.425  14173.2
269  144  2025-06-09 22-09-25  1662.4  15955.2  14489.9  207.483  14175.1
270  144  2025-06-09 22-09-25  1664  15964.3  14486.8  207.54  14177.1
271  144  2025-06-09 22-09-25  1665.6  15973.3  14483.6  207.598  14179.1
272  144  2025-06-09 22-09-25  1667.2  15982.3  14480.5  207.655  14181.1
273  144  2025-06-09 22-09-25  1668.8  15991.3  14477.3  207.713  14183.1
274  144  2025-06-09 22-09-25  1670.4  16000.4  14474.1  207.77  14185.1
275  144  2025-06-09 22-09-25  1672  16009.4  14470.8  207.828  14187
276  144  2025-06-09 22-09-25  1673.6  16018.4  14467.6  207.885  14189
277  144  2025-06-09 22-09-25  1675.2  16027.4  14464.3  207.943  14191
278  144  2025-06-09 22-09-25  1676.8  16036.5  14461  208.001  14193
279  144  2025-06-09 22-09-25  1678.4  16045.5  14457.7  208.058  14195
280  144  2025-06-09 22-09-25  1680  16054.5  14454.4  208.116  14197
281  144  2025-06-09 22-09-25  1681.6  16063.5  14451  208.173  14198.9
282  144  2025-06-09 22-09-25  1683.2  16072.5  14447.6  208.231  14200.9
283  144  2025-06-09 22-09-25  1684.8  16081.5  14444.2  208.288  14202.9
284  144  2025-06-09 22-09-25  1686.4  16090.5  14440.8  208.346  14204.9
285  144  2025-06-09 22-09-25  1688  16099.5  14437.4  208.404  14206.9
286  144  2025-06-09 22-09-25  1689.6  16108.5  14433.9  208.461  14208.9
287  144  2025-06-09 22-09-25  1691.2  16117.5  14430.4  208.519  14210.8
288  144  2025-06-09 22-09-25  1692.8  16126.5  14426.9  208.576  14212.8
289  144  2025-06-09 22-09-25  1694.4  16135.5  14423.4  208.634  14214.8
290  144  2025-06-09 22-09-25  1696  16144.5  14419.8  208.691  14216.8
291  144  2025-06-09 22-09-25  1697.6  16153.5  14416.2  208.749  14218.8
292  144  2025-06-09 22-09-25  1699.2  16162.5  14412.7  208.806  14220.8
293  144  2025-06-09 22-09-25  1700.8  16171.5  14409  208.864  14222.8
294  144  2025-06-09 22-09-25  1702.4  16180.5  14405.4  208.922  14224.7
295  144  2025-06-09 22-09-25  1704  16189.4  14401.7  208.979  14226.7
296  144  2025-06-09 22-09-25  1705.6  16198.4  14398.1  209.037  14228.7
297  144  2025-06-09 22-09-25  1707.2  16207.4  14394.4  209.094  14230.7
298  144  2025-06-09 22-09-25  1708.8  16216.4  14390.6  209.152  14232.7
299  144  2025-06-09 22-09-25  1710.4  16225.3  14386.9  209.209  14234.7
300  144  2025-06-09 22-09-25  1712  16234.3  14383.1  209.267  14236.6
301  144  2025-06-09 22-09-25  1713.6  16243.3  14379.3  209.324  14238.6
302  144  2025-06-09 22-09-25  1715.2  16252.2  14375.5  209.382  14240.6
303  144  2025-06-09 22-09-25  1716.8  16261.2  14371.7  209.44  14242.6
304  144  2025-06-09 22-09-25  1718.4  16270.1  14367.8  209.497  14244.6
305  144  2025-06-09 22-09-25  1720  16279.1  14364  209.555  14246.6
306  144  2025-06-09 22-09-25  1721.6  16288  14360.1  209.612  14248.5
307  144  2025-06-09 22-09-25  1723.2  16297  14356.1  209.67  14250.5
308  144  2025-06-09 22-09-25  1724.8  16305.9  14352.2  209.727  14252.5
309  144  2025-06-09 22-09-25  1726.4  16314.9  14348.2  209.785  14254.5
310  144  2025-06-09 22-09-25  1728  16323.8  14344.2  209.842  14256.5
311  144  2025-06-09 22-09-25  1729.6  16332.7  14340.2  209.9  14258.5
312  144  2025-06-09 22-09-25  1731.2  16341.7  14336.2  209.958  14260.4
313  144  2025-06-09 22-09-25  1732.8  16350.6  14332.2  210.015  14262.4
314  144  2025-06-09 22-09-25  1734.4  16359.5  14328.1  210.073  14264.4
315  144  2025-06-09 22-09-25  1736  16368.4  14324  210.13  14266.4
316  144  2025-06-09 22-09-25  1737.6  16377.4  14319.9  210.188  14268.4
317  144  2025-06-09 22-09-25  1739.2  16386.3  14315.7  210.245  14270.4
318  144  2025-06-09 22-09-25  1740.8  16395.2  14311.6  210.303  14272.4
319  144  2025-06-09 22-09-25  1742.4  16404.1  14307.4  210.36  14274.3
320  144  2025-06-09 22-09-25  1744  16413  14303.2  210.418  14276.3
321  144  2025-06-09 22-09-25  1745.6  16421.9  14299  210.476  14278.3
322  144  2025-06-09 22-09-25  1747.2  16430.8  14294.7  210.533  14280.3
323  144  2025-06-09 22-09-25  1748.8  16439.7  14290.5  210.591  14282.3
324  144  2025-06-09 22-09-25  1750.4  16448.5  14286.2  210.648  14284.3
325  144  2025-06-09 22-09-25  1752  16457.4  14281.9  210.706  14286.2
326  144  2025-06-09 22-09-25  1753.6  16466.3  14277.5  210.763  14288.2
327  144  2025-06-09 22-09-25  1755.2  16475.2  14273.2  210.821  14290.2
328  144  2025-06-09 22-09-25  1756.8  16484  14268.8  210.878  14292.2
329  144  2025-06-09 22-09-25  1758.4  16492.9  14264.4  210.936  14294.2
330  144  2025-06-09 22-09-25  1760  16501.8  14260  210.994  14296.2
331  144  2025-06-09 22-09-25  1761.6  16510.6  14255.6  211.051  14298.1
332  144  2025-06-09 22-09-25  1763.2  16519.5  14251.1  211.109  14300.1
333  144  2025-06-09 22-09-25  1764.8  16528.3  14246.6  211.166  14302.1
334  144  2025-06-09 22-09-25  1766.4  16537.1  14242.1  211.224  14304.1
335  144  2025-06-09 22-09-25  1768  16546  14237.6  211.281  14306.1
336  144  2025-06-09 22-09-25  1769.6  16554.8  14233  211.339  14308.1
337  144  2025-06-09 22-09-25  1771.2  16563.6  14228.5  211.396  14310
338  144  2025-06-09 22-09-25  1772.8  16572.5  14223.9  211.454  14312
339  144  2025-06-09 22-09-25  1774.4  16581.3  14219.3  211.512  14314
340  144  2025-06-09 22-09-25  1776  16590.1  14214.6  211.569  14316
341  144  2025-06-09 22-09-25  1777.6  16598.9  14210  211.627  14318
342  144  2025-06-09 22-09-25  1779.2  16607.7  14205.3  211.684  14320
343  144  2025-06-09 22-09-25  1780.8  16616.5  14200.6  211.742  14322
344  144  2025-06-09 22-09-25  1782.4  16625.3  14195.9  211.799  14323.9
345  144  2025-06-09 22-09-25  1784  16634.1  14191.1  211.857  14325.9
346  144  2025-06-09 22-09-25  1785.6  16642.9  14186.3  211.914  14327.9
347  144  2025-06-09 22-09-25  1787.2  16651.6  14181.6  211.972  14329.9
348  144  2025-06-09 22-09-25  1788.8  16660.4  14176.7  212.03  14331.9
349  144  2025-06-09 22-09-25  1790.4  16669.2  14171.9  212.087  14333.9
350  144  2025-06-09 22-09-25  1792  16677.9  14167.1  212.145  14335.8
351  144  2025-06-09 22-09-25  1793.6  16686.7  14162.2  212.202  14337.8
352  144  2025-06-09 22-09-25  1795.2  16695.4  14157.3  212.26  14339.8
353  144  2025-06-09 22-09-25  1796.8  16704.2  14152.4  212.317  14341.8
354  144  2025-06-09 22-09-25  1798.4  16712.9  14147.4  212.375  14343.8
355  144  2025-06-09 22-09-25  1800  16721.6  14142.5  212.432  14345.8
356  144  2025-06-09 22-09-25  1801.6  16730.4  14137.5  212.49  14347.7
357  144  2025-06-09 22-09-25  1803.2  16739.1  14132.5  212.548  14349.7
358  144  2025-06-09 22-09-25  1804.8  16747.8  14127.5  212.605  14351.7
359  144  2025-06-09 22-09-25  1806.4  16756.5  14122.4  212.663  14353.7
360  144  2025-06-09 22-09-25  1808  16765.2  14117.3  212.72  14355.7
361  144  2025-06-09 22-09-25  1809.6  16773.9  14112.2  212.778  14357.7
362  144  2025-06-09 22-09-25  1811.2  16782.6  14107.1  212.835  14359.6
363  144  2025-06-09 22-09-25  1812.8  16791.3  14102  212.893  14361.6
364  144  2025-06-09 22-09-25  1814.4  16800  14096.8  212.95  14363.6
365  144  2025-06-09 22-09-25  1816  16808.6  14091.6  213.008  14365.6
366  144  2025-06-09 22-09-25  1817.6  16817.3  14086.4  213.066  14367.6
367  144  2025-06-09 22-09-25  1819.2  16826  14081.2  213.123  14369.6
368  144  2025-06-09 22-09-25  1820.8  16834.6  14076  213.181  14371.6
369  144  2025-06-09 22-09-25  1822.4  16843.3  14070.7  213.238  14373.5
370  144  2025-06-09 22-09-25  1824  16851.9  14065.4  213.296  14375.5
371  144  2025-06-09 22-09-25  1825.6  16860.5  14060.1  213.353  14377.5
372  144  2025-06-09 22-09-25  1827.2  16869.2  14054.8  213.411  14379.5
373  144  2025-06-09 22-09-25  1828.8  16877.8  14049.4  213.468  14381.5
374  144  2025-06-09 22-09-25  1830.4  16886.4  14044.1  213.526  14383.5
375  144  2025-06-09 22-09-25  1832  16895  14038.7  213.584  14385.4
376  144  2025-06-09 22-09-25  1833.6  16903.6  14033.2  213.641  14387.4
377  144  2025-06-09 22-09-25  1835.2  16912.2  2827.8  213.699  14389.4
378  144  2025-06-09 22-09-25  1836.8  16920.8  2822.34  213.756  14391.4
379  144  2025-06-09 22-09-25  1838.4  16929.3  2816.86  213.814  14393.4
380  144  2025-06-09 22-09-25  1840  16937.9  2811.35  213.871  14395.4
381  144  2025-06-09 22-09-25  1841.6  16946.5  2805.82  213.929  14397.3
382  144  2025-06-09 22-09-25  1843.2  16955  2800.28  213.986  14399.3
383  144  2025-06-09 22-09-25  1844.8  16963.6  2794.71  214.044  14401.3
384  144  2025-06-09 22-09-25  1846.4  16972.1  2789.11  214.102  14403.3
385  144  2025-06-09 22-09-25  1848  16980.7  2783.5  214.159  14405.3
386  144  2025-06-09 22-09-25  1849.6  16989.2  2777.87  214.217  14407.3
387  144  2025-06-09 22-09-25  1851.2  16997.7  2772.21  214.274  14409.3
388  144  2025-06-09 22-09-25  1852.8  17006.2  2766.53  214.332  14411.2
389  144  2025-06-09 22-09-25  1854.4  17014.7  2760.83  214.389  14413.2
390  144  2025-06-09 22-09-25  1856  17023.2  2755.11  214.447  14415.2
391  144  2025-06-09 22-09-25  1857.6  17031.7  2749.37  214.504  14417.2
392  144  2025-06-09 22-09-25  1859.2  17040.2  2743.6  214.562  14419.2
393  144  2025-06-09 22-09-25  1860.8  17048.7  2737.82  214.62  14421.2
394  144  2025-06-09 22-09-25  1862.4  17057.2  2732.01  214.677  14423.1
395  144  2025-06-09 22-09-25  1864  17065.6  2726.09  214.735  14434.8
396  144  2025-06-09 22-09-25  1865.6  17073.9  2720.06  214.792  14446.6
397  144  2025-06-09 22-09-25  1867.2  17082.1  2713.92  214.85  14458.5
398  144  2025-06-09 22-09-25  1868.8  17090.3  2707.67  214.907  14470.4
399  144  2025-06-09 22-09-25  1870.4  17098.4  2701.31  214.965  14482.5
400  144  2025-06-09 22-09-25  1872  17106.4  2694.84  215.022  14494.7
401  144  2025-06-09 22-09-25  1873.6  17114.3  2688.26  215.08  14506.9
402  144  2025-06-09 22-09-25  1875.2  17122.2  2681.56  215.138  14519.3
403  144  2025-06-09 22-09-25  1876.8  17130  2674.76  215.195  14531.7
404  144  2025-06-09 22-09-25  1878.4  17137.6  2667.85  215.253  14544.3
405  144  2025-06-09 22-09-25  1880  17145.2  2660.83  215.31  14556.9
406  144  2025-06-09 22-09-25  1881.6  17152.7  2653.7  215.368  14569.6
407  144  2025-06-09 22-09-25  1883.2  17160.1  2646.47  215.425  14582.4
408  144  2025-06-09 22-09-25  1884.8  17167.4  2639.12  215.483  14595.2
409  144  2025-06-09 22-09-25  1886.4  17174.6  2631.67  215.54  14608
410  144  2025-06-09 22-09-25  1888  17181.7  2624.12  215.598  14620.8
411  144  2025-06-09 22-09-25  1889.6  17188.6  2616.47  215.656  14633.6
412  144  2025-06-09 22-09-25  1891.2  17195.5  2608.71  215.713  14646.4
413  144  2025-06-09 22-09-25  1892.8  17202.3  2600.86  215.771  14659.2
414  144  2025-06-09 22-09-25  1894.4  17209  2592.9  215.828  14672
415  144  2025-06-09 22-09-25  1896  17215.6  2584.85  215.886  14684.8
416  144  2025-06-09 22-09-25  1897.6  17222  2576.7  215.943  14697.6
417  144  2025-06-09 22-09-25  1899.2  17228.5  2568.59  216.001  14692.8
418  144  2025-06-09 22-09-25  1900.8  17235.1  2560.5  216.058  14687.8
419  144  2025-06-09 22-09-25  1902.4  17241.5  2552.32  216.116  14700.5
420  144  2025-06-09 22-09-25  1904  17248  2544.17  216.174  14695.6
421  144  2025-06-09 22-09-25  1905.6  17254.5  2536.05  216.231  14690.6
422  144  2025-06-09 22-09-25  1907.2  17261.1  2527.97  216.289  14685.5
423  144  2025-06-09 22-09-25  1908.8  17267.6  2519.79  216.346  14698.1
424  144  2025-06-09 22-09-25  1910.4  17274.1  2511.64  216.404  14693
425  144  2025-06-09 22-09-25  1912  17280.7  2503.52  216.461  14687.8
426  144  2025-06-09 22-09-25  1913.6  17287.3  2495.44  216.519  14682.5
427  144  2025-06-09 22-09-25  1915.2  17293.8  2487.26  216.576  14695
428  144  2025-06-09 22-09-25  1916.8  17300.4  2479.12  216.634  14689.8
429  144  2025-06-09 22-09-25  1918.4  17307  2471.01  216.692  14684.5
430  144  2025-06-09 22-09-25  1920  17313.7  2462.93  216.749  14679.1
431  144  2025-06-09 22-09-25  1921.6  17320.3  2454.76  216.807  14691.4
432  144  2025-06-09 22-09-25  1923.2  17326.9  2446.63  216.864  14686
433  144  2025-06-09 22-09-25  1924.8  17333.5  2438.53  216.922  14680.5
434  144  2025-06-09 22-09-25  1926.4  17340.1  2430.33  216.979  14692.8
435  144  2025-06-09 22-09-25  1928  17346.7  2422.18  217.037  14687.3
436  144  2025-06-09 22-09-25  1929.6  17353.4  2414.05  217.094  14681.8
437  144  2025-06-09 22-09-25  1931.2  17360.1  2405.97  217.152  14676.2
438  144  2025-06-09 22-09-25  1932.8  17366.7  2397.79  217.21  14688.3
439  144  2025-06-09 22-09-25  1934.4  17373.4  2389.65  217.267  14682.7
440  144  2025-06-09 22-09-25  1936  17380.1  2381.54  217.325  14677.1
441  144  2025-06-09 22-09-25  1937.6  17386.8  2373.34  217.382  14689.1
442  144  2025-06-09 22-09-25  1939.2  17393.4  2365.18  217.44  14683.4
443  144  2025-06-09 22-09-25  1940.8  17400.2  2357.06  217.497  14677.7
444  144  2025-06-09 22-09-25  1942.4  17407  2348.97  217.555  14671.9
445  144  2025-06-09 22-09-25  1944  17413.6  2340.8  217.612  14683.8
446  144  2025-06-09 22-09-25  1945.6  17420.4  2332.66  217.67  14678
447  144  2025-06-09 22-09-25  1947.2  17427.2  2324.56  217.728  14672.1
448  144  2025-06-09 22-09-25  1948.8  17433.9  2316.36  217.785  14684
449  144  2025-06-09 22-09-25  1950.4  17440.6  2308.21  217.843  14678.1
450  144  2025-06-09 22-09-25  1952  17447.4  2300.1  217.9  14672.2
451  144  2025-06-09 22-09-25  1953.6  17454.3  2292.02  217.958  14666.1
452  144  2025-06-09 22-09-25  1955.2  17461  2283.86  218.015  14677.8
453  144  2025-06-09 22-09-25  1956.8  17467.9  2275.74  218.073  14671.8
454  144  2025-06-09 22-09-25  1958.4  17474.7  2267.65  218.13  14665.7
455  144  2025-06-09 22-09-25  1960  17481.5  2259.48  218.188  14677.4
456  144  2025-06-09 22-09-25  1961.6  17488.4  2251.34  218.246  14671.3
457  144  2025-06-09 22-09-25  1963.2  17495.2  2243.25  218.303  14665.2
458  144  2025-06-09 22-09-25  1964.8  17502  2235.07  218.361  14676.7
459  144  2025-06-09 22-09-25  1966.4  17508.9  2226.93  218.418  14670.6
460  144  2025-06-09 22-09-25  1968  17515.8  2218.83  218.476  14664.4
461  144  2025-06-09 22-09-25  1969.6  17522.6  2210.64  218.533  14675.9
462  144  2025-06-09 22-09-25  1971.2  17529.5  2202.49  218.591  14669.7
463  144  2025-06-09 22-09-25  1972.8  17536.4  2194.39  218.648  14663.4
464  144  2025-06-09 22-09-25  1974.4  17543.3  2186.19  218.706  14674.8
465  144  2025-06-09 22-09-25  1976  17550.2  2178.04  218.764  14668.6
466  144  2025-06-09 22-09-25  1977.6  17557.1  2169.93  218.821  14662.2
467  144  2025-06-09 22-09-25  1979.2  17564  2161.73  218.879  14673.6
468  144  2025-06-09 22-09-25  1980.8  17570.9  2153.57  218.936  14667.3
469  144  2025-06-09 22-09-25  1982.4  17577.9  2145.46  218.994  14660.9
470  144  2025-06-09 22-09-25  1984  17584.7  2137.26  219.051  14672.2
471  144  2025-06-09 22-09-25  1985.6  17591.7  2129.1  219.109  14665.8
472  144  2025-06-09 22-09-25  1987.2  17598.7  2120.99  219.167  14659.3
473  144  2025-06-09 22-09-25  1988.8  17605.6  2112.79  219.224  14670.5
474  144  2025-06-09 22-09-25  1990.4  17612.5  2104.63  219.282  14664.1
475  144  2025-06-09 22-09-25  1992  17619.6  2096.51  219.339  14657.6
476  144  2025-06-09 22-09-25  1993.6  17626.5  2088.31  219.397  14668.7
477  144  2025-06-09 22-09-25  1995.2  17633.5  2080.15  219.454  14662.2
478  144  2025-06-09 22-09-25  1996.8  17640.6  2072.04  219.512  14655.6
479  144  2025-06-09 22-09-25  1998.4  17647.5  2063.84  219.569  14666.7
480  144  2025-06-09 22-09-25  2000  17654.5  2055.69  219.627  14660.2
481  144  2025-06-09 22-09-25  2001.6  17661.6  2047.58  219.685  14653.5
482  144  2025-06-09 22-09-25  2003.2  17668.6  2039.38  219.742  14664.5
483  144  2025-06-09 22-09-25  2004.8  17675.7  2031.23  219.8  14657.9
484  144  2025-06-09 22-09-25  2006.4  17682.8  2023.13  219.857  14651.2
485  144  2025-06-09 22-09-25  2008  17689.8  2014.94  219.915  14662.2
486  144  2025-06-09 22-09-25  2009.6  17696.9  2006.79  219.972  14655.5
487  144  2025-06-09 22-09-25  2011.2  17704.1  1998.7  220.03  14648.7
488  144  2025-06-09 22-09-25  2012.8  17711.1  1990.51  220.087  14659.6
489  144  2025-06-09 22-09-25  2014.4  17718.2  1982.37  220.145  14652.8
490  144  2025-06-09 22-09-25  2016  17725.4  1974.29  220.203  14646
491  144  2025-06-09 22-09-25  2017.6  17732.5  1966.11  220.26  14656.8
492  144  2025-06-09 22-09-25  2019.2  17739.7  1957.98  220.318  14650
493  144  2025-06-09 22-09-25  2020.8  17746.9  1949.9  220.375  14643.1
494  144  2025-06-09 22-09-25  2022.4  17754  1941.74  220.433  14653.9
495  144  2025-06-09 22-09-25  2024  17761.2  1933.62  220.49  14647
496  144  2025-06-09 22-09-25  2025.6  17768.5  1925.55  220.548  14640
497  144  2025-06-09 22-09-25  2027.2  17775.7  1917.4  220.605  14650.7
498  144  2025-06-09 22-09-25  2028.8  17782.9  1909.29  220.663  14643.7
499  144  2025-06-09 22-09-25  2030.4  17790.1  1901.1  220.721  14654.5
500  144  2025-06-09 22-09-25  2032  17797.3  1892.96  220.778  14647.5
501  144  2025-06-09 22-09-25  2033.6  17804.6  1884.86  220.836  14640.5
502  144  2025-06-09 22-09-25  2035.2  17811.7  1876.68  220.893  14651.2
503  144  2025-06-09 22-09-25  2036.8  17819  1868.55  220.951  14644.2
504  144  2025-06-09 22-09-25  2038.4  17826.3  1860.48  221.008  14637.1
505  144  2025-06-09 22-09-25  2040  17833.5  1852.31  221.066  14647.7
506  144  2025-06-09 22-09-25  2041.6  17840.8  1844.2  221.123  14640.6
507  144  2025-06-09 22-09-25  2043.2  17848  1835.99  221.181  14651.3
508  144  2025-06-09 22-09-25  2044.8  17855.3  1827.84  221.239  14644.2
509  144  2025-06-09 22-09-25  2046.4  17862.7  1819.74  221.296  14637.1
510  144  2025-06-09 22-09-25  2048  17869.9  1811.56  221.354  14647.6
511  144  2025-06-09 22-09-25  2049.6  17877.2  1803.42  221.411  14640.5
512  144  2025-06-09 22-09-25  2051.2  17884.6  1795.34  221.469  14633.3
513  144  2025-06-09 22-09-25  2052.8  17891.9  1787.17  221.526  14643.8
514  144  2025-06-09 22-09-25  2054.4  17899.3  1779.05  221.584  14636.6
515  144  2025-06-09 22-09-25  2056  17906.7  1770.99  221.641  14629.3
516  144  2025-06-09 22-09-25  2057.6  17914  1762.84  221.699  14639.8
517  144  2025-06-09 22-09-25  2059.2  17921.4  1754.74  221.757  14632.5
518  144  2025-06-09 22-09-25  2060.8  17928.8  1746.56  221.814  14643
519  144  2025-06-09 22-09-25  2062.4  17936.2  1738.43  221.872  14635.7
520  144  2025-06-09 22-09-25  2064  17943.6  1730.35  221.929  14628.4
521  144  2025-06-09 22-09-25  2065.6  17951  1722.19  221.987  14638.8
522  144  2025-06-09 22-09-25  2067.2  17958.4  1714.08  222.044  14631.5
523  144  2025-06-09 22-09-25  2068.8  17965.8  1705.88  222.102  14641.9
524  144  2025-06-09 22-09-25  2070.4  17973.2  1697.74  222.159  14634.6
525  144  2025-06-09 22-09-25  2072  17980.7  1689.65  222.217  14627.3
526  144  2025-06-09 22-09-25  2073.6  17988.1  1681.47  222.275  14637.6
527  144  2025-06-09 22-09-25  2075.2  17995.6  1673.35  222.332  14630.3
528  144  2025-06-09 22-09-25  2076.8  18003.1  1665.29  222.39  14622.9
529  144  2025-06-09 22-09-25  2078.4  18010.5  1657.14  222.447  14633.1
530  144  2025-06-09 22-09-25  2080  18018.1  1649.04  222.505  14625.7
531  144  2025-06-09 22-09-25  2081.6  18025.5  1640.86  222.562  14636
532  144  2025-06-09 22-09-25  2083.2  18033  1632.73  222.62  14628.6
533  144  2025-06-09 22-09-25  2084.8  18040.6  1624.66  222.677  14621.1
534  144  2025-06-09 22-09-25  2086.4  18048.1  1616.5  222.735  14631.4
535  144  2025-06-09 22-09-25  2088  18055.6  1608.4  222.793  14623.9
536  144  2025-06-09 22-09-25  2089.6  18063.1  1600.21  222.85  14634.1
537  144  2025-06-09 22-09-25  2091.2  18070.6  1592.07  222.908  14626.7
538  144  2025-06-09 22-09-25  2092.8  18078.2  1584  222.965  14619.2
539  144  2025-06-09 22-09-25  2094.4  18085.8  1575.83  223.023  14629.4
540  144  2025-06-09 22-09-25  2096  18093.4  1567.73  223.08  14621.9
541  144  2025-06-09 22-09-25  2097.6  18100.9  1559.53  223.138  14632.1
542  144  2025-06-09 22-09-25  2099.2  18108.4  1551.4  223.195  14624.6
543  144  2025-06-09 22-09-25  2100.8  18116.1  1543.32  223.253  14617
544  144  2025-06-09 22-09-25  2102.4  18123.7  1535.15  223.311  14627.1
545  144  2025-06-09 22-09-25  2104  18131.3  1527.04  223.368  14619.6
546  144  2025-06-09 22-09-25  2105.6  18138.8  1518.85  223.426  14629.7
547  144  2025-06-09 22-09-25  2107.2  18146.5  1510.71  223.483  14622.2
548  144  2025-06-09 22-09-25  2108.8  18154.1  1502.63  223.541  14614.6
549  144  2025-06-09 22-09-25  2110.4  18161.8  1494.46  223.598  14624.6
550  144  2025-06-09 22-09-25  2112  18169.4  1486.36  223.656  14617
551  144  2025-06-09 22-09-25  2113.6  18177.2  1478.31  223.713  14609.4
552  144  2025-06-09 22-09-25  2115.2  18184.8  1470.17  223.771  14619.4
553  144  2025-06-09 22-09-25  2116.8  18192.6  1462.1  223.829  14611.7
554  144  2025-06-09 22-09-25  2118.4  18200.2  1453.93  223.886  14621.7
555  144  2025-06-09 22-09-25  2120  18208  1445.83  223.944  14614.1
556  144  2025-06-09 22-09-25  2121.6  18215.6  1437.64  224.001  14624.1
557  144  2025-06-09 22-09-25  2123.2  18223.3  1429.5  224.059  14616.5
558  144  2025-06-09 22-09-25  2124.8  18231.1  1421.43  224.116  14608.8
559  144  2025-06-09 22-09-25  2126.4  18238.8  1413.27  224.174  14618.8
560  144  2025-06-09 22-09-25  2128  18246.5  1405.17  224.231  14611.1
561  144  2025-06-09 22-09-25  2129.6  18254.2  1396.98  224.289  14621.1
562  144  2025-06-09 22-09-25  2131.2  18262  268.856  224.347  14613.4
563  144  2025-06-09 22-09-25  2132.8  18269.8  260.791  224.404  14605.7
564  144  2025-06-09 22-09-25  2134.4  18277.6  252.636  224.462  14615.6
565  144  2025-06-09 22-09-25  2136  18285.4  244.544  224.519  14607.8
566  144  2025-06-09 22-09-25  2137.6  18293.1  236.363  224.577  14617.8
567  144  2025-06-09 22-09-25  2139.2  18300.9  228.243  224.634  14610.1
568  144  2025-06-09 22-09-25  2140.8  18308.8  220.186  224.692  14602.3
569  144  2025-06-09 22-09-25  2142.4  18316.6  212.04  224.749  14612.1
570  144  2025-06-09 22-09-25  2144  18324.5  203.956  224.807  14604.4
571  144  2025-06-09 22-09-25  2145.6  18332.2  195.784  224.865  14614.3
572  144  2025-06-09 22-09-25  2147.2  18340.1  187.674  224.922  14606.5
573  144  2025-06-09 22-09-25  2148.8  18348  179.628  224.98  14598.6
574  144  2025-06-09 22-09-25  2150.4  18355.9  171.493  225.037  14608.5
575  144  2025-06-09 22-09-25  2152  18363.8  163.421  225.095  14600.6
576  144  2025-06-09 22-09-25  2153.6  18371.6  155.26  225.152  14610.5
577  144  2025-06-09 22-09-25  2155.2  18379.5  147.162  225.21  14602.7
578  144  2025-06-09 22-09-25  2156.8  18387.4  138.976  225.267  14612.5
579  144  2025-06-09 22-09-25  2158.4  18395.3  130.852  225.325  14604.7
580  144  2025-06-09 22-09-25  2160  18403.3  10.7924  225.383  14596.8
581  144  2025-06-09 22-09-25  2161.6  18411.1  2.64391  225.44  14606.6
582  144  2025-06-09 22-09-25  2163.2  18419.1  -5.44064  225.498  14598.8
583  144  2025-06-09 22-09-25  2164.8  18427  -13.6142  225.555  14608.6
584  144  2025-06-09 22-09-25  2166.4  18435  -133.724  225.613  14600.7
585  144  2025-06-09 22-09-25  2168  18443  -141.769  225.67  14592.8
586  144  2025-06-09 22-09-25  2169.6  18450.9  -149.903  225.728  14602.6
587  144  2025-06-09 22-09-25  2171.2  18459  -157.972  225.785  14594.6
588  144  2025-06-09 22-09-25  2172.8  18466.9  -166.13  225.843  14604.4
589  144  2025-06-09 22-09-25  2174.4  18474.9  -174.224  225.901  14596.5
590  144  2025-06-09 22-09-25  2176  18482.8  -182.406  225.958  14606.3
591  144  2025-06-09 22-09-25  2177.6  18490.8  -190.525  226.016  14598.4
592  144  2025-06-09 22-09-25  2179.2  18498.9  -198.577  226.073  14590.5
593  144  2025-06-09 22-09-25  2180.8  18506.9  -206.719  226.131  14600.2
594  144  2025-06-09 22-09-25  2182.4  18515  -214.796  226.188  14592.2
595  144  2025-06-09 22-09-25  2184  18523  -222.961  226.246  14602
596  144  2025-06-09 22-09-25  2185.6  18531  -231.062  226.303  14594
597  144  2025-06-09 22-09-25  2187.2  18539.2  -239.095  226.361  14586
598  144  2025-06-09 22-09-25  2188.8  18547.2  -247.219  226.419  14595.7
599  144  2025-06-09 22-09-25  2190.4  18555.4  -255.275  226.476  14587.7
600  144  2025-06-09 22-09-25  2192  18563.4  -263.421  226.534  14597.4
601  144  2025-06-09 22-09-25  2193.6  18571.6  -271.501  226.591  14589.4
602  144  2025-06-09 22-09-25  2195.2  18579.6  -1399.67  226.649  14599.1
603  144  2025-06-09 22-09-25  2196.8  18587.7  -1407.77  226.706  14591.2
604  144  2025-06-09 22-09-25  2198.4  18595.9  -1415.81  226.764  14583.1
605  144  2025-06-09 22-09-25  2200  18604  -1423.94  226.821  14592.8
606  144  2025-06-09 22-09-25  2201.6  18612.2  -1431.99  226.879  14584.7
607  144  2025-06-09 22-09-25  2203.2  18620.3  -1440.14  226.937  14594.4
608  144  2025-06-09 22-09-25  2204.8  18628.5  -1448.22  226.994  14586.4
609  144  2025-06-09 22-09-25  2206.4  18636.6  -1456.4  227.052  14596.1
610  144  2025-06-09 22-09-25  2208  18644.8  -1464.5  227.109  14588.1
611  144  2025-06-09 22-09-25  2209.6  18653  -1472.54  227.167  14580
612  144  2025-06-09 22-09-25  2211.2  18661.2  -1480.66  227.224  14589.6
613  144  2025-06-09 22-09-25  2212.8  18669.4  -1488.72  227.282  14581.5
614  144  2025-06-09 22-09-25  2214.4  18677.6  -1496.87  227.339  14591.2
615  144  2025-06-09 22-09-25  2216  18685.8  -1504.95  227.397  14583.1
616  144  2025-06-09 22-09-25  2217.6  18694  -1513.12  227.455  14592.8
617  144  2025-06-09 22-09-25  2219.2  18702.2  -1521.22  227.512  14584.7
618  144  2025-06-09 22-09-25  2220.8  18710.5  -1529.26  227.57  14576.6
619  144  2025-06-09 22-09-25  2222.4  18718.8  -1537.38  227.627  14586.2
620  144  2025-06-09 22-09-25  2224  18727.1  -1545.43  227.685  14578.1
621  144  2025-06-09 22-09-25  2225.6  18735.3  -1553.58  227.742  14587.7
622  144  2025-06-09 22-09-25  2227.2  18743.6  -1561.66  227.8  14579.6
623  144  2025-06-09 22-09-25  2228.8  18751.8  -1569.83  227.857  14589.2
624  144  2025-06-09 22-09-25  2230.4  18760.1  -1577.92  227.915  14581.2
625  144  2025-06-09 22-09-25  2232  18768.5  -1585.95  227.973  14573
626  144  2025-06-09 22-09-25  2233.6  18776.8  -1594.07  228.03  14582.6
627  144  2025-06-09 22-09-25  2235.2  18785.1  -1602.12  228.088  14574.5
628  144  2025-06-09 22-09-25  2236.8  18793.4  -1610.26  228.145  14584
629  144  2025-06-09 22-09-25  2238.4  18801.8  -1618.34  228.203  14575.9
630  144  2025-06-09 22-09-25  2240  18810  -1626.5  228.26  14585.5
631  144  2025-06-09 22-09-25  2241.6  18818.4  -1634.59  228.318  14577.4
632  144  2025-06-09 22-09-25  2243.2  18826.8  -1642.61  228.375  14569.2
633  144  2025-06-09 22-09-25  2244.8  18835.2  -1650.73  228.433  14578.7
634  144  2025-06-09 22-09-25  2246.4  18843.6  -1658.77  228.491  14570.6
635  144  2025-06-09 22-09-25  2248  18852  -1666.9  228.548  14580.1
636  144  2025-06-09 22-09-25  2249.6  18860.4  -1674.96  228.606  14572
637  144  2025-06-09 22-09-25  2251.2  18868.7  -1683.12  228.663  14581.5
638  144  2025-06-09 22-09-25  2252.8  18877.1  -1691.2  228.721  14573.4
639  144  2025-06-09 22-09-25  2254.4  18885.6  -1699.22  228.778  14565.2
640  144  2025-06-09 22-09-25  2256  18894  -1707.32  228.836  14574.7
641  144  2025-06-09 22-09-25  2257.6  18902.5  -1715.35  228.893  14566.5
642  144  2025-06-09 22-09-25  2259.2  18911  -1723.48  228.951  14576
643  144  2025-06-09 22-09-25  2260.8  18919.4  -1731.53  229.009  14567.8
644  144  2025-06-09 22-09-25  2262.4  18927.9  -1739.67  229.066  14577.3
645  144  2025-06-09 22-09-25  2264  18936.3  -1747.75  229.124  14569.2
646  144  2025-06-09 22-09-25  2265.6  18944.9  -1755.75  229.181  14560.9
647  144  2025-06-09 22-09-25  2267.2  18953.4  -1763.84  229.239  14570.4
648  144  2025-06-09 22-09-25  2268.8  18961.9  -1771.86  229.296  14562.2
649  144  2025-06-09 22-09-25  2270.4  18970.4  -1779.97  229.354  14571.6
650  144  2025-06-09 22-09-25  2272  18979  -1788.01  229.411  14563.4
651  144  2025-06-09 22-09-25  2273.6  18987.5  -1796.14  229.469  14572.9
652  144  2025-06-09 22-09-25  2275.2  18996  -1804.2  229.527  14564.7
653  144  2025-06-09 22-09-25  2276.8  19004.5  -1812.35  229.584  14574.2
654  144  2025-06-09 22-09-25  2278.4  19013  -1820.43  229.642  14566.1
655  144  2025-06-09 22-09-25  2280  19021.7  -1828.44  229.699  14557.8
656  144  2025-06-09 22-09-25  2281.6  19030.2  -1836.54  229.757  14567.2
657  144  2025-06-09 22-09-25  2283.2  19038.8  -1844.56  229.814  14559
658  144  2025-06-09 22-09-25  2284.8  19047.4  -1852.68  229.872  14568.5
659  144  2025-06-09 22-09-25  2286.4  19056  -1860.73  229.93  14560.2
660  144  2025-06-09 22-09-25  2288  19064.5  -1868.86  229.987  14569.7
661  144  2025-06-09 22-09-25  2289.6  19073.2  -1876.93  230.045  14561.5
662  144  2025-06-09 22-09-25  2291.2  19081.9  -1884.92  230.102  14553.2
663  144  2025-06-09 22-09-25  2292.8  19090.5  -1893  230.16  14562.6
664  144  2025-06-09 22-09-25  2294.4  19099.2  -1901.01  230.217  14554.3
665  144  2025-06-09 22-09-25  2296  19107.8  -1909.11  230.275  14563.8
666  144  2025-06-09 22-09-25  2297.6  19116.5  -1917.14  230.332  14555.5
667  144  2025-06-09 22-09-25  2299.2  19125.1  -1925.26  230.39  14564.9
668  144  2025-06-09 22-09-25  2300.8  19133.8  -1933.31  230.448  14556.7
669  144  2025-06-09 22-09-25  2302.4  19142.4  -1941.45  230.505  14566.2
670  144  2025-06-09 22-09-25  2304  19151.1  -1949.51  230.563  14557.9
671  144  2025-06-09 22-09-25  2305.6  19159.9  -1957.51  230.62  14549.6
672  144  2025-06-09 22-09-25  2307.2  19168.6  -1965.59  230.678  14559
673  144  2025-06-09 22-09-25  2308.8  19177.3  -1973.6  230.735  14550.7
674  144  2025-06-09 22-09-25  2310.4  19186  -1981.7  230.793  14560.1
675  144  2025-06-09 22-09-25  2312  19194.8  -1989.73  230.85  14551.9
676  144  2025-06-09 22-09-25  2313.6  19203.5  -1997.85  230.908  14561.3
677  144  2025-06-09 22-09-25  2315.2  19212.2  -2005.9  230.966  14553
678  144  2025-06-09 22-09-25  2316.8  19221.1  -2013.87  231.023  14544.7
679  144  2025-06-09 22-09-25  2318.4  19229.8  -2021.94  231.081  14554.1
680  144  2025-06-09 22-09-25  2320  19238.7  -2029.92  231.138  14545.7
681  144  2025-06-09 22-09-25  2321.6  19247.4  -2038.01  231.196  14555.1
682  144  2025-06-09 22-09-25  2323.2  19256.3  -2046.01  231.253  14546.8
683  144  2025-06-09 22-09-25  2324.8  19265  -2054.11  231.311  14556.2
684  144  2025-06-09 22-09-25  2326.4  19273.8  -2062.14  231.368  14547.9
685  144  2025-06-09 22-09-25  2328  19282.6  -2070.26  231.426  14557.3
686  144  2025-06-09 22-09-25  2329.6  19291.4  -2078.3  231.484  14549.1
687  144  2025-06-09 22-09-25  2331.2  19300.4  -2086.27  231.541  14540.7
688  144  2025-06-09 22-09-25  2332.8  19309.2  -2094.33  231.599  14550.1
689  144  2025-06-09 22-09-25  2334.4  19318.1  -2102.32  231.656  14541.7
690  144  2025-06-09 22-09-25  2336  19326.9  -2110.39  231.714  14551.1
691  144  2025-06-09 22-09-25  2337.6  19335.8  -2118.4  231.771  14542.8
692  144  2025-06-09 22-09-25  2339.2  19344.7  -2126.49  231.829  14552.1
693  144  2025-06-09 22-09-25  2340.8  19353.6  -2134.51  231.886  14543.8
694  144  2025-06-09 22-09-25  2342.4  19362.4  -2142.63  231.944  14553.2
695  144  2025-06-09 22-09-25  2344  19371.3  -2150.67  232.002  14544.9
696  144  2025-06-09 22-09-25  2345.6  19380.3  -2158.63  232.059  14536.6
697  144  2025-06-09 22-09-25  2347.2  19389.2  -2166.68  232.117  14545.9
698  144  2025-06-09 22-09-25  2348.8  19398.2  -2174.66  232.174  14537.5
699  144  2025-06-09 22-09-25  2350.4  19407.1  -2182.73  232.232  14546.9
700  144  2025-06-09 22-09-25  2352  19416.1  -2190.73  232.289  14538.5
701  144  2025-06-09 22-09-25  2353.6  19425  -2198.82  232.347  14547.9
702  144  2025-06-09 22-09-25  2355.2  19434  -2206.83  232.404  14539.6
703  144  2025-06-09 22-09-25  2356.8  19442.9  -2214.94  232.462  14549
704  144  2025-06-09 22-09-25  2358.4  19451.9  -2222.98  232.52  14540.7
705  144  2025-06-09 22-09-25  2360  19461  -2230.93  232.577  14532.3
706  144  2025-06-09 22-09-25  2361.6  19470  -2238.98  232.635  14541.6
707  144  2025-06-09 22-09-25  2363.2  19479  -2246.95  232.692  14533.2
708  144  2025-06-09 22-09-25  2364.8  19488  -2255.01  232.75  14542.5
709  144  2025-06-09 22-09-25  2366.4  19497.1  -2263  232.807  14534.2
710  144  2025-06-09 22-09-25  2368  19506.1  -2271.08  232.865  14543.5
711  144  2025-06-09 22-09-25  2369.6  19515.1  -2279.09  232.922  14535.2
712  144  2025-06-09 22-09-25  2371.2  19524.1  -2287.19  232.98  14544.6
713  144  2025-06-09 22-09-25  2372.8  19533.2  -2295.21  233.038  14536.2
714  144  2025-06-09 22-09-25  2374.4  19542.3  -2303.15  233.095  14527.8
715  144  2025-06-09 22-09-25  2376  19551.4  -2311.19  233.153  14537.1
716  144  2025-06-09 22-09-25  2377.6  19560.5  -2319.15  233.21  14528.8
717  144  2025-06-09 22-09-25  2379.2  19569.6  -2327.21  233.268  14538.1
718  144  2025-06-09 22-09-25  2380.8  19578.7  -2335.18  233.325  14529.7
719  144  2025-06-09 22-09-25  2382.4  19587.9  -2343.08  233.383  14521.3
720  144  2025-06-09 22-09-25  2384  19597.1  -2350.99  233.44  14522.4
721  144  2025-06-09 22-09-25  2385.6  19606.4  -2358.92  233.498  14523.6
722  144  2025-06-09 22-09-25  2387.2  19615.6  -2366.86  233.556  14524.8
723  144  2025-06-09 22-09-25  2388.8  19624.8  -2374.82  233.613  14526
724  144  2025-06-09 22-09-25  2390.4  19633.9  -2382.79  233.671  14527.3
725  144  2025-06-09 22-09-25  2392  19643.1  -2390.79  233.728  14528.5
726  144  2025-06-09 22-09-25  2393.6  19652.3  -2398.79  233.786  14529.8
727  144  2025-06-09 22-09-25  2395.2  19661.5  -2406.74  233.843  14523
728  144  2025-06-09 22-09-25  2396.8  19670.8  -2414.61  233.901  14516.1
729  144  2025-06-09 22-09-25  2398.4  19680.2  -2422.42  233.958  14509.2
730  144  2025-06-09 22-09-25  2400  19689.6  -2430.17  234.016  14502.2
731  144  2025-06-09 22-09-25  2401.6  19699.1  -2437.84  234.074  14495.1
732  144  2025-06-09 22-09-25  2403.2  19708.7  -2445.44  234.131  14488
733  144  2025-06-09 22-09-25  2404.8  19718.3  -2452.97  234.189  14480.8
734  144  2025-06-09 22-09-25  2406.4  19728  -2460.43  234.246  14473.6
735  144  2025-06-09 22-09-25  2408  19737.8  -2467.82  234.304  14466.3
736  144  2025-06-09 22-09-25  2409.6  19747.6  -2475.13  234.361  14458.9
737  144  2025-06-09 22-09-25  2411.2  19757.4  -2482.36  234.419  14451.4
738  144  2025-06-09 22-09-25  2412.8  19767.3  -2489.61  234.333  14453.6
739  144  2025-06-09 22-09-25  2414.4  19777.1  -2496.88  234.246  14455.9
740  144  2025-06-09 22-09-25  2416  19786.9  -2504.17  234.16  14458.1
741  144  2025-06-09 22-09-25  2417.6  19796.7  -2511.48  234.074  14460.4
742  144  2025-06-09 22-09-25  2419.2  19806.5  -2518.8  233.987  14462.7
743  144  2025-06-09 22-09-25  2420.8  19816.2  -2526.16  234.045  14465.1
744  144  2025-06-09 22-09-25  2422.4  19826  -2533.45  233.958  14459.4
745  144  2025-06-09 22-09-25  2424  19835.8  -2540.68  234.016  14453.6
746  144  2025-06-09 22-09-25  2425.6  19845.6  -2548.01  234.074  14462.4
747  144  2025-06-09 22-09-25  2427.2  19855.3  -2555.44  234.131  14471.2
748  144  2025-06-09 22-09-25  2428.8  19864.9  -2562.96  234.189  14480.2
749  144  2025-06-09 22-09-25  2430.4  19874.4  -2570.59  234.246  14489.2
750  144  2025-06-09 22-09-25  2432  19883.9  -2578.31  234.304  14498.4
751  144  2025-06-09 22-09-25  2433.6  19893.3  -2586.13  234.361  14507.6
752  144  2025-06-09 22-09-25  2435.2  19902.7  -2594.05  234.419  14516.9
753  144  2025-06-09 22-09-25  2436.8  19911.9  -2602.07  234.476  14526.3
754  144  2025-06-09 22-09-25  2438.4  19921.3  -2610  234.534  14518.1
755  144  2025-06-09 22-09-25  2440  19930.7  -2617.86  234.592  14509.7
756  144  2025-06-09 22-09-25  2441.6  19940  -2625.82  234.649  14519.1
757  144  2025-06-09 22-09-25  2443.2  19949.4  -2633.69  234.707  14510.8
758  144  2025-06-09 22-09-25  2444.8  19958.8  -2641.67  234.764  14520.2
759  144  2025-06-09 22-09-25  2446.4  19968.2  -2649.56  234.822  14511.9
760  144  2025-06-09 22-09-25  2448  19977.5  -2657.55  234.879  14521.3
761  144  2025-06-09 22-09-25  2449.6  19986.9  -2665.47  234.937  14513
762  144  2025-06-09 22-09-25  2451.2  19996.2  -2673.48  234.994  14522.4
763  144  2025-06-09 22-09-25  2452.8  20005.6  -2681.41  235.052  14514.1
764  144  2025-06-09 22-09-25  2454.4  20015.1  -2689.26  235.11  14505.7
765  144  2025-06-09 22-09-25  2456  20024.5  -2697.21  235.167  14515.1
766  144  2025-06-09 22-09-25  2457.6  20034  -2705.07  235.225  14506.8
767  144  2025-06-09 22-09-25  2459.2  20043.4  -2713.04  235.282  14516.1
768  144  2025-06-09 22-09-25  2460.8  20052.9  -2720.92  235.34  14507.8
769  144  2025-06-09 22-09-25  2462.4  20062.3  -2728.91  235.397  14517.2
770  144  2025-06-09 22-09-25  2464  20071.8  -2736.81  235.455  14508.9
771  144  2025-06-09 22-09-25  2465.6  20081.2  -2744.82  235.512  14518.3
772  144  2025-06-09 22-09-25  2467.2  20090.7  -2752.74  235.57  14510
773  144  2025-06-09 22-09-25  2468.8  20100.3  -2760.58  235.628  14501.6
774  144  2025-06-09 22-09-25  2470.4  20109.7  -2768.52  235.685  14510.9
775  144  2025-06-09 22-09-25  2472  20119.3  -2776.37  235.743  14502.6
776  144  2025-06-09 22-09-25  2473.6  20128.8  -2784.33  235.8  14511.9
777  144  2025-06-09 22-09-25  2475.2  20138.3  -2792.2  235.858  14503.6
778  144  2025-06-09 22-09-25  2476.8  20147.8  -2800.18  235.915  14512.9
779  144  2025-06-09 22-09-25  2478.4  20157.4  -2808.07  235.973  14504.6
780  144  2025-06-09 22-09-25  2480  20166.9  -2816.06  236.03  14514
781  144  2025-06-09 22-09-25  2481.6  20176.4  -2823.97  236.088  14505.7
782  144  2025-06-09 22-09-25  2483.2  20186.1  -2831.8  236.146  14497.3
783  144  2025-06-09 22-09-25  2484.8  20195.6  -14039.7  236.203  14506.6
784  144  2025-06-09 22-09-25  2486.4  20205.3  -14047.6  236.261  14498.3
785  144  2025-06-09 22-09-25  2488  20214.8  -14055.5  236.318  14507.6
786  144  2025-06-09 22-09-25  2489.6  20224.5  -14063.4  236.376  14499.2
787  144  2025-06-09 22-09-25  2491.2  20234  -14071.3  236.433  14508.6
788  144  2025-06-09 22-09-25  2492.8  20243.7  -14079.2  236.491  14500.2
789  144  2025-06-09 22-09-25  2494.4  20253.2  -14087.2  236.548  14509.6
790  144  2025-06-09 22-09-25  2496  20262.9  -14095.1  236.606  14501.3
791  144  2025-06-09 22-09-25  2497.6  20272.6  -14102.9  236.664  14492.9
792  144  2025-06-09 22-09-25  2499.2  20282.2  -14110.8  236.721  14502.2
793  144  2025-06-09 22-09-25  2500.8  20291.9  -14118.7  236.779  14493.8
794  144  2025-06-09 22-09-25  2502.4  20301.6  -14126.6  236.836  14503.1
795  144  2025-06-09 22-09-25  2504  20311.3  -14134.4  236.894  14494.7
796  144  2025-06-09 22-09-25  2505.6  20320.9  -14142.4  236.951  14504.1
797  144  2025-06-09 22-09-25  2507.2  20330.7  -14150.2  237.009  14495.7
798  144  2025-06-09 22-09-25  2508.8  20340.3  -14158.2  237.066  14505.1
799  144  2025-06-09 22-09-25  2510.4  20350  -14166.1  237.124  14496.7
800  144  2025-06-09 22-09-25  2512  20359.8  -14173.9  237.182  14488.3
801  144  2025-06-09 22-09-25  2513.6  20369.5  -14181.8  237.239  14497.6
802  144  2025-06-09 22-09-25  2515.2  20379.3  -14189.6  237.297  14489.2
803  144  2025-06-09 22-09-25  2516.8  20389  -14197.5  237.354  14498.5
804  144  2025-06-09 22-09-25  2518.4  20398.8  -14205.3  237.412  14490.1
805  144  2025-06-09 22-09-25  2520  20408.6  -14213.3  237.469  14499.4
806  144  2025-06-09 22-09-25  2521.6  20418.4  -14221.1  237.527  14491
807  144  2025-06-09 22-09-25  2523.2  20428.1  -14229.1  237.584  14500.4
808  144  2025-06-09 22-09-25  2524.8  20437.9  -14236.9  237.642  14492
809  144  2025-06-09 22-09-25  2526.4  20447.6  -14244.9  237.7  14501.4
810  144  2025-06-09 22-09-25  2528  20457.4  -14252.8  237.757  14493
811  144  2025-06-09 22-09-25  2529.6  20467.3  -14260.6  237.815  14484.6
812  144  2025-06-09 22-09-25  2531.2  20477.1  -14268.5  237.872  14493.9
813  144  2025-06-09 22-09-25  2532.8  20487  -14276.3  237.93  14485.5
814  144  2025-06-09 22-09-25  2534.4  20496.8  -14284.2  237.987  14494.8
815  144  2025-06-09 22-09-25  2536  20506.6  -14292  238.045  14486.4
816  144  2025-06-09 22-09-25  2537.6  20516.4  -14300  238.102  14495.7
817  144  2025-06-09 22-09-25  2539.2  20526.3  -14307.8  238.16  14487.3
818  144  2025-06-09 22-09-25  2540.8  20536.1  -14315.8  238.218  14496.7
819  144  2025-06-09 22-09-25  2542.4  20546  -14323.6  238.275  14488.3
820  144  2025-06-09 22-09-25  2544  20556  -14331.4  238.333  14479.9
821  144  2025-06-09 22-09-25  2545.6  20565.8  -14339.3  238.39  14489.2
822  144  2025-06-09 22-09-25  2547.2  20575.8  -14347.1  238.448  14480.7
823  144  2025-06-09 22-09-25  2548.8  20585.7  -14355  238.505  14490
824  144  2025-06-09 22-09-25  2550.4  20595.6  -14362.8  238.563  14481.6
825  144  2025-06-09 22-09-25  2552  20605.5  -14370.7  238.62  14490.9
826  144  2025-06-09 22-09-25  2553.6  20615.5  -14378.5  238.678  14482.5
827  144  2025-06-09 22-09-25  2555.2  20625.4  -14386.5  238.736  14491.8
