SN    USVID    CurTime    simTime    AVOID_Dis    OBS_X    OBS_Y    OBS_R     OBS_V      OBS_Yaw   
0  208  2025-06-05 20-36-20  2804.8  2665.38  25232  0  1872  0  0
1  208  2025-06-05 20-36-20  2806.4  2654.93  25232  0  1872  0  0
2  208  2025-06-05 20-36-20  2808  2644.57  25232  0  1872  0  0
3  208  2025-06-05 20-36-20  2809.6  2634.3  25232  0  1872  0  0
4  208  2025-06-05 20-36-20  2811.2  2624.12  25232  0  1872  0  0
5  208  2025-06-05 20-36-20  2812.8  2614.04  25232  0  1872  0  0
6  208  2025-06-05 20-36-20  2814.4  2604.06  25232  0  1872  0  0
7  208  2025-06-05 20-36-20  2816  2594.18  25232  0  1872  0  0
8  208  2025-06-05 20-36-20  2817.6  2584.39  25232  0  1872  0  0
9  208  2025-06-05 20-36-20  2819.2  2574.72  25232  0  1872  0  0
10  208  2025-06-05 20-36-20  2820.8  2565.14  25232  0  1872  0  0
11  208  2025-06-05 20-36-20  2822.4  2555.68  25232  0  1872  0  0
12  208  2025-06-05 20-36-20  2824  2546.32  25232  0  1872  0  0
13  208  2025-06-05 20-36-20  2825.6  2537.08  25232  0  1872  0  0
14  208  2025-06-05 20-36-20  2827.2  2527.96  25232  0  1872  0  0
15  208  2025-06-05 20-36-20  2828.8  2518.95  25232  0  1872  0  0
16  208  2025-06-05 20-36-20  2830.4  2510.06  25232  0  1872  0  0
17  208  2025-06-05 20-36-20  14032  2501.29  25232  0  1872  0  0
18  208  2025-06-05 20-36-20  14033.6  2492.65  25232  0  1872  0  0
19  208  2025-06-05 20-36-20  14035.2  2484.13  25232  0  1872  0  0
20  208  2025-06-05 20-36-20  14036.8  2475.74  25232  0  1872  0  0
21  208  2025-06-05 20-36-20  14038.4  2467.49  25232  0  1872  0  0
22  208  2025-06-05 20-36-20  14040  2459.37  25232  0  1872  0  0
23  208  2025-06-05 20-36-20  14041.6  2451.39  25232  0  1872  0  0
24  208  2025-06-05 20-36-20  14043.2  2443.55  25232  0  1872  0  0
25  208  2025-06-05 20-36-20  14044.8  2435.85  25232  0  1872  0  0
26  208  2025-06-05 20-36-20  14046.4  2428.3  25232  0  1872  0  0
27  208  2025-06-05 20-36-20  14048  2420.9  25232  0  1872  0  0
28  208  2025-06-05 20-36-20  14049.6  2413.64  25232  0  1872  0  0
29  208  2025-06-05 20-36-20  14051.2  2406.54  25232  0  1872  0  0
30  208  2025-06-05 20-36-20  14052.8  2399.6  25232  0  1872  0  0
31  208  2025-06-05 20-36-20  14054.4  2392.82  25232  0  1872  0  0
32  208  2025-06-05 20-36-20  14056  2386.19  25232  0  1872  0  0
33  208  2025-06-05 20-36-20  14057.6  2379.73  25232  0  1872  0  0
34  208  2025-06-05 20-36-20  14059.2  2373.44  25232  0  1872  0  0
35  208  2025-06-05 20-36-20  14060.8  2367.32  25232  0  1872  0  0
36  208  2025-06-05 20-36-20  14062.4  2361.37  25232  0  1872  0  0
37  208  2025-06-05 20-36-20  14064  2355.6  25232  0  1872  0  0
38  208  2025-06-05 20-36-20  14065.6  2350  25232  0  1872  0  0
39  208  2025-06-05 20-36-20  14067.2  2344.59  25232  0  1872  0  0
40  208  2025-06-05 20-36-20  14068.8  2339.36  25232  0  1872  0  0
41  208  2025-06-05 20-36-20  14070.4  2334.31  25232  0  1872  0  0
42  208  2025-06-05 20-36-20  14072  2329.45  25232  0  1872  0  0
43  208  2025-06-05 20-36-20  14073.6  2324.78  25232  0  1872  0  0
44  208  2025-06-05 20-36-20  14075.2  2320.31  25232  0  1872  0  0
45  208  2025-06-05 20-36-20  14076.8  2316.03  25232  0  1872  0  0
46  208  2025-06-05 20-36-20  14078.4  2311.94  25232  0  1872  0  0
47  208  2025-06-05 20-36-20  14080  2308.06  25232  0  1872  0  0
48  208  2025-06-05 20-36-20  14081.6  2304.38  25232  0  1872  0  0
49  208  2025-06-05 20-36-20  14083.2  2300.9  25232  0  1872  0  0
50  208  2025-06-05 20-36-20  14084.8  2297.63  25232  0  1872  0  0
51  208  2025-06-05 20-36-20  14086.4  2294.56  25232  0  1872  0  0
52  208  2025-06-05 20-36-20  14088  2291.7  25232  0  1872  0  0
53  208  2025-06-05 20-36-20  14089.6  2289.06  25232  0  1872  0  0
54  208  2025-06-05 20-36-20  14091.2  2286.62  25232  0  1872  0  0
55  208  2025-06-05 20-36-20  14092.8  2284.4  25232  0  1872  0  0
56  208  2025-06-05 20-36-20  14094.4  2282.39  25232  0  1872  0  0
57  208  2025-06-05 20-36-20  14096  2280.6  25232  0  1872  0  0
58  208  2025-06-05 20-36-20  14097.6  2279.03  25232  0  1872  0  0
59  208  2025-06-05 20-36-20  14099.2  2277.67  25232  0  1872  0  0
60  208  2025-06-05 20-36-20  14100.8  2276.53  25232  0  1872  0  0
61  208  2025-06-05 20-36-20  14102.4  2275.61  25232  0  1872  0  0
62  208  2025-06-05 20-36-20  14104  2274.91  25232  0  1872  0  0
63  208  2025-06-05 20-36-20  14105.6  2274.43  25232  0  1872  0  0
64  208  2025-06-05 20-36-20  14107.2  2274.17  25232  0  1872  0  0
65  208  2025-06-05 20-36-20  14108.8  2274.13  25232  0  1872  0  0
66  208  2025-06-05 20-36-20  14110.4  2274.31  25232  0  1872  0  0
67  208  2025-06-05 20-36-20  14112  2274.71  25232  0  1872  0  0
68  208  2025-06-05 20-36-20  14113.6  2275.33  25232  0  1872  0  0
69  208  2025-06-05 20-36-20  14115.2  2276.17  25232  0  1872  0  0
70  208  2025-06-05 20-36-20  14116.8  2277.22  25232  0  1872  0  0
71  208  2025-06-05 20-36-20  14118.4  2278.5  25232  0  1872  0  0
72  208  2025-06-05 20-36-20  14120  2279.99  25232  0  1872  0  0
73  208  2025-06-05 20-36-20  14121.6  2281.69  25232  0  1872  0  0
74  208  2025-06-05 20-36-20  14123.2  2283.61  25232  0  1872  0  0
75  208  2025-06-05 20-36-20  14124.8  2285.75  25232  0  1872  0  0
76  208  2025-06-05 20-36-20  14126.4  2288.09  25232  0  1872  0  0
77  208  2025-06-05 20-36-20  14128  2290.65  25232  0  1872  0  0
78  208  2025-06-05 20-36-20  14129.6  2293.41  25232  0  1872  0  0
79  208  2025-06-05 20-36-20  14131.2  2296.38  25232  0  1872  0  0
80  208  2025-06-05 20-36-20  14132.8  2299.56  25232  0  1872  0  0
81  208  2025-06-05 20-36-20  14134.4  2302.94  25232  0  1872  0  0
82  208  2025-06-05 20-36-20  14136  2306.52  25232  0  1872  0  0
83  208  2025-06-05 20-36-20  14137.6  2310.3  25232  0  1872  0  0
84  208  2025-06-05 20-36-20  14139.2  2314.28  25232  0  1872  0  0
85  208  2025-06-05 20-36-20  14140.8  2318.45  25232  0  1872  0  0
86  208  2025-06-05 20-36-20  14142.4  2322.82  25232  0  1872  0  0
87  208  2025-06-05 20-36-20  14144  2327.37  25232  0  1872  0  0
88  208  2025-06-05 20-36-20  14145.6  2332.11  25232  0  1872  0  0
89  208  2025-06-05 20-36-20  14147.2  2337.04  25232  0  1872  0  0
90  208  2025-06-05 20-36-20  14148.8  2342.15  25232  0  1872  0  0
91  208  2025-06-05 20-36-20  14150.4  2347.44  25232  0  1872  0  0
92  208  2025-06-05 20-36-20  14152  2352.9  25232  0  1872  0  0
93  208  2025-06-05 20-36-20  14153.6  2358.54  25232  0  1872  0  0
94  208  2025-06-05 20-36-20  14155.2  2364.36  25232  0  1872  0  0
95  208  2025-06-05 20-36-20  14156.8  2370.34  25232  0  1872  0  0
96  208  2025-06-05 20-36-20  14158.4  2376.49  25232  0  1872  0  0
97  208  2025-06-05 20-36-20  14160  2382.8  25232  0  1872  0  0
98  208  2025-06-05 20-36-20  14161.6  2389.27  25232  0  1872  0  0
99  208  2025-06-05 20-36-20  14163.2  2395.9  25232  0  1872  0  0
100  208  2025-06-05 20-36-20  14164.8  2402.69  25232  0  1872  0  0
101  208  2025-06-05 20-36-20  14166.4  2409.62  25232  0  1872  0  0
102  208  2025-06-05 20-36-20  14168  2416.71  25232  0  1872  0  0
103  208  2025-06-05 20-36-20  14169.6  2423.95  25232  0  1872  0  0
104  208  2025-06-05 20-36-20  14171.2  2431.33  25232  0  1872  0  0
105  208  2025-06-05 20-36-20  14172.8  2438.85  25232  0  1872  0  0
106  208  2025-06-05 20-36-20  14174.4  2446.51  25232  0  1872  0  0
107  208  2025-06-05 20-36-20  14176  2454.3  25232  0  1872  0  0
108  208  2025-06-05 20-36-20  14177.6  2462.23  25232  0  1872  0  0
109  208  2025-06-05 20-36-20  14179.2  2470.29  25232  0  1872  0  0
110  208  2025-06-05 20-36-20  14180.8  2478.48  25232  0  1872  0  0
111  208  2025-06-05 20-36-20  14182.4  2486.79  25232  0  1872  0  0
112  208  2025-06-05 20-36-20  14184  2495.23  25232  0  1872  0  0
113  208  2025-06-05 20-36-20  14185.6  2503.79  25232  0  1872  0  0
114  208  2025-06-05 20-36-20  14187.2  2512.46  25232  0  1872  0  0
115  208  2025-06-05 20-36-20  14188.8  2521.25  25232  0  1872  0  0
116  208  2025-06-05 20-36-20  14190.4  2530.16  25232  0  1872  0  0
117  208  2025-06-05 20-36-20  14192  2539.17  25232  0  1872  0  0
118  208  2025-06-05 20-36-20  14193.6  2548.3  25232  0  1872  0  0
119  208  2025-06-05 20-36-20  14195.2  2557.52  25232  0  1872  0  0
120  208  2025-06-05 20-36-20  14196.8  2566.86  25232  0  1872  0  0
121  208  2025-06-05 20-36-20  14198.4  2576.29  25232  0  1872  0  0
122  208  2025-06-05 20-36-20  14200  2585.82  25232  0  1872  0  0
123  208  2025-06-05 20-36-20  14201.6  2595.46  25232  0  1872  0  0
124  208  2025-06-05 20-36-20  14203.2  2605.18  25232  0  1872  0  0
125  208  2025-06-05 20-36-20  14204.8  2615  25232  0  1872  0  0
126  208  2025-06-05 20-36-20  14206.4  2624.91  25232  0  1872  0  0
127  208  2025-06-05 20-36-20  14208  2634.91  25232  0  1872  0  0
128  208  2025-06-05 20-36-20  14209.6  2644.99  25232  0  1872  0  0
129  208  2025-06-05 20-36-20  14211.2  2655.17  25232  0  1872  0  0
130  208  2025-06-05 20-36-20  14212.8  2665.42  25232  0  1872  0  0
131  208  2025-06-05 20-36-20  14324.8  2663.96  140432  0  1872  0  0
132  208  2025-06-05 20-36-20  14326.4  2651.98  140432  0  1872  0  0
133  208  2025-06-05 20-36-20  14328  2640.04  140432  0  1872  0  0
134  208  2025-06-05 20-36-20  14329.6  2628.17  140432  0  1872  0  0
135  208  2025-06-05 20-36-20  14331.2  2616.35  140432  0  1872  0  0
136  208  2025-06-05 20-36-20  14332.8  2604.6  140432  0  1872  0  0
137  208  2025-06-05 20-36-20  14334.4  2592.91  140432  0  1872  0  0
138  208  2025-06-05 20-36-20  14336  2581.27  140432  0  1872  0  0
139  208  2025-06-05 20-36-20  14337.6  2569.71  140432  0  1872  0  0
140  208  2025-06-05 20-36-20  14339.2  2558.21  140432  0  1872  0  0
141  208  2025-06-05 20-36-20  14340.8  2546.78  140432  0  1872  0  0
142  208  2025-06-05 20-36-20  14342.4  2535.41  140432  0  1872  0  0
143  208  2025-06-05 20-36-20  14344  2524.12  140432  0  1872  0  0
144  208  2025-06-05 20-36-20  14345.6  2512.91  140432  0  1872  0  0
145  208  2025-06-05 20-36-20  14347.2  2501.76  140432  0  1872  0  0
146  208  2025-06-05 20-36-20  14348.8  2490.7  140432  0  1872  0  0
147  208  2025-06-05 20-36-20  14350.4  2479.71  140432  0  1872  0  0
148  208  2025-06-05 20-36-20  14352  2468.81  140432  0  1872  0  0
149  208  2025-06-05 20-36-20  14353.6  2457.99  140432  0  1872  0  0
150  208  2025-06-05 20-36-20  14355.2  2447.25  140432  0  1872  0  0
151  208  2025-06-05 20-36-20  14356.8  2436.6  140432  0  1872  0  0
152  208  2025-06-05 20-36-20  14358.4  2426.04  140432  0  1872  0  0
153  208  2025-06-05 20-36-20  14360  2415.57  140432  0  1872  0  0
154  208  2025-06-05 20-36-20  14361.6  2405.2  140432  0  1872  0  0
155  208  2025-06-05 20-36-20  14363.2  2394.92  140432  0  1872  0  0
156  208  2025-06-05 20-36-20  14364.8  2384.75  140432  0  1872  0  0
157  208  2025-06-05 20-36-20  14366.4  2374.67  140432  0  1872  0  0
158  208  2025-06-05 20-36-20  14368  2364.7  140432  0  1872  0  0
159  208  2025-06-05 20-36-20  14369.6  2354.84  140432  0  1872  0  0
160  208  2025-06-05 20-36-20  14371.2  2345.09  140432  0  1872  0  0
161  208  2025-06-05 20-36-20  14372.8  2335.45  140432  0  1872  0  0
162  208  2025-06-05 20-36-20  14374.4  2325.92  140432  0  1872  0  0
163  208  2025-06-05 20-36-20  14376  2316.52  140432  0  1872  0  0
164  208  2025-06-05 20-36-20  14377.6  2307.23  140432  0  1872  0  0
165  208  2025-06-05 20-36-20  14379.2  2298.07  140432  0  1872  0  0
166  208  2025-06-05 20-36-20  14380.8  2289.04  140432  0  1872  0  0
167  208  2025-06-05 20-36-20  14382.4  2280.14  140432  0  1872  0  0
168  208  2025-06-05 20-36-20  14384  2271.38  140432  0  1872  0  0
169  208  2025-06-05 20-36-20  14385.6  2262.75  140432  0  1872  0  0
170  208  2025-06-05 20-36-20  14387.2  2254.27  140432  0  1872  0  0
171  208  2025-06-05 20-36-20  14388.8  2245.92  140432  0  1872  0  0
172  208  2025-06-05 20-36-20  14390.4  2237.73  140432  0  1872  0  0
173  208  2025-06-05 20-36-20  14392  2229.69  140432  0  1872  0  0
174  208  2025-06-05 20-36-20  14393.6  2221.8  140432  0  1872  0  0
175  208  2025-06-05 20-36-20  14395.2  2214.08  140432  0  1872  0  0
176  208  2025-06-05 20-36-20  14396.8  2206.51  140432  0  1872  0  0
177  208  2025-06-05 20-36-20  14398.4  2199.12  140432  0  1872  0  0
178  208  2025-06-05 20-36-20  14400  2191.89  140432  0  1872  0  0
179  208  2025-06-05 20-36-20  14401.6  2184.84  140432  0  1872  0  0
180  208  2025-06-05 20-36-20  14403.2  2177.96  140432  0  1872  0  0
181  208  2025-06-05 20-36-20  14404.8  2171.27  140432  0  1872  0  0
182  208  2025-06-05 20-36-20  14406.4  2164.76  140432  0  1872  0  0
183  208  2025-06-05 20-36-20  14408  2158.44  140432  0  1872  0  0
184  208  2025-06-05 20-36-20  14409.6  2152.32  140432  0  1872  0  0
185  208  2025-06-05 20-36-20  14411.2  2146.39  140432  0  1872  0  0
186  208  2025-06-05 20-36-20  14412.8  2140.66  140432  0  1872  0  0
187  208  2025-06-05 20-36-20  14414.4  2135.13  140432  0  1872  0  0
188  208  2025-06-05 20-36-20  14416  2129.82  140432  0  1872  0  0
189  208  2025-06-05 20-36-20  14417.6  2124.71  140432  0  1872  0  0
190  208  2025-06-05 20-36-20  14419.2  2119.82  140432  0  1872  0  0
191  208  2025-06-05 20-36-20  14420.8  2115.15  140432  0  1872  0  0
192  208  2025-06-05 20-36-20  14422.4  2110.7  140432  0  1872  0  0
193  208  2025-06-05 20-36-20  14424  2106.48  140432  0  1872  0  0
194  208  2025-06-05 20-36-20  14425.6  2102.48  140432  0  1872  0  0
195  208  2025-06-05 20-36-20  14427.2  2098.72  140432  0  1872  0  0
196  208  2025-06-05 20-36-20  14428.8  2095.19  140432  0  1872  0  0
197  208  2025-06-05 20-36-20  14430.4  2091.9  140432  0  1872  0  0
198  208  2025-06-05 20-36-20  14432  2088.84  140432  0  1872  0  0
199  208  2025-06-05 20-36-20  14433.6  2086.03  140432  0  1872  0  0
200  208  2025-06-05 20-36-20  14435.2  2083.47  140432  0  1872  0  0
201  208  2025-06-05 20-36-20  14436.8  2081.15  140432  0  1872  0  0
202  208  2025-06-05 20-36-20  14438.4  2079.08  140432  0  1872  0  0
203  208  2025-06-05 20-36-20  14440  2077.26  140432  0  1872  0  0
204  208  2025-06-05 20-36-20  14441.6  2075.69  140432  0  1872  0  0
205  208  2025-06-05 20-36-20  14443.2  2074.38  140432  0  1872  0  0
206  208  2025-06-05 20-36-20  14444.8  2073.32  140432  0  1872  0  0
207  208  2025-06-05 20-36-20  14446.4  2072.51  140432  0  1872  0  0
208  208  2025-06-05 20-36-20  14448  2071.96  140432  0  1872  0  0
209  208  2025-06-05 20-36-20  14449.6  2071.67  140432  0  1872  0  0
210  208  2025-06-05 20-36-20  14451.2  2071.63  140432  0  1872  0  0
211  208  2025-06-05 20-36-20  14452.8  2071.85  140432  0  1872  0  0
212  208  2025-06-05 20-36-20  14454.4  2072.32  140432  0  1872  0  0
213  208  2025-06-05 20-36-20  14456  2073.05  140432  0  1872  0  0
214  208  2025-06-05 20-36-20  14457.6  2074.04  140432  0  1872  0  0
215  208  2025-06-05 20-36-20  14459.2  2075.27  140432  0  1872  0  0
216  208  2025-06-05 20-36-20  14460.8  2076.76  140432  0  1872  0  0
217  208  2025-06-05 20-36-20  14462.4  2078.5  140432  0  1872  0  0
218  208  2025-06-05 20-36-20  14464  2080.5  140432  0  1872  0  0
219  208  2025-06-05 20-36-20  14465.6  2082.73  140432  0  1872  0  0
220  208  2025-06-05 20-36-20  14467.2  2085.22  140432  0  1872  0  0
221  208  2025-06-05 20-36-20  14468.8  2087.94  140432  0  1872  0  0
222  208  2025-06-05 20-36-20  14470.4  2090.91  140432  0  1872  0  0
223  208  2025-06-05 20-36-20  14472  2094.12  140432  0  1872  0  0
224  208  2025-06-05 20-36-20  14473.6  2097.56  140432  0  1872  0  0
225  208  2025-06-05 20-36-20  14475.2  2101.23  140432  0  1872  0  0
226  208  2025-06-05 20-36-20  14476.8  2105.13  140432  0  1872  0  0
227  208  2025-06-05 20-36-20  14478.4  2109.26  140432  0  1872  0  0
228  208  2025-06-05 20-36-20  14480  2113.62  140432  0  1872  0  0
229  208  2025-06-05 20-36-20  14481.6  2118.19  140432  0  1872  0  0
230  208  2025-06-05 20-36-20  14483.2  2122.98  140432  0  1872  0  0
231  208  2025-06-05 20-36-20  14484.8  2127.98  140432  0  1872  0  0
232  208  2025-06-05 20-36-20  14486.4  2133.19  140432  0  1872  0  0
233  208  2025-06-05 20-36-20  14488  2138.6  140432  0  1872  0  0
234  208  2025-06-05 20-36-20  14489.6  2144.22  140432  0  1872  0  0
235  208  2025-06-05 20-36-20  14491.2  2150.03  140432  0  1872  0  0
236  208  2025-06-05 20-36-20  14492.8  2156.04  140432  0  1872  0  0
237  208  2025-06-05 20-36-20  14494.4  2162.24  140432  0  1872  0  0
238  208  2025-06-05 20-36-20  14496  2168.63  140432  0  1872  0  0
239  208  2025-06-05 20-36-20  14497.6  2175.19  140432  0  1872  0  0
240  208  2025-06-05 20-36-20  14499.2  2181.94  140432  0  1872  0  0
241  208  2025-06-05 20-36-20  14500.8  2188.86  140432  0  1872  0  0
242  208  2025-06-05 20-36-20  14502.4  2195.95  140432  0  1872  0  0
243  208  2025-06-05 20-36-20  14504  2203.21  140432  0  1872  0  0
244  208  2025-06-05 20-36-20  14505.6  2210.63  140432  0  1872  0  0
245  208  2025-06-05 20-36-20  14507.2  2218.21  140432  0  1872  0  0
246  208  2025-06-05 20-36-20  14508.8  2225.94  140432  0  1872  0  0
247  208  2025-06-05 20-36-20  14510.4  2233.83  140432  0  1872  0  0
248  208  2025-06-05 20-36-20  14512  2241.87  140432  0  1872  0  0
249  208  2025-06-05 20-36-20  14513.6  2250.05  140432  0  1872  0  0
250  208  2025-06-05 20-36-20  14515.2  2258.37  140432  0  1872  0  0
251  208  2025-06-05 20-36-20  14516.8  2266.83  140432  0  1872  0  0
252  208  2025-06-05 20-36-20  14518.4  2275.43  140432  0  1872  0  0
253  208  2025-06-05 20-36-20  14520  2284.15  140432  0  1872  0  0
254  208  2025-06-05 20-36-20  14521.6  2293  140432  0  1872  0  0
255  208  2025-06-05 20-36-20  14523.2  2301.98  140432  0  1872  0  0
256  208  2025-06-05 20-36-20  14524.8  2311.08  140432  0  1872  0  0
257  208  2025-06-05 20-36-20  14526.4  2320.3  140432  0  1872  0  0
258  208  2025-06-05 20-36-20  14528  2329.63  140432  0  1872  0  0
259  208  2025-06-05 20-36-20  14529.6  2339.07  140432  0  1872  0  0
260  208  2025-06-05 20-36-20  14531.2  2348.62  140432  0  1872  0  0
261  208  2025-06-05 20-36-20  14532.8  2358.28  140432  0  1872  0  0
262  208  2025-06-05 20-36-20  14534.4  2368.04  140432  0  1872  0  0
263  208  2025-06-05 20-36-20  14536  2377.91  140432  0  1872  0  0
264  208  2025-06-05 20-36-20  14537.6  2387.87  140432  0  1872  0  0
265  208  2025-06-05 20-36-20  14539.2  2397.92  140432  0  1872  0  0
266  208  2025-06-05 20-36-20  14540.8  2408.07  140432  0  1872  0  0
267  208  2025-06-05 20-36-20  14542.4  2418.31  140432  0  1872  0  0
268  208  2025-06-05 20-36-20  14544  2428.64  140432  0  1872  0  0
269  208  2025-06-05 20-36-20  14545.6  2439.06  140432  0  1872  0  0
270  208  2025-06-05 20-36-20  14547.2  2449.55  140432  0  1872  0  0
271  208  2025-06-05 20-36-20  14548.8  2460.13  140432  0  1872  0  0
272  208  2025-06-05 20-36-20  14550.4  2470.79  140432  0  1872  0  0
273  208  2025-06-05 20-36-20  14552  2481.53  140432  0  1872  0  0
274  208  2025-06-05 20-36-20  14553.6  2492.34  140432  0  1872  0  0
275  208  2025-06-05 20-36-20  14555.2  2503.22  140432  0  1872  0  0
276  208  2025-06-05 20-36-20  14556.8  2514.18  140432  0  1872  0  0
277  208  2025-06-05 20-36-20  14558.4  2525.2  140432  0  1872  0  0
278  208  2025-06-05 20-36-20  14560  2536.29  140432  0  1872  0  0
279  208  2025-06-05 20-36-20  14561.6  2547.45  140432  0  1872  0  0
280  208  2025-06-05 20-36-20  14563.2  2558.67  140432  0  1872  0  0
281  208  2025-06-05 20-36-20  14564.8  2569.95  140432  0  1872  0  0
282  208  2025-06-05 20-36-20  14566.4  2581.3  140432  0  1872  0  0
283  208  2025-06-05 20-36-20  14568  2592.7  140432  0  1872  0  0
284  208  2025-06-05 20-36-20  14569.6  2604.16  140432  0  1872  0  0
285  208  2025-06-05 20-36-20  14571.2  2615.68  140432  0  1872  0  0
286  208  2025-06-05 20-36-20  14572.8  2627.25  140432  0  1872  0  0
287  208  2025-06-05 20-36-20  14574.4  2638.88  140432  0  1872  0  0
288  208  2025-06-05 20-36-20  14576  2650.56  140432  0  1872  0  0
289  208  2025-06-05 20-36-20  14577.6  2662.28  140432  0  1872  0  0
290  208  2025-06-05 20-36-20  14662.4  2666.35  143632  0  1872  0  0
291  208  2025-06-05 20-36-20  14664  2653.63  143632  0  1872  0  0
292  208  2025-06-05 20-36-20  14665.6  2640.95  143632  0  1872  0  0
293  208  2025-06-05 20-36-20  14667.2  2628.3  143632  0  1872  0  0
294  208  2025-06-05 20-36-20  14668.8  2615.68  143632  0  1872  0  0
295  208  2025-06-05 20-36-20  14670.4  2603.11  143632  0  1872  0  0
296  208  2025-06-05 20-36-20  14672  2590.57  143632  0  1872  0  0
297  208  2025-06-05 20-36-20  14673.6  2578.07  143632  0  1872  0  0
298  208  2025-06-05 20-36-20  14675.2  2565.61  143632  0  1872  0  0
299  208  2025-06-05 20-36-20  14676.8  2553.19  143632  0  1872  0  0
300  208  2025-06-05 20-36-20  14678.4  2540.81  143632  0  1872  0  0
301  208  2025-06-05 20-36-20  14680  2528.48  143632  0  1872  0  0
302  208  2025-06-05 20-36-20  14681.6  2516.19  143632  0  1872  0  0
303  208  2025-06-05 20-36-20  14683.2  2503.94  143632  0  1872  0  0
304  208  2025-06-05 20-36-20  14684.8  2491.74  143632  0  1872  0  0
305  208  2025-06-05 20-36-20  14686.4  2479.6  143632  0  1872  0  0
306  208  2025-06-05 20-36-20  14688  2467.5  143632  0  1872  0  0
307  208  2025-06-05 20-36-20  14689.6  2455.45  143632  0  1872  0  0
308  208  2025-06-05 20-36-20  14691.2  2443.45  143632  0  1872  0  0
309  208  2025-06-05 20-36-20  14692.8  2431.51  143632  0  1872  0  0
310  208  2025-06-05 20-36-20  14694.4  2419.63  143632  0  1872  0  0
311  208  2025-06-05 20-36-20  14696  2407.8  143632  0  1872  0  0
312  208  2025-06-05 20-36-20  14697.6  2396.03  143632  0  1872  0  0
313  208  2025-06-05 20-36-20  14699.2  2384.32  143632  0  1872  0  0
314  208  2025-06-05 20-36-20  14700.8  2372.67  143632  0  1872  0  0
315  208  2025-06-05 20-36-20  14702.4  2361.09  143632  0  1872  0  0
316  208  2025-06-05 20-36-20  14704  2349.57  143632  0  1872  0  0
317  208  2025-06-05 20-36-20  14705.6  2338.13  143632  0  1872  0  0
318  208  2025-06-05 20-36-20  14707.2  2326.75  143632  0  1872  0  0
319  208  2025-06-05 20-36-20  14708.8  2315.44  143632  0  1872  0  0
320  208  2025-06-05 20-36-20  14710.4  2304.21  143632  0  1872  0  0
321  208  2025-06-05 20-36-20  14712  2293.06  143632  0  1872  0  0
322  208  2025-06-05 20-36-20  14713.6  2281.98  143632  0  1872  0  0
323  208  2025-06-05 20-36-20  14715.2  2270.99  143632  0  1872  0  0
324  208  2025-06-05 20-36-20  14716.8  2260.08  143632  0  1872  0  0
325  208  2025-06-05 20-36-20  14718.4  2249.26  143632  0  1872  0  0
326  208  2025-06-05 20-36-20  14720  2238.53  143632  0  1872  0  0
327  208  2025-06-05 20-36-20  14721.6  2227.89  143632  0  1872  0  0
328  208  2025-06-05 20-36-20  14723.2  2217.35  143632  0  1872  0  0
329  208  2025-06-05 20-36-20  14724.8  2206.91  143632  0  1872  0  0
330  208  2025-06-05 20-36-20  14726.4  2196.56  143632  0  1872  0  0
331  208  2025-06-05 20-36-20  14728  2186.33  143632  0  1872  0  0
332  208  2025-06-05 20-36-20  14729.6  2176.2  143632  0  1872  0  0
333  208  2025-06-05 20-36-20  14731.2  2166.18  143632  0  1872  0  0
334  208  2025-06-05 20-36-20  14732.8  2156.28  143632  0  1872  0  0
335  208  2025-06-05 20-36-20  14734.4  2146.49  143632  0  1872  0  0
336  208  2025-06-05 20-36-20  14736  2136.83  143632  0  1872  0  0
337  208  2025-06-05 20-36-20  14737.6  2127.3  143632  0  1872  0  0
338  208  2025-06-05 20-36-20  14739.2  2117.89  143632  0  1872  0  0
339  208  2025-06-05 20-36-20  14740.8  2108.62  143632  0  1872  0  0
340  208  2025-06-05 20-36-20  14742.4  2099.49  143632  0  1872  0  0
341  208  2025-06-05 20-36-20  14744  2090.51  143632  0  1872  0  0
342  208  2025-06-05 20-36-20  14745.6  2081.67  143632  0  1872  0  0
343  208  2025-06-05 20-36-20  14747.2  2072.98  143632  0  1872  0  0
344  208  2025-06-05 20-36-20  14748.8  2064.45  143632  0  1872  0  0
345  208  2025-06-05 20-36-20  14750.4  2056.08  143632  0  1872  0  0
346  208  2025-06-05 20-36-20  14752  2047.88  143632  0  1872  0  0
347  208  2025-06-05 20-36-20  14753.6  2039.85  143632  0  1872  0  0
348  208  2025-06-05 20-36-20  14755.2  2032  143632  0  1872  0  0
349  208  2025-06-05 20-36-20  14756.8  2024.33  143632  0  1872  0  0
350  208  2025-06-05 20-36-20  14758.4  2016.84  143632  0  1872  0  0
351  208  2025-06-05 20-36-20  14760  2009.55  143632  0  1872  0  0
352  208  2025-06-05 20-36-20  14761.6  2002.46  143632  0  1872  0  0
353  208  2025-06-05 20-36-20  14763.2  1995.56  143632  0  1872  0  0
354  208  2025-06-05 20-36-20  14764.8  1988.88  143632  0  1872  0  0
355  208  2025-06-05 20-36-20  14766.4  1982.42  143632  0  1872  0  0
356  208  2025-06-05 20-36-20  14768  1976.17  143632  0  1872  0  0
357  208  2025-06-05 20-36-20  14769.6  1970.14  143632  0  1872  0  0
358  208  2025-06-05 20-36-20  14771.2  1964.35  143632  0  1872  0  0
359  208  2025-06-05 20-36-20  14772.8  1958.8  143632  0  1872  0  0
360  208  2025-06-05 20-36-20  14774.4  1953.48  143632  0  1872  0  0
361  208  2025-06-05 20-36-20  14776  1948.41  143632  0  1872  0  0
362  208  2025-06-05 20-36-20  14777.6  1943.6  143632  0  1872  0  0
363  208  2025-06-05 20-36-20  14779.2  1939.04  143632  0  1872  0  0
364  208  2025-06-05 20-36-20  14780.8  1934.74  143632  0  1872  0  0
365  208  2025-06-05 20-36-20  14782.4  1930.71  143632  0  1872  0  0
366  208  2025-06-05 20-36-20  14784  1926.95  143632  0  1872  0  0
367  208  2025-06-05 20-36-20  14785.6  1923.47  143632  0  1872  0  0
368  208  2025-06-05 20-36-20  14787.2  1920.26  143632  0  1872  0  0
369  208  2025-06-05 20-36-20  14788.8  1917.34  143632  0  1872  0  0
370  208  2025-06-05 20-36-20  14790.4  1914.71  143632  0  1872  0  0
371  208  2025-06-05 20-36-20  14792  1912.36  143632  0  1872  0  0
372  208  2025-06-05 20-36-20  14793.6  1910.31  143632  0  1872  0  0
373  208  2025-06-05 20-36-20  14795.2  1908.55  143632  0  1872  0  0
374  208  2025-06-05 20-36-20  14796.8  1907.1  143632  0  1872  0  0
375  208  2025-06-05 20-36-20  14798.4  1905.94  143632  0  1872  0  0
376  208  2025-06-05 20-36-20  14800  1905.08  143632  0  1872  0  0
377  208  2025-06-05 20-36-20  14801.6  1904.52  143632  0  1872  0  0
378  208  2025-06-05 20-36-20  14803.2  1904.27  143632  0  1872  0  0
379  208  2025-06-05 20-36-20  14804.8  1904.32  143632  0  1872  0  0
380  208  2025-06-05 20-36-20  14806.4  1904.67  143632  0  1872  0  0
381  208  2025-06-05 20-36-20  14808  1905.33  143632  0  1872  0  0
382  208  2025-06-05 20-36-20  14809.6  1906.29  143632  0  1872  0  0
383  208  2025-06-05 20-36-20  14811.2  1907.54  143632  0  1872  0  0
384  208  2025-06-05 20-36-20  14812.8  1909.1  143632  0  1872  0  0
385  208  2025-06-05 20-36-20  14814.4  1910.95  143632  0  1872  0  0
386  208  2025-06-05 20-36-20  14816  1913.09  143632  0  1872  0  0
387  208  2025-06-05 20-36-20  14817.6  1915.53  143632  0  1872  0  0
388  208  2025-06-05 20-36-20  14819.2  1918.25  143632  0  1872  0  0
389  208  2025-06-05 20-36-20  14820.8  1921.25  143632  0  1872  0  0
390  208  2025-06-05 20-36-20  14822.4  1924.54  143632  0  1872  0  0
391  208  2025-06-05 20-36-20  14824  1928.1  143632  0  1872  0  0
392  208  2025-06-05 20-36-20  14825.6  1931.93  143632  0  1872  0  0
393  208  2025-06-05 20-36-20  14827.2  1936.04  143632  0  1872  0  0
394  208  2025-06-05 20-36-20  14828.8  1940.4  143632  0  1872  0  0
395  208  2025-06-05 20-36-20  14830.4  1945.02  143632  0  1872  0  0
396  208  2025-06-05 20-36-20  14832  1949.89  143632  0  1872  0  0
397  208  2025-06-05 20-36-20  14833.6  1955.01  143632  0  1872  0  0
398  208  2025-06-05 20-36-20  14835.2  1960.38  143632  0  1872  0  0
399  208  2025-06-05 20-36-20  14836.8  1965.98  143632  0  1872  0  0
400  208  2025-06-05 20-36-20  14838.4  1971.81  143632  0  1872  0  0
401  208  2025-06-05 20-36-20  14840  1977.86  143632  0  1872  0  0
402  208  2025-06-05 20-36-20  14841.6  1984.14  143632  0  1872  0  0
403  208  2025-06-05 20-36-20  14843.2  1990.63  143632  0  1872  0  0
404  208  2025-06-05 20-36-20  14844.8  1997.33  143632  0  1872  0  0
405  208  2025-06-05 20-36-20  14846.4  2004.23  143632  0  1872  0  0
406  208  2025-06-05 20-36-20  14848  2011.33  143632  0  1872  0  0
407  208  2025-06-05 20-36-20  14849.6  2018.63  143632  0  1872  0  0
408  208  2025-06-05 20-36-20  14851.2  2026.11  143632  0  1872  0  0
409  208  2025-06-05 20-36-20  14852.8  2033.77  143632  0  1872  0  0
410  208  2025-06-05 20-36-20  14854.4  2041.61  143632  0  1872  0  0
411  208  2025-06-05 20-36-20  14856  2049.62  143632  0  1872  0  0
412  208  2025-06-05 20-36-20  14857.6  2057.8  143632  0  1872  0  0
413  208  2025-06-05 20-36-20  14859.2  2066.14  143632  0  1872  0  0
414  208  2025-06-05 20-36-20  14860.8  2074.63  143632  0  1872  0  0
415  208  2025-06-05 20-36-20  14862.4  2083.28  143632  0  1872  0  0
416  208  2025-06-05 20-36-20  14864  2092.07  143632  0  1872  0  0
417  208  2025-06-05 20-36-20  14865.6  2101.01  143632  0  1872  0  0
418  208  2025-06-05 20-36-20  14867.2  2110.09  143632  0  1872  0  0
419  208  2025-06-05 20-36-20  14868.8  2119.29  143632  0  1872  0  0
420  208  2025-06-05 20-36-20  14870.4  2128.63  143632  0  1872  0  0
421  208  2025-06-05 20-36-20  14872  2138.1  143632  0  1872  0  0
422  208  2025-06-05 20-36-20  14873.6  2147.68  143632  0  1872  0  0
423  208  2025-06-05 20-36-20  14875.2  2157.39  143632  0  1872  0  0
424  208  2025-06-05 20-36-20  14876.8  2167.2  143632  0  1872  0  0
425  208  2025-06-05 20-36-20  14878.4  2177.13  143632  0  1872  0  0
426  208  2025-06-05 20-36-20  14880  2187.17  143632  0  1872  0  0
427  208  2025-06-05 20-36-20  14881.6  2197.3  143632  0  1872  0  0
428  208  2025-06-05 20-36-20  14883.2  2207.54  143632  0  1872  0  0
429  208  2025-06-05 20-36-20  14884.8  2217.88  143632  0  1872  0  0
430  208  2025-06-05 20-36-20  14886.4  2228.31  143632  0  1872  0  0
431  208  2025-06-05 20-36-20  14888  2238.83  143632  0  1872  0  0
432  208  2025-06-05 20-36-20  14889.6  2249.44  143632  0  1872  0  0
433  208  2025-06-05 20-36-20  14891.2  2260.13  143632  0  1872  0  0
434  208  2025-06-05 20-36-20  14892.8  2270.91  143632  0  1872  0  0
435  208  2025-06-05 20-36-20  14894.4  2281.76  143632  0  1872  0  0
436  208  2025-06-05 20-36-20  14896  2292.7  143632  0  1872  0  0
437  208  2025-06-05 20-36-20  14897.6  2303.7  143632  0  1872  0  0
438  208  2025-06-05 20-36-20  14899.2  2314.79  143632  0  1872  0  0
439  208  2025-06-05 20-36-20  14900.8  2325.94  143632  0  1872  0  0
440  208  2025-06-05 20-36-20  14902.4  2337.16  143632  0  1872  0  0
441  208  2025-06-05 20-36-20  14904  2348.44  143632  0  1872  0  0
442  208  2025-06-05 20-36-20  14905.6  2359.79  143632  0  1872  0  0
443  208  2025-06-05 20-36-20  14907.2  2371.21  143632  0  1872  0  0
444  208  2025-06-05 20-36-20  14908.8  2382.68  143632  0  1872  0  0
445  208  2025-06-05 20-36-20  14910.4  2394.21  143632  0  1872  0  0
446  208  2025-06-05 20-36-20  14912  2405.8  143632  0  1872  0  0
447  208  2025-06-05 20-36-20  14913.6  2417.44  143632  0  1872  0  0
448  208  2025-06-05 20-36-20  14915.2  2429.14  143632  0  1872  0  0
449  208  2025-06-05 20-36-20  14916.8  2440.89  143632  0  1872  0  0
450  208  2025-06-05 20-36-20  14918.4  2452.68  143632  0  1872  0  0
451  208  2025-06-05 20-36-20  14920  2464.53  143632  0  1872  0  0
452  208  2025-06-05 20-36-20  14921.6  2476.42  143632  0  1872  0  0
453  208  2025-06-05 20-36-20  14923.2  2488.36  143632  0  1872  0  0
454  208  2025-06-05 20-36-20  14924.8  2500.35  143632  0  1872  0  0
455  208  2025-06-05 20-36-20  14926.4  2512.37  143632  0  1872  0  0
456  208  2025-06-05 20-36-20  14928  2524.44  143632  0  1872  0  0
457  208  2025-06-05 20-36-20  14929.6  2536.55  143632  0  1872  0  0
458  208  2025-06-05 20-36-20  14931.2  2548.7  143632  0  1872  0  0
459  208  2025-06-05 20-36-20  14932.8  2560.89  143632  0  1872  0  0
460  208  2025-06-05 20-36-20  14934.4  2573.11  143632  0  1872  0  0
461  208  2025-06-05 20-36-20  14936  2585.38  143632  0  1872  0  0
462  208  2025-06-05 20-36-20  14937.6  2597.67  143632  0  1872  0  0
463  208  2025-06-05 20-36-20  14939.2  2610  143632  0  1872  0  0
464  208  2025-06-05 20-36-20  14940.8  2622.37  143632  0  1872  0  0
465  208  2025-06-05 20-36-20  14942.4  2634.76  143632  0  1872  0  0
466  208  2025-06-05 20-36-20  14944  2647.19  143632  0  1872  0  0
467  208  2025-06-05 20-36-20  14945.6  2659.65  143632  0  1872  0  0
468  208  2025-06-05 20-36-20  15014.4  2664.17  146832  0  1872  0  0
469  208  2025-06-05 20-36-20  15016  2651.13  146832  0  1872  0  0
470  208  2025-06-05 20-36-20  15017.6  2638.1  146832  0  1872  0  0
471  208  2025-06-05 20-36-20  15019.2  2625.1  146832  0  1872  0  0
472  208  2025-06-05 20-36-20  15020.8  2612.12  146832  0  1872  0  0
473  208  2025-06-05 20-36-20  15022.4  2599.16  146832  0  1872  0  0
474  208  2025-06-05 20-36-20  15024  2586.23  146832  0  1872  0  0
475  208  2025-06-05 20-36-20  15025.6  2573.32  146832  0  1872  0  0
476  208  2025-06-05 20-36-20  15027.2  2560.44  146832  0  1872  0  0
477  208  2025-06-05 20-36-20  15028.8  2547.58  146832  0  1872  0  0
478  208  2025-06-05 20-36-20  15030.4  2534.74  146832  0  1872  0  0
479  208  2025-06-05 20-36-20  15032  2521.94  146832  0  1872  0  0
480  208  2025-06-05 20-36-20  15033.6  2509.16  146832  0  1872  0  0
481  208  2025-06-05 20-36-20  15035.2  2496.41  146832  0  1872  0  0
482  208  2025-06-05 20-36-20  15036.8  2483.69  146832  0  1872  0  0
483  208  2025-06-05 20-36-20  15038.4  2471  146832  0  1872  0  0
484  208  2025-06-05 20-36-20  15040  2458.34  146832  0  1872  0  0
485  208  2025-06-05 20-36-20  15041.6  2445.71  146832  0  1872  0  0
486  208  2025-06-05 20-36-20  15043.2  2433.11  146832  0  1872  0  0
487  208  2025-06-05 20-36-20  15044.8  2420.55  146832  0  1872  0  0
488  208  2025-06-05 20-36-20  15046.4  2408.03  146832  0  1872  0  0
489  208  2025-06-05 20-36-20  15048  2395.54  146832  0  1872  0  0
490  208  2025-06-05 20-36-20  15049.6  2383.08  146832  0  1872  0  0
491  208  2025-06-05 20-36-20  15051.2  2370.67  146832  0  1872  0  0
492  208  2025-06-05 20-36-20  15052.8  2358.29  146832  0  1872  0  0
493  208  2025-06-05 20-36-20  15054.4  2345.96  146832  0  1872  0  0
494  208  2025-06-05 20-36-20  15056  2333.67  146832  0  1872  0  0
495  208  2025-06-05 20-36-20  15057.6  2321.42  146832  0  1872  0  0
496  208  2025-06-05 20-36-20  15059.2  2309.21  146832  0  1872  0  0
497  208  2025-06-05 20-36-20  15060.8  2297.05  146832  0  1872  0  0
498  208  2025-06-05 20-36-20  15062.4  2284.94  146832  0  1872  0  0
499  208  2025-06-05 20-36-20  15064  2272.88  146832  0  1872  0  0
500  208  2025-06-05 20-36-20  15065.6  2260.87  146832  0  1872  0  0
501  208  2025-06-05 20-36-20  15067.2  2248.92  146832  0  1872  0  0
502  208  2025-06-05 20-36-20  15068.8  2237.02  146832  0  1872  0  0
503  208  2025-06-05 20-36-20  15070.4  2225.17  146832  0  1872  0  0
504  208  2025-06-05 20-36-20  15072  2213.38  146832  0  1872  0  0
505  208  2025-06-05 20-36-20  15073.6  2201.66  146832  0  1872  0  0
506  208  2025-06-05 20-36-20  15075.2  2190  146832  0  1872  0  0
507  208  2025-06-05 20-36-20  15076.8  2178.4  146832  0  1872  0  0
508  208  2025-06-05 20-36-20  15078.4  2166.87  146832  0  1872  0  0
509  208  2025-06-05 20-36-20  15080  2155.41  146832  0  1872  0  0
510  208  2025-06-05 20-36-20  15081.6  2144.02  146832  0  1872  0  0
511  208  2025-06-05 20-36-20  15083.2  2132.71  146832  0  1872  0  0
512  208  2025-06-05 20-36-20  15084.8  2121.48  146832  0  1872  0  0
513  208  2025-06-05 20-36-20  15086.4  2110.33  146832  0  1872  0  0
514  208  2025-06-05 20-36-20  15088  2099.26  146832  0  1872  0  0
515  208  2025-06-05 20-36-20  15089.6  2088.28  146832  0  1872  0  0
516  208  2025-06-05 20-36-20  15091.2  2077.39  146832  0  1872  0  0
517  208  2025-06-05 20-36-20  15092.8  2066.59  146832  0  1872  0  0
518  208  2025-06-05 20-36-20  15094.4  2055.89  146832  0  1872  0  0
519  208  2025-06-05 20-36-20  15096  2045.3  146832  0  1872  0  0
520  208  2025-06-05 20-36-20  15097.6  2034.8  146832  0  1872  0  0
521  208  2025-06-05 20-36-20  15099.2  2024.42  146832  0  1872  0  0
522  208  2025-06-05 20-36-20  15100.8  2014.16  146832  0  1872  0  0
523  208  2025-06-05 20-36-20  15102.4  2004.01  146832  0  1872  0  0
524  208  2025-06-05 20-36-20  15104  1993.98  146832  0  1872  0  0
525  208  2025-06-05 20-36-20  15105.6  1984.08  146832  0  1872  0  0
526  208  2025-06-05 20-36-20  15107.2  1974.32  146832  0  1872  0  0
527  208  2025-06-05 20-36-20  15108.8  1964.69  146832  0  1872  0  0
528  208  2025-06-05 20-36-20  15110.4  1955.21  146832  0  1872  0  0
529  208  2025-06-05 20-36-20  15112  1945.87  146832  0  1872  0  0
530  208  2025-06-05 20-36-20  15113.6  1936.7  146832  0  1872  0  0
531  208  2025-06-05 20-36-20  15115.2  1927.68  146832  0  1872  0  0
532  208  2025-06-05 20-36-20  15116.8  1918.83  146832  0  1872  0  0
533  208  2025-06-05 20-36-20  15118.4  1910.15  146832  0  1872  0  0
534  208  2025-06-05 20-36-20  15120  1901.66  146832  0  1872  0  0
535  208  2025-06-05 20-36-20  15121.6  1893.35  146832  0  1872  0  0
536  208  2025-06-05 20-36-20  15123.2  1885.24  146832  0  1872  0  0
537  208  2025-06-05 20-36-20  15124.8  1877.33  146832  0  1872  0  0
538  208  2025-06-05 20-36-20  15126.4  1869.63  146832  0  1872  0  0
539  208  2025-06-05 20-36-20  15128  1862.14  146832  0  1872  0  0
540  208  2025-06-05 20-36-20  15129.6  1854.88  146832  0  1872  0  0
541  208  2025-06-05 20-36-20  15131.2  1847.85  146832  0  1872  0  0
542  208  2025-06-05 20-36-20  15132.8  1841.07  146832  0  1872  0  0
543  208  2025-06-05 20-36-20  15134.4  1834.53  146832  0  1872  0  0
544  208  2025-06-05 20-36-20  15136  1828.25  146832  0  1872  0  0
545  208  2025-06-05 20-36-20  15137.6  1822.23  146832  0  1872  0  0
546  208  2025-06-05 20-36-20  15139.2  1816.49  146832  0  1872  0  0
547  208  2025-06-05 20-36-20  15140.8  1811.02  146832  0  1872  0  0
548  208  2025-06-05 20-36-20  15142.4  1805.85  146832  0  1872  0  0
549  208  2025-06-05 20-36-20  15144  1800.97  146832  0  1872  0  0
550  208  2025-06-05 20-36-20  15145.6  1796.4  146832  0  1872  0  0
551  208  2025-06-05 20-36-20  15147.2  1792.13  146832  0  1872  0  0
552  208  2025-06-05 20-36-20  15148.8  1788.19  146832  0  1872  0  0
553  208  2025-06-05 20-36-20  15150.4  1784.57  146832  0  1872  0  0
554  208  2025-06-05 20-36-20  15152  1781.29  146832  0  1872  0  0
555  208  2025-06-05 20-36-20  15153.6  1778.34  146832  0  1872  0  0
556  208  2025-06-05 20-36-20  15155.2  1775.73  146832  0  1872  0  0
557  208  2025-06-05 20-36-20  15156.8  1773.47  146832  0  1872  0  0
558  208  2025-06-05 20-36-20  15158.4  1771.56  146832  0  1872  0  0
559  208  2025-06-05 20-36-20  15160  1770.01  146832  0  1872  0  0
560  208  2025-06-05 20-36-20  15161.6  1768.82  146832  0  1872  0  0
561  208  2025-06-05 20-36-20  15163.2  1767.99  146832  0  1872  0  0
562  208  2025-06-05 20-36-20  15164.8  1767.52  146832  0  1872  0  0
563  208  2025-06-05 20-36-20  15166.4  1767.42  146832  0  1872  0  0
564  208  2025-06-05 20-36-20  15168  1767.67  146832  0  1872  0  0
565  208  2025-06-05 20-36-20  15169.6  1768.3  146832  0  1872  0  0
566  208  2025-06-05 20-36-20  15171.2  1769.28  146832  0  1872  0  0
567  208  2025-06-05 20-36-20  15172.8  1770.62  146832  0  1872  0  0
568  208  2025-06-05 20-36-20  15174.4  1772.32  146832  0  1872  0  0
569  208  2025-06-05 20-36-20  15176  1774.37  146832  0  1872  0  0
570  208  2025-06-05 20-36-20  15177.6  1776.77  146832  0  1872  0  0
571  208  2025-06-05 20-36-20  15179.2  1779.52  146832  0  1872  0  0
572  208  2025-06-05 20-36-20  15180.8  1782.6  146832  0  1872  0  0
573  208  2025-06-05 20-36-20  15182.4  1786.02  146832  0  1872  0  0
574  208  2025-06-05 20-36-20  15184  1789.77  146832  0  1872  0  0
575  208  2025-06-05 20-36-20  15185.6  1793.83  146832  0  1872  0  0
576  208  2025-06-05 20-36-20  15187.2  1798.21  146832  0  1872  0  0
577  208  2025-06-05 20-36-20  15188.8  1802.9  146832  0  1872  0  0
578  208  2025-06-05 20-36-20  15190.4  1807.89  146832  0  1872  0  0
579  208  2025-06-05 20-36-20  15192  1813.16  146832  0  1872  0  0
580  208  2025-06-05 20-36-20  15193.6  1818.72  146832  0  1872  0  0
581  208  2025-06-05 20-36-20  15195.2  1824.55  146832  0  1872  0  0
582  208  2025-06-05 20-36-20  15196.8  1830.66  146832  0  1872  0  0
583  208  2025-06-05 20-36-20  15198.4  1837.02  146832  0  1872  0  0
584  208  2025-06-05 20-36-20  15200  1843.63  146832  0  1872  0  0
585  208  2025-06-05 20-36-20  15201.6  1850.48  146832  0  1872  0  0
586  208  2025-06-05 20-36-20  15203.2  1857.57  146832  0  1872  0  0
587  208  2025-06-05 20-36-20  15204.8  1864.88  146832  0  1872  0  0
588  208  2025-06-05 20-36-20  15206.4  1872.41  146832  0  1872  0  0
589  208  2025-06-05 20-36-20  15208  1880.15  146832  0  1872  0  0
590  208  2025-06-05 20-36-20  15209.6  1888.1  146832  0  1872  0  0
591  208  2025-06-05 20-36-20  15211.2  1896.24  146832  0  1872  0  0
592  208  2025-06-05 20-36-20  15212.8  1904.57  146832  0  1872  0  0
593  208  2025-06-05 20-36-20  15214.4  1913.09  146832  0  1872  0  0
594  208  2025-06-05 20-36-20  15216  1921.77  146832  0  1872  0  0
595  208  2025-06-05 20-36-20  15217.6  1930.63  146832  0  1872  0  0
596  208  2025-06-05 20-36-20  15219.2  1939.65  146832  0  1872  0  0
597  208  2025-06-05 20-36-20  15220.8  1948.82  146832  0  1872  0  0
598  208  2025-06-05 20-36-20  15222.4  1958.15  146832  0  1872  0  0
599  208  2025-06-05 20-36-20  15224  1967.62  146832  0  1872  0  0
600  208  2025-06-05 20-36-20  15225.6  1977.22  146832  0  1872  0  0
601  208  2025-06-05 20-36-20  15227.2  1986.96  146832  0  1872  0  0
602  208  2025-06-05 20-36-20  15228.8  1996.83  146832  0  1872  0  0
603  208  2025-06-05 20-36-20  15230.4  2006.82  146832  0  1872  0  0
604  208  2025-06-05 20-36-20  15232  2016.93  146832  0  1872  0  0
605  208  2025-06-05 20-36-20  15233.6  2027.15  146832  0  1872  0  0
606  208  2025-06-05 20-36-20  15235.2  2037.49  146832  0  1872  0  0
607  208  2025-06-05 20-36-20  15236.8  2047.92  146832  0  1872  0  0
608  208  2025-06-05 20-36-20  15238.4  2058.46  146832  0  1872  0  0
609  208  2025-06-05 20-36-20  15240  2069.1  146832  0  1872  0  0
610  208  2025-06-05 20-36-20  15241.6  2079.83  146832  0  1872  0  0
611  208  2025-06-05 20-36-20  15243.2  2090.65  146832  0  1872  0  0
612  208  2025-06-05 20-36-20  15244.8  2101.55  146832  0  1872  0  0
613  208  2025-06-05 20-36-20  15246.4  2112.54  146832  0  1872  0  0
614  208  2025-06-05 20-36-20  15248  2123.61  146832  0  1872  0  0
615  208  2025-06-05 20-36-20  15249.6  2134.76  146832  0  1872  0  0
616  208  2025-06-05 20-36-20  15251.2  2145.98  146832  0  1872  0  0
617  208  2025-06-05 20-36-20  15252.8  2157.27  146832  0  1872  0  0
618  208  2025-06-05 20-36-20  15254.4  2168.63  146832  0  1872  0  0
619  208  2025-06-05 20-36-20  15256  2180.06  146832  0  1872  0  0
620  208  2025-06-05 20-36-20  15257.6  2191.55  146832  0  1872  0  0
621  208  2025-06-05 20-36-20  15259.2  2203.1  146832  0  1872  0  0
622  208  2025-06-05 20-36-20  15260.8  2214.71  146832  0  1872  0  0
623  208  2025-06-05 20-36-20  15262.4  2226.38  146832  0  1872  0  0
624  208  2025-06-05 20-36-20  15264  2238.11  146832  0  1872  0  0
625  208  2025-06-05 20-36-20  15265.6  2249.89  146832  0  1872  0  0
626  208  2025-06-05 20-36-20  15267.2  2261.72  146832  0  1872  0  0
627  208  2025-06-05 20-36-20  15268.8  2273.59  146832  0  1872  0  0
628  208  2025-06-05 20-36-20  15270.4  2285.52  146832  0  1872  0  0
629  208  2025-06-05 20-36-20  15272  2297.49  146832  0  1872  0  0
630  208  2025-06-05 20-36-20  15273.6  2309.51  146832  0  1872  0  0
631  208  2025-06-05 20-36-20  15275.2  2321.57  146832  0  1872  0  0
632  208  2025-06-05 20-36-20  15276.8  2333.67  146832  0  1872  0  0
633  208  2025-06-05 20-36-20  15278.4  2345.82  146832  0  1872  0  0
634  208  2025-06-05 20-36-20  15280  2358  146832  0  1872  0  0
635  208  2025-06-05 20-36-20  15281.6  2370.22  146832  0  1872  0  0
636  208  2025-06-05 20-36-20  15283.2  2382.47  146832  0  1872  0  0
637  208  2025-06-05 20-36-20  15284.8  2394.76  146832  0  1872  0  0
638  208  2025-06-05 20-36-20  15286.4  2407.09  146832  0  1872  0  0
639  208  2025-06-05 20-36-20  15288  2419.45  146832  0  1872  0  0
640  208  2025-06-05 20-36-20  15289.6  2431.84  146832  0  1872  0  0
641  208  2025-06-05 20-36-20  15291.2  2444.26  146832  0  1872  0  0
642  208  2025-06-05 20-36-20  15292.8  2456.71  146832  0  1872  0  0
643  208  2025-06-05 20-36-20  15294.4  2469.19  146832  0  1872  0  0
644  208  2025-06-05 20-36-20  15296  2481.69  146832  0  1872  0  0
645  208  2025-06-05 20-36-20  15297.6  2494.23  146832  0  1872  0  0
646  208  2025-06-05 20-36-20  15299.2  2506.79  146832  0  1872  0  0
647  208  2025-06-05 20-36-20  15300.8  2519.38  146832  0  1872  0  0
648  208  2025-06-05 20-36-20  15302.4  2531.99  146832  0  1872  0  0
649  208  2025-06-05 20-36-20  15304  2544.62  146832  0  1872  0  0
650  208  2025-06-05 20-36-20  15305.6  2557.28  146832  0  1872  0  0
651  208  2025-06-05 20-36-20  15307.2  2569.96  146832  0  1872  0  0
652  208  2025-06-05 20-36-20  15308.8  2582.67  146832  0  1872  0  0
653  208  2025-06-05 20-36-20  15310.4  2595.39  146832  0  1872  0  0
654  208  2025-06-05 20-36-20  15312  2608.13  146832  0  1872  0  0
655  208  2025-06-05 20-36-20  15313.6  2620.9  146832  0  1872  0  0
656  208  2025-06-05 20-36-20  15315.2  2633.68  146832  0  1872  0  0
657  208  2025-06-05 20-36-20  15316.8  2646.49  146832  0  1872  0  0
658  208  2025-06-05 20-36-20  15318.4  2659.31  146832  0  1872  0  0
659  208  2025-06-05 20-36-20  15376  2671.68  150032  0  1872  0  0
660  208  2025-06-05 20-36-20  15377.6  2658.5  150032  0  1872  0  0
661  208  2025-06-05 20-36-20  15379.2  2645.33  150032  0  1872  0  0
662  208  2025-06-05 20-36-20  15380.8  2632.18  150032  0  1872  0  0
663  208  2025-06-05 20-36-20  15382.4  2619.04  150032  0  1872  0  0
664  208  2025-06-05 20-36-20  15384  2605.91  150032  0  1872  0  0
665  208  2025-06-05 20-36-20  15385.6  2592.8  150032  0  1872  0  0
666  208  2025-06-05 20-36-20  15387.2  2579.7  150032  0  1872  0  0
667  208  2025-06-05 20-36-20  15388.8  2566.62  150032  0  1872  0  0
668  208  2025-06-05 20-36-20  15390.4  2553.55  150032  0  1872  0  0
669  208  2025-06-05 20-36-20  15392  2540.5  150032  0  1872  0  0
670  208  2025-06-05 20-36-20  15393.6  2527.46  150032  0  1872  0  0
671  208  2025-06-05 20-36-20  15395.2  2514.44  150032  0  1872  0  0
672  208  2025-06-05 20-36-20  15396.8  2501.44  150032  0  1872  0  0
673  208  2025-06-05 20-36-20  15398.4  2488.46  150032  0  1872  0  0
674  208  2025-06-05 20-36-20  15400  2475.49  150032  0  1872  0  0
675  208  2025-06-05 20-36-20  15401.6  2462.54  150032  0  1872  0  0
676  208  2025-06-05 20-36-20  15403.2  2449.62  150032  0  1872  0  0
677  208  2025-06-05 20-36-20  15404.8  2436.71  150032  0  1872  0  0
678  208  2025-06-05 20-36-20  15406.4  2423.82  150032  0  1872  0  0
679  208  2025-06-05 20-36-20  15408  2410.96  150032  0  1872  0  0
680  208  2025-06-05 20-36-20  15409.6  2398.11  150032  0  1872  0  0
681  208  2025-06-05 20-36-20  15411.2  2385.29  150032  0  1872  0  0
682  208  2025-06-05 20-36-20  15412.8  2372.5  150032  0  1872  0  0
683  208  2025-06-05 20-36-20  15414.4  2359.72  150032  0  1872  0  0
684  208  2025-06-05 20-36-20  15416  2346.97  150032  0  1872  0  0
685  208  2025-06-05 20-36-20  15417.6  2334.25  150032  0  1872  0  0
686  208  2025-06-05 20-36-20  15419.2  2321.55  150032  0  1872  0  0
687  208  2025-06-05 20-36-20  15420.8  2308.88  150032  0  1872  0  0
688  208  2025-06-05 20-36-20  15422.4  2296.24  150032  0  1872  0  0
689  208  2025-06-05 20-36-20  15424  2283.63  150032  0  1872  0  0
690  208  2025-06-05 20-36-20  15425.6  2271.05  150032  0  1872  0  0
691  208  2025-06-05 20-36-20  15427.2  2258.5  150032  0  1872  0  0
692  208  2025-06-05 20-36-20  15428.8  2245.98  150032  0  1872  0  0
693  208  2025-06-05 20-36-20  15430.4  2233.5  150032  0  1872  0  0
694  208  2025-06-05 20-36-20  15432  2221.05  150032  0  1872  0  0
695  208  2025-06-05 20-36-20  15433.6  2208.63  150032  0  1872  0  0
696  208  2025-06-05 20-36-20  15435.2  2196.26  150032  0  1872  0  0
697  208  2025-06-05 20-36-20  15436.8  2183.92  150032  0  1872  0  0
698  208  2025-06-05 20-36-20  15438.4  2171.63  150032  0  1872  0  0
699  208  2025-06-05 20-36-20  15440  2159.37  150032  0  1872  0  0
700  208  2025-06-05 20-36-20  15441.6  2147.16  150032  0  1872  0  0
701  208  2025-06-05 20-36-20  15443.2  2135  150032  0  1872  0  0
702  208  2025-06-05 20-36-20  15444.8  2122.88  150032  0  1872  0  0
703  208  2025-06-05 20-36-20  15446.4  2110.81  150032  0  1872  0  0
704  208  2025-06-05 20-36-20  15448  2098.8  150032  0  1872  0  0
705  208  2025-06-05 20-36-20  15449.6  2086.83  150032  0  1872  0  0
706  208  2025-06-05 20-36-20  15451.2  2074.92  150032  0  1872  0  0
707  208  2025-06-05 20-36-20  15452.8  2063.07  150032  0  1872  0  0
708  208  2025-06-05 20-36-20  15454.4  2051.28  150032  0  1872  0  0
709  208  2025-06-05 20-36-20  15456  2039.56  150032  0  1872  0  0
710  208  2025-06-05 20-36-20  15457.6  2027.89  150032  0  1872  0  0
711  208  2025-06-05 20-36-20  15459.2  2016.3  150032  0  1872  0  0
712  208  2025-06-05 20-36-20  15460.8  2004.78  150032  0  1872  0  0
713  208  2025-06-05 20-36-20  15462.4  1993.33  150032  0  1872  0  0
714  208  2025-06-05 20-36-20  15464  1981.96  150032  0  1872  0  0
715  208  2025-06-05 20-36-20  15465.6  1970.67  150032  0  1872  0  0
716  208  2025-06-05 20-36-20  15467.2  1959.47  150032  0  1872  0  0
717  208  2025-06-05 20-36-20  15468.8  1948.36  150032  0  1872  0  0
718  208  2025-06-05 20-36-20  15470.4  1937.34  150032  0  1872  0  0
719  208  2025-06-05 20-36-20  15472  1926.42  150032  0  1872  0  0
720  208  2025-06-05 20-36-20  15473.6  1915.6  150032  0  1872  0  0
721  208  2025-06-05 20-36-20  15475.2  1904.88  150032  0  1872  0  0
722  208  2025-06-05 20-36-20  15476.8  1894.28  150032  0  1872  0  0
723  208  2025-06-05 20-36-20  15478.4  1883.8  150032  0  1872  0  0
724  208  2025-06-05 20-36-20  15480  1873.44  150032  0  1872  0  0
725  208  2025-06-05 20-36-20  15481.6  1863.21  150032  0  1872  0  0
726  208  2025-06-05 20-36-20  15483.2  1853.12  150032  0  1872  0  0
727  208  2025-06-05 20-36-20  15484.8  1843.17  150032  0  1872  0  0
728  208  2025-06-05 20-36-20  15486.4  1833.37  150032  0  1872  0  0
729  208  2025-06-05 20-36-20  15488  1823.72  150032  0  1872  0  0
730  208  2025-06-05 20-36-20  15489.6  1814.24  150032  0  1872  0  0
731  208  2025-06-05 20-36-20  15491.2  1804.94  150032  0  1872  0  0
732  208  2025-06-05 20-36-20  15492.8  1795.81  150032  0  1872  0  0
733  208  2025-06-05 20-36-20  15494.4  1786.88  150032  0  1872  0  0
734  208  2025-06-05 20-36-20  15496  1778.14  150032  0  1872  0  0
735  208  2025-06-05 20-36-20  15497.6  1769.61  150032  0  1872  0  0
736  208  2025-06-05 20-36-20  15499.2  1761.31  150032  0  1872  0  0
737  208  2025-06-05 20-36-20  15500.8  1753.23  150032  0  1872  0  0
738  208  2025-06-05 20-36-20  15502.4  1745.39  150032  0  1872  0  0
739  208  2025-06-05 20-36-20  15504  1737.8  150032  0  1872  0  0
740  208  2025-06-05 20-36-20  15505.6  1730.48  150032  0  1872  0  0
741  208  2025-06-05 20-36-20  15507.2  1723.43  150032  0  1872  0  0
742  208  2025-06-05 20-36-20  15508.8  1716.66  150032  0  1872  0  0
743  208  2025-06-05 20-36-20  15510.4  1710.2  150032  0  1872  0  0
744  208  2025-06-05 20-36-20  15512  1704.04  150032  0  1872  0  0
745  208  2025-06-05 20-36-20  15513.6  1698.21  150032  0  1872  0  0
746  208  2025-06-05 20-36-20  15515.2  1692.71  150032  0  1872  0  0
747  208  2025-06-05 20-36-20  15516.8  1687.56  150032  0  1872  0  0
748  208  2025-06-05 20-36-20  15518.4  1682.77  150032  0  1872  0  0
749  208  2025-06-05 20-36-20  15520  1678.35  150032  0  1872  0  0
750  208  2025-06-05 20-36-20  15521.6  1674.31  150032  0  1872  0  0
751  208  2025-06-05 20-36-20  15523.2  1670.66  150032  0  1872  0  0
752  208  2025-06-05 20-36-20  15524.8  1667.41  150032  0  1872  0  0
753  208  2025-06-05 20-36-20  15526.4  1664.57  150032  0  1872  0  0
754  208  2025-06-05 20-36-20  15528  1662.16  150032  0  1872  0  0
755  208  2025-06-05 20-36-20  15529.6  1660.16  150032  0  1872  0  0
756  208  2025-06-05 20-36-20  15531.2  1658.6  150032  0  1872  0  0
757  208  2025-06-05 20-36-20  15532.8  1657.47  150032  0  1872  0  0
758  208  2025-06-05 20-36-20  15534.4  1656.78  150032  0  1872  0  0
759  208  2025-06-05 20-36-20  15536  1656.54  150032  0  1872  0  0
760  208  2025-06-05 20-36-20  15537.6  1656.73  150032  0  1872  0  0
761  208  2025-06-05 20-36-20  15539.2  1657.37  150032  0  1872  0  0
762  208  2025-06-05 20-36-20  15540.8  1658.45  150032  0  1872  0  0
763  208  2025-06-05 20-36-20  15542.4  1659.96  150032  0  1872  0  0
764  208  2025-06-05 20-36-20  15544  1661.9  150032  0  1872  0  0
765  208  2025-06-05 20-36-20  15545.6  1664.27  150032  0  1872  0  0
766  208  2025-06-05 20-36-20  15547.2  1667.05  150032  0  1872  0  0
767  208  2025-06-05 20-36-20  15548.8  1670.25  150032  0  1872  0  0
768  208  2025-06-05 20-36-20  15550.4  1673.85  150032  0  1872  0  0
769  208  2025-06-05 20-36-20  15552  1677.84  150032  0  1872  0  0
770  208  2025-06-05 20-36-20  15553.6  1682.21  150032  0  1872  0  0
771  208  2025-06-05 20-36-20  15555.2  1686.94  150032  0  1872  0  0
772  208  2025-06-05 20-36-20  15556.8  1692.04  150032  0  1872  0  0
773  208  2025-06-05 20-36-20  15558.4  1697.49  150032  0  1872  0  0
774  208  2025-06-05 20-36-20  15560  1703.26  150032  0  1872  0  0
775  208  2025-06-05 20-36-20  15561.6  1709.36  150032  0  1872  0  0
776  208  2025-06-05 20-36-20  15563.2  1715.77  150032  0  1872  0  0
777  208  2025-06-05 20-36-20  15564.8  1722.48  150032  0  1872  0  0
778  208  2025-06-05 20-36-20  15566.4  1729.47  150032  0  1872  0  0
779  208  2025-06-05 20-36-20  15568  1736.74  150032  0  1872  0  0
780  208  2025-06-05 20-36-20  15569.6  1744.27  150032  0  1872  0  0
781  208  2025-06-05 20-36-20  15571.2  1752.05  150032  0  1872  0  0
782  208  2025-06-05 20-36-20  15572.8  1760.06  150032  0  1872  0  0
783  208  2025-06-05 20-36-20  15574.4  1768.31  150032  0  1872  0  0
784  208  2025-06-05 20-36-20  15576  1776.78  150032  0  1872  0  0
785  208  2025-06-05 20-36-20  15577.6  1785.45  150032  0  1872  0  0
786  208  2025-06-05 20-36-20  15579.2  1794.32  150032  0  1872  0  0
787  208  2025-06-05 20-36-20  15580.8  1803.38  150032  0  1872  0  0
788  208  2025-06-05 20-36-20  15582.4  1812.62  150032  0  1872  0  0
789  208  2025-06-05 20-36-20  15584  1822.03  150032  0  1872  0  0
790  208  2025-06-05 20-36-20  15585.6  1831.6  150032  0  1872  0  0
791  208  2025-06-05 20-36-20  15587.2  1841.33  150032  0  1872  0  0
792  208  2025-06-05 20-36-20  15588.8  1851.21  150032  0  1872  0  0
793  208  2025-06-05 20-36-20  15590.4  1861.23  150032  0  1872  0  0
794  208  2025-06-05 20-36-20  15592  1871.38  150032  0  1872  0  0
795  208  2025-06-05 20-36-20  15593.6  1881.66  150032  0  1872  0  0
796  208  2025-06-05 20-36-20  15595.2  1892.07  150032  0  1872  0  0
797  208  2025-06-05 20-36-20  15596.8  1902.59  150032  0  1872  0  0
798  208  2025-06-05 20-36-20  15598.4  1913.22  150032  0  1872  0  0
799  208  2025-06-05 20-36-20  15600  1923.96  150032  0  1872  0  0
800  208  2025-06-05 20-36-20  15601.6  1934.79  150032  0  1872  0  0
801  208  2025-06-05 20-36-20  15603.2  1945.73  150032  0  1872  0  0
802  208  2025-06-05 20-36-20  15604.8  1956.75  150032  0  1872  0  0
803  208  2025-06-05 20-36-20  15606.4  1967.87  150032  0  1872  0  0
804  208  2025-06-05 20-36-20  15608  1979.06  150032  0  1872  0  0
805  208  2025-06-05 20-36-20  15609.6  1990.34  150032  0  1872  0  0
806  208  2025-06-05 20-36-20  15611.2  2001.69  150032  0  1872  0  0
807  208  2025-06-05 20-36-20  15612.8  2013.12  150032  0  1872  0  0
808  208  2025-06-05 20-36-20  15614.4  2024.62  150032  0  1872  0  0
809  208  2025-06-05 20-36-20  15616  2036.18  150032  0  1872  0  0
810  208  2025-06-05 20-36-20  15617.6  2047.81  150032  0  1872  0  0
811  208  2025-06-05 20-36-20  15619.2  2059.49  150032  0  1872  0  0
812  208  2025-06-05 20-36-20  15620.8  2071.24  150032  0  1872  0  0
813  208  2025-06-05 20-36-20  15622.4  2083.04  150032  0  1872  0  0
814  208  2025-06-05 20-36-20  15624  2094.9  150032  0  1872  0  0
815  208  2025-06-05 20-36-20  15625.6  2106.8  150032  0  1872  0  0
816  208  2025-06-05 20-36-20  15627.2  2118.76  150032  0  1872  0  0
817  208  2025-06-05 20-36-20  15628.8  2130.76  150032  0  1872  0  0
818  208  2025-06-05 20-36-20  15630.4  2142.81  150032  0  1872  0  0
819  208  2025-06-05 20-36-20  15632  2154.91  150032  0  1872  0  0
820  208  2025-06-05 20-36-20  15633.6  2167.04  150032  0  1872  0  0
821  208  2025-06-05 20-36-20  15635.2  2179.22  150032  0  1872  0  0
822  208  2025-06-05 20-36-20  15636.8  2191.43  150032  0  1872  0  0
823  208  2025-06-05 20-36-20  15638.4  2203.68  150032  0  1872  0  0
824  208  2025-06-05 20-36-20  15640  2215.97  150032  0  1872  0  0
825  208  2025-06-05 20-36-20  15641.6  2228.29  150032  0  1872  0  0
826  208  2025-06-05 20-36-20  15643.2  2240.64  150032  0  1872  0  0
827  208  2025-06-05 20-36-20  15644.8  2253.03  150032  0  1872  0  0
828  208  2025-06-05 20-36-20  15646.4  2265.45  150032  0  1872  0  0
829  208  2025-06-05 20-36-20  15648  2277.89  150032  0  1872  0  0
830  208  2025-06-05 20-36-20  15649.6  2290.37  150032  0  1872  0  0
831  208  2025-06-05 20-36-20  15651.2  2302.87  150032  0  1872  0  0
832  208  2025-06-05 20-36-20  15652.8  2315.4  150032  0  1872  0  0
833  208  2025-06-05 20-36-20  15654.4  2327.95  150032  0  1872  0  0
834  208  2025-06-05 20-36-20  15656  2340.53  150032  0  1872  0  0
835  208  2025-06-05 20-36-20  15657.6  2353.13  150032  0  1872  0  0
836  208  2025-06-05 20-36-20  15659.2  2365.76  150032  0  1872  0  0
837  208  2025-06-05 20-36-20  15660.8  2378.41  150032  0  1872  0  0
838  208  2025-06-05 20-36-20  15662.4  2391.07  150032  0  1872  0  0
839  208  2025-06-05 20-36-20  15664  2403.76  150032  0  1872  0  0
840  208  2025-06-05 20-36-20  15665.6  2416.47  150032  0  1872  0  0
841  208  2025-06-05 20-36-20  15667.2  2429.2  150032  0  1872  0  0
842  208  2025-06-05 20-36-20  15668.8  2441.95  150032  0  1872  0  0
843  208  2025-06-05 20-36-20  15670.4  2454.72  150032  0  1872  0  0
844  208  2025-06-05 20-36-20  15672  2467.5  150032  0  1872  0  0
845  208  2025-06-05 20-36-20  15673.6  2480.3  150032  0  1872  0  0
846  208  2025-06-05 20-36-20  15675.2  2493.12  150032  0  1872  0  0
847  208  2025-06-05 20-36-20  15676.8  2505.95  150032  0  1872  0  0
848  208  2025-06-05 20-36-20  15678.4  2518.8  150032  0  1872  0  0
849  208  2025-06-05 20-36-20  15680  2531.66  150032  0  1872  0  0
850  208  2025-06-05 20-36-20  15681.6  2544.54  150032  0  1872  0  0
851  208  2025-06-05 20-36-20  15683.2  2557.43  150032  0  1872  0  0
852  208  2025-06-05 20-36-20  15684.8  2570.33  150032  0  1872  0  0
853  208  2025-06-05 20-36-20  15686.4  2583.25  150032  0  1872  0  0
854  208  2025-06-05 20-36-20  15688  2596.18  150032  0  1872  0  0
855  208  2025-06-05 20-36-20  15689.6  2609.12  150032  0  1872  0  0
856  208  2025-06-05 20-36-20  15691.2  2622.08  150032  0  1872  0  0
857  208  2025-06-05 20-36-20  15692.8  2635.04  150032  0  1872  0  0
858  208  2025-06-05 20-36-20  15694.4  2648.02  150032  0  1872  0  0
859  208  2025-06-05 20-36-20  15696  2661.01  150032  0  1872  0  0
