SN    USVID    CurTime    simTime    AVOID_Dis    OBS_X    OBS_Y    OBS_R     OBS_V      OBS_Yaw   
0  192  2025-06-05 20-36-17  2534.4  2668.46  25232  0  1872  0  0
1  192  2025-06-05 20-36-17  2536  2654.66  25232  0  1872  0  0
2  192  2025-06-05 20-36-17  2537.6  2640.85  25232  0  1872  0  0
3  192  2025-06-05 20-36-17  2539.2  2627.05  25232  0  1872  0  0
4  192  2025-06-05 20-36-17  2540.8  2613.24  25232  0  1872  0  0
5  192  2025-06-05 20-36-17  2542.4  2599.43  25232  0  1872  0  0
6  192  2025-06-05 20-36-17  2544  2585.61  25232  0  1872  0  0
7  192  2025-06-05 20-36-17  2545.6  2571.8  25232  0  1872  0  0
8  192  2025-06-05 20-36-17  2547.2  2557.98  25232  0  1872  0  0
9  192  2025-06-05 20-36-17  2548.8  2544.16  25232  0  1872  0  0
10  192  2025-06-05 20-36-17  2550.4  2530.33  25232  0  1872  0  0
11  192  2025-06-05 20-36-17  2552  2516.51  25232  0  1872  0  0
12  192  2025-06-05 20-36-17  2553.6  2502.68  25232  0  1872  0  0
13  192  2025-06-05 20-36-17  2555.2  2488.86  25232  0  1872  0  0
14  192  2025-06-05 20-36-17  2556.8  2475.03  25232  0  1872  0  0
15  192  2025-06-05 20-36-17  2558.4  2461.19  25232  0  1872  0  0
16  192  2025-06-05 20-36-17  2560  2447.36  25232  0  1872  0  0
17  192  2025-06-05 20-36-17  2561.6  2433.53  25232  0  1872  0  0
18  192  2025-06-05 20-36-17  2563.2  2419.69  25232  0  1872  0  0
19  192  2025-06-05 20-36-17  2564.8  2405.86  25232  0  1872  0  0
20  192  2025-06-05 20-36-17  2566.4  2392.02  25232  0  1872  0  0
21  192  2025-06-05 20-36-17  2568  2378.19  25232  0  1872  0  0
22  192  2025-06-05 20-36-17  2569.6  2364.35  25232  0  1872  0  0
23  192  2025-06-05 20-36-17  2571.2  2350.51  25232  0  1872  0  0
24  192  2025-06-05 20-36-17  2572.8  2336.68  25232  0  1872  0  0
25  192  2025-06-05 20-36-17  2574.4  2322.84  25232  0  1872  0  0
26  192  2025-06-05 20-36-17  2576  2309.01  25232  0  1872  0  0
27  192  2025-06-05 20-36-17  2577.6  2295.17  25232  0  1872  0  0
28  192  2025-06-05 20-36-17  2579.2  2281.34  25232  0  1872  0  0
29  192  2025-06-05 20-36-17  2580.8  2267.51  25232  0  1872  0  0
30  192  2025-06-05 20-36-17  2582.4  2253.68  25232  0  1872  0  0
31  192  2025-06-05 20-36-17  2584  2239.86  25232  0  1872  0  0
32  192  2025-06-05 20-36-17  2585.6  2226.03  25232  0  1872  0  0
33  192  2025-06-05 20-36-17  2587.2  2212.21  25232  0  1872  0  0
34  192  2025-06-05 20-36-17  2588.8  2198.39  25232  0  1872  0  0
35  192  2025-06-05 20-36-17  2590.4  2184.58  25232  0  1872  0  0
36  192  2025-06-05 20-36-17  2592  2170.77  25232  0  1872  0  0
37  192  2025-06-05 20-36-17  2593.6  2156.96  25232  0  1872  0  0
38  192  2025-06-05 20-36-17  2595.2  2143.16  25232  0  1872  0  0
39  192  2025-06-05 20-36-17  2596.8  2129.36  25232  0  1872  0  0
40  192  2025-06-05 20-36-17  2598.4  2115.57  25232  0  1872  0  0
41  192  2025-06-05 20-36-17  2600  2101.79  25232  0  1872  0  0
42  192  2025-06-05 20-36-17  2601.6  2088.01  25232  0  1872  0  0
43  192  2025-06-05 20-36-17  2603.2  2074.25  25232  0  1872  0  0
44  192  2025-06-05 20-36-17  2604.8  2060.49  25232  0  1872  0  0
45  192  2025-06-05 20-36-17  2606.4  2046.74  25232  0  1872  0  0
46  192  2025-06-05 20-36-17  2608  2033  25232  0  1872  0  0
47  192  2025-06-05 20-36-17  2609.6  2019.27  25232  0  1872  0  0
48  192  2025-06-05 20-36-17  2611.2  2005.55  25232  0  1872  0  0
49  192  2025-06-05 20-36-17  2612.8  1991.84  25232  0  1872  0  0
50  192  2025-06-05 20-36-17  2614.4  1978.15  25232  0  1872  0  0
51  192  2025-06-05 20-36-17  2616  1964.48  25232  0  1872  0  0
52  192  2025-06-05 20-36-17  2617.6  1950.82  25232  0  1872  0  0
53  192  2025-06-05 20-36-17  2619.2  1937.17  25232  0  1872  0  0
54  192  2025-06-05 20-36-17  2620.8  1923.55  25232  0  1872  0  0
55  192  2025-06-05 20-36-17  2622.4  1909.94  25232  0  1872  0  0
56  192  2025-06-05 20-36-17  2624  1896.36  25232  0  1872  0  0
57  192  2025-06-05 20-36-17  2625.6  1882.8  25232  0  1872  0  0
58  192  2025-06-05 20-36-17  2627.2  1869.27  25232  0  1872  0  0
59  192  2025-06-05 20-36-17  2628.8  1855.77  25232  0  1872  0  0
60  192  2025-06-05 20-36-17  2630.4  1842.29  25232  0  1872  0  0
61  192  2025-06-05 20-36-17  2632  1828.85  25232  0  1872  0  0
62  192  2025-06-05 20-36-17  2633.6  1815.44  25232  0  1872  0  0
63  192  2025-06-05 20-36-17  2635.2  1802.07  25232  0  1872  0  0
64  192  2025-06-05 20-36-17  2636.8  1788.74  25232  0  1872  0  0
65  192  2025-06-05 20-36-17  2638.4  1775.45  25232  0  1872  0  0
66  192  2025-06-05 20-36-17  2640  1762.21  25232  0  1872  0  0
67  192  2025-06-05 20-36-17  2641.6  1749.03  25232  0  1872  0  0
68  192  2025-06-05 20-36-17  2643.2  1735.9  25232  0  1872  0  0
69  192  2025-06-05 20-36-17  2644.8  1722.83  25232  0  1872  0  0
70  192  2025-06-05 20-36-17  2646.4  1709.83  25232  0  1872  0  0
71  192  2025-06-05 20-36-17  2648  1696.9  25232  0  1872  0  0
72  192  2025-06-05 20-36-17  2649.6  1684.06  25232  0  1872  0  0
73  192  2025-06-05 20-36-17  2651.2  1671.3  25232  0  1872  0  0
74  192  2025-06-05 20-36-17  2652.8  1658.64  25232  0  1872  0  0
75  192  2025-06-05 20-36-17  2654.4  1646.09  25232  0  1872  0  0
76  192  2025-06-05 20-36-17  2656  1633.65  25232  0  1872  0  0
77  192  2025-06-05 20-36-17  2657.6  1621.35  25232  0  1872  0  0
78  192  2025-06-05 20-36-17  2659.2  1609.18  25232  0  1872  0  0
79  192  2025-06-05 20-36-17  2660.8  1597.17  25232  0  1872  0  0
80  192  2025-06-05 20-36-17  2662.4  1585.33  25232  0  1872  0  0
81  192  2025-06-05 20-36-17  2664  1573.69  25232  0  1872  0  0
82  192  2025-06-05 20-36-17  2665.6  1562.26  25232  0  1872  0  0
83  192  2025-06-05 20-36-17  2667.2  1551.07  25232  0  1872  0  0
84  192  2025-06-05 20-36-17  2668.8  1540.14  25232  0  1872  0  0
85  192  2025-06-05 20-36-17  2670.4  1529.5  25232  0  1872  0  0
86  192  2025-06-05 20-36-17  2672  1519.19  25232  0  1872  0  0
87  192  2025-06-05 20-36-17  2673.6  1509.25  25232  0  1872  0  0
88  192  2025-06-05 20-36-17  2675.2  1499.71  25232  0  1872  0  0
89  192  2025-06-05 20-36-17  2676.8  1490.62  25232  0  1872  0  0
90  192  2025-06-05 20-36-17  2678.4  1482.04  25232  0  1872  0  0
91  192  2025-06-05 20-36-17  2680  1474.01  25232  0  1872  0  0
92  192  2025-06-05 20-36-17  2681.6  1466.59  25232  0  1872  0  0
93  192  2025-06-05 20-36-17  2683.2  1459.86  25232  0  1872  0  0
94  192  2025-06-05 20-36-17  2684.8  1453.86  25232  0  1872  0  0
95  192  2025-06-05 20-36-17  2686.4  1448.66  25232  0  1872  0  0
96  192  2025-06-05 20-36-17  2688  1444.32  25232  0  1872  0  0
97  192  2025-06-05 20-36-17  2689.6  1440.9  25232  0  1872  0  0
98  192  2025-06-05 20-36-17  2691.2  1438.45  25232  0  1872  0  0
99  192  2025-06-05 20-36-17  2692.8  1436.99  25232  0  1872  0  0
100  192  2025-06-05 20-36-17  2694.4  1436.55  25232  0  1872  0  0
101  192  2025-06-05 20-36-17  2696  1437.14  25232  0  1872  0  0
102  192  2025-06-05 20-36-17  2697.6  1438.75  25232  0  1872  0  0
103  192  2025-06-05 20-36-17  2699.2  1441.36  25232  0  1872  0  0
104  192  2025-06-05 20-36-17  2700.8  1444.94  25232  0  1872  0  0
105  192  2025-06-05 20-36-17  2702.4  1449.43  25232  0  1872  0  0
106  192  2025-06-05 20-36-17  2704  1454.78  25232  0  1872  0  0
107  192  2025-06-05 20-36-17  2705.6  1460.94  25232  0  1872  0  0
108  192  2025-06-05 20-36-17  2707.2  1467.84  25232  0  1872  0  0
109  192  2025-06-05 20-36-17  2708.8  1475.42  25232  0  1872  0  0
110  192  2025-06-05 20-36-17  2710.4  1483.62  25232  0  1872  0  0
111  192  2025-06-05 20-36-17  2712  1492.38  25232  0  1872  0  0
112  192  2025-06-05 20-36-17  2713.6  1501.64  25232  0  1872  0  0
113  192  2025-06-05 20-36-17  2715.2  1511.37  25232  0  1872  0  0
114  192  2025-06-05 20-36-17  2716.8  1521.51  25232  0  1872  0  0
115  192  2025-06-05 20-36-17  2718.4  1532.02  25232  0  1872  0  0
116  192  2025-06-05 20-36-17  2720  1542.86  25232  0  1872  0  0
117  192  2025-06-05 20-36-17  2721.6  1554.01  25232  0  1872  0  0
118  192  2025-06-05 20-36-17  2723.2  1565.43  25232  0  1872  0  0
119  192  2025-06-05 20-36-17  2724.8  1577.09  25232  0  1872  0  0
120  192  2025-06-05 20-36-17  2726.4  1588.98  25232  0  1872  0  0
121  192  2025-06-05 20-36-17  2728  1601.07  25232  0  1872  0  0
122  192  2025-06-05 20-36-17  2729.6  1613.34  25232  0  1872  0  0
123  192  2025-06-05 20-36-17  2731.2  1625.78  25232  0  1872  0  0
124  192  2025-06-05 20-36-17  2732.8  1638.37  25232  0  1872  0  0
125  192  2025-06-05 20-36-17  2734.4  1651.1  25232  0  1872  0  0
126  192  2025-06-05 20-36-17  2736  1663.96  25232  0  1872  0  0
127  192  2025-06-05 20-36-17  2737.6  1676.93  25232  0  1872  0  0
128  192  2025-06-05 20-36-17  2739.2  1690.02  25232  0  1872  0  0
129  192  2025-06-05 20-36-17  2740.8  1703.2  25232  0  1872  0  0
130  192  2025-06-05 20-36-17  2742.4  1716.47  25232  0  1872  0  0
131  192  2025-06-05 20-36-17  2744  1729.83  25232  0  1872  0  0
132  192  2025-06-05 20-36-17  2745.6  1743.26  25232  0  1872  0  0
133  192  2025-06-05 20-36-17  2747.2  1756.77  25232  0  1872  0  0
134  192  2025-06-05 20-36-17  2748.8  1770.35  25232  0  1872  0  0
135  192  2025-06-05 20-36-17  2750.4  1783.99  25232  0  1872  0  0
136  192  2025-06-05 20-36-17  2752  1797.69  25232  0  1872  0  0
137  192  2025-06-05 20-36-17  2753.6  1811.44  25232  0  1872  0  0
138  192  2025-06-05 20-36-17  2755.2  1825.25  25232  0  1872  0  0
139  192  2025-06-05 20-36-17  2756.8  1839.1  25232  0  1872  0  0
140  192  2025-06-05 20-36-17  2758.4  1853.01  25232  0  1872  0  0
141  192  2025-06-05 20-36-17  2760  1866.95  25232  0  1872  0  0
142  192  2025-06-05 20-36-17  2761.6  1880.94  25232  0  1872  0  0
143  192  2025-06-05 20-36-17  2763.2  1894.96  25232  0  1872  0  0
144  192  2025-06-05 20-36-17  2764.8  1909.03  25232  0  1872  0  0
145  192  2025-06-05 20-36-17  2766.4  1923.12  25232  0  1872  0  0
146  192  2025-06-05 20-36-17  2768  1937.25  25232  0  1872  0  0
147  192  2025-06-05 20-36-17  2769.6  1951.41  25232  0  1872  0  0
148  192  2025-06-05 20-36-17  2771.2  1965.61  25232  0  1872  0  0
149  192  2025-06-05 20-36-17  2772.8  1979.83  25232  0  1872  0  0
150  192  2025-06-05 20-36-17  2774.4  1994.07  25232  0  1872  0  0
151  192  2025-06-05 20-36-17  2776  2008.35  25232  0  1872  0  0
152  192  2025-06-05 20-36-17  2777.6  2022.65  25232  0  1872  0  0
153  192  2025-06-05 20-36-17  2779.2  2036.97  25232  0  1872  0  0
154  192  2025-06-05 20-36-17  2780.8  2051.32  25232  0  1872  0  0
155  192  2025-06-05 20-36-17  2782.4  2065.69  25232  0  1872  0  0
156  192  2025-06-05 20-36-17  2784  2080.08  25232  0  1872  0  0
157  192  2025-06-05 20-36-17  2785.6  2094.49  25232  0  1872  0  0
158  192  2025-06-05 20-36-17  2787.2  2108.92  25232  0  1872  0  0
159  192  2025-06-05 20-36-17  2788.8  2123.37  25232  0  1872  0  0
160  192  2025-06-05 20-36-17  2790.4  2137.84  25232  0  1872  0  0
161  192  2025-06-05 20-36-17  2792  2152.32  25232  0  1872  0  0
162  192  2025-06-05 20-36-17  2793.6  2166.83  25232  0  1872  0  0
163  192  2025-06-05 20-36-17  2795.2  2181.35  25232  0  1872  0  0
164  192  2025-06-05 20-36-17  2796.8  2195.89  25232  0  1872  0  0
165  192  2025-06-05 20-36-17  2798.4  2210.44  25232  0  1872  0  0
166  192  2025-06-05 20-36-17  2800  2225.01  25232  0  1872  0  0
167  192  2025-06-05 20-36-17  2801.6  2239.59  25232  0  1872  0  0
168  192  2025-06-05 20-36-17  2803.2  2254.19  25232  0  1872  0  0
169  192  2025-06-05 20-36-17  2804.8  2268.81  25232  0  1872  0  0
170  192  2025-06-05 20-36-17  2806.4  2283.43  25232  0  1872  0  0
171  192  2025-06-05 20-36-17  2808  2298.07  25232  0  1872  0  0
172  192  2025-06-05 20-36-17  2809.6  2312.73  25232  0  1872  0  0
173  192  2025-06-05 20-36-17  2811.2  2327.4  25232  0  1872  0  0
174  192  2025-06-05 20-36-17  2812.8  2342.08  25232  0  1872  0  0
175  192  2025-06-05 20-36-17  2814.4  2356.77  25232  0  1872  0  0
176  192  2025-06-05 20-36-17  2816  2371.47  25232  0  1872  0  0
177  192  2025-06-05 20-36-17  2817.6  2386.19  25232  0  1872  0  0
178  192  2025-06-05 20-36-17  2819.2  2400.92  25232  0  1872  0  0
179  192  2025-06-05 20-36-17  2820.8  2415.66  25232  0  1872  0  0
180  192  2025-06-05 20-36-17  2822.4  2430.41  25232  0  1872  0  0
181  192  2025-06-05 20-36-17  2824  2445.17  25232  0  1872  0  0
182  192  2025-06-05 20-36-17  2825.6  2459.95  25232  0  1872  0  0
183  192  2025-06-05 20-36-17  2827.2  2474.73  25232  0  1872  0  0
184  192  2025-06-05 20-36-17  2828.8  2489.52  25232  0  1872  0  0
185  192  2025-06-05 20-36-17  2830.4  2504.33  25232  0  1872  0  0
186  192  2025-06-05 20-36-17  14032  2519.13  25232  0  1872  0  0
187  192  2025-06-05 20-36-17  14033.6  2533.96  25232  0  1872  0  0
188  192  2025-06-05 20-36-17  14035.2  2548.82  25232  0  1872  0  0
189  192  2025-06-05 20-36-17  14036.8  2563.71  25232  0  1872  0  0
190  192  2025-06-05 20-36-17  14038.4  2578.63  25232  0  1872  0  0
191  192  2025-06-05 20-36-17  14040  2593.57  25232  0  1872  0  0
192  192  2025-06-05 20-36-17  14041.6  2608.54  25232  0  1872  0  0
193  192  2025-06-05 20-36-17  14043.2  2623.52  25232  0  1872  0  0
194  192  2025-06-05 20-36-17  14044.8  2638.52  25232  0  1872  0  0
195  192  2025-06-05 20-36-17  14046.4  2653.55  25232  0  1872  0  0
196  192  2025-06-05 20-36-17  14048  2668.59  25232  0  1872  0  0
197  192  2025-06-05 20-36-17  14104  2663.59  140432  0  1872  0  0
198  192  2025-06-05 20-36-17  14105.6  2652.24  140432  0  1872  0  0
199  192  2025-06-05 20-36-17  14107.2  2641.05  140432  0  1872  0  0
200  192  2025-06-05 20-36-17  14108.8  2630.03  140432  0  1872  0  0
201  192  2025-06-05 20-36-17  14110.4  2619.18  140432  0  1872  0  0
202  192  2025-06-05 20-36-17  14112  2608.51  140432  0  1872  0  0
203  192  2025-06-05 20-36-17  14113.6  2597.92  140432  0  1872  0  0
204  192  2025-06-05 20-36-17  14115.2  2587.4  140432  0  1872  0  0
205  192  2025-06-05 20-36-17  14116.8  2576.97  140432  0  1872  0  0
206  192  2025-06-05 20-36-17  14118.4  2566.61  140432  0  1872  0  0
207  192  2025-06-05 20-36-17  14120  2556.35  140432  0  1872  0  0
208  192  2025-06-05 20-36-17  14121.6  2546.17  140432  0  1872  0  0
209  192  2025-06-05 20-36-17  14123.2  2536.07  140432  0  1872  0  0
210  192  2025-06-05 20-36-17  14124.8  2526.07  140432  0  1872  0  0
211  192  2025-06-05 20-36-17  14126.4  2516.16  140432  0  1872  0  0
212  192  2025-06-05 20-36-17  14128  2506.35  140432  0  1872  0  0
213  192  2025-06-05 20-36-17  14129.6  2496.63  140432  0  1872  0  0
214  192  2025-06-05 20-36-17  14131.2  2487.01  140432  0  1872  0  0
215  192  2025-06-05 20-36-17  14132.8  2477.49  140432  0  1872  0  0
216  192  2025-06-05 20-36-17  14134.4  2468.08  140432  0  1872  0  0
217  192  2025-06-05 20-36-17  14136  2458.78  140432  0  1872  0  0
218  192  2025-06-05 20-36-17  14137.6  2449.58  140432  0  1872  0  0
219  192  2025-06-05 20-36-17  14139.2  2440.49  140432  0  1872  0  0
220  192  2025-06-05 20-36-17  14140.8  2431.52  140432  0  1872  0  0
221  192  2025-06-05 20-36-17  14142.4  2422.66  140432  0  1872  0  0
222  192  2025-06-05 20-36-17  14144  2413.93  140432  0  1872  0  0
223  192  2025-06-05 20-36-17  14145.6  2405.31  140432  0  1872  0  0
224  192  2025-06-05 20-36-17  14147.2  2396.82  140432  0  1872  0  0
225  192  2025-06-05 20-36-17  14148.8  2388.46  140432  0  1872  0  0
226  192  2025-06-05 20-36-17  14150.4  2380.22  140432  0  1872  0  0
227  192  2025-06-05 20-36-17  14152  2372.12  140432  0  1872  0  0
228  192  2025-06-05 20-36-17  14153.6  2364.15  140432  0  1872  0  0
229  192  2025-06-05 20-36-17  14155.2  2356.33  140432  0  1872  0  0
230  192  2025-06-05 20-36-17  14156.8  2348.64  140432  0  1872  0  0
231  192  2025-06-05 20-36-17  14158.4  2341.1  140432  0  1872  0  0
232  192  2025-06-05 20-36-17  14160  2333.71  140432  0  1872  0  0
233  192  2025-06-05 20-36-17  14161.6  2326.46  140432  0  1872  0  0
234  192  2025-06-05 20-36-17  14163.2  2319.37  140432  0  1872  0  0
235  192  2025-06-05 20-36-17  14164.8  2312.58  140432  0  1872  0  0
236  192  2025-06-05 20-36-17  14166.4  2306.1  140432  0  1872  0  0
237  192  2025-06-05 20-36-17  14168  2299.94  140432  0  1872  0  0
238  192  2025-06-05 20-36-17  14169.6  2294.1  140432  0  1872  0  0
239  192  2025-06-05 20-36-17  14171.2  2288.6  140432  0  1872  0  0
240  192  2025-06-05 20-36-17  14172.8  2283.43  140432  0  1872  0  0
241  192  2025-06-05 20-36-17  14174.4  2278.61  140432  0  1872  0  0
242  192  2025-06-05 20-36-17  14176  2274.15  140432  0  1872  0  0
243  192  2025-06-05 20-36-17  14177.6  2270.05  140432  0  1872  0  0
244  192  2025-06-05 20-36-17  14179.2  2266.31  140432  0  1872  0  0
245  192  2025-06-05 20-36-17  14180.8  2262.95  140432  0  1872  0  0
246  192  2025-06-05 20-36-17  14182.4  2259.97  140432  0  1872  0  0
247  192  2025-06-05 20-36-17  14184  2257.24  140432  0  1872  0  0
248  192  2025-06-05 20-36-17  14185.6  2254.76  140432  0  1872  0  0
249  192  2025-06-05 20-36-17  14187.2  2252.54  140432  0  1872  0  0
250  192  2025-06-05 20-36-17  14188.8  2250.57  140432  0  1872  0  0
251  192  2025-06-05 20-36-17  14190.4  2248.87  140432  0  1872  0  0
252  192  2025-06-05 20-36-17  14192  2247.42  140432  0  1872  0  0
253  192  2025-06-05 20-36-17  14193.6  2246.24  140432  0  1872  0  0
254  192  2025-06-05 20-36-17  14195.2  2245.32  140432  0  1872  0  0
255  192  2025-06-05 20-36-17  14196.8  2244.66  140432  0  1872  0  0
256  192  2025-06-05 20-36-17  14198.4  2244.43  140432  0  1872  0  0
257  192  2025-06-05 20-36-17  14200  2244.63  140432  0  1872  0  0
258  192  2025-06-05 20-36-17  14201.6  2245.27  140432  0  1872  0  0
259  192  2025-06-05 20-36-17  14203.2  2246.34  140432  0  1872  0  0
260  192  2025-06-05 20-36-17  14204.8  2247.84  140432  0  1872  0  0
261  192  2025-06-05 20-36-17  14206.4  2249.78  140432  0  1872  0  0
262  192  2025-06-05 20-36-17  14208  2252.15  140432  0  1872  0  0
263  192  2025-06-05 20-36-17  14209.6  2254.95  140432  0  1872  0  0
264  192  2025-06-05 20-36-17  14211.2  2258.18  140432  0  1872  0  0
265  192  2025-06-05 20-36-17  14212.8  2261.84  140432  0  1872  0  0
266  192  2025-06-05 20-36-17  14214.4  2265.92  140432  0  1872  0  0
267  192  2025-06-05 20-36-17  14216  2270.42  140432  0  1872  0  0
268  192  2025-06-05 20-36-17  14217.6  2275.33  140432  0  1872  0  0
269  192  2025-06-05 20-36-17  14219.2  2280.66  140432  0  1872  0  0
270  192  2025-06-05 20-36-17  14220.8  2286.4  140432  0  1872  0  0
271  192  2025-06-05 20-36-17  14222.4  2292.53  140432  0  1872  0  0
272  192  2025-06-05 20-36-17  14224  2298.77  140432  0  1872  0  0
273  192  2025-06-05 20-36-17  14225.6  2305.14  140432  0  1872  0  0
274  192  2025-06-05 20-36-17  14227.2  2311.61  140432  0  1872  0  0
275  192  2025-06-05 20-36-17  14228.8  2318.46  140432  0  1872  0  0
276  192  2025-06-05 20-36-17  14230.4  2325.42  140432  0  1872  0  0
277  192  2025-06-05 20-36-17  14232  2332.48  140432  0  1872  0  0
278  192  2025-06-05 20-36-17  14233.6  2339.64  140432  0  1872  0  0
279  192  2025-06-05 20-36-17  14235.2  2347.16  140432  0  1872  0  0
280  192  2025-06-05 20-36-17  14236.8  2354.77  140432  0  1872  0  0
281  192  2025-06-05 20-36-17  14238.4  2362.47  140432  0  1872  0  0
282  192  2025-06-05 20-36-17  14240  2370.25  140432  0  1872  0  0
283  192  2025-06-05 20-36-17  14241.6  2378.38  140432  0  1872  0  0
284  192  2025-06-05 20-36-17  14243.2  2386.59  140432  0  1872  0  0
285  192  2025-06-05 20-36-17  14244.8  2394.87  140432  0  1872  0  0
286  192  2025-06-05 20-36-17  14246.4  2403.23  140432  0  1872  0  0
287  192  2025-06-05 20-36-17  14248  2411.91  140432  0  1872  0  0
288  192  2025-06-05 20-36-17  14249.6  2420.66  140432  0  1872  0  0
289  192  2025-06-05 20-36-17  14251.2  2429.48  140432  0  1872  0  0
290  192  2025-06-05 20-36-17  14252.8  2438.61  140432  0  1872  0  0
291  192  2025-06-05 20-36-17  14254.4  2447.8  140432  0  1872  0  0
292  192  2025-06-05 20-36-17  14256  2457.04  140432  0  1872  0  0
293  192  2025-06-05 20-36-17  14257.6  2466.34  140432  0  1872  0  0
294  192  2025-06-05 20-36-17  14259.2  2475.93  140432  0  1872  0  0
295  192  2025-06-05 20-36-17  14260.8  2485.58  140432  0  1872  0  0
296  192  2025-06-05 20-36-17  14262.4  2495.27  140432  0  1872  0  0
297  192  2025-06-05 20-36-17  14264  2505  140432  0  1872  0  0
298  192  2025-06-05 20-36-17  14265.6  2515.02  140432  0  1872  0  0
299  192  2025-06-05 20-36-17  14267.2  2525.07  140432  0  1872  0  0
300  192  2025-06-05 20-36-17  14268.8  2535.16  140432  0  1872  0  0
301  192  2025-06-05 20-36-17  14270.4  2545.52  140432  0  1872  0  0
302  192  2025-06-05 20-36-17  14272  2555.91  140432  0  1872  0  0
303  192  2025-06-05 20-36-17  14273.6  2566.34  140432  0  1872  0  0
304  192  2025-06-05 20-36-17  14275.2  2577.02  140432  0  1872  0  0
305  192  2025-06-05 20-36-17  14276.8  2587.72  140432  0  1872  0  0
306  192  2025-06-05 20-36-17  14278.4  2598.46  140432  0  1872  0  0
307  192  2025-06-05 20-36-17  14280  2609.22  140432  0  1872  0  0
308  192  2025-06-05 20-36-17  14281.6  2620.21  140432  0  1872  0  0
309  192  2025-06-05 20-36-17  14283.2  2631.23  140432  0  1872  0  0
310  192  2025-06-05 20-36-17  14284.8  2642.27  140432  0  1872  0  0
311  192  2025-06-05 20-36-17  14286.4  2653.54  140432  0  1872  0  0
312  192  2025-06-05 20-36-17  14288  2664.83  140432  0  1872  0  0
313  192  2025-06-05 20-36-17  14958.4  2670.13  146832  -15632  1872  0  0
314  192  2025-06-05 20-36-17  14960  2666.47  146832  -15632  1872  0  0
315  192  2025-06-05 20-36-17  14961.6  2662.91  146832  -15632  1872  0  0
316  192  2025-06-05 20-36-17  14963.2  2659.46  146832  -15632  1872  0  0
317  192  2025-06-05 20-36-17  14964.8  2656.11  146832  -15632  1872  0  0
318  192  2025-06-05 20-36-17  14966.4  2652.87  146832  -15632  1872  0  0
319  192  2025-06-05 20-36-17  14968  2649.73  146832  -15632  1872  0  0
320  192  2025-06-05 20-36-17  14969.6  2646.7  146832  -15632  1872  0  0
321  192  2025-06-05 20-36-17  14971.2  2643.78  146832  -15632  1872  0  0
322  192  2025-06-05 20-36-17  14972.8  2640.97  146832  -15632  1872  0  0
323  192  2025-06-05 20-36-17  14974.4  2638.26  146832  -15632  1872  0  0
324  192  2025-06-05 20-36-17  14976  2635.67  146832  -15632  1872  0  0
325  192  2025-06-05 20-36-17  14977.6  2633.18  146832  -15632  1872  0  0
326  192  2025-06-05 20-36-17  14979.2  2630.81  146832  -15632  1872  0  0
327  192  2025-06-05 20-36-17  14980.8  2628.54  146832  -15632  1872  0  0
328  192  2025-06-05 20-36-17  14982.4  2626.39  146832  -15632  1872  0  0
329  192  2025-06-05 20-36-17  14984  2624.35  146832  -15632  1872  0  0
330  192  2025-06-05 20-36-17  14985.6  2622.42  146832  -15632  1872  0  0
331  192  2025-06-05 20-36-17  14987.2  2620.61  146832  -15632  1872  0  0
332  192  2025-06-05 20-36-17  14988.8  2618.91  146832  -15632  1872  0  0
333  192  2025-06-05 20-36-17  14990.4  2617.32  146832  -15632  1872  0  0
334  192  2025-06-05 20-36-17  14992  2615.85  146832  -15632  1872  0  0
335  192  2025-06-05 20-36-17  14993.6  2614.49  146832  -15632  1872  0  0
336  192  2025-06-05 20-36-17  14995.2  2613.25  146832  -15632  1872  0  0
337  192  2025-06-05 20-36-17  14996.8  2612.12  146832  -15632  1872  0  0
338  192  2025-06-05 20-36-17  14998.4  2611.11  146832  -15632  1872  0  0
339  192  2025-06-05 20-36-17  15000  2610.21  146832  -15632  1872  0  0
340  192  2025-06-05 20-36-17  15001.6  2609.43  146832  -15632  1872  0  0
341  192  2025-06-05 20-36-17  15003.2  2608.77  146832  -15632  1872  0  0
342  192  2025-06-05 20-36-17  15004.8  2608.22  146832  -15632  1872  0  0
343  192  2025-06-05 20-36-17  15006.4  2607.78  146832  -15632  1872  0  0
344  192  2025-06-05 20-36-17  15008  2607.47  146832  -15632  1872  0  0
345  192  2025-06-05 20-36-17  15009.6  2607.27  146832  -15632  1872  0  0
346  192  2025-06-05 20-36-17  15011.2  2607.18  146832  -15632  1872  0  0
347  192  2025-06-05 20-36-17  15012.8  2607.22  146832  -15632  1872  0  0
348  192  2025-06-05 20-36-17  15014.4  2607.37  146832  -15632  1872  0  0
349  192  2025-06-05 20-36-17  15016  2607.63  146832  -15632  1872  0  0
350  192  2025-06-05 20-36-17  15017.6  2608.02  146832  -15632  1872  0  0
351  192  2025-06-05 20-36-17  15019.2  2608.52  146832  -15632  1872  0  0
352  192  2025-06-05 20-36-17  15020.8  2609.13  146832  -15632  1872  0  0
353  192  2025-06-05 20-36-17  15022.4  2609.86  146832  -15632  1872  0  0
354  192  2025-06-05 20-36-17  15024  2610.71  146832  -15632  1872  0  0
355  192  2025-06-05 20-36-17  15025.6  2611.67  146832  -15632  1872  0  0
356  192  2025-06-05 20-36-17  15027.2  2612.75  146832  -15632  1872  0  0
357  192  2025-06-05 20-36-17  15028.8  2613.94  146832  -15632  1872  0  0
358  192  2025-06-05 20-36-17  15030.4  2615.25  146832  -15632  1872  0  0
359  192  2025-06-05 20-36-17  15032  2616.67  146832  -15632  1872  0  0
360  192  2025-06-05 20-36-17  15033.6  2618.21  146832  -15632  1872  0  0
361  192  2025-06-05 20-36-17  15035.2  2619.85  146832  -15632  1872  0  0
362  192  2025-06-05 20-36-17  15036.8  2621.62  146832  -15632  1872  0  0
363  192  2025-06-05 20-36-17  15038.4  2623.49  146832  -15632  1872  0  0
364  192  2025-06-05 20-36-17  15040  2625.48  146832  -15632  1872  0  0
365  192  2025-06-05 20-36-17  15041.6  2627.58  146832  -15632  1872  0  0
366  192  2025-06-05 20-36-17  15043.2  2629.79  146832  -15632  1872  0  0
367  192  2025-06-05 20-36-17  15044.8  2632.11  146832  -15632  1872  0  0
368  192  2025-06-05 20-36-17  15046.4  2634.54  146832  -15632  1872  0  0
369  192  2025-06-05 20-36-17  15048  2637.08  146832  -15632  1872  0  0
370  192  2025-06-05 20-36-17  15049.6  2639.73  146832  -15632  1872  0  0
371  192  2025-06-05 20-36-17  15051.2  2642.49  146832  -15632  1872  0  0
372  192  2025-06-05 20-36-17  15052.8  2645.36  146832  -15632  1872  0  0
373  192  2025-06-05 20-36-17  15054.4  2648.33  146832  -15632  1872  0  0
374  192  2025-06-05 20-36-17  15056  2651.41  146832  -15632  1872  0  0
375  192  2025-06-05 20-36-17  15057.6  2654.59  146832  -15632  1872  0  0
376  192  2025-06-05 20-36-17  15059.2  2657.88  146832  -15632  1872  0  0
377  192  2025-06-05 20-36-17  15060.8  2661.28  146832  -15632  1872  0  0
378  192  2025-06-05 20-36-17  15062.4  2664.78  146832  -15632  1872  0  0
379  192  2025-06-05 20-36-17  15064  2668.38  146832  -15632  1872  0  0
380  192  2025-06-05 20-36-17  15324.8  2670.21  150032  -15632  1872  0  0
381  192  2025-06-05 20-36-17  15326.4  2663.96  150032  -15632  1872  0  0
382  192  2025-06-05 20-36-17  15328  2657.79  150032  -15632  1872  0  0
383  192  2025-06-05 20-36-17  15329.6  2651.71  150032  -15632  1872  0  0
384  192  2025-06-05 20-36-17  15331.2  2645.72  150032  -15632  1872  0  0
385  192  2025-06-05 20-36-17  15332.8  2639.82  150032  -15632  1872  0  0
386  192  2025-06-05 20-36-17  15334.4  2634  150032  -15632  1872  0  0
387  192  2025-06-05 20-36-17  15336  2628.28  150032  -15632  1872  0  0
388  192  2025-06-05 20-36-17  15337.6  2622.64  150032  -15632  1872  0  0
389  192  2025-06-05 20-36-17  15339.2  2617.1  150032  -15632  1872  0  0
390  192  2025-06-05 20-36-17  15340.8  2611.65  150032  -15632  1872  0  0
391  192  2025-06-05 20-36-17  15342.4  2606.3  150032  -15632  1872  0  0
392  192  2025-06-05 20-36-17  15344  2601.04  150032  -15632  1872  0  0
393  192  2025-06-05 20-36-17  15345.6  2595.88  150032  -15632  1872  0  0
394  192  2025-06-05 20-36-17  15347.2  2590.82  150032  -15632  1872  0  0
395  192  2025-06-05 20-36-17  15348.8  2585.86  150032  -15632  1872  0  0
396  192  2025-06-05 20-36-17  15350.4  2581  150032  -15632  1872  0  0
397  192  2025-06-05 20-36-17  15352  2576.24  150032  -15632  1872  0  0
398  192  2025-06-05 20-36-17  15353.6  2571.58  150032  -15632  1872  0  0
399  192  2025-06-05 20-36-17  15355.2  2567.03  150032  -15632  1872  0  0
400  192  2025-06-05 20-36-17  15356.8  2562.58  150032  -15632  1872  0  0
401  192  2025-06-05 20-36-17  15358.4  2558.23  150032  -15632  1872  0  0
402  192  2025-06-05 20-36-17  15360  2553.99  150032  -15632  1872  0  0
403  192  2025-06-05 20-36-17  15361.6  2549.87  150032  -15632  1872  0  0
404  192  2025-06-05 20-36-17  15363.2  2545.84  150032  -15632  1872  0  0
405  192  2025-06-05 20-36-17  15364.8  2541.93  150032  -15632  1872  0  0
406  192  2025-06-05 20-36-17  15366.4  2538.13  150032  -15632  1872  0  0
407  192  2025-06-05 20-36-17  15368  2534.44  150032  -15632  1872  0  0
408  192  2025-06-05 20-36-17  15369.6  2530.87  150032  -15632  1872  0  0
409  192  2025-06-05 20-36-17  15371.2  2527.41  150032  -15632  1872  0  0
410  192  2025-06-05 20-36-17  15372.8  2524.06  150032  -15632  1872  0  0
411  192  2025-06-05 20-36-17  15374.4  2520.83  150032  -15632  1872  0  0
412  192  2025-06-05 20-36-17  15376  2517.71  150032  -15632  1872  0  0
413  192  2025-06-05 20-36-17  15377.6  2514.71  150032  -15632  1872  0  0
414  192  2025-06-05 20-36-17  15379.2  2511.83  150032  -15632  1872  0  0
415  192  2025-06-05 20-36-17  15380.8  2509.07  150032  -15632  1872  0  0
416  192  2025-06-05 20-36-17  15382.4  2506.43  150032  -15632  1872  0  0
417  192  2025-06-05 20-36-17  15384  2503.91  150032  -15632  1872  0  0
418  192  2025-06-05 20-36-17  15385.6  2501.51  150032  -15632  1872  0  0
419  192  2025-06-05 20-36-17  15387.2  2499.23  150032  -15632  1872  0  0
420  192  2025-06-05 20-36-17  15388.8  2497.07  150032  -15632  1872  0  0
421  192  2025-06-05 20-36-17  15390.4  2495.04  150032  -15632  1872  0  0
422  192  2025-06-05 20-36-17  15392  2493.13  150032  -15632  1872  0  0
423  192  2025-06-05 20-36-17  15393.6  2491.34  150032  -15632  1872  0  0
424  192  2025-06-05 20-36-17  15395.2  2489.68  150032  -15632  1872  0  0
425  192  2025-06-05 20-36-17  15396.8  2488.15  150032  -15632  1872  0  0
426  192  2025-06-05 20-36-17  15398.4  2486.74  150032  -15632  1872  0  0
427  192  2025-06-05 20-36-17  15400  2485.46  150032  -15632  1872  0  0
428  192  2025-06-05 20-36-17  15401.6  2484.3  150032  -15632  1872  0  0
429  192  2025-06-05 20-36-17  15403.2  2483.27  150032  -15632  1872  0  0
430  192  2025-06-05 20-36-17  15404.8  2482.37  150032  -15632  1872  0  0
431  192  2025-06-05 20-36-17  15406.4  2481.59  150032  -15632  1872  0  0
432  192  2025-06-05 20-36-17  15408  2480.94  150032  -15632  1872  0  0
433  192  2025-06-05 20-36-17  15409.6  2480.43  150032  -15632  1872  0  0
434  192  2025-06-05 20-36-17  15411.2  2480.03  150032  -15632  1872  0  0
435  192  2025-06-05 20-36-17  15412.8  2479.77  150032  -15632  1872  0  0
436  192  2025-06-05 20-36-17  15414.4  2479.64  150032  -15632  1872  0  0
437  192  2025-06-05 20-36-17  15416  2479.63  150032  -15632  1872  0  0
438  192  2025-06-05 20-36-17  15417.6  2479.75  150032  -15632  1872  0  0
439  192  2025-06-05 20-36-17  15419.2  2480  150032  -15632  1872  0  0
440  192  2025-06-05 20-36-17  15420.8  2480.38  150032  -15632  1872  0  0
441  192  2025-06-05 20-36-17  15422.4  2480.89  150032  -15632  1872  0  0
442  192  2025-06-05 20-36-17  15424  2481.52  150032  -15632  1872  0  0
443  192  2025-06-05 20-36-17  15425.6  2482.28  150032  -15632  1872  0  0
444  192  2025-06-05 20-36-17  15427.2  2483.18  150032  -15632  1872  0  0
445  192  2025-06-05 20-36-17  15428.8  2484.19  150032  -15632  1872  0  0
446  192  2025-06-05 20-36-17  15430.4  2485.34  150032  -15632  1872  0  0
447  192  2025-06-05 20-36-17  15432  2486.61  150032  -15632  1872  0  0
448  192  2025-06-05 20-36-17  15433.6  2488.01  150032  -15632  1872  0  0
449  192  2025-06-05 20-36-17  15435.2  2489.53  150032  -15632  1872  0  0
450  192  2025-06-05 20-36-17  15436.8  2491.18  150032  -15632  1872  0  0
451  192  2025-06-05 20-36-17  15438.4  2492.95  150032  -15632  1872  0  0
452  192  2025-06-05 20-36-17  15440  2494.85  150032  -15632  1872  0  0
453  192  2025-06-05 20-36-17  15441.6  2496.87  150032  -15632  1872  0  0
454  192  2025-06-05 20-36-17  15443.2  2499.02  150032  -15632  1872  0  0
455  192  2025-06-05 20-36-17  15444.8  2501.29  150032  -15632  1872  0  0
456  192  2025-06-05 20-36-17  15446.4  2503.68  150032  -15632  1872  0  0
457  192  2025-06-05 20-36-17  15448  2506.19  150032  -15632  1872  0  0
458  192  2025-06-05 20-36-17  15449.6  2508.82  150032  -15632  1872  0  0
459  192  2025-06-05 20-36-17  15451.2  2511.57  150032  -15632  1872  0  0
460  192  2025-06-05 20-36-17  15452.8  2514.44  150032  -15632  1872  0  0
461  192  2025-06-05 20-36-17  15454.4  2517.43  150032  -15632  1872  0  0
462  192  2025-06-05 20-36-17  15456  2520.54  150032  -15632  1872  0  0
463  192  2025-06-05 20-36-17  15457.6  2523.76  150032  -15632  1872  0  0
464  192  2025-06-05 20-36-17  15459.2  2527.1  150032  -15632  1872  0  0
465  192  2025-06-05 20-36-17  15460.8  2530.55  150032  -15632  1872  0  0
466  192  2025-06-05 20-36-17  15462.4  2534.12  150032  -15632  1872  0  0
467  192  2025-06-05 20-36-17  15464  2537.8  150032  -15632  1872  0  0
468  192  2025-06-05 20-36-17  15465.6  2541.59  150032  -15632  1872  0  0
469  192  2025-06-05 20-36-17  15467.2  2545.5  150032  -15632  1872  0  0
470  192  2025-06-05 20-36-17  15468.8  2549.51  150032  -15632  1872  0  0
471  192  2025-06-05 20-36-17  15470.4  2553.64  150032  -15632  1872  0  0
472  192  2025-06-05 20-36-17  15472  2557.87  150032  -15632  1872  0  0
473  192  2025-06-05 20-36-17  15473.6  2562.21  150032  -15632  1872  0  0
474  192  2025-06-05 20-36-17  15475.2  2566.65  150032  -15632  1872  0  0
475  192  2025-06-05 20-36-17  15476.8  2571.2  150032  -15632  1872  0  0
476  192  2025-06-05 20-36-17  15478.4  2575.86  150032  -15632  1872  0  0
477  192  2025-06-05 20-36-17  15480  2580.61  150032  -15632  1872  0  0
478  192  2025-06-05 20-36-17  15481.6  2585.47  150032  -15632  1872  0  0
479  192  2025-06-05 20-36-17  15483.2  2590.43  150032  -15632  1872  0  0
480  192  2025-06-05 20-36-17  15484.8  2595.49  150032  -15632  1872  0  0
481  192  2025-06-05 20-36-17  15486.4  2600.64  150032  -15632  1872  0  0
482  192  2025-06-05 20-36-17  15488  2605.9  150032  -15632  1872  0  0
483  192  2025-06-05 20-36-17  15489.6  2611.25  150032  -15632  1872  0  0
484  192  2025-06-05 20-36-17  15491.2  2616.7  150032  -15632  1872  0  0
485  192  2025-06-05 20-36-17  15492.8  2622.24  150032  -15632  1872  0  0
486  192  2025-06-05 20-36-17  15494.4  2627.87  150032  -15632  1872  0  0
487  192  2025-06-05 20-36-17  15496  2633.59  150032  -15632  1872  0  0
488  192  2025-06-05 20-36-17  15497.6  2639.41  150032  -15632  1872  0  0
489  192  2025-06-05 20-36-17  15499.2  2645.32  150032  -15632  1872  0  0
490  192  2025-06-05 20-36-17  15500.8  2651.31  150032  -15632  1872  0  0
491  192  2025-06-05 20-36-17  15502.4  2657.39  150032  -15632  1872  0  0
492  192  2025-06-05 20-36-17  15504  2663.56  150032  -15632  1872  0  0
493  192  2025-06-05 20-36-17  15505.6  2669.81  150032  -15632  1872  0  0
